     7     1
    GDAS    14     8    22     0     0
    GDAS    14     8    29     0     0
    GDAS    14     9     1     0     0
    GDAS    14     9     8     0     0
    GDAS    14     9    15     0     0
    GDAS    14     9    22     0     0
    GDAS    14     9    29     0     0
     1 BACKWARD OMEGA   
    14     9     1     7   56.467   -2.973   100.0
     4 PRESSURE AIR_TEMP RAINFALL RELHUMID
     1     1    14     9     1     7     0     1     0.0   56.467   -2.973    100.0    973.5    284.3      0.0     88.5
     1     1    14     9     1     6     0     0    -1.0   56.524   -3.218    147.4    964.9    283.5      0.0     92.4
     1     1    14     9     1     5     0     1    -2.0   56.575   -3.510    208.0    951.3    283.0      0.0     92.9
     1     1    14     9     1     4     0     2    -3.0   56.596   -3.865    258.6    939.9    282.4      0.0     94.3
     1     1    14     9     1     3     0     3    -4.0   56.596   -4.273    280.5    936.8    282.2      0.0     95.9
     1     1    14     9     1     2     0     2    -5.0   56.584   -4.697    268.1    941.8    282.6      0.1     96.1
     1     1    14     9     1     1     0     1    -6.0   56.565   -5.107    221.7    952.3    283.4      0.1     96.2
     1     1    14     9     1     0     0     0    -7.0   56.546   -5.499    150.1    972.9    284.7      0.1     96.7
     1     1    14     8    31    23     0     1    -8.0   56.509   -5.847     82.1    993.1    285.8      0.2     96.1
     1     1    14     8    31    22     0     2    -9.0   56.438   -6.159     43.1   1004.1    286.6      0.1     95.6
     1     1    14     8    31    21     0     3   -10.0   56.344   -6.510     26.5   1007.1    286.8      0.1     95.7
     1     1    14     8    31    20     0     2   -11.0   56.218   -6.897     20.8   1009.2    286.9      0.4     93.0
     1     1    14     8    31    19     0     1   -12.0   56.036   -7.247     16.6   1009.6    287.1      0.4     91.9
     1     1    14     8    31    18     0     0   -13.0   55.824   -7.574     12.6   1007.0    287.3      0.8     94.0
     1     1    14     8    31    17     0     1   -14.0   55.618   -7.848     10.1   1003.9    287.5      0.7     92.7
     1     1    14     8    31    16     0     2   -15.0   55.415   -8.001      9.0   1001.0    287.5      0.4     91.4
     1     1    14     8    31    15     0     3   -16.0   55.208   -8.022      9.9    998.7    287.4      0.4     90.2
     1     1    14     8    31    14     0     2   -17.0   55.025   -7.994     14.4    997.1    288.9      0.0     85.1
     1     1    14     8    31    13     0     1   -18.0   54.852   -8.008     23.2    996.9    290.1      0.0     79.4
     1     1    14     8    31    12     0     0   -19.0   54.673   -8.059     33.9    997.2    290.9      0.0     74.6
     1     1    14     8    31    11     0     1   -20.0   54.489   -8.118     38.9    996.2    289.2      0.0     78.0
     1     1    14     8    31    10     0     2   -21.0   54.316   -8.166     28.5    997.3    287.7      0.0     81.4
     1     1    14     8    31     9     0     3   -22.0   54.162   -8.203      0.5   1001.3    286.6      0.0     84.5
     1     1    14     8    31     8     0     2   -23.0   54.026   -8.241      0.0   1002.1    284.9      0.0     88.5
     1     1    14     8    31     7     0     1   -24.0   53.906   -8.283      0.0   1002.8    283.4      0.0     91.1
     1     1    14     8    31     6     0     0   -25.0   53.800   -8.325      0.0   1003.5    281.8      0.0     93.4
     1     1    14     8    31     5     0     1   -26.0   53.710   -8.374      0.0   1004.0    281.9      0.0     92.4
     1     1    14     8    31     4     0     2   -27.0   53.638   -8.435      0.0   1004.7    282.1      0.0     91.4
     1     1    14     8    31     3     0     3   -28.0   53.582   -8.508      0.0   1005.3    282.3      0.0     90.3
     1     1    14     8    31     2     0     2   -29.0   53.539   -8.597      0.0   1006.0    282.6      0.0     89.8
     1     1    14     8    31     1     0     1   -30.0   53.505   -8.708      0.0   1006.9    282.9      0.0     89.0
     1     1    14     8    31     0     0     0   -31.0   53.482   -8.839      0.0   1008.1    283.2      0.0     88.0
     1     1    14     8    30    23     0     1   -32.0   53.467   -8.980      0.0   1009.2    283.5      0.0     85.7
     1     1    14     8    30    22     0     2   -33.0   53.458   -9.131      0.2   1010.6    284.3      0.0     83.7
     1     1    14     8    30    21     0     3   -34.0   53.457   -9.300      0.0   1012.1    285.2      0.0     81.8
     1     1    14     8    30    20     0     2   -35.0   53.472   -9.492      0.0   1013.3    286.7      0.0     79.1
     1     1    14     8    30    19     0     1   -36.0   53.509   -9.715      0.0   1014.6    287.7      0.0     77.1
     1     1    14     8    30    18     0     0   -37.0   53.577   -9.971      0.0   1015.8    288.2      0.0     75.6
     1     1    14     8    30    17     0     1   -38.0   53.661  -10.266      0.0   1015.5    288.2      0.0     75.2
     1     1    14     8    30    16     0     2   -39.0   53.745  -10.602      0.0   1015.8    288.3      0.0     74.6
     1     1    14     8    30    15     0     3   -40.0   53.836  -10.980      0.0   1016.8    288.4      0.0     73.9
     1     1    14     8    30    14     0     2   -41.0   53.929  -11.384      0.7   1016.9    288.5      0.0     74.3
     1     1    14     8    30    13     0     1   -42.0   54.016  -11.797      1.1   1016.9    288.6      0.0     74.7
     1     1    14     8    30    12     0     0   -43.0   54.102  -12.219      1.2   1016.6    288.6      0.0     74.6
     1     1    14     8    30    11     0     1   -44.0   54.190  -12.645      1.2   1015.6    288.5      0.0     73.4
     1     1    14     8    30    10     0     2   -45.0   54.280  -13.072      1.2   1014.8    288.5      0.0     72.4
     1     1    14     8    30     9     0     3   -46.0   54.378  -13.503      1.2   1014.7    288.4      0.0     72.1
     1     1    14     8    30     8     0     2   -47.0   54.484  -13.935      1.4   1014.9    288.5      0.1     72.0
     1     1    14     8    30     7     0     1   -48.0   54.598  -14.365      1.7   1014.4    288.4      0.1     71.5
     1     1    14     8    30     6     0     0   -49.0   54.721  -14.797      2.1   1014.1    288.3      0.0     70.7
     1     1    14     8    30     5     0     1   -50.0   54.846  -15.245      2.3   1013.0    288.2      0.0     69.3
     1     1    14     8    30     4     0     2   -51.0   54.964  -15.719      2.4   1011.7    288.1      0.0     67.5
     1     1    14     8    30     3     0     3   -52.0   55.073  -16.220      2.4   1011.1    288.1      0.0     65.9
     1     1    14     8    30     2     0     2   -53.0   55.181  -16.724      2.5   1012.0    288.1      0.1     65.7
     1     1    14     8    30     1     0     1   -54.0   55.296  -17.208      2.9   1011.8    288.0      0.1     65.5
     1     1    14     8    30     0     0     0   -55.0   55.420  -17.677      3.5   1011.2    287.9      0.1     65.6
     1     1    14     8    29    23     0     1   -56.0   55.558  -18.152      4.2   1011.0    287.9      0.1     66.5
     1     1    14     8    29    22     0     2   -57.0   55.712  -18.649      4.6   1010.9    287.8      0.0     67.0
     1     1    14     8    29    21     0     3   -58.0   55.882  -19.168      4.7   1010.7    287.8      0.0     67.1
     1     1    14     8    29    20     0     2   -59.0   56.061  -19.708      5.0   1009.6    287.7      0.0     67.2
     1     1    14     8    29    19     0     1   -60.0   56.242  -20.270      6.0   1008.7    287.6      0.0     66.8
     1     1    14     8    29    18     0     0   -61.0   56.426  -20.849      7.5   1007.7    287.4      0.0     66.0
     1     1    14     8    29    17     0     1   -62.0   56.607  -21.443      9.0   1007.1    287.3      0.0     65.9
     1     1    14     8    29    16     0     2   -63.0   56.776  -22.047      9.7   1007.2    287.2      0.0     65.4
     1     1    14     8    29    15     0     3   -64.0   56.921  -22.668     10.0   1006.9    287.0      0.0     64.9
     1     1    14     8    29    14     0     2   -65.0   57.049  -23.311     10.0   1005.9    286.8      0.0     65.5
     1     1    14     8    29    13     0     1   -66.0   57.173  -23.966     10.0   1005.0    286.6      0.0     65.1
     1     1    14     8    29    12     0     0   -67.0   57.297  -24.612     10.0   1004.1    286.5      0.0     64.6
     1     1    14     8    29    11     0     1   -68.0   57.409  -25.249     10.6   1003.8    286.3      0.0     64.5
     1     1    14     8    29    10     0     2   -69.0   57.502  -25.888     11.7   1003.0    286.2      0.0     64.4
     1     1    14     8    29     9     0     3   -70.0   57.579  -26.540     12.3   1002.3    286.2      0.0     64.7
     1     1    14     8    29     8     0     2   -71.0   57.637  -27.204     12.6   1001.0    286.1      0.0     65.3
     1     1    14     8    29     7     0     1   -72.0   57.681  -27.878     13.1    999.6    286.0      0.0     64.8
