     7     1
    GDAS    14     8    22     0     0
    GDAS    14     8    29     0     0
    GDAS    14     9     1     0     0
    GDAS    14     9     8     0     0
    GDAS    14     9    15     0     0
    GDAS    14     9    22     0     0
    GDAS    14     9    29     0     0
     1 BACKWARD OMEGA   
    14     9    22     3   56.467   -2.973   100.0
     4 PRESSURE AIR_TEMP RAINFALL RELHUMID
     1     1    14     9    22     3     0     3     0.0   56.467   -2.973    100.0    981.7    281.6      0.0     85.9
     1     1    14     9    22     2     0     2    -1.0   56.433   -3.084     93.7    982.6    282.1      0.0     84.6
     1     1    14     9    22     1     0     1    -2.0   56.396   -3.190     88.2    984.2    282.6      0.0     83.0
     1     1    14     9    22     0     0     0    -3.0   56.355   -3.291     83.4    986.1    283.0      0.0     81.2
     1     1    14     9    21    23     0     1    -4.0   56.315   -3.399     78.4    987.7    283.1      0.0     79.5
     1     1    14     9    21    22     0     2    -5.0   56.286   -3.522     72.1    989.2    283.2      0.0     77.9
     1     1    14     9    21    21     0     3    -6.0   56.267   -3.656     64.7    990.5    283.1      0.0     76.3
     1     1    14     9    21    20     0     2    -7.0   56.255   -3.785     56.7    991.8    283.3      0.0     74.1
     1     1    14     9    21    19     0     1    -8.0   56.239   -3.895     48.5    993.0    283.4      0.0     71.7
     1     1    14     9    21    18     0     0    -9.0   56.221   -3.987     40.1    994.5    283.4      0.0     69.2
     1     1    14     9    21    17     0     1   -10.0   56.204   -4.072     31.3    996.2    284.6      0.0     67.7
     1     1    14     9    21    16     0     2   -11.0   56.192   -4.157     22.3    998.0    286.2      0.0     66.2
     1     1    14     9    21    15     0     3   -12.0   56.183   -4.241     14.7    999.5    288.3      0.0     64.7
     1     1    14     9    21    14     0     2   -13.0   56.175   -4.312      9.1   1000.5    288.9      0.0     65.2
     1     1    14     9    21    13     0     1   -14.0   56.166   -4.358      5.5   1000.9    289.4      0.0     65.6
     1     1    14     9    21    12     0     0   -15.0   56.156   -4.379      2.6   1001.3    289.9      0.0     65.9
     1     1    14     9    21    11     0     1   -16.0   56.150   -4.379      0.3   1001.3    288.3      0.0     69.5
     1     1    14     9    21    10     0     2   -17.0   56.156   -4.363      0.0   1000.9    286.8      0.0     73.2
     1     1    14     9    21     9     0     3   -18.0   56.174   -4.333      0.0   1000.0    285.2      0.0     77.0
     1     1    14     9    21     8     0     2   -19.0   56.203   -4.302      0.0    998.7    282.7      0.0     78.3
     1     1    14     9    21     7     0     1   -20.0   56.240   -4.283      1.0    996.9    280.3      0.0     79.9
     1     1    14     9    21     6     0     0   -21.0   56.285   -4.277      3.2    994.8    278.1      0.0     81.8
     1     1    14     9    21     5     0     1   -22.0   56.337   -4.279      5.7    992.3    278.3      0.0     83.6
     1     1    14     9    21     4     0     2   -23.0   56.392   -4.285      7.7    989.7    278.4      0.0     85.5
     1     1    14     9    21     3     0     3   -24.0   56.450   -4.296      8.9    987.1    278.4      0.0     87.4
     1     1    14     9    21     2     0     2   -25.0   56.510   -4.316      9.9    984.4    278.7      0.0     88.3
     1     1    14     9    21     1     0     1   -26.0   56.567   -4.347     10.8    981.8    279.2      0.0     89.0
     1     1    14     9    21     0     0     0   -27.0   56.622   -4.390     11.8    979.6    279.5      0.0     89.3
     1     1    14     9    20    23     0     1   -28.0   56.676   -4.443     11.7    977.4    279.6      0.0     88.7
     1     1    14     9    20    22     0     2   -29.0   56.733   -4.499     10.3    976.1    279.5      0.0     88.1
     1     1    14     9    20    21     0     3   -30.0   56.789   -4.557      7.9    975.0    279.4      0.0     87.5
     1     1    14     9    20    20     0     2   -31.0   56.849   -4.619      4.7    973.1    280.0      0.0     85.7
     1     1    14     9    20    19     0     1   -32.0   56.915   -4.680      1.5    971.0    280.7      0.0     84.0
     1     1    14     9    20    18     0     0   -33.0   56.989   -4.739      0.0    968.5    281.5      0.0     82.4
     1     1    14     9    20    17     0     1   -34.0   57.065   -4.806      0.0    970.2    283.4      0.0     79.0
     1     1    14     9    20    16     0     2   -35.0   57.137   -4.896      0.0    972.6    285.2      0.0     76.1
     1     1    14     9    20    15     0     3   -36.0   57.208   -5.010      0.0    975.3    287.0      0.0     74.0
     1     1    14     9    20    14     0     2   -37.0   57.280   -5.135      0.0    981.2    287.2      0.0     76.3
     1     1    14     9    20    13     0     1   -38.0   57.354   -5.257      0.0    987.0    287.3      0.0     78.5
     1     1    14     9    20    12     0     0   -39.0   57.428   -5.375      0.0    992.6    287.3      0.0     80.4
     1     1    14     9    20    11     0     1   -40.0   57.501   -5.499      0.0    997.4    286.7      0.0     83.5
     1     1    14     9    20    10     0     2   -41.0   57.571   -5.639      0.0   1002.6    286.3      0.0     85.7
     1     1    14     9    20     9     0     3   -42.0   57.633   -5.797      0.0   1008.0    286.3      0.0     87.1
     1     1    14     9    20     8     0     2   -43.0   57.688   -5.967      0.0   1014.5    286.6      0.0     87.9
     1     1    14     9    20     7     0     1   -44.0   57.741   -6.144      0.0   1015.5    286.6      0.0     88.8
     1     1    14     9    20     6     0     0   -45.0   57.793   -6.328      0.0   1014.9    286.2      0.0     89.9
     1     1    14     9    20     5     0     1   -46.0   57.848   -6.517      0.0   1014.1    286.0      0.0     90.6
     1     1    14     9    20     4     0     2   -47.0   57.910   -6.713      0.0   1013.0    285.6      0.0     91.1
     1     1    14     9    20     3     0     3   -48.0   57.973   -6.919      0.0   1011.2    285.2      0.0     91.3
     1     1    14     9    20     2     0     2   -49.0   58.039   -7.140      0.0   1011.3    285.2      0.0     91.5
     1     1    14     9    20     1     0     1   -50.0   58.111   -7.386      0.0   1013.1    285.7      0.0     91.7
     1     1    14     9    20     0     0     0   -51.0   58.187   -7.665      0.0   1015.0    286.3      0.0     91.8
     1     1    14     9    19    23     0     1   -52.0   58.262   -7.975      0.0   1017.0    286.7      0.0     91.3
     1     1    14     9    19    22     0     2   -53.0   58.334   -8.302      0.0   1017.2    286.7      0.0     91.4
     1     1    14     9    19    21     0     3   -54.0   58.405   -8.634      0.0   1017.2    286.6      0.0     91.6
     1     1    14     9    19    20     0     2   -55.0   58.478   -8.975      0.1   1016.4    286.6      0.0     91.5
     1     1    14     9    19    19     0     1   -56.0   58.554   -9.333      0.4   1015.9    286.6      0.0     91.2
     1     1    14     9    19    18     0     0   -57.0   58.635   -9.711      0.6   1016.0    286.5      0.0     91.6
     1     1    14     9    19    17     0     1   -58.0   58.705  -10.107      1.0   1016.5    286.6      0.0     90.6
     1     1    14     9    19    16     0     2   -59.0   58.745  -10.512      1.5   1016.3    286.6      0.0     89.1
     1     1    14     9    19    15     0     3   -60.0   58.761  -10.917      2.1   1016.0    286.6      0.0     88.6
     1     1    14     9    19    14     0     2   -61.0   58.764  -11.310      2.5   1015.3    286.7      0.0     88.8
     1     1    14     9    19    13     0     1   -62.0   58.756  -11.682      2.7   1014.6    286.7      0.0     88.9
     1     1    14     9    19    12     0     0   -63.0   58.732  -12.037      2.4   1014.0    286.6      0.0     88.8
     1     1    14     9    19    11     0     1   -64.0   58.708  -12.378      1.9   1014.0    286.7      0.0     87.6
     1     1    14     9    19    10     0     2   -65.0   58.688  -12.715      1.4   1013.8    286.7      0.0     86.5
     1     1    14     9    19     9     0     3   -66.0   58.651  -13.055      0.9   1013.6    286.8      0.0     85.8
     1     1    14     9    19     8     0     2   -67.0   58.616  -13.395      0.4   1013.8    286.8      0.0     85.5
     1     1    14     9    19     7     0     1   -68.0   58.590  -13.724      0.1   1013.9    286.8      0.0     85.6
     1     1    14     9    19     6     0     0   -69.0   58.545  -14.026      0.0   1014.0    286.7      0.0     86.0
     1     1    14     9    19     5     0     1   -70.0   58.501  -14.313      0.0   1014.1    286.8      0.0     86.4
     1     1    14     9    19     4     0     2   -71.0   58.470  -14.597      0.0   1014.3    286.9      0.0     86.7
     1     1    14     9    19     3     0     3   -72.0   58.427  -14.871      0.2   1014.4    287.0      0.0     86.9
