     7     1
    GDAS    14     8    22     0     0
    GDAS    14     8    29     0     0
    GDAS    14     9     1     0     0
    GDAS    14     9     8     0     0
    GDAS    14     9    15     0     0
    GDAS    14     9    22     0     0
    GDAS    14     9    29     0     0
     1 BACKWARD OMEGA   
    14     9    21    14   56.467   -2.973   100.0
     4 PRESSURE AIR_TEMP RAINFALL RELHUMID
     1     1    14     9    21    14     0     2     0.0   56.467   -2.973    100.0    983.5    284.7      0.0     70.4
     1     1    14     9    21    13     0     1    -1.0   56.528   -3.043    121.3    978.4    283.9      0.0     72.6
     1     1    14     9    21    12     0     0    -2.0   56.602   -3.111    150.7    972.0    283.0      0.0     75.3
     1     1    14     9    21    11     0     1    -3.0   56.694   -3.188    193.7    962.8    281.8      0.0     80.2
     1     1    14     9    21    10     0     2    -4.0   56.812   -3.283    256.9    950.4    280.3      0.0     85.6
     1     1    14     9    21     9     0     3    -5.0   56.962   -3.388    349.9    932.5    278.4      0.0     92.8
     1     1    14     9    21     8     0     2    -6.0   57.148   -3.500    464.8    921.2    277.7      0.0     94.0
     1     1    14     9    21     7     0     1    -7.0   57.359   -3.617    567.7    916.7    277.6      0.0     91.6
     1     1    14     9    21     6     0     0    -8.0   57.584   -3.741    651.1    916.3    277.7      0.0     90.9
     1     1    14     9    21     5     0     1    -9.0   57.815   -3.875    724.8    917.6    277.8      0.0     92.3
     1     1    14     9    21     4     0     2   -10.0   58.048   -4.018    797.9    916.7    277.6      0.0     95.7
     1     1    14     9    21     3     0     3   -11.0   58.282   -4.153    862.8    910.5    277.5      0.0     96.1
     1     1    14     9    21     2     0     2   -12.0   58.512   -4.275    907.7    907.4    277.5      0.0     95.4
     1     1    14     9    21     1     0     1   -13.0   58.736   -4.397    922.2    908.9    277.6      0.0     96.0
     1     1    14     9    21     0     0     0   -14.0   58.954   -4.518    899.9    915.7    277.8      0.0     97.6
     1     1    14     9    20    23     0     1   -15.0   59.179   -4.648    862.6    923.6    278.4      0.0     96.6
     1     1    14     9    20    22     0     2   -16.0   59.431   -4.793    841.5    925.9    278.8      0.0     94.5
     1     1    14     9    20    21     0     3   -17.0   59.710   -4.942    842.3    925.6    279.0      0.0     92.2
     1     1    14     9    20    20     0     2   -18.0   60.010   -5.094    865.1    922.4    278.9      0.0     90.4
     1     1    14     9    20    19     0     1   -19.0   60.322   -5.263    899.7    917.1    278.7      0.0     88.5
     1     1    14     9    20    18     0     0   -20.0   60.655   -5.452    937.1    912.1    278.6      0.0     86.1
     1     1    14     9    20    17     0     1   -21.0   61.002   -5.672    975.3    906.8    278.3      0.0     84.5
     1     1    14     9    20    16     0     2   -22.0   61.350   -5.940   1020.9    901.8    277.9      0.0     85.2
     1     1    14     9    20    15     0     3   -23.0   61.701   -6.249   1085.6    893.7    277.4      0.0     84.9
     1     1    14     9    20    14     0     2   -24.0   62.057   -6.562   1171.5    882.8    276.8      0.0     85.6
     1     1    14     9    20    13     0     1   -25.0   62.422   -6.858   1253.7    870.8    276.4      0.0     83.8
     1     1    14     9    20    12     0     0   -26.0   62.802   -7.125   1298.5    865.6    276.2      0.0     81.7
     1     1    14     9    20    11     0     1   -27.0   63.190   -7.384   1312.0    865.8    276.2      0.0     83.7
     1     1    14     9    20    10     0     2   -28.0   63.581   -7.667   1326.1    865.2    276.2      0.0     81.6
     1     1    14     9    20     9     0     3   -29.0   63.990   -7.957   1361.1    861.4    276.1      0.0     73.5
     1     1    14     9    20     8     0     2   -30.0   64.406   -8.245   1411.2    854.2    275.5      0.3     78.2
     1     1    14     9    20     7     0     1   -31.0   64.814   -8.546   1456.8    847.9    275.2      0.3     77.6
     1     1    14     9    20     6     0     0   -32.0   65.213   -8.861   1486.0    843.7    274.8      0.3     75.9
     1     1    14     9    20     5     0     1   -33.0   65.586   -9.195   1503.2    842.7    274.7      0.0     79.6
     1     1    14     9    20     4     0     2   -34.0   65.918   -9.561   1521.3    841.0    274.6      0.0     79.1
     1     1    14     9    20     3     0     3   -35.0   66.205   -9.949   1544.6    838.5    274.6      0.0     74.4
     1     1    14     9    20     2     0     2   -36.0   66.447  -10.340   1563.9    835.0    274.2      0.3     77.1
     1     1    14     9    20     1     0     1   -37.0   66.654  -10.713   1574.9    834.4    274.1      0.0     76.7
     1     1    14     9    20     0     0     0   -38.0   66.833  -11.046   1591.7    833.1    274.0      0.0     73.1
     1     1    14     9    19    23     0     1   -39.0   66.991  -11.338   1617.4    830.0    273.9      0.0     72.9
     1     1    14     9    19    22     0     2   -40.0   67.130  -11.576   1647.1    826.7    273.6      0.0     73.2
     1     1    14     9    19    21     0     3   -41.0   67.252  -11.728   1677.0    823.4    273.4      0.0     73.0
     1     1    14     9    19    20     0     2   -42.0   67.369  -11.829   1698.8    820.4    273.2      0.0     71.5
     1     1    14     9    19    19     0     1   -43.0   67.487  -11.931   1707.4    819.5    273.2      0.0     69.4
     1     1    14     9    19    18     0     0   -44.0   67.609  -12.036   1705.0    819.7    273.3      0.0     67.1
     1     1    14     9    19    17     0     1   -45.0   67.732  -12.140   1700.3    821.0    273.4      0.0     66.7
     1     1    14     9    19    16     0     2   -46.0   67.854  -12.240   1703.0    821.1    273.4      0.0     65.5
     1     1    14     9    19    15     0     3   -47.0   67.975  -12.336   1717.7    819.9    273.3      0.0     63.7
     1     1    14     9    19    14     0     2   -48.0   68.090  -12.424   1741.3    817.2    273.0      0.0     65.2
     1     1    14     9    19    13     0     1   -49.0   68.194  -12.495   1768.3    814.5    272.7      0.0     66.6
     1     1    14     9    19    12     0     0   -50.0   68.289  -12.552   1798.2    811.7    272.3      0.0     68.0
     1     1    14     9    19    11     0     1   -51.0   68.374  -12.585   1830.6    808.7    272.2      0.0     65.9
     1     1    14     9    19    10     0     2   -52.0   68.445  -12.590   1865.5    805.5    272.0      0.0     64.0
     1     1    14     9    19     9     0     3   -53.0   68.502  -12.578   1903.2    801.9    271.9      0.0     63.1
     1     1    14     9    19     8     0     2   -54.0   68.554  -12.558   1940.3    797.7    271.7      0.0     63.1
     1     1    14     9    19     7     0     1   -55.0   68.611  -12.537   1972.8    794.4    271.5      0.0     62.7
     1     1    14     9    19     6     0     0   -56.0   68.672  -12.513   1999.9    791.6    271.4      0.0     62.0
     1     1    14     9    19     5     0     1   -57.0   68.731  -12.510   2026.7    789.9    271.3      0.0     64.2
     1     1    14     9    19     4     0     2   -58.0   68.783  -12.559   2058.6    787.2    271.2      0.0     67.3
     1     1    14     9    19     3     0     3   -59.0   68.825  -12.668   2096.5    783.9    271.1      0.0     71.2
     1     1    14     9    19     2     0     2   -60.0   68.858  -12.819   2138.2    780.0    270.8      0.0     72.4
     1     1    14     9    19     1     0     1   -61.0   68.882  -12.988   2181.6    776.2    270.5      0.0     73.8
     1     1    14     9    19     0     0     0   -62.0   68.898  -13.175   2226.0    772.1    270.2      0.0     75.4
     1     1    14     9    18    23     0     1   -63.0   68.908  -13.410   2269.4    768.1    270.1      0.0     77.1
     1     1    14     9    18    22     0     2   -64.0   68.907  -13.726   2311.6    764.2    270.0      0.0     79.3
     1     1    14     9    18    21     0     3   -65.0   68.891  -14.120   2355.2    760.2    269.9      0.0     81.8
     1     1    14     9    18    20     0     2   -66.0   68.857  -14.546   2397.2    755.8    269.6      0.0     82.4
     1     1    14     9    18    19     0     1   -67.0   68.807  -14.956   2430.5    752.5    269.3      0.0     82.8
     1     1    14     9    18    18     0     0   -68.0   68.739  -15.344   2450.7    750.5    269.2      0.0     83.4
     1     1    14     9    18    17     0     1   -69.0   68.656  -15.696   2448.7    750.1    269.1      0.0     85.6
     1     1    14     9    18    16     0     2   -70.0   68.557  -15.997   2412.0    753.1    269.3      0.0     87.9
     1     1    14     9    18    15     0     3   -71.0   68.442  -16.231   2336.6    760.6    269.6      0.5     90.3
     1     1    14     9    18    14     0     2   -72.0   68.317  -16.402   2251.6    771.9    270.1      0.2     91.8
