     7     1
    GDAS    14     8    22     0     0
    GDAS    14     8    29     0     0
    GDAS    14     9     1     0     0
    GDAS    14     9     8     0     0
    GDAS    14     9    15     0     0
    GDAS    14     9    22     0     0
    GDAS    14     9    29     0     0
     1 BACKWARD OMEGA   
    14     9    22    16   56.467   -2.973   100.0
     4 PRESSURE AIR_TEMP RAINFALL RELHUMID
     1     1    14     9    22    16     0     2     0.0   56.467   -2.973    100.0    977.8    287.0      0.0     72.2
     1     1    14     9    22    15     0     3    -1.0   56.414   -3.232    120.1    975.2    287.2      0.0     70.0
     1     1    14     9    22    14     0     2    -2.0   56.359   -3.507    137.5    974.7    286.5      0.0     71.6
     1     1    14     9    22    13     0     1    -3.0   56.301   -3.791    151.1    974.3    285.9      0.0     73.1
     1     1    14     9    22    12     0     0    -4.0   56.243   -4.080    157.8    975.8    285.6      0.0     74.5
     1     1    14     9    22    11     0     1    -5.0   56.186   -4.344    156.8    978.5    285.0      0.0     78.0
     1     1    14     9    22    10     0     2    -6.0   56.131   -4.572    149.2    981.1    284.6      0.0     81.3
     1     1    14     9    22     9     0     3    -7.0   56.083   -4.773    134.2    984.1    284.2      0.0     84.1
     1     1    14     9    22     8     0     2    -8.0   56.040   -4.960    112.3    986.5    284.3      0.0     83.6
     1     1    14     9    22     7     0     1    -9.0   55.998   -5.140     86.2    993.1    284.7      0.0     82.5
     1     1    14     9    22     6     0     0   -10.0   55.953   -5.314     60.3   1000.6    284.7      0.0     81.9
     1     1    14     9    22     5     0     1   -11.0   55.906   -5.466     41.2   1006.5    284.8      0.0     80.6
     1     1    14     9    22     4     0     2   -12.0   55.862   -5.583     31.2   1009.8    284.7      0.0     79.4
     1     1    14     9    22     3     0     3   -13.0   55.820   -5.664     27.4   1011.7    284.7      0.0     78.3
     1     1    14     9    22     2     0     2   -14.0   55.779   -5.734     26.4   1012.9    284.7      0.0     77.4
     1     1    14     9    22     1     0     1   -15.0   55.735   -5.814     26.6   1014.2    284.7      0.0     76.7
     1     1    14     9    22     0     0     0   -16.0   55.688   -5.902     28.6   1015.3    284.7      0.0     76.0
     1     1    14     9    21    23     0     1   -17.0   55.641   -5.986     33.0   1015.6    284.4      0.0     75.1
     1     1    14     9    21    22     0     2   -18.0   55.601   -6.049     39.0   1014.9    284.3      0.0     74.4
     1     1    14     9    21    21     0     3   -19.0   55.564   -6.087     45.3   1014.1    284.2      0.0     73.6
     1     1    14     9    21    20     0     2   -20.0   55.533   -6.107     51.4   1013.3    284.7      0.0     72.9
     1     1    14     9    21    19     0     1   -21.0   55.509   -6.118     56.9   1012.5    285.1      0.0     72.1
     1     1    14     9    21    18     0     0   -22.0   55.492   -6.116     61.3   1011.7    285.5      0.0     71.2
     1     1    14     9    21    17     0     1   -23.0   55.479   -6.107     64.8   1011.1    286.6      0.0     70.6
     1     1    14     9    21    16     0     2   -24.0   55.466   -6.096     67.6   1010.5    287.5      0.0     69.9
     1     1    14     9    21    15     0     3   -25.0   55.454   -6.084     69.5   1010.1    288.4      0.0     69.1
     1     1    14     9    21    14     0     2   -26.0   55.443   -6.070     71.5   1010.1    288.4      0.0     70.6
     1     1    14     9    21    13     0     1   -27.0   55.436   -6.052     75.0   1009.7    288.3      0.0     72.2
     1     1    14     9    21    12     0     0   -28.0   55.431   -6.031     80.3   1009.1    288.2      0.0     73.7
     1     1    14     9    21    11     0     1   -29.0   55.435   -6.003     87.1   1008.0    287.2      0.0     76.5
     1     1    14     9    21    10     0     2   -30.0   55.456   -5.965     94.9   1006.9    286.3      0.0     79.3
     1     1    14     9    21     9     0     3   -31.0   55.491   -5.912    104.4   1005.6    285.3      0.0     81.9
     1     1    14     9    21     8     0     2   -32.0   55.543   -5.849    117.2   1003.7    284.7      0.0     82.2
     1     1    14     9    21     7     0     1   -33.0   55.611   -5.783    134.6   1001.2    284.1      0.0     82.3
     1     1    14     9    21     6     0     0   -34.0   55.694   -5.711    157.8    997.3    283.6      0.0     82.1
     1     1    14     9    21     5     0     1   -35.0   55.790   -5.635    185.9    992.1    283.4      0.0     81.0
     1     1    14     9    21     4     0     2   -36.0   55.896   -5.554    218.0    986.6    283.2      0.0     79.7
     1     1    14     9    21     3     0     3   -37.0   56.013   -5.466    255.6    980.0    283.0      0.0     78.5
     1     1    14     9    21     2     0     2   -38.0   56.135   -5.381    298.2    970.8    282.6      0.0     78.6
     1     1    14     9    21     1     0     1   -39.0   56.258   -5.315    345.6    961.5    282.2      0.0     79.2
     1     1    14     9    21     0     0     0   -40.0   56.383   -5.266    399.8    951.9    281.7      0.0     80.3
     1     1    14     9    20    23     0     1   -41.0   56.515   -5.231    460.0    940.9    281.1      0.0     82.3
     1     1    14     9    20    22     0     2   -42.0   56.660   -5.206    522.0    929.3    280.4      0.0     85.0
     1     1    14     9    20    21     0     3   -43.0   56.822   -5.194    581.1    918.5    279.7      0.0     87.7
     1     1    14     9    20    20     0     2   -44.0   57.001   -5.201    637.1    909.0    278.8      0.0     91.5
     1     1    14     9    20    19     0     1   -45.0   57.197   -5.244    688.2    906.3    278.7      0.0     92.3
     1     1    14     9    20    18     0     0   -46.0   57.406   -5.331    725.8    907.8    278.7      0.0     93.4
     1     1    14     9    20    17     0     1   -47.0   57.621   -5.470    739.9    912.6    279.1      0.1     93.5
     1     1    14     9    20    16     0     2   -48.0   57.836   -5.670    724.9    924.4    279.7      0.0     93.4
     1     1    14     9    20    15     0     3   -49.0   58.057   -5.923    695.2    940.0    280.6      0.0     91.3
     1     1    14     9    20    14     0     2   -50.0   58.286   -6.204    669.1    944.3    281.0      0.0     92.0
     1     1    14     9    20    13     0     1   -51.0   58.520   -6.511    659.2    943.6    280.9      0.0     92.9
     1     1    14     9    20    12     0     0   -52.0   58.758   -6.872    665.6    942.0    280.6      0.0     93.8
     1     1    14     9    20    11     0     1   -53.0   59.005   -7.298    676.9    940.5    280.5      0.0     93.4
     1     1    14     9    20    10     0     2   -54.0   59.270   -7.766    682.5    939.4    280.6      0.0     92.4
     1     1    14     9    20     9     0     3   -55.0   59.542   -8.261    691.0    938.7    280.6      0.0     91.5
     1     1    14     9    20     8     0     2   -56.0   59.806   -8.780    706.0    935.9    280.4      0.0     92.6
     1     1    14     9    20     7     0     1   -57.0   60.057   -9.318    724.0    933.3    280.1      0.0     93.8
     1     1    14     9    20     6     0     0   -58.0   60.300   -9.860    744.1    930.2    279.8      0.0     95.1
     1     1    14     9    20     5     0     1   -59.0   60.548  -10.399    760.0    927.5    279.8      0.0     95.0
     1     1    14     9    20     4     0     2   -60.0   60.813  -10.952    770.6    926.3    279.9      0.0     93.4
     1     1    14     9    20     3     0     3   -61.0   61.095  -11.528    780.5    924.9    279.9      0.0     91.6
     1     1    14     9    20     2     0     2   -62.0   61.376  -12.122    785.5    923.4    279.8      0.2     92.3
     1     1    14     9    20     1     0     1   -63.0   61.647  -12.742    784.5    923.6    279.9      0.0     90.9
     1     1    14     9    20     0     0     0   -64.0   61.916  -13.409    781.2    923.5    280.1      0.0     87.0
     1     1    14     9    19    23     0     1   -65.0   62.168  -14.084    773.5    923.9    280.3      0.0     85.0
     1     1    14     9    19    22     0     2   -66.0   62.389  -14.740    755.8    925.3    280.5      0.0     83.1
     1     1    14     9    19    21     0     3   -67.0   62.594  -15.411    730.0    928.6    281.0      0.0     79.1
     1     1    14     9    19    20     0     2   -68.0   62.792  -16.087    719.4    931.4    281.4      0.0     75.8
     1     1    14     9    19    19     0     1   -69.0   62.985  -16.714    751.2    928.6    281.4      0.0     73.9
     1     1    14     9    19    18     0     0   -70.0   63.173  -17.267    827.7    910.6    280.3      0.0     76.0
     1     1    14     9    19    17     0     1   -71.0   63.363  -17.755    946.8    889.4    278.9      0.0     79.3
     1     1    14     9    19    16     0     2   -72.0   63.557  -18.208   1089.0    860.9    277.0      0.0     81.2
