     7     1
    GDAS    14     8    22     0     0
    GDAS    14     8    29     0     0
    GDAS    14     9     1     0     0
    GDAS    14     9     8     0     0
    GDAS    14     9    15     0     0
    GDAS    14     9    22     0     0
    GDAS    14     9    29     0     0
     1 BACKWARD OMEGA   
    14     9    10    22   56.467   -2.973   100.0
     4 PRESSURE AIR_TEMP RAINFALL RELHUMID
     1     1    14     9    10    22     0     2     0.0   56.467   -2.973    100.0    979.1    284.0      0.0     86.9
     1     1    14     9    10    21     0     3    -1.0   56.367   -2.887    121.1    982.4    284.6      0.0     84.3
     1     1    14     9    10    20     0     2    -2.0   56.263   -2.760    139.0    986.1    285.7      0.0     80.8
     1     1    14     9    10    19     0     1    -3.0   56.160   -2.599    152.4    989.8    286.4      0.0     77.4
     1     1    14     9    10    18     0     0    -4.0   56.060   -2.410    163.9    992.9    286.8      0.0     74.2
     1     1    14     9    10    17     0     1    -5.0   55.959   -2.202    173.8    994.0    286.6      0.0     71.9
     1     1    14     9    10    16     0     2    -6.0   55.856   -1.987    176.7    993.2    286.3      0.0     70.9
     1     1    14     9    10    15     0     3    -7.0   55.759   -1.770    172.1    994.3    286.3      0.0     70.7
     1     1    14     9    10    14     0     2    -8.0   55.673   -1.570    168.0    996.4    286.2      0.0     72.1
     1     1    14     9    10    13     0     1    -9.0   55.599   -1.396    168.5    998.1    286.1      0.0     73.5
     1     1    14     9    10    12     0     0   -10.0   55.535   -1.242    174.0    999.4    286.0      0.0     74.9
     1     1    14     9    10    11     0     1   -11.0   55.474   -1.094    183.2    999.8    285.6      0.0     76.7
     1     1    14     9    10    10     0     2   -12.0   55.413   -0.934    193.8    999.5    285.4      0.0     78.1
     1     1    14     9    10     9     0     3   -13.0   55.353   -0.765    202.2    997.9    285.2      0.0     79.4
     1     1    14     9    10     8     0     2   -14.0   55.298   -0.589    208.1    997.3    285.2      0.0     79.4
     1     1    14     9    10     7     0     1   -15.0   55.253   -0.411    212.9    996.6    285.2      0.0     79.3
     1     1    14     9    10     6     0     0   -16.0   55.217   -0.231    216.7    996.0    285.1      0.0     79.1
     1     1    14     9    10     5     0     1   -17.0   55.187   -0.057    218.7    995.6    285.3      0.0     78.0
     1     1    14     9    10     4     0     2   -18.0   55.174    0.093    221.8    995.6    285.0      0.0     79.9
     1     1    14     9    10     3     0     3   -19.0   55.177    0.214    227.7    994.6    285.1      0.0     79.6
     1     1    14     9    10     2     0     2   -20.0   55.187    0.318    233.3    994.0    285.1      0.0     79.3
     1     1    14     9    10     1     0     1   -21.0   55.203    0.415    238.0    993.5    285.0      0.0     79.2
     1     1    14     9    10     0     0     0   -22.0   55.228    0.504    241.4    993.2    285.0      0.0     79.2
     1     1    14     9     9    23     0     1   -23.0   55.266    0.575    244.1    993.0    284.9      0.0     79.7
     1     1    14     9     9    22     0     2   -24.0   55.325    0.616    247.0    992.7    284.9      0.0     80.0
     1     1    14     9     9    21     0     3   -25.0   55.403    0.626    250.6    992.4    284.9      0.0     80.1
     1     1    14     9     9    20     0     2   -26.0   55.493    0.610    255.7    991.7    284.9      0.0     80.0
     1     1    14     9     9    19     0     1   -27.0   55.585    0.577    263.2    990.7    284.8      0.0     80.0
     1     1    14     9     9    18     0     0   -28.0   55.679    0.528    273.3    989.2    284.7      0.0     80.2
     1     1    14     9     9    17     0     1   -29.0   55.771    0.451    285.4    987.3    284.5      0.0     80.1
     1     1    14     9     9    16     0     2   -30.0   55.852    0.334    298.1    985.3    284.3      0.0     80.2
     1     1    14     9     9    15     0     3   -31.0   55.919    0.182    310.0    983.5    284.1      0.0     80.4
     1     1    14     9     9    14     0     2   -32.0   55.975    0.017    318.4    982.4    284.0      0.0     81.6
     1     1    14     9     9    13     0     1   -33.0   55.998   -0.092    336.5    982.5    284.1      0.0     80.7
     1     1    14     9     9    12     0     0   -34.0   55.990   -0.157    365.3    977.6    283.6      0.0     81.5
     1     1    14     9     9    11     0     1   -35.0   55.982   -0.239    387.4    975.0    283.5      0.0     81.7
     1     1    14     9     9    10     0     2   -36.0   55.973   -0.338    401.7    973.4    283.4      0.0     81.8
     1     1    14     9     9     9     0     3   -37.0   55.963   -0.453    407.4    972.7    283.4      0.0     82.0
     1     1    14     9     9     8     0     2   -38.0   55.964   -0.567    408.5    972.8    283.4      0.0     82.0
     1     1    14     9     9     7     0     1   -39.0   55.989   -0.664    409.0    972.4    283.3      0.0     82.0
     1     1    14     9     9     6     0     0   -40.0   56.039   -0.747    409.5    972.2    283.2      0.0     82.2
     1     1    14     9     9     5     0     1   -41.0   56.112   -0.854    411.5    971.9    283.2      0.0     82.6
     1     1    14     9     9     4     0     2   -42.0   56.206   -1.016    416.0    971.4    283.1      0.0     83.2
     1     1    14     9     9     3     0     3   -43.0   56.311   -1.226    423.7    970.0    283.0      0.0     83.2
     1     1    14     9     9     2     0     2   -44.0   56.414   -1.448    435.8    968.4    282.9      0.0     82.7
     1     1    14     9     9     1     0     1   -45.0   56.514   -1.662    454.8    966.1    282.7      0.0     82.7
     1     1    14     9     9     0     0     0   -46.0   56.616   -1.872    484.0    962.8    282.4      0.0     83.5
     1     1    14     9     8    23     0     1   -47.0   56.719   -2.082    522.7    955.0    282.1      0.0     84.8
     1     1    14     9     8    22     0     2   -48.0   56.825   -2.299    563.1    941.2    281.3      0.0     88.3
     1     1    14     9     8    21     0     3   -49.0   56.938   -2.520    598.0    926.5    280.5      0.0     92.5
     1     1    14     9     8    20     0     2   -50.0   57.064   -2.748    629.1    914.3    279.7      0.0     93.6
     1     1    14     9     8    19     0     1   -51.0   57.208   -2.987    664.4    907.0    279.4      0.0     93.6
     1     1    14     9     8    18     0     0   -52.0   57.373   -3.234    702.0    905.5    279.2      0.0     92.9
     1     1    14     9     8    17     0     1   -53.0   57.551   -3.499    746.8    905.8    279.1      0.0     93.0
     1     1    14     9     8    16     0     2   -54.0   57.734   -3.794    812.4    902.5    278.8      0.0     93.9
     1     1    14     9     8    15     0     3   -55.0   57.917   -4.122    886.8    896.6    278.4      0.0     95.2
     1     1    14     9     8    14     0     2   -56.0   58.092   -4.470    936.1    888.8    277.6      0.0     96.1
     1     1    14     9     8    13     0     1   -57.0   58.258   -4.820    949.6    886.9    277.3      0.0     96.2
     1     1    14     9     8    12     0     0   -58.0   58.419   -5.164    943.4    894.8    277.6      0.0     95.3
     1     1    14     9     8    11     0     1   -59.0   58.577   -5.495    929.8    905.4    278.2      0.0     91.9
     1     1    14     9     8    10     0     2   -60.0   58.730   -5.804    910.8    912.4    278.6      0.0     89.1
     1     1    14     9     8     9     0     3   -61.0   58.874   -6.097    890.1    916.1    278.9      0.0     86.7
     1     1    14     9     8     8     0     2   -62.0   59.020   -6.386    874.0    917.9    279.0      0.0     86.2
     1     1    14     9     8     7     0     1   -63.0   59.177   -6.684    865.6    918.7    279.0      0.0     85.7
     1     1    14     9     8     6     0     0   -64.0   59.341   -6.994    865.3    918.8    278.9      0.0     85.4
     1     1    14     9     8     5     0     1   -65.0   59.507   -7.322    874.6    917.8    278.9      0.0     85.0
     1     1    14     9     8     4     0     2   -66.0   59.669   -7.667    895.0    915.6    278.8      0.0     85.0
     1     1    14     9     8     3     0     3   -67.0   59.826   -8.025    929.1    911.8    278.7      0.0     85.7
     1     1    14     9     8     2     0     2   -68.0   59.971   -8.387    961.7    906.3    278.4      0.0     85.2
     1     1    14     9     8     1     0     1   -69.0   60.099   -8.751    977.1    904.9    278.3      0.0     85.4
     1     1    14     9     8     0     0     0   -70.0   60.210   -9.117    980.3    905.1    278.2      0.0     86.8
     1     1    14     9     7    23     0     1   -71.0   60.307   -9.484    976.4    905.9    278.4      0.0     85.3
     1     1    14     9     7    22     0     2   -72.0   60.397   -9.857    965.3    906.9    278.6      0.0     85.0
