     7     1
    GDAS    14     8    22     0     0
    GDAS    14     8    29     0     0
    GDAS    14     9     1     0     0
    GDAS    14     9     8     0     0
    GDAS    14     9    15     0     0
    GDAS    14     9    22     0     0
    GDAS    14     9    29     0     0
     1 BACKWARD OMEGA   
    14     9    10     5   56.467   -2.973   100.0
     4 PRESSURE AIR_TEMP RAINFALL RELHUMID
     1     1    14     9    10     5     0     1     0.0   56.467   -2.973    100.0    978.8    283.1      0.0     82.8
     1     1    14     9    10     4     0     2    -1.0   56.390   -2.946    117.0    980.2    283.7      0.0     82.1
     1     1    14     9    10     3     0     3    -2.0   56.314   -2.908    129.6    982.2    284.2      0.0     81.2
     1     1    14     9    10     2     0     2    -3.0   56.241   -2.855    138.0    984.8    284.6      0.0     79.9
     1     1    14     9    10     1     0     1    -4.0   56.174   -2.779    142.6    987.5    285.0      0.0     78.5
     1     1    14     9    10     0     0     0    -5.0   56.112   -2.684    143.5    990.7    285.4      0.0     77.2
     1     1    14     9     9    23     0     1    -6.0   56.053   -2.577    140.2    993.8    285.8      0.0     76.2
     1     1    14     9     9    22     0     2    -7.0   55.998   -2.467    133.2    996.9    286.1      0.0     75.6
     1     1    14     9     9    21     0     3    -8.0   55.946   -2.354    123.5    998.3    286.2      0.0     75.6
     1     1    14     9     9    20     0     2    -9.0   55.897   -2.237    111.9    999.7    286.4      0.0     75.0
     1     1    14     9     9    19     0     1   -10.0   55.853   -2.106     99.1   1001.1    286.5      0.0     74.8
     1     1    14     9     9    18     0     0   -11.0   55.814   -1.952     86.4   1002.8    286.5      0.0     74.6
     1     1    14     9     9    17     0     1   -12.0   55.785   -1.810     76.3   1004.9    286.7      0.0     73.8
     1     1    14     9     9    16     0     2   -13.0   55.766   -1.709     68.6   1006.5    286.9      0.0     73.0
     1     1    14     9     9    15     0     3   -14.0   55.755   -1.644     62.8   1007.8    287.1      0.0     72.2
     1     1    14     9     9    14     0     2   -15.0   55.748   -1.604     58.6   1009.2    287.1      0.0     73.5
     1     1    14     9     9    13     0     1   -16.0   55.743   -1.581     56.0   1010.1    287.1      0.0     74.7
     1     1    14     9     9    12     0     0   -17.0   55.741   -1.576     54.1   1010.7    287.2      0.0     75.9
     1     1    14     9     9    11     0     1   -18.0   55.736   -1.595     52.9   1010.7    286.9      0.0     76.7
     1     1    14     9     9    10     0     2   -19.0   55.722   -1.640     52.4   1010.2    286.7      0.0     77.5
     1     1    14     9     9     9     0     3   -20.0   55.699   -1.712     52.7   1009.3    286.4      0.0     78.4
     1     1    14     9     9     8     0     2   -21.0   55.674   -1.795     53.4   1007.6    285.8      0.0     79.1
     1     1    14     9     9     7     0     1   -22.0   55.652   -1.872     53.9   1006.1    285.2      0.0     80.0
     1     1    14     9     9     6     0     0   -23.0   55.631   -1.948     54.9   1004.4    284.4      0.0     81.2
     1     1    14     9     9     5     0     1   -24.0   55.608   -2.023     56.2   1002.9    284.2      0.0     80.7
     1     1    14     9     9     4     0     2   -25.0   55.581   -2.098     57.4   1001.7    284.2      0.0     80.0
     1     1    14     9     9     3     0     3   -26.0   55.549   -2.172     58.2   1000.6    284.2      0.0     79.3
     1     1    14     9     9     2     0     2   -27.0   55.511   -2.238     58.4    999.6    284.2      0.0     78.2
     1     1    14     9     9     1     0     1   -28.0   55.466   -2.292     57.9    998.8    284.2      0.0     77.3
     1     1    14     9     9     0     0     0   -29.0   55.416   -2.330     57.2    998.1    284.2      0.0     76.4
     1     1    14     9     8    23     0     1   -30.0   55.363   -2.355     55.7    997.2    284.4      0.0     75.9
     1     1    14     9     8    22     0     2   -31.0   55.314   -2.371     52.9    996.6    284.6      0.0     75.4
     1     1    14     9     8    21     0     3   -32.0   55.271   -2.376     48.6    996.1    284.7      0.0     74.8
     1     1    14     9     8    20     0     2   -33.0   55.234   -2.369     42.5    996.2    284.9      0.0     74.3
     1     1    14     9     8    19     0     1   -34.0   55.202   -2.350     34.9    996.7    285.3      0.0     73.7
     1     1    14     9     8    18     0     0   -35.0   55.176   -2.319     26.3    997.4    285.9      0.0     73.1
     1     1    14     9     8    17     0     1   -36.0   55.162   -2.284     18.4    997.4    286.7      0.0     70.2
     1     1    14     9     8    16     0     2   -37.0   55.172   -2.260     12.4    997.6    287.7      0.0     67.0
     1     1    14     9     8    15     0     3   -38.0   55.204   -2.248      7.6    997.4    288.7      0.0     63.8
     1     1    14     9     8    14     0     2   -39.0   55.247   -2.253      3.6    998.8    289.3      0.0     64.3
     1     1    14     9     8    13     0     1   -40.0   55.288   -2.276      0.3   1000.3    289.9      0.0     64.9
     1     1    14     9     8    12     0     0   -41.0   55.326   -2.319      0.0   1001.8    290.3      0.0     65.4
     1     1    14     9     8    11     0     1   -42.0   55.363   -2.381      0.0   1002.3    288.8      0.0     69.1
     1     1    14     9     8    10     0     2   -43.0   55.401   -2.460      0.0   1002.6    287.4      0.0     72.9
     1     1    14     9     8     9     0     3   -44.0   55.442   -2.553      0.3   1002.8    286.1      0.0     76.8
     1     1    14     9     8     8     0     2   -45.0   55.486   -2.651      1.4   1003.3    284.3      0.0     79.7
     1     1    14     9     8     7     0     1   -46.0   55.531   -2.753      3.1   1003.7    282.6      0.0     82.5
     1     1    14     9     8     6     0     0   -47.0   55.578   -2.859      5.6   1003.9    280.9      0.0     85.4
     1     1    14     9     8     5     0     1   -48.0   55.616   -2.978      8.1   1003.2    280.6      0.0     86.1
     1     1    14     9     8     4     0     2   -49.0   55.640   -3.115      9.7   1002.6    280.3      0.0     87.1
     1     1    14     9     8     3     0     3   -50.0   55.658   -3.269     10.9   1001.9    280.1      0.0     87.9
     1     1    14     9     8     2     0     2   -51.0   55.680   -3.431     11.5   1001.1    280.4      0.0     87.6
     1     1    14     9     8     1     0     1   -52.0   55.711   -3.593     11.8   1000.6    280.5      0.0     87.6
     1     1    14     9     8     0     0     0   -53.0   55.750   -3.754     13.4    999.8    280.7      0.0     87.6
     1     1    14     9     7    23     0     1   -54.0   55.795   -3.916     17.3    999.6    280.9      0.0     87.6
     1     1    14     9     7    22     0     2   -55.0   55.846   -4.080     22.9    998.7    281.3      0.0     87.2
     1     1    14     9     7    21     0     3   -56.0   55.906   -4.251     29.6    997.0    281.8      0.0     86.1
     1     1    14     9     7    20     0     2   -57.0   55.976   -4.435     38.4    994.2    282.8      0.0     82.0
     1     1    14     9     7    19     0     1   -58.0   56.055   -4.639     52.1    989.1    283.5      0.0     79.0
     1     1    14     9     7    18     0     0   -59.0   56.150   -4.877     73.8    982.2    283.9      0.0     77.0
     1     1    14     9     7    17     0     1   -60.0   56.273   -5.146     99.2    978.5    284.3      0.0     75.1
     1     1    14     9     7    16     0     2   -61.0   56.428   -5.423    108.4    980.8    284.5      0.0     73.8
     1     1    14     9     7    15     0     3   -62.0   56.606   -5.698     95.7    987.7    284.9      0.0     72.6
     1     1    14     9     7    14     0     2   -63.0   56.800   -5.943     71.9    997.5    285.3      0.0     71.8
     1     1    14     9     7    13     0     1   -64.0   56.998   -6.134     51.9   1002.9    285.7      0.0     71.4
     1     1    14     9     7    12     0     0   -65.0   57.196   -6.279     41.6   1007.4    286.2      0.0     72.2
     1     1    14     9     7    11     0     1   -66.0   57.398   -6.402     37.6   1009.2    286.0      0.0     74.6
     1     1    14     9     7    10     0     2   -67.0   57.601   -6.522     35.1   1010.2    285.9      0.0     76.5
     1     1    14     9     7     9     0     3   -68.0   57.803   -6.645     33.1   1010.1    285.5      0.0     78.1
     1     1    14     9     7     8     0     2   -69.0   58.004   -6.769     31.4   1009.3    285.1      0.0     79.9
     1     1    14     9     7     7     0     1   -70.0   58.215   -6.891     30.6   1009.6    285.0      0.0     82.0
     1     1    14     9     7     6     0     0   -71.0   58.446   -7.011     31.4   1010.2    284.9      0.0     83.9
     1     1    14     9     7     5     0     1   -72.0   58.691   -7.129     33.0   1011.5    285.3      0.0     84.4
