     7     1
    GDAS    14     8    22     0     0
    GDAS    14     8    29     0     0
    GDAS    14     9     1     0     0
    GDAS    14     9     8     0     0
    GDAS    14     9    15     0     0
    GDAS    14     9    22     0     0
    GDAS    14     9    29     0     0
     1 BACKWARD OMEGA   
    14     9    20     3   56.467   -2.973   100.0
     4 PRESSURE AIR_TEMP RAINFALL RELHUMID
     1     1    14     9    20     3     0     3     0.0   56.467   -2.973    100.0    973.5    284.5      0.0     90.9
     1     1    14     9    20     2     0     2    -1.0   56.555   -2.972    102.0    970.6    284.4      0.0     91.0
     1     1    14     9    20     1     0     1    -2.0   56.638   -2.981    108.1    966.7    284.3      0.0     91.4
     1     1    14     9    20     0     0     0    -3.0   56.715   -2.994    117.3    962.5    284.3      0.0     91.9
     1     1    14     9    19    23     0     1    -4.0   56.793   -3.009    129.7    958.6    284.5      0.0     92.0
     1     1    14     9    19    22     0     2    -5.0   56.876   -3.027    145.5    953.8    284.6      0.0     92.0
     1     1    14     9    19    21     0     3    -6.0   56.966   -3.045    163.2    948.0    284.7      0.0     92.0
     1     1    14     9    19    20     0     2    -7.0   57.051   -3.067    176.5    946.4    285.0      0.0     91.0
     1     1    14     9    19    19     0     1    -8.0   57.113   -3.098    179.3    948.5    285.3      0.0     89.3
     1     1    14     9    19    18     0     0    -9.0   57.152   -3.136    172.5    950.4    285.6      0.0     87.4
     1     1    14     9    19    17     0     1   -10.0   57.170   -3.171    157.7    952.5    286.1      0.0     85.3
     1     1    14     9    19    16     0     2   -11.0   57.171   -3.197    136.7    954.7    286.7      0.0     82.8
     1     1    14     9    19    15     0     3   -12.0   57.157   -3.215    112.4    956.2    287.5      0.0     80.1
     1     1    14     9    19    14     0     2   -13.0   57.132   -3.229     92.2    957.5    287.7      0.0     80.0
     1     1    14     9    19    13     0     1   -14.0   57.102   -3.244     79.6    956.8    287.8      0.0     80.2
     1     1    14     9    19    12     0     0   -15.0   57.066   -3.260     72.7    955.1    287.9      0.0     80.7
     1     1    14     9    19    11     0     1   -16.0   57.023   -3.276     69.9    953.0    286.9      0.0     84.6
     1     1    14     9    19    10     0     2   -17.0   56.976   -3.289     70.5    952.6    285.9      0.0     88.7
     1     1    14     9    19     9     0     3   -18.0   56.926   -3.295     74.2    954.0    284.8      0.0     92.7
     1     1    14     9    19     8     0     2   -19.0   56.878   -3.289     81.1    955.0    284.2      0.0     94.0
     1     1    14     9    19     7     0     1   -20.0   56.830   -3.269     91.4    955.9    283.7      0.0     95.2
     1     1    14     9    19     6     0     0   -21.0   56.783   -3.235    105.6    956.5    283.3      0.0     96.2
     1     1    14     9    19     5     0     1   -22.0   56.738   -3.184    119.8    957.3    283.6      0.0     96.9
     1     1    14     9    19     4     0     2   -23.0   56.694   -3.115    128.5    959.0    283.9      0.0     97.7
     1     1    14     9    19     3     0     3   -24.0   56.653   -3.031    129.4    961.4    284.2      0.0     98.8
     1     1    14     9    19     2     0     2   -25.0   56.614   -2.933    123.2    966.2    284.5      0.0     98.4
     1     1    14     9    19     1     0     1   -26.0   56.576   -2.821    112.8    972.2    284.9      0.0     97.9
     1     1    14     9    19     0     0     0   -27.0   56.538   -2.696     99.9    978.7    285.2      0.0     97.3
     1     1    14     9    18    23     0     1   -28.0   56.502   -2.557     86.3    985.5    285.7      0.0     96.8
     1     1    14     9    18    22     0     2   -29.0   56.467   -2.406     73.9    992.2    286.1      0.0     96.2
     1     1    14     9    18    21     0     3   -30.0   56.431   -2.243     64.1    998.6    286.4      0.0     95.6
     1     1    14     9    18    20     0     2   -31.0   56.394   -2.066     55.9   1004.3    286.6      0.0     94.8
     1     1    14     9    18    19     0     1   -32.0   56.359   -1.868     48.6   1007.0    286.7      0.0     94.2
     1     1    14     9    18    18     0     0   -33.0   56.321   -1.645     43.0   1007.7    286.7      0.0     93.6
     1     1    14     9    18    17     0     1   -34.0   56.278   -1.405     39.8   1008.1    286.9      0.0     92.8
     1     1    14     9    18    16     0     2   -35.0   56.226   -1.156     38.6   1008.5    287.0      0.0     92.4
     1     1    14     9    18    15     0     3   -36.0   56.163   -0.908     38.5   1008.8    287.1      0.0     92.5
     1     1    14     9    18    14     0     2   -37.0   56.089   -0.650     37.8   1009.0    287.1      0.0     92.5
     1     1    14     9    18    13     0     1   -38.0   56.003   -0.370     35.7   1009.4    287.1      0.0     92.6
     1     1    14     9    18    12     0     0   -39.0   55.907   -0.069     32.6   1010.0    287.1      0.0     92.3
     1     1    14     9    18    11     0     1   -40.0   55.822    0.297     31.1   1010.7    287.3      0.0     88.7
     1     1    14     9    18    10     0     2   -41.0   55.758    0.732     31.5   1010.6    287.5      0.0     88.2
     1     1    14     9    18     9     0     3   -42.0   55.709    1.188     31.6   1010.9    287.7      0.0     87.5
     1     1    14     9    18     8     0     2   -43.0   55.674    1.659     31.2   1010.8    287.9      0.0     86.6
     1     1    14     9    18     7     0     1   -44.0   55.649    2.134     30.1   1010.9    288.0      0.0     85.9
     1     1    14     9    18     6     0     0   -45.0   55.635    2.609     28.7   1011.4    288.3      0.0     85.5
     1     1    14     9    18     5     0     1   -46.0   55.631    3.090     27.7   1012.0    288.4      0.0     83.9
     1     1    14     9    18     4     0     2   -47.0   55.629    3.589     27.4   1012.0    288.6      0.0     82.4
     1     1    14     9    18     3     0     3   -48.0   55.627    4.103     27.3   1012.0    288.8      0.0     81.1
     1     1    14     9    18     2     0     2   -49.0   55.620    4.632     27.4   1012.2    289.1      0.0     79.4
     1     1    14     9    18     1     0     1   -50.0   55.607    5.172     27.8   1012.3    289.4      0.0     77.4
     1     1    14     9    18     0     0     0   -51.0   55.587    5.720     28.2   1012.4    289.5      0.0     75.6
     1     1    14     9    17    23     0     1   -52.0   55.562    6.275     28.1   1013.1    289.6      0.0     74.2
     1     1    14     9    17    22     0     2   -53.0   55.532    6.831     27.7   1013.8    289.7      0.0     72.5
     1     1    14     9    17    21     0     3   -54.0   55.502    7.381     28.5   1014.3    289.8      0.0     70.4
     1     1    14     9    17    20     0     2   -55.0   55.483    7.916     31.3   1013.9    289.9      0.0     68.0
     1     1    14     9    17    19     0     1   -56.0   55.484    8.403     37.6   1011.6    289.2      0.0     69.4
     1     1    14     9    17    18     0     0   -57.0   55.499    8.829     48.7   1008.5    288.7      0.0     70.6
     1     1    14     9    17    17     0     1   -58.0   55.513    9.226     60.9   1006.3    289.9      0.0     68.3
     1     1    14     9    17    16     0     2   -59.0   55.521    9.608     65.8   1006.1    290.8      0.0     66.2
     1     1    14     9    17    15     0     3   -60.0   55.526    9.972     61.0   1008.0    291.3      0.0     65.2
     1     1    14     9    17    14     0     2   -61.0   55.533   10.316     54.8   1011.0    291.0      0.0     67.8
     1     1    14     9    17    13     0     1   -62.0   55.539   10.649     52.6   1012.7    290.6      0.0     70.6
     1     1    14     9    17    12     0     0   -63.0   55.541   10.967     54.1   1014.0    290.1      0.0     73.7
     1     1    14     9    17    11     0     1   -64.0   55.537   11.278     56.0   1013.7    290.0      0.0     75.7
     1     1    14     9    17    10     0     2   -65.0   55.523   11.591     55.2   1013.6    290.0      0.0     78.1
     1     1    14     9    17     9     0     3   -66.0   55.498   11.903     52.5   1013.5    290.1      0.0     81.1
     1     1    14     9    17     8     0     2   -67.0   55.463   12.214     49.8   1013.4    289.8      0.0     81.5
     1     1    14     9    17     7     0     1   -68.0   55.423   12.524     49.6   1012.9    289.1      0.0     82.5
     1     1    14     9    17     6     0     0   -69.0   55.380   12.835     52.6   1012.1    288.2      0.0     84.0
     1     1    14     9    17     5     0     1   -70.0   55.336   13.154     56.9   1012.1    288.2      0.0     81.1
     1     1    14     9    17     4     0     2   -71.0   55.291   13.479     57.5   1012.5    288.5      0.0     78.0
     1     1    14     9    17     3     0     3   -72.0   55.248   13.791     52.3   1013.8    288.7      0.0     74.6
