     7     1
    GDAS    14     8    22     0     0
    GDAS    14     8    29     0     0
    GDAS    14     9     1     0     0
    GDAS    14     9     8     0     0
    GDAS    14     9    15     0     0
    GDAS    14     9    22     0     0
    GDAS    14     9    29     0     0
     1 BACKWARD OMEGA   
    14     9    15     4   56.467   -2.973   100.0
     4 PRESSURE AIR_TEMP RAINFALL RELHUMID
     1     1    14     9    15     4     0     2     0.0   56.467   -2.973    100.0    982.0    283.2      0.0     98.8
     1     1    14     9    15     3     0     3    -1.0   56.553   -2.759     58.0    992.7    283.7      0.0     96.9
     1     1    14     9    15     2     0     2    -2.0   56.634   -2.561     32.8   1000.3    284.2      0.0     95.5
     1     1    14     9    15     1     0     1    -3.0   56.710   -2.359     18.6   1008.5    284.9      0.0     93.8
     1     1    14     9    15     0     0     0    -4.0   56.782   -2.139     10.2   1016.9    285.6      0.0     91.9
     1     1    14     9    14    23     0     1    -5.0   56.851   -1.900      6.3   1023.1    286.1      0.0     89.2
     1     1    14     9    14    22     0     2    -6.0   56.919   -1.640      4.1   1024.4    286.1      0.0     86.9
     1     1    14     9    14    21     0     3    -7.0   56.986   -1.356      2.9   1025.9    286.2      0.0     84.8
     1     1    14     9    14    20     0     2    -8.0   57.050   -1.044      2.7   1027.4    286.4      0.0     83.0
     1     1    14     9    14    19     0     1    -9.0   57.106   -0.716      2.9   1027.9    286.5      0.0     82.7
     1     1    14     9    14    18     0     0   -10.0   57.152   -0.395      3.0   1028.1    286.6      0.0     82.7
     1     1    14     9    14    17     0     1   -11.0   57.186   -0.088      3.0   1027.4    286.6      0.0     83.5
     1     1    14     9    14    16     0     2   -12.0   57.233    0.223      3.1   1026.5    286.7      0.0     80.1
     1     1    14     9    14    15     0     3   -13.0   57.303    0.541      3.1   1026.3    286.9      0.0     80.1
     1     1    14     9    14    14     0     2   -14.0   57.382    0.852      3.2   1027.7    286.9      0.0     79.6
     1     1    14     9    14    13     0     1   -15.0   57.462    1.149      3.5   1029.0    287.1      0.0     79.0
     1     1    14     9    14    12     0     0   -16.0   57.538    1.427      4.1   1030.0    287.2      0.0     79.0
     1     1    14     9    14    11     0     1   -17.0   57.615    1.689      4.7   1029.6    287.2      0.0     81.4
     1     1    14     9    14    10     0     2   -18.0   57.698    1.944      5.3   1029.7    287.3      0.0     83.2
     1     1    14     9    14     9     0     3   -19.0   57.786    2.199      6.0   1029.5    287.4      0.0     85.7
     1     1    14     9    14     8     0     2   -20.0   57.877    2.448      6.5   1028.6    287.4      0.0     86.3
     1     1    14     9    14     7     0     1   -21.0   57.979    2.689      6.8   1028.1    287.4      0.0     86.8
     1     1    14     9    14     6     0     0   -22.0   58.098    2.923      7.0   1028.0    287.5      0.0     86.4
     1     1    14     9    14     5     0     1   -23.0   58.226    3.131      7.1   1028.2    287.6      0.0     84.7
     1     1    14     9    14     4     0     2   -24.0   58.356    3.296      7.2   1028.4    287.8      0.0     82.8
     1     1    14     9    14     3     0     3   -25.0   58.491    3.418      7.5   1028.6    287.8      0.0     80.7
     1     1    14     9    14     2     0     2   -26.0   58.623    3.512      7.8   1029.5    287.9      0.0     79.9
     1     1    14     9    14     1     0     1   -27.0   58.741    3.595      8.2   1030.6    287.9      0.0     78.9
     1     1    14     9    14     0     0     0   -28.0   58.846    3.670      8.6   1032.1    287.9      0.0     77.7
     1     1    14     9    13    23     0     1   -29.0   58.944    3.728      9.1   1031.5    288.0      0.0     77.0
     1     1    14     9    13    22     0     2   -30.0   59.046    3.760      9.7   1030.5    288.0      0.0     76.6
     1     1    14     9    13    21     0     3   -31.0   59.146    3.768     10.3   1029.5    288.0      0.0     76.6
     1     1    14     9    13    20     0     2   -32.0   59.239    3.762     10.9   1029.6    287.9      0.0     76.7
     1     1    14     9    13    19     0     1   -33.0   59.318    3.747     11.3   1029.8    287.8      0.0     76.9
     1     1    14     9    13    18     0     0   -34.0   59.387    3.724     11.6   1030.1    287.7      0.0     77.0
     1     1    14     9    13    17     0     1   -35.0   59.447    3.691     11.9   1030.2    287.7      0.0     77.2
     1     1    14     9    13    16     0     2   -36.0   59.499    3.646     12.3   1030.2    287.7      0.0     77.5
     1     1    14     9    13    15     0     3   -37.0   59.539    3.588     12.9   1030.3    287.6      0.0     77.6
     1     1    14     9    13    14     0     2   -38.0   59.564    3.520     13.6   1030.5    287.6      0.0     78.4
     1     1    14     9    13    13     0     1   -39.0   59.572    3.450     14.7   1030.7    287.6      0.0     79.1
     1     1    14     9    13    12     0     0   -40.0   59.565    3.381     16.2   1030.8    287.5      0.0     79.7
     1     1    14     9    13    11     0     1   -41.0   59.545    3.327     17.9   1029.1    287.5      0.0     80.4
     1     1    14     9    13    10     0     2   -42.0   59.515    3.302     19.5   1027.6    287.5      0.0     80.9
     1     1    14     9    13     9     0     3   -43.0   59.481    3.307     20.9   1026.0    287.5      0.0     81.4
     1     1    14     9    13     8     0     2   -44.0   59.452    3.320     22.3   1026.2    287.4      0.0     82.0
     1     1    14     9    13     7     0     1   -45.0   59.437    3.320     23.9   1026.3    287.4      0.0     82.6
     1     1    14     9    13     6     0     0   -46.0   59.432    3.302     25.6   1026.5    287.4      0.0     83.3
     1     1    14     9    13     5     0     1   -47.0   59.424    3.271     27.2   1026.0    287.4      0.0     82.6
     1     1    14     9    13     4     0     2   -48.0   59.400    3.231     28.3   1025.6    287.3      0.0     81.7
     1     1    14     9    13     3     0     3   -49.0   59.362    3.180     28.9   1025.3    287.3      0.0     80.7
     1     1    14     9    13     2     0     2   -50.0   59.317    3.120     29.4   1025.3    287.3      0.0     81.2
     1     1    14     9    13     1     0     1   -51.0   59.272    3.051     30.4   1025.2    287.3      0.0     81.8
     1     1    14     9    13     0     0     0   -52.0   59.228    2.973     32.0   1025.3    287.3      0.0     82.4
     1     1    14     9    12    23     0     1   -53.0   59.185    2.897     33.6   1024.3    287.2      0.0     81.6
     1     1    14     9    12    22     0     2   -54.0   59.144    2.831     34.6   1023.4    287.2      0.0     80.9
     1     1    14     9    12    21     0     3   -55.0   59.107    2.774     34.9   1022.5    287.2      0.0     80.4
     1     1    14     9    12    20     0     2   -56.0   59.077    2.709     34.9   1022.7    287.2      0.0     80.5
     1     1    14     9    12    19     0     1   -57.0   59.058    2.624     34.9   1022.9    287.2      0.0     80.5
     1     1    14     9    12    18     0     0   -58.0   59.047    2.520     34.9   1023.1    287.2      0.0     80.5
     1     1    14     9    12    17     0     1   -59.0   59.038    2.403     35.2   1022.3    287.2      0.0     80.2
     1     1    14     9    12    16     0     2   -60.0   59.026    2.278     36.1   1021.4    287.1      0.0     79.9
     1     1    14     9    12    15     0     3   -61.0   59.009    2.148     37.5   1020.5    287.0      0.0     79.5
     1     1    14     9    12    14     0     2   -62.0   58.986    2.019     39.0   1020.5    286.9      0.0     80.0
     1     1    14     9    12    13     0     1   -63.0   58.957    1.898     39.9   1020.7    286.8      0.0     80.7
     1     1    14     9    12    12     0     0   -64.0   58.921    1.784     40.2   1021.0    286.8      0.0     81.4
     1     1    14     9    12    11     0     1   -65.0   58.882    1.680     40.4   1021.2    286.8      0.0     82.5
     1     1    14     9    12    10     0     2   -66.0   58.841    1.589     41.0   1021.2    286.8      0.0     83.7
     1     1    14     9    12     9     0     3   -67.0   58.797    1.511     41.7   1021.1    286.8      0.0     85.1
     1     1    14     9    12     8     0     2   -68.0   58.756    1.435     42.4   1021.0    286.8      0.0     85.5
     1     1    14     9    12     7     0     1   -69.0   58.720    1.347     42.8   1020.9    286.7      0.0     85.9
     1     1    14     9    12     6     0     0   -70.0   58.688    1.247     42.9   1020.9    286.7      0.0     86.4
     1     1    14     9    12     5     0     1   -71.0   58.649    1.144     43.0   1020.6    286.6      0.0     86.8
     1     1    14     9    12     4     0     2   -72.0   58.596    1.047     43.5   1020.2    286.5      0.0     87.2
