     7     1
    GDAS    14     8    22     0     0
    GDAS    14     8    29     0     0
    GDAS    14     9     1     0     0
    GDAS    14     9     8     0     0
    GDAS    14     9    15     0     0
    GDAS    14     9    22     0     0
    GDAS    14     9    29     0     0
     1 BACKWARD OMEGA   
    14     9    22    14   56.467   -2.973   100.0
     4 PRESSURE AIR_TEMP RAINFALL RELHUMID
     1     1    14     9    22    14     0     2     0.0   56.467   -2.973    100.0    978.7    287.3      0.0     68.7
     1     1    14     9    22    13     0     1    -1.0   56.424   -3.227    117.8    976.5    286.5      0.0     70.4
     1     1    14     9    22    12     0     0    -2.0   56.379   -3.496    132.9    975.4    285.8      0.0     72.0
     1     1    14     9    22    11     0     1    -3.0   56.329   -3.763    142.9    975.1    284.9      0.0     75.7
     1     1    14     9    22    10     0     2    -4.0   56.274   -4.011    148.4    976.1    284.2      0.0     78.6
     1     1    14     9    22     9     0     3    -5.0   56.217   -4.234    148.2    978.8    283.6      0.0     82.4
     1     1    14     9    22     8     0     2    -6.0   56.166   -4.441    140.9    981.4    283.6      0.0     83.2
     1     1    14     9    22     7     0     1    -7.0   56.120   -4.643    126.1    984.1    283.7      0.0     83.4
     1     1    14     9    22     6     0     0    -8.0   56.077   -4.833    103.9    986.9    283.7      0.0     83.2
     1     1    14     9    22     5     0     1    -9.0   56.038   -4.995     78.6    991.0    284.3      0.0     82.3
     1     1    14     9    22     4     0     2   -10.0   56.001   -5.116     57.9    997.8    284.7      0.0     81.0
     1     1    14     9    22     3     0     3   -11.0   55.967   -5.202     45.4   1001.4    284.6      0.0     79.9
     1     1    14     9    22     2     0     2   -12.0   55.932   -5.277     36.7   1003.7    284.5      0.0     78.9
     1     1    14     9    22     1     0     1   -13.0   55.896   -5.359     28.5   1006.7    284.3      0.0     77.8
     1     1    14     9    22     0     0     0   -14.0   55.857   -5.447     21.7   1009.7    284.1      0.0     76.9
     1     1    14     9    21    23     0     1   -15.0   55.822   -5.530     17.5   1012.1    283.7      0.0     75.7
     1     1    14     9    21    22     0     2   -16.0   55.795   -5.598     16.0   1013.5    283.4      0.0     74.5
     1     1    14     9    21    21     0     3   -17.0   55.778   -5.649     16.3   1014.3    283.2      0.0     73.4
     1     1    14     9    21    20     0     2   -18.0   55.765   -5.692     17.5   1014.7    283.8      0.0     72.5
     1     1    14     9    21    19     0     1   -19.0   55.756   -5.735     18.9   1015.2    284.3      0.0     71.6
     1     1    14     9    21    18     0     0   -20.0   55.750   -5.778     20.8   1015.7    284.8      0.0     70.8
     1     1    14     9    21    17     0     1   -21.0   55.745   -5.818     22.7   1015.9    286.3      0.0     70.1
     1     1    14     9    21    16     0     2   -22.0   55.738   -5.853     24.6   1016.1    287.8      0.0     69.5
     1     1    14     9    21    15     0     3   -23.0   55.729   -5.883     26.4   1016.2    289.3      0.0     68.8
     1     1    14     9    21    14     0     2   -24.0   55.718   -5.905     28.5   1016.3    289.5      0.0     70.2
     1     1    14     9    21    13     0     1   -25.0   55.707   -5.917     31.4   1016.1    289.7      0.0     71.6
     1     1    14     9    21    12     0     0   -26.0   55.695   -5.919     35.0   1015.8    289.8      0.0     72.9
     1     1    14     9    21    11     0     1   -27.0   55.691   -5.906     39.6   1014.9    288.7      0.0     75.6
     1     1    14     9    21    10     0     2   -28.0   55.702   -5.873     45.2   1013.8    287.5      0.0     78.1
     1     1    14     9    21     9     0     3   -29.0   55.728   -5.816     52.4   1012.3    286.3      0.0     80.6
     1     1    14     9    21     8     0     2   -30.0   55.768   -5.745     62.1   1010.2    285.2      0.0     81.0
     1     1    14     9    21     7     0     1   -31.0   55.824   -5.671     76.9   1006.9    284.3      0.0     81.3
     1     1    14     9    21     6     0     0   -32.0   55.895   -5.591     99.0   1002.6    283.4      0.0     81.4
     1     1    14     9    21     5     0     1   -33.0   55.980   -5.507    128.8    997.0    283.2      0.0     80.7
     1     1    14     9    21     4     0     2   -34.0   56.076   -5.421    164.3    989.1    282.9      0.0     80.8
     1     1    14     9    21     3     0     3   -35.0   56.180   -5.336    203.3    980.0    282.5      0.0     81.4
     1     1    14     9    21     2     0     2   -36.0   56.289   -5.263    245.1    971.4    282.3      0.0     81.7
     1     1    14     9    21     1     0     1   -37.0   56.399   -5.212    290.7    962.5    282.0      0.0     82.3
     1     1    14     9    21     0     0     0   -38.0   56.510   -5.179    342.2    953.2    281.5      0.0     83.2
     1     1    14     9    20    23     0     1   -39.0   56.628   -5.161    398.8    943.3    281.0      0.0     84.8
     1     1    14     9    20    22     0     2   -40.0   56.758   -5.156    455.8    933.3    280.4      0.0     87.3
     1     1    14     9    20    21     0     3   -41.0   56.901   -5.166    507.5    923.8    279.8      0.0     89.7
     1     1    14     9    20    20     0     2   -42.0   57.060   -5.195    552.5    918.4    279.3      0.0     92.1
     1     1    14     9    20    19     0     1   -43.0   57.238   -5.253    588.5    918.5    279.3      0.0     93.6
     1     1    14     9    20    18     0     0   -44.0   57.433   -5.344    611.2    921.8    279.4      0.0     95.3
     1     1    14     9    20    17     0     1   -45.0   57.636   -5.484    611.6    928.3    279.9      0.1     95.2
     1     1    14     9    20    16     0     2   -46.0   57.841   -5.682    585.4    941.1    280.7      0.0     93.8
     1     1    14     9    20    15     0     3   -47.0   58.054   -5.933    545.5    957.4    281.8      0.0     90.1
     1     1    14     9    20    14     0     2   -48.0   58.279   -6.216    512.4    962.2    282.2      0.0     90.2
     1     1    14     9    20    13     0     1   -49.0   58.511   -6.531    499.7    961.7    282.1      0.0     91.2
     1     1    14     9    20    12     0     0   -50.0   58.750   -6.904    506.7    960.1    281.8      0.0     92.0
     1     1    14     9    20    11     0     1   -51.0   58.999   -7.346    520.9    958.3    281.6      0.0     91.8
     1     1    14     9    20    10     0     2   -52.0   59.266   -7.831    527.4    956.8    281.6      0.0     90.6
     1     1    14     9    20     9     0     3   -53.0   59.539   -8.345    533.2    956.5    281.7      0.0     89.6
     1     1    14     9    20     8     0     2   -54.0   59.803   -8.887    544.2    954.5    281.5      0.0     90.8
     1     1    14     9    20     7     0     1   -55.0   60.054   -9.451    559.2    952.3    281.3      0.0     91.6
     1     1    14     9    20     6     0     0   -56.0   60.294  -10.016    577.8    949.4    281.1      0.0     93.0
     1     1    14     9    20     5     0     1   -57.0   60.537  -10.576    593.6    946.7    280.9      0.0     94.2
     1     1    14     9    20     4     0     2   -58.0   60.793  -11.154    605.1    945.6    280.8      0.0     94.2
     1     1    14     9    20     3     0     3   -59.0   61.061  -11.760    617.0    943.9    280.7      0.0     94.0
     1     1    14     9    20     2     0     2   -60.0   61.328  -12.383    624.1    942.3    280.6      0.2     94.3
     1     1    14     9    20     1     0     1   -61.0   61.591  -13.030    624.3    942.3    280.7      0.0     91.5
     1     1    14     9    20     0     0     0   -62.0   61.862  -13.729    621.0    942.2    281.0      0.0     87.0
     1     1    14     9    19    23     0     1   -63.0   62.124  -14.454    609.9    942.7    281.2      0.0     85.1
     1     1    14     9    19    22     0     2   -64.0   62.361  -15.182    588.9    944.9    281.5      0.0     83.2
     1     1    14     9    19    21     0     3   -65.0   62.589  -15.943    570.7    947.9    282.1      0.0     78.3
     1     1    14     9    19    20     0     2   -66.0   62.812  -16.698    590.3    945.6    282.1      0.0     75.5
     1     1    14     9    19    19     0     1   -67.0   63.029  -17.369    657.9    934.8    281.6      0.0     75.3
     1     1    14     9    19    18     0     0   -68.0   63.242  -17.972    739.6    918.5    280.5      0.0     79.9
     1     1    14     9    19    17     0     1   -69.0   63.451  -18.518    833.4    888.0    278.3      0.0     84.4
     1     1    14     9    19    16     0     2   -70.0   63.648  -19.035    877.7    856.4    276.2      0.0     88.8
     1     1    14     9    19    15     0     3   -71.0   63.818  -19.519    878.1    866.6    276.6      0.0     89.5
     1     1    14     9    19    14     0     2   -72.0   63.940  -19.938    848.0    882.5    277.2      0.2     90.5
