     7     1
    GDAS    14     8    22     0     0
    GDAS    14     8    29     0     0
    GDAS    14     9     1     0     0
    GDAS    14     9     8     0     0
    GDAS    14     9    15     0     0
    GDAS    14     9    22     0     0
    GDAS    14     9    29     0     0
     1 BACKWARD OMEGA   
    14     9    13    20   56.467   -2.973   100.0
     4 PRESSURE AIR_TEMP RAINFALL RELHUMID
     1     1    14     9    13    20     0     2     0.0   56.467   -2.973    100.0    987.0    285.7      0.0     90.5
     1     1    14     9    13    19     0     1    -1.0   56.427   -2.804     67.9    997.5    286.3      0.0     87.5
     1     1    14     9    13    18     0     0    -2.0   56.384   -2.641     45.7   1005.6    286.7      0.0     84.8
     1     1    14     9    13    17     0     1    -3.0   56.335   -2.476     32.3   1011.8    286.9      0.0     81.8
     1     1    14     9    13    16     0     2    -4.0   56.278   -2.304     25.1   1017.2    287.0      0.0     79.7
     1     1    14     9    13    15     0     3    -5.0   56.214   -2.119     22.2   1022.2    286.9      0.0     78.3
     1     1    14     9    13    14     0     2    -6.0   56.147   -1.936     21.7   1024.2    286.6      0.0     79.2
     1     1    14     9    13    13     0     1    -7.0   56.083   -1.783     22.0   1023.8    286.6      0.0     80.0
     1     1    14     9    13    12     0     0    -8.0   56.021   -1.663     22.7   1023.5    286.6      0.0     80.8
     1     1    14     9    13    11     0     1    -9.0   55.959   -1.578     23.3   1022.9    286.7      0.0     82.7
     1     1    14     9    13    10     0     2   -10.0   55.894   -1.527     23.8   1022.2    286.7      0.0     84.6
     1     1    14     9    13     9     0     3   -11.0   55.828   -1.506     24.3   1021.4    286.7      0.0     86.7
     1     1    14     9    13     8     0     2   -12.0   55.761   -1.501     24.9   1020.8    286.6      0.0     86.1
     1     1    14     9    13     7     0     1   -13.0   55.692   -1.495     25.2   1020.3    286.5      0.0     85.5
     1     1    14     9    13     6     0     0   -14.0   55.620   -1.491     25.0   1019.8    286.3      0.0     84.9
     1     1    14     9    13     5     0     1   -15.0   55.551   -1.492     24.8   1018.5    285.8      0.0     83.7
     1     1    14     9    13     4     0     2   -16.0   55.487   -1.500     25.1   1017.2    285.1      0.0     82.6
     1     1    14     9    13     3     0     3   -17.0   55.431   -1.521     26.1   1015.7    284.2      0.0     81.7
     1     1    14     9    13     2     0     2   -18.0   55.376   -1.553     27.8   1014.4    284.2      0.0     81.3
     1     1    14     9    13     1     0     1   -19.0   55.315   -1.596     30.2   1012.8    284.2      0.0     80.9
     1     1    14     9    13     0     0     0   -20.0   55.250   -1.651     33.5   1010.6    284.2      0.0     80.7
     1     1    14     9    12    23     0     1   -21.0   55.180   -1.697     37.5   1007.4    284.1      0.0     81.0
     1     1    14     9    12    22     0     2   -22.0   55.104   -1.712     41.1   1004.7    284.1      0.0     81.6
     1     1    14     9    12    21     0     3   -23.0   55.023   -1.690     43.6   1002.8    284.3      0.0     82.5
     1     1    14     9    12    20     0     2   -24.0   54.942   -1.633     45.0   1003.7    285.0      0.0     80.4
     1     1    14     9    12    19     0     1   -25.0   54.866   -1.549     46.2   1005.7    285.8      0.0     78.1
     1     1    14     9    12    18     0     0   -26.0   54.793   -1.436     48.1   1008.3    286.5      0.0     76.1
     1     1    14     9    12    17     0     1   -27.0   54.723   -1.299     51.3   1011.0    287.4      0.0     74.5
     1     1    14     9    12    16     0     2   -28.0   54.657   -1.142     56.6   1014.2    288.0      0.0     73.4
     1     1    14     9    12    15     0     3   -29.0   54.594   -0.966     65.7   1016.1    288.4      0.0     72.3
     1     1    14     9    12    14     0     2   -30.0   54.536   -0.798     77.5   1013.7    288.6      0.0     72.0
     1     1    14     9    12    13     0     1   -31.0   54.483   -0.655     89.0   1011.8    288.7      0.0     71.7
     1     1    14     9    12    12     0     0   -32.0   54.434   -0.535     98.7   1010.3    288.8      0.0     71.5
     1     1    14     9    12    11     0     1   -33.0   54.384   -0.427    107.3   1008.7    288.3      0.0     75.4
     1     1    14     9    12    10     0     2   -34.0   54.330   -0.322    116.3   1007.0    287.6      0.0     79.3
     1     1    14     9    12     9     0     3   -35.0   54.272   -0.221    126.3   1005.2    286.8      0.0     83.4
     1     1    14     9    12     8     0     2   -36.0   54.215   -0.126    135.3   1003.5    286.0      0.0     85.1
     1     1    14     9    12     7     0     1   -37.0   54.164   -0.039    140.9   1002.4    285.4      0.0     87.0
     1     1    14     9    12     6     0     0   -38.0   54.150    0.052    144.2   1008.6    286.5      0.0     91.8
     1     1    14     9    12     5     0     1   -39.0   54.167    0.148    146.4   1007.8    286.4      0.0     90.5
     1     1    14     9    12     4     0     2   -40.0   54.183    0.242    147.7   1007.0    286.4      0.0     89.3
     1     1    14     9    12     3     0     3   -41.0   54.200    0.333    147.7   1006.4    286.4      0.0     88.4
     1     1    14     9    12     2     0     2   -42.0   54.212    0.428    147.8   1007.0    286.5      0.0     88.2
     1     1    14     9    12     1     0     1   -43.0   54.218    0.530    150.2   1007.1    286.5      0.0     88.0
     1     1    14     9    12     0     0     0   -44.0   54.220    0.638    155.3   1006.7    286.6      0.0     87.9
     1     1    14     9    11    23     0     1   -45.0   54.228    0.764    162.7   1005.3    286.5      0.0     87.4
     1     1    14     9    11    22     0     2   -46.0   54.256    0.920    171.8   1004.0    286.5      0.0     87.0
     1     1    14     9    11    21     0     3   -47.0   54.303    1.105    182.6   1002.4    286.4      0.0     86.5
     1     1    14     9    11    20     0     2   -48.0   54.366    1.293    194.6   1000.8    286.3      0.0     86.2
     1     1    14     9    11    19     0     1   -49.0   54.440    1.458    207.4    999.2    286.2      0.0     86.0
     1     1    14     9    11    18     0     0   -50.0   54.527    1.597    220.5    997.6    286.0      0.0     85.9
     1     1    14     9    11    17     0     1   -51.0   54.623    1.717    232.9    995.9    285.9      0.0     85.5
     1     1    14     9    11    16     0     2   -52.0   54.727    1.825    242.7    994.6    285.7      0.0     85.2
     1     1    14     9    11    15     0     3   -53.0   54.837    1.920    249.5    993.6    285.6      0.0     85.1
     1     1    14     9    11    14     0     2   -54.0   54.945    1.998    257.9    993.5    285.4      0.0     85.3
     1     1    14     9    11    13     0     1   -55.0   55.041    2.066    272.3    992.0    285.2      0.0     85.5
     1     1    14     9    11    12     0     0   -56.0   55.126    2.130    290.9    989.5    284.9      0.0     85.8
     1     1    14     9    11    11     0     1   -57.0   55.203    2.206    309.5    986.6    284.8      0.0     86.6
     1     1    14     9    11    10     0     2   -58.0   55.276    2.302    326.0    984.3    284.7      0.0     87.6
     1     1    14     9    11     9     0     3   -59.0   55.346    2.414    341.7    982.2    284.6      0.0     88.8
     1     1    14     9    11     8     0     2   -60.0   55.420    2.534    355.9    980.2    284.4      0.0     89.3
     1     1    14     9    11     7     0     1   -61.0   55.503    2.658    368.4    978.7    284.2      0.0     89.8
     1     1    14     9    11     6     0     0   -62.0   55.595    2.785    381.3    977.3    284.0      0.0     90.6
     1     1    14     9    11     5     0     1   -63.0   55.696    2.911    393.9    975.6    284.0      0.0     92.1
     1     1    14     9    11     4     0     2   -64.0   55.805    3.033    402.6    974.5    284.0      0.0     93.6
     1     1    14     9    11     3     0     3   -65.0   55.921    3.152    404.2    974.1    284.1      0.0     94.5
     1     1    14     9    11     2     0     2   -66.0   56.040    3.283    401.2    974.9    284.2      0.0     93.7
     1     1    14     9    11     1     0     1   -67.0   56.156    3.438    398.6    975.2    284.2      0.0     92.4
     1     1    14     9    11     0     0     0   -68.0   56.272    3.615    397.4    975.3    284.3      0.0     91.4
     1     1    14     9    10    23     0     1   -69.0   56.401    3.795    398.5    975.3    284.4      0.0     90.1
     1     1    14     9    10    22     0     2   -70.0   56.561    3.959    402.6    975.0    284.4      0.0     88.8
     1     1    14     9    10    21     0     3   -71.0   56.751    4.100    410.1    974.3    284.4      0.0     86.7
     1     1    14     9    10    20     0     2   -72.0   56.959    4.212    419.1    972.9    284.4      0.0     85.0
