     7     1
    GDAS    14     8    22     0     0
    GDAS    14     8    29     0     0
    GDAS    14     9     1     0     0
    GDAS    14     9     8     0     0
    GDAS    14     9    15     0     0
    GDAS    14     9    22     0     0
    GDAS    14     9    29     0     0
     1 BACKWARD OMEGA   
    14     9     9    18   56.467   -2.973   100.0
     4 PRESSURE AIR_TEMP RAINFALL RELHUMID
     1     1    14     9     9    18     0     0     0.0   56.467   -2.973    100.0    978.2    286.2      0.0     73.4
     1     1    14     9     9    17     0     1    -1.0   56.449   -2.973     75.9    981.6    286.5      0.0     71.3
     1     1    14     9     9    16     0     2    -2.0   56.432   -3.006     55.6    983.9    287.0      0.0     69.0
     1     1    14     9     9    15     0     3    -3.0   56.414   -3.072     38.2    985.6    287.4      0.0     67.1
     1     1    14     9     9    14     0     2    -4.0   56.400   -3.152     25.1    987.3    287.8      0.0     67.9
     1     1    14     9     9    13     0     1    -5.0   56.390   -3.224     16.6    988.3    288.2      0.0     68.8
     1     1    14     9     9    12     0     0    -6.0   56.384   -3.287     11.4    988.7    288.7      0.0     69.7
     1     1    14     9     9    11     0     1    -7.0   56.379   -3.346      7.9    988.6    287.9      0.0     73.5
     1     1    14     9     9    10     0     2    -8.0   56.371   -3.409      5.2    988.5    287.1      0.0     77.4
     1     1    14     9     9     9     0     3    -9.0   56.362   -3.475      2.7    988.5    286.3      0.0     81.2
     1     1    14     9     9     8     0     2   -10.0   56.353   -3.542      0.7    988.3    284.5      0.0     82.9
     1     1    14     9     9     7     0     1   -11.0   56.348   -3.614      0.0    988.1    282.5      0.0     84.7
     1     1    14     9     9     6     0     0   -12.0   56.347   -3.688      0.0    987.6    280.6      0.0     86.7
     1     1    14     9     9     5     0     1   -13.0   56.347   -3.762      0.0    987.2    280.7      0.0     85.9
     1     1    14     9     9     4     0     2   -14.0   56.345   -3.833      0.0    986.9    280.8      0.0     85.0
     1     1    14     9     9     3     0     3   -15.0   56.338   -3.901      0.0    986.8    281.0      0.0     84.2
     1     1    14     9     9     2     0     2   -16.0   56.331   -3.964      0.0    987.4    280.8      0.0     82.7
     1     1    14     9     9     1     0     1   -17.0   56.324   -4.021      0.0    988.1    280.6      0.0     81.1
     1     1    14     9     9     0     0     0   -18.0   56.318   -4.072      0.0    988.9    280.5      0.0     79.7
     1     1    14     9     8    23     0     1   -19.0   56.316   -4.121      0.0    988.7    280.6      0.0     79.0
     1     1    14     9     8    22     0     2   -20.0   56.319   -4.174      0.0    988.2    280.6      0.0     78.5
     1     1    14     9     8    21     0     3   -21.0   56.328   -4.231      0.0    987.4    280.7      0.0     78.1
     1     1    14     9     8    20     0     2   -22.0   56.339   -4.288      0.0    987.1    282.0      0.0     77.3
     1     1    14     9     8    19     0     1   -23.0   56.351   -4.344      0.0    986.9    283.3      0.0     76.4
     1     1    14     9     8    18     0     0   -24.0   56.362   -4.397      0.0    986.8    284.5      0.0     75.4
     1     1    14     9     8    17     0     1   -25.0   56.381   -4.454      0.0    986.1    285.2      0.0     74.4
     1     1    14     9     8    16     0     2   -26.0   56.415   -4.522      0.0    984.9    285.8      0.0     73.5
     1     1    14     9     8    15     0     3   -27.0   56.463   -4.600      0.0    983.3    286.3      0.0     72.7
     1     1    14     9     8    14     0     2   -28.0   56.512   -4.684      0.0    982.2    286.4      0.0     73.3
     1     1    14     9     8    13     0     1   -29.0   56.551   -4.769      0.0    981.6    286.4      0.0     73.7
     1     1    14     9     8    12     0     0   -30.0   56.580   -4.852      0.0    981.5    286.5      0.0     74.0
     1     1    14     9     8    11     0     1   -31.0   56.605   -4.926      0.0    980.9    285.6      0.0     78.2
     1     1    14     9     8    10     0     2   -32.0   56.633   -4.986      0.0    980.1    284.7      0.0     82.5
     1     1    14     9     8     9     0     3   -33.0   56.664   -5.032      0.3    979.8    283.9      0.0     86.3
     1     1    14     9     8     8     0     2   -34.0   56.700   -5.074      0.7    980.6    283.1      0.0     89.0
     1     1    14     9     8     7     0     1   -35.0   56.743   -5.118      1.2    981.5    282.3      0.0     91.5
     1     1    14     9     8     6     0     0   -36.0   56.794   -5.165      1.5    982.4    281.8      0.0     94.0
     1     1    14     9     8     5     0     1   -37.0   56.848   -5.218      1.5    982.7    282.0      0.0     93.8
     1     1    14     9     8     4     0     2   -38.0   56.902   -5.281      1.4    983.5    282.3      0.0     93.5
     1     1    14     9     8     3     0     3   -39.0   56.957   -5.351      1.2    984.5    282.6      0.0     93.2
     1     1    14     9     8     2     0     2   -40.0   57.020   -5.427      0.7    986.7    282.3      0.0     92.1
     1     1    14     9     8     1     0     1   -41.0   57.102   -5.513      0.0    990.8    282.4      0.0     90.6
     1     1    14     9     8     0     0     0   -42.0   57.206   -5.615      0.0    995.7    282.9      0.0     89.2
     1     1    14     9     7    23     0     1   -43.0   57.328   -5.731      0.0   1001.8    283.8      0.0     87.1
     1     1    14     9     7    22     0     2   -44.0   57.458   -5.855      0.0   1008.7    284.7      0.0     85.2
     1     1    14     9     7    21     0     3   -45.0   57.595   -5.986      0.0   1016.0    285.5      0.0     83.7
     1     1    14     9     7    20     0     2   -46.0   57.744   -6.126      0.0   1017.5    286.0      0.0     82.6
     1     1    14     9     7    19     0     1   -47.0   57.911   -6.278      0.0   1017.4    286.2      0.0     82.0
     1     1    14     9     7    18     0     0   -48.0   58.094   -6.442      0.0   1015.5    286.1      0.0     81.4
     1     1    14     9     7    17     0     1   -49.0   58.288   -6.629      0.0   1014.5    286.2      0.0     80.5
     1     1    14     9     7    16     0     2   -50.0   58.486   -6.855      0.0   1014.6    286.3      0.0     80.5
     1     1    14     9     7    15     0     3   -51.0   58.680   -7.122      0.0   1016.7    286.3      0.0     81.2
     1     1    14     9     7    14     0     2   -52.0   58.872   -7.391      0.1   1017.9    286.3      0.0     82.1
     1     1    14     9     7    13     0     1   -53.0   59.065   -7.622      0.4   1018.1    286.2      0.0     82.6
     1     1    14     9     7    12     0     0   -54.0   59.254   -7.810      0.6   1017.7    286.1      0.0     83.0
     1     1    14     9     7    11     0     1   -55.0   59.435   -7.973      0.8   1017.5    286.0      0.0     83.7
     1     1    14     9     7    10     0     2   -56.0   59.607   -8.128      1.0   1017.4    285.8      0.0     84.3
     1     1    14     9     7     9     0     3   -57.0   59.778   -8.270      1.4   1017.2    285.8      0.0     84.8
     1     1    14     9     7     8     0     2   -58.0   59.947   -8.396      1.8   1018.0    285.8      0.0     85.6
     1     1    14     9     7     7     0     1   -59.0   60.112   -8.509      2.1   1018.7    285.8      0.0     86.3
     1     1    14     9     7     6     0     0   -60.0   60.268   -8.611      2.3   1019.5    285.7      0.0     87.0
     1     1    14     9     7     5     0     1   -61.0   60.414   -8.720      2.4   1019.6    285.6      0.0     86.9
     1     1    14     9     7     4     0     2   -62.0   60.549   -8.855      2.4   1019.6    285.5      0.0     87.0
     1     1    14     9     7     3     0     3   -63.0   60.667   -9.018      2.4   1019.7    285.3      0.0     87.4
     1     1    14     9     7     2     0     2   -64.0   60.765   -9.197      2.6   1019.5    285.4      0.0     87.0
     1     1    14     9     7     1     0     1   -65.0   60.839   -9.374      3.0   1019.4    285.4      0.0     86.8
     1     1    14     9     7     0     0     0   -66.0   60.884   -9.544      3.5   1019.2    285.4      0.0     86.8
     1     1    14     9     6    23     0     1   -67.0   60.920   -9.689      3.9   1019.5    285.4      0.0     86.9
     1     1    14     9     6    22     0     2   -68.0   60.962   -9.799      4.2   1019.7    285.4      0.0     86.9
     1     1    14     9     6    21     0     3   -69.0   61.008   -9.879      4.4   1020.0    285.4      0.0     87.0
     1     1    14     9     6    20     0     2   -70.0   61.060   -9.960      4.7   1018.8    285.3      0.0     86.3
     1     1    14     9     6    19     0     1   -71.0   61.119  -10.077      5.3   1017.6    285.3      0.0     85.7
     1     1    14     9     6    18     0     0   -72.0   61.184  -10.232      6.2   1016.4    285.3      0.0     85.5
