     7     1
    GDAS    14     8    22     0     0
    GDAS    14     8    29     0     0
    GDAS    14     9     1     0     0
    GDAS    14     9     8     0     0
    GDAS    14     9    15     0     0
    GDAS    14     9    22     0     0
    GDAS    14     9    29     0     0
     1 BACKWARD OMEGA   
    14     9    16    10   56.467   -2.973   100.0
     4 PRESSURE AIR_TEMP RAINFALL RELHUMID
     1     1    14     9    16    10     0     2     0.0   56.467   -2.973    100.0    975.1    285.3      0.0     94.5
     1     1    14     9    16     9     0     3    -1.0   56.410   -2.845     94.3    981.2    285.2      0.0     95.1
     1     1    14     9    16     8     0     2    -2.0   56.356   -2.715     90.6    986.1    285.4      0.0     95.4
     1     1    14     9    16     7     0     1    -3.0   56.306   -2.592     86.4    990.5    285.5      0.0     96.0
     1     1    14     9    16     6     0     0    -4.0   56.259   -2.475     80.8    994.4    285.5      0.0     96.7
     1     1    14     9    16     5     0     1    -5.0   56.214   -2.367     76.0    998.1    285.9      0.0     96.7
     1     1    14     9    16     4     0     2    -6.0   56.169   -2.274     74.0   1000.5    286.1      0.0     96.7
     1     1    14     9    16     3     0     3    -7.0   56.120   -2.198     75.2   1002.0    286.3      0.0     96.6
     1     1    14     9    16     2     0     2    -8.0   56.077   -2.120     76.0   1002.8    286.4      0.3     96.6
     1     1    14     9    16     1     0     1    -9.0   56.049   -2.019     73.4   1004.7    286.5      0.3     96.7
     1     1    14     9    16     0     0     0   -10.0   56.035   -1.896     68.3   1006.1    286.6      0.4     96.7
     1     1    14     9    15    23     0     1   -11.0   56.029   -1.766     60.8   1008.0    286.7      0.2     96.2
     1     1    14     9    15    22     0     2   -12.0   56.026   -1.646     52.4   1010.0    286.7      0.2     95.5
     1     1    14     9    15    21     0     3   -13.0   56.021   -1.530     44.3   1011.4    286.8      0.2     94.7
     1     1    14     9    15    20     0     2   -14.0   56.011   -1.377     37.3   1012.5    286.8      0.0     94.8
     1     1    14     9    15    19     0     1   -15.0   55.992   -1.145     33.1   1013.6    286.9      0.0     95.0
     1     1    14     9    15    18     0     0   -16.0   55.971   -0.825     32.0   1014.0    287.0      0.0     96.0
     1     1    14     9    15    17     0     1   -17.0   55.964   -0.462     32.0   1013.8    286.9      0.0     96.9
     1     1    14     9    15    16     0     2   -18.0   55.975   -0.096     32.0   1013.7    286.8      0.0     97.9
     1     1    14     9    15    15     0     3   -19.0   56.004    0.347     29.0   1013.5    287.3      0.0     94.6
     1     1    14     9    15    14     0     2   -20.0   56.028    0.884     24.5   1015.5    287.2      0.5     95.0
     1     1    14     9    15    13     0     1   -21.0   56.036    1.440     21.5   1016.8    287.4      0.5     95.8
     1     1    14     9    15    12     0     0   -22.0   56.046    2.018     19.7   1018.1    287.7      1.6     95.8
     1     1    14     9    15    11     0     1   -23.0   56.072    2.631     18.9   1018.5    287.9      1.6     96.5
     1     1    14     9    15    10     0     2   -24.0   56.111    3.279     19.0   1018.8    288.2      1.6     97.3
     1     1    14     9    15     9     0     3   -25.0   56.152    3.944     19.1   1018.8    288.4      1.6     97.3
     1     1    14     9    15     8     0     2   -26.0   56.194    4.606     18.3   1018.8    288.8      0.0     94.1
     1     1    14     9    15     7     0     1   -27.0   56.244    5.255     16.3   1019.5    289.1      0.0     93.1
     1     1    14     9    15     6     0     0   -28.0   56.308    5.898     13.6   1021.8    289.4      0.0     91.7
     1     1    14     9    15     5     0     1   -29.0   56.376    6.555     11.4   1022.0    289.6      0.3     90.1
     1     1    14     9    15     4     0     2   -30.0   56.434    7.209     10.7   1021.8    289.7      0.3     89.3
     1     1    14     9    15     3     0     3   -31.0   56.480    7.800     12.0   1022.4    289.7      1.3     89.5
     1     1    14     9    15     2     0     2   -32.0   56.516    8.299     15.4   1021.5    289.3      0.0     90.2
     1     1    14     9    15     1     0     1   -33.0   56.545    8.724     19.9   1020.5    288.9      0.2     90.9
     1     1    14     9    15     0     0     0   -34.0   56.564    9.101     24.5   1020.0    288.7      0.2     90.6
     1     1    14     9    14    23     0     1   -35.0   56.579    9.455     26.8   1018.6    288.6      0.0     88.4
     1     1    14     9    14    22     0     2   -36.0   56.599    9.792     24.8   1018.7    288.6      0.0     86.5
     1     1    14     9    14    21     0     3   -37.0   56.623   10.123     20.6   1020.4    288.8      0.0     84.6
     1     1    14     9    14    20     0     2   -38.0   56.657   10.489     17.2   1022.4    289.3      0.0     81.9
     1     1    14     9    14    19     0     1   -39.0   56.703   10.932     15.6   1023.8    289.9      0.0     78.7
     1     1    14     9    14    18     0     0   -40.0   56.759   11.399     15.6   1023.3    290.1      0.0     76.7
     1     1    14     9    14    17     0     1   -41.0   56.813   11.819     16.8   1023.2    290.1      0.0     75.1
     1     1    14     9    14    16     0     2   -42.0   56.858   12.197     20.3   1020.1    290.1      0.0     73.9
     1     1    14     9    14    15     0     3   -43.0   56.893   12.558     29.3   1014.2    290.7      0.0     72.7
     1     1    14     9    14    14     0     2   -44.0   56.926   12.912     50.1   1007.4    291.1      0.0     72.8
     1     1    14     9    14    13     0     1   -45.0   56.965   13.279     80.5   1001.0    290.5      0.0     73.3
     1     1    14     9    14    12     0     0   -46.0   57.009   13.666    103.5    996.3    289.6      0.0     75.0
     1     1    14     9    14    11     0     1   -47.0   57.062   14.081    111.7    993.3    288.6      0.0     78.3
     1     1    14     9    14    10     0     2   -48.0   57.127   14.527    121.4    990.3    287.8      0.0     82.4
     1     1    14     9    14     9     0     3   -49.0   57.206   14.997    150.7    984.5    286.7      0.0     88.5
     1     1    14     9    14     8     0     2   -50.0   57.304   15.480    166.9    984.6    286.0      0.0     92.4
     1     1    14     9    14     7     0     1   -51.0   57.425   15.905    128.1    995.7    286.2      0.0     93.4
     1     1    14     9    14     6     0     0   -52.0   57.551   16.244     85.3   1008.8    286.8      0.0     94.7
     1     1    14     9    14     5     0     1   -53.0   57.675   16.562     59.5   1016.2    287.7      0.0     93.0
     1     1    14     9    14     4     0     2   -54.0   57.802   16.906     45.9   1022.2    288.7      0.0     90.4
     1     1    14     9    14     3     0     3   -55.0   57.931   17.275     38.9   1024.4    289.0      0.0     88.4
     1     1    14     9    14     2     0     2   -56.0   58.051   17.655     35.5   1024.9    288.8      0.0     87.7
     1     1    14     9    14     1     0     1   -57.0   58.153   18.040     35.0   1024.9    288.5      0.0     86.8
     1     1    14     9    14     0     0     0   -58.0   58.246   18.423     35.5   1024.9    288.5      0.0     85.5
     1     1    14     9    13    23     0     1   -59.0   58.338   18.806     35.0   1024.4    288.7      0.0     85.5
     1     1    14     9    13    22     0     2   -60.0   58.435   19.190     34.0   1024.3    289.0      0.0     84.9
     1     1    14     9    13    21     0     3   -61.0   58.535   19.576     33.3   1024.3    289.0      0.0     83.3
     1     1    14     9    13    20     0     2   -62.0   58.638   19.956     33.1   1024.2    289.1      0.0     82.6
     1     1    14     9    13    19     0     1   -63.0   58.745   20.323     33.5   1023.9    289.1      0.0     82.6
     1     1    14     9    13    18     0     0   -64.0   58.859   20.680     34.8   1023.2    289.0      0.0     82.2
     1     1    14     9    13    17     0     1   -65.0   58.979   21.027     37.6   1023.0    288.9      0.0     83.8
     1     1    14     9    13    16     0     2   -66.0   59.104   21.341     41.3   1022.8    288.9      0.0     83.6
     1     1    14     9    13    15     0     3   -67.0   59.227   21.608     45.0   1022.4    288.9      0.0     83.2
     1     1    14     9    13    14     0     2   -68.0   59.335   21.840     48.3   1022.4    288.9      0.0     82.0
     1     1    14     9    13    13     0     1   -69.0   59.422   22.057     51.3   1022.4    288.9      0.0     80.9
     1     1    14     9    13    12     0     0   -70.0   59.495   22.270     53.9   1022.1    289.0      0.0     79.8
     1     1    14     9    13    11     0     1   -71.0   59.559   22.492     56.7   1020.6    289.0      0.0     80.1
     1     1    14     9    13    10     0     2   -72.0   59.618   22.739     60.6   1018.8    288.8      0.0     80.9
