     7     1
    GDAS    14     8    22     0     0
    GDAS    14     8    29     0     0
    GDAS    14     9     1     0     0
    GDAS    14     9     8     0     0
    GDAS    14     9    15     0     0
    GDAS    14     9    22     0     0
    GDAS    14     9    29     0     0
     1 BACKWARD OMEGA   
    14     9    12    19   56.467   -2.973   100.0
     4 PRESSURE AIR_TEMP RAINFALL RELHUMID
     1     1    14     9    12    19     0     1     0.0   56.467   -2.973    100.0    983.4    287.0      0.0     84.7
     1     1    14     9    12    18     0     0    -1.0   56.421   -2.962     88.9    985.6    287.3      0.0     83.0
     1     1    14     9    12    17     0     1    -2.0   56.378   -2.929     73.9    990.3    287.9      0.0     80.6
     1     1    14     9    12    16     0     2    -3.0   56.335   -2.891     63.7    993.5    288.6      0.0     78.6
     1     1    14     9    12    15     0     3    -4.0   56.291   -2.846     58.3    996.1    289.2      0.0     77.0
     1     1    14     9    12    14     0     2    -5.0   56.250   -2.801     55.2    999.0    288.7      0.0     77.9
     1     1    14     9    12    13     0     1    -6.0   56.214   -2.768     52.1   1001.4    288.3      0.0     79.0
     1     1    14     9    12    12     0     0    -7.0   56.184   -2.750     48.9   1003.4    288.0      0.0     80.2
     1     1    14     9    12    11     0     1    -8.0   56.156   -2.729     47.0   1004.5    287.4      0.0     83.5
     1     1    14     9    12    10     0     2    -9.0   56.121   -2.687     47.4   1005.7    286.8      0.0     87.0
     1     1    14     9    12     9     0     3   -10.0   56.077   -2.623     50.0   1007.2    286.2      0.0     90.6
     1     1    14     9    12     8     0     2   -11.0   56.028   -2.547     53.0   1008.7    285.6      0.0     91.2
     1     1    14     9    12     7     0     1   -12.0   55.980   -2.473     54.8   1009.6    285.3      0.0     91.6
     1     1    14     9    12     6     0     0   -13.0   55.931   -2.405     55.5   1009.5    284.9      0.0     91.7
     1     1    14     9    12     5     0     1   -14.0   55.878   -2.335     55.7   1009.4    285.1      0.0     90.0
     1     1    14     9    12     4     0     2   -15.0   55.814   -2.254     56.2   1009.0    285.1      0.0     88.1
     1     1    14     9    12     3     0     3   -16.0   55.740   -2.168     56.8   1008.3    284.9      0.0     86.2
     1     1    14     9    12     2     0     2   -17.0   55.659   -2.083     57.6   1007.1    284.6      0.0     85.4
     1     1    14     9    12     1     0     1   -18.0   55.573   -2.004     58.2   1005.4    284.3      0.0     85.0
     1     1    14     9    12     0     0     0   -19.0   55.485   -1.930     58.5   1004.3    284.3      0.0     84.6
     1     1    14     9    11    23     0     1   -20.0   55.396   -1.855     58.8   1003.7    284.4      0.0     83.3
     1     1    14     9    11    22     0     2   -21.0   55.307   -1.778     59.5   1003.3    284.6      0.0     81.9
     1     1    14     9    11    21     0     3   -22.0   55.222   -1.693     60.5   1003.4    284.8      0.0     80.5
     1     1    14     9    11    20     0     2   -23.0   55.142   -1.594     60.2   1004.2    285.5      0.0     78.8
     1     1    14     9    11    19     0     1   -24.0   55.069   -1.471     58.4   1006.8    286.2      0.0     77.0
     1     1    14     9    11    18     0     0   -25.0   55.002   -1.317     57.8   1010.6    286.7      0.0     75.2
     1     1    14     9    11    17     0     1   -26.0   54.938   -1.134     61.0   1013.8    287.1      0.0     73.6
     1     1    14     9    11    16     0     2   -27.0   54.877   -0.932     69.2   1014.7    287.2      0.0     72.8
     1     1    14     9    11    15     0     3   -28.0   54.827   -0.720     80.4   1011.8    287.5      0.0     71.9
     1     1    14     9    11    14     0     2   -29.0   54.782   -0.520     92.5   1010.6    287.5      0.0     72.7
     1     1    14     9    11    13     0     1   -30.0   54.738   -0.348    105.0   1009.2    287.4      0.0     73.5
     1     1    14     9    11    12     0     0   -31.0   54.695   -0.202    117.7   1007.9    287.2      0.0     74.5
     1     1    14     9    11    11     0     1   -32.0   54.648   -0.077    128.5   1005.8    286.6      0.0     77.8
     1     1    14     9    11    10     0     2   -33.0   54.614    0.021    137.2   1007.8    286.1      0.0     80.5
     1     1    14     9    11     9     0     3   -34.0   54.595    0.102    144.1   1006.4    286.0      0.0     81.0
     1     1    14     9    11     8     0     2   -35.0   54.583    0.188    149.8   1005.6    285.9      0.0     81.5
     1     1    14     9    11     7     0     1   -36.0   54.579    0.277    155.5   1004.5    285.8      0.0     82.0
     1     1    14     9    11     6     0     0   -37.0   54.585    0.367    160.5   1003.7    285.6      0.0     82.4
     1     1    14     9    11     5     0     1   -38.0   54.597    0.462    165.1   1003.0    285.7      0.0     82.6
     1     1    14     9    11     4     0     2   -39.0   54.616    0.561    170.2   1002.3    285.7      0.0     83.0
     1     1    14     9    11     3     0     3   -40.0   54.642    0.664    176.2   1001.4    285.6      0.0     83.6
     1     1    14     9    11     2     0     2   -41.0   54.668    0.778    182.6   1000.6    285.6      0.0     83.8
     1     1    14     9    11     1     0     1   -42.0   54.691    0.908    188.6   1000.0    285.5      0.0     84.2
     1     1    14     9    11     0     0     0   -43.0   54.710    1.057    194.1    999.4    285.5      0.0     84.4
     1     1    14     9    10    23     0     1   -44.0   54.743    1.217    199.3    998.7    285.5      0.0     82.1
     1     1    14     9    10    22     0     2   -45.0   54.803    1.385    204.9    998.0    285.6      0.0     80.2
     1     1    14     9    10    21     0     3   -46.0   54.891    1.554    210.7    997.3    285.6      0.0     78.6
     1     1    14     9    10    20     0     2   -47.0   54.994    1.711    217.0    996.6    285.5      0.0     78.4
     1     1    14     9    10    19     0     1   -48.0   55.098    1.844    224.4    995.9    285.5      0.0     78.5
     1     1    14     9    10    18     0     0   -49.0   55.202    1.954    233.4    994.9    285.4      0.0     78.9
     1     1    14     9    10    17     0     1   -50.0   55.311    2.042    242.4    993.7    285.1      0.0     79.6
     1     1    14     9    10    16     0     2   -51.0   55.431    2.112    250.5    992.9    285.0      0.0     80.2
     1     1    14     9    10    15     0     3   -52.0   55.559    2.162    258.1    992.1    284.8      0.0     80.6
     1     1    14     9    10    14     0     2   -53.0   55.692    2.193    264.6    991.5    284.7      0.0     81.2
     1     1    14     9    10    13     0     1   -54.0   55.827    2.214    268.5    991.0    284.6      0.0     81.8
     1     1    14     9    10    12     0     0   -55.0   55.963    2.227    269.4    991.0    284.6      0.0     82.2
     1     1    14     9    10    11     0     1   -56.0   56.099    2.228    271.2    991.1    284.5      0.0     82.6
     1     1    14     9    10    10     0     2   -57.0   56.235    2.213    277.7    990.0    284.3      0.0     83.5
     1     1    14     9    10     9     0     3   -58.0   56.368    2.181    288.7    988.2    284.0      0.0     84.9
     1     1    14     9    10     8     0     2   -59.0   56.501    2.138    300.7    986.2    283.8      0.0     86.2
     1     1    14     9    10     7     0     1   -60.0   56.638    2.089    309.6    985.0    283.6      0.0     87.5
     1     1    14     9    10     6     0     0   -61.0   56.778    2.034    314.6    984.2    283.5      0.0     89.1
     1     1    14     9    10     5     0     1   -62.0   56.923    1.967    316.7    983.9    283.5      0.0     88.5
     1     1    14     9    10     4     0     2   -63.0   57.078    1.886    318.2    983.6    283.6      0.0     87.1
     1     1    14     9    10     3     0     3   -64.0   57.242    1.793    320.3    983.2    283.7      0.0     85.4
     1     1    14     9    10     2     0     2   -65.0   57.410    1.695    324.2    982.9    283.6      0.0     85.1
     1     1    14     9    10     1     0     1   -66.0   57.578    1.597    331.2    982.2    283.5      0.0     85.4
     1     1    14     9    10     0     0     0   -67.0   57.748    1.499    342.1    981.0    283.4      0.0     86.4
     1     1    14     9     9    23     0     1   -68.0   57.923    1.385    355.6    979.1    283.4      0.0     86.3
     1     1    14     9     9    22     0     2   -69.0   58.103    1.238    369.7    977.4    283.3      0.0     86.0
     1     1    14     9     9    21     0     3   -70.0   58.283    1.060    383.2    975.7    283.2      0.0     85.9
     1     1    14     9     9    20     0     2   -71.0   58.454    0.861    397.4    974.1    283.1      0.0     85.5
     1     1    14     9     9    19     0     1   -72.0   58.608    0.648    415.0    971.9    283.0      0.0     85.5
