     7     1
    GDAS    14     8    22     0     0
    GDAS    14     8    29     0     0
    GDAS    14     9     1     0     0
    GDAS    14     9     8     0     0
    GDAS    14     9    15     0     0
    GDAS    14     9    22     0     0
    GDAS    14     9    29     0     0
     1 BACKWARD OMEGA   
    14     9    13    14   56.467   -2.973   100.0
     4 PRESSURE AIR_TEMP RAINFALL RELHUMID
     1     1    14     9    13    14     0     2     0.0   56.467   -2.973    100.0    986.2    288.2      0.0     80.2
     1     1    14     9    13    13     0     1    -1.0   56.439   -2.869     64.9    995.1    288.4      0.0     78.7
     1     1    14     9    13    12     0     0    -2.0   56.414   -2.794     40.9   1000.4    288.7      0.0     78.3
     1     1    14     9    13    11     0     1    -3.0   56.392   -2.745     27.7   1003.4    288.3      0.0     82.9
     1     1    14     9    13    10     0     2    -4.0   56.372   -2.727     23.0   1004.2    287.7      0.0     87.3
     1     1    14     9    13     9     0     3    -5.0   56.353   -2.740     23.7   1003.9    287.2      0.0     91.7
     1     1    14     9    13     8     0     2    -6.0   56.335   -2.778     27.7   1003.0    286.3      0.0     92.9
     1     1    14     9    13     7     0     1    -7.0   56.320   -2.834     33.9   1001.6    285.3      0.0     94.3
     1     1    14     9    13     6     0     0    -8.0   56.307   -2.911     43.2    999.5    284.5      0.0     96.1
     1     1    14     9    13     5     0     1    -9.0   56.299   -3.009     56.0    996.0    284.8      0.0     95.7
     1     1    14     9    13     4     0     2   -10.0   56.289   -3.120     70.8    992.9    285.1      0.0     94.6
     1     1    14     9    13     3     0     3   -11.0   56.276   -3.241     85.8    990.2    285.4      0.0     93.7
     1     1    14     9    13     2     0     2   -12.0   56.261   -3.368    100.5    988.3    285.6      0.0     92.9
     1     1    14     9    13     1     0     1   -13.0   56.245   -3.499    113.8    986.9    285.9      0.0     92.4
     1     1    14     9    13     0     0     0   -14.0   56.231   -3.636    124.9    985.9    286.2      0.0     92.5
     1     1    14     9    12    23     0     1   -15.0   56.214   -3.768    135.0    985.2    286.6      0.0     91.5
     1     1    14     9    12    22     0     2   -16.0   56.195   -3.885    145.7    984.4    286.9      0.0     90.5
     1     1    14     9    12    21     0     3   -17.0   56.174   -3.986    156.6    983.5    287.2      0.0     89.5
     1     1    14     9    12    20     0     2   -18.0   56.155   -4.079    163.5    982.5    287.3      0.0     88.6
     1     1    14     9    12    19     0     1   -19.0   56.138   -4.174    163.2    982.8    287.4      0.0     87.7
     1     1    14     9    12    18     0     0   -20.0   56.121   -4.273    157.7    983.7    287.6      0.0     87.0
     1     1    14     9    12    17     0     1   -21.0   56.099   -4.365    149.8    985.4    287.8      0.0     86.0
     1     1    14     9    12    16     0     2   -22.0   56.066   -4.434    141.6    987.2    287.9      0.0     85.4
     1     1    14     9    12    15     0     3   -23.0   56.024   -4.482    132.3    989.3    288.1      0.0     85.0
     1     1    14     9    12    14     0     2   -24.0   55.975   -4.510    122.3    991.6    287.8      0.0     85.5
     1     1    14     9    12    13     0     1   -25.0   55.921   -4.524    112.6    993.2    287.6      0.0     85.8
     1     1    14     9    12    12     0     0   -26.0   55.862   -4.526    103.7    994.9    287.4      0.0     86.3
     1     1    14     9    12    11     0     1   -27.0   55.809   -4.506     97.7    996.1    287.2      0.0     87.0
     1     1    14     9    12    10     0     2   -28.0   55.771   -4.456     96.1    996.5    286.9      0.0     87.8
     1     1    14     9    12     9     0     3   -29.0   55.747   -4.379     97.1    996.5    286.5      0.0     88.6
     1     1    14     9    12     8     0     2   -30.0   55.733   -4.288     97.4    996.4    286.0      0.0     88.9
     1     1    14     9    12     7     0     1   -31.0   55.726   -4.197     94.6    996.9    285.5      0.0     89.3
     1     1    14     9    12     6     0     0   -32.0   55.729   -4.104     88.7    997.8    284.9      0.0     89.8
     1     1    14     9    12     5     0     1   -33.0   55.736   -4.013     79.3    998.9    285.3      0.0     88.8
     1     1    14     9    12     4     0     2   -34.0   55.741   -3.922     68.3   1000.3    285.8      0.0     87.5
     1     1    14     9    12     3     0     3   -35.0   55.742   -3.831     57.4   1001.5    286.3      0.0     86.1
     1     1    14     9    12     2     0     2   -36.0   55.737   -3.739     48.8   1002.6    286.1      0.0     84.7
     1     1    14     9    12     1     0     1   -37.0   55.730   -3.649     43.1   1003.3    286.0      0.0     83.4
     1     1    14     9    12     0     0     0   -38.0   55.720   -3.562     39.6   1004.0    285.9      0.0     82.1
     1     1    14     9    11    23     0     1   -39.0   55.706   -3.472     38.0   1004.0    286.1      0.0     81.4
     1     1    14     9    11    22     0     2   -40.0   55.686   -3.374     38.6   1003.8    286.5      0.0     80.7
     1     1    14     9    11    21     0     3   -41.0   55.659   -3.266     41.9   1003.4    287.1      0.0     80.1
     1     1    14     9    11    20     0     2   -42.0   55.633   -3.158     45.6   1002.5    288.1      0.0     78.4
     1     1    14     9    11    19     0     1   -43.0   55.614   -3.065     45.6   1002.0    288.8      0.0     76.8
     1     1    14     9    11    18     0     0   -44.0   55.604   -2.984     40.4   1002.1    289.3      0.0     75.0
     1     1    14     9    11    17     0     1   -45.0   55.595   -2.914     33.0   1003.3    289.4      0.0     73.7
     1     1    14     9    11    16     0     2   -46.0   55.580   -2.853     26.4   1004.1    289.9      0.0     72.3
     1     1    14     9    11    15     0     3   -47.0   55.562   -2.800     20.5   1004.7    290.7      0.0     70.8
     1     1    14     9    11    14     0     2   -48.0   55.540   -2.750     16.1   1006.2    290.8      0.0     73.0
     1     1    14     9    11    13     0     1   -49.0   55.516   -2.699     13.4   1007.4    291.0      0.0     74.9
     1     1    14     9    11    12     0     0   -50.0   55.489   -2.648     11.7   1008.4    291.2      0.0     76.8
     1     1    14     9    11    11     0     1   -51.0   55.458   -2.598     10.9   1008.1    290.2      0.0     79.5
     1     1    14     9    11    10     0     2   -52.0   55.424   -2.551     11.0   1007.5    289.1      0.0     82.4
     1     1    14     9    11     9     0     3   -53.0   55.386   -2.507     12.0   1006.5    288.0      0.0     85.6
     1     1    14     9    11     8     0     2   -54.0   55.345   -2.466     13.7   1005.1    286.4      0.0     87.3
     1     1    14     9    11     7     0     1   -55.0   55.299   -2.429     15.8   1003.6    284.8      0.0     89.2
     1     1    14     9    11     6     0     0   -56.0   55.251   -2.397     18.5   1001.9    283.0      0.0     91.3
     1     1    14     9    11     5     0     1   -57.0   55.198   -2.360     22.2   1000.2    283.0      0.0     91.5
     1     1    14     9    11     4     0     2   -58.0   55.139   -2.311     27.5    998.0    282.9      0.0     91.7
     1     1    14     9    11     3     0     3   -59.0   55.075   -2.252     34.5    995.3    282.8      0.0     92.2
     1     1    14     9    11     2     0     2   -60.0   55.007   -2.190     42.1    992.4    282.7      0.0     92.6
     1     1    14     9    11     1     0     1   -61.0   54.937   -2.126     48.4    990.7    282.7      0.0     92.5
     1     1    14     9    11     0     0     0   -62.0   54.863   -2.061     51.8    989.2    282.6      0.0     92.3
     1     1    14     9    10    23     0     1   -63.0   54.792   -1.983     50.1    988.6    283.1      0.0     91.9
     1     1    14     9    10    22     0     2   -64.0   54.729   -1.878     44.1    991.7    283.8      0.0     90.5
     1     1    14     9    10    21     0     3   -65.0   54.676   -1.744     37.0    995.8    284.6      0.0     88.4
     1     1    14     9    10    20     0     2   -66.0   54.629   -1.591     30.7   1000.2    285.5      0.0     84.1
     1     1    14     9    10    19     0     1   -67.0   54.588   -1.430     26.2   1004.6    286.3      0.0     79.9
     1     1    14     9    10    18     0     0   -68.0   54.550   -1.260     24.0   1009.0    287.0      0.0     75.8
     1     1    14     9    10    17     0     1   -69.0   54.513   -1.079     24.2   1013.6    287.8      0.0     72.3
     1     1    14     9    10    16     0     2   -70.0   54.477   -0.891     26.4   1015.2    288.4      0.0     69.9
     1     1    14     9    10    15     0     3   -71.0   54.445   -0.699     29.5   1014.6    289.0      0.0     67.9
     1     1    14     9    10    14     0     2   -72.0   54.413   -0.516     31.6   1014.0    289.4      0.0     67.8
