     7     1
    GDAS    14     8    22     0     0
    GDAS    14     8    29     0     0
    GDAS    14     9     1     0     0
    GDAS    14     9     8     0     0
    GDAS    14     9    15     0     0
    GDAS    14     9    22     0     0
    GDAS    14     9    29     0     0
     1 BACKWARD OMEGA   
    14     9    16    20   56.467   -2.973   100.0
     4 PRESSURE AIR_TEMP RAINFALL RELHUMID
     1     1    14     9    16    20     0     2     0.0   56.467   -2.973    100.0    975.2    284.5      0.0     94.3
     1     1    14     9    16    19     0     1    -1.0   56.433   -2.849     96.1    979.9    285.2      0.0     92.6
     1     1    14     9    16    18     0     0    -2.0   56.405   -2.716     91.5    984.6    285.8      0.0     91.0
     1     1    14     9    16    17     0     1    -3.0   56.374   -2.575     86.5    989.5    286.3      0.0     89.3
     1     1    14     9    16    16     0     2    -4.0   56.334   -2.427     81.6    994.4    286.7      0.0     88.1
     1     1    14     9    16    15     0     3    -5.0   56.283   -2.277     77.5    999.0    287.0      0.0     87.4
     1     1    14     9    16    14     0     2    -6.0   56.227   -2.135     75.4   1002.7    286.9      0.0     88.5
     1     1    14     9    16    13     0     1    -7.0   56.167   -2.013     74.9   1005.0    286.8      0.0     89.4
     1     1    14     9    16    12     0     0    -8.0   56.101   -1.907     75.1   1005.4    286.8      0.0     90.4
     1     1    14     9    16    11     0     1    -9.0   56.035   -1.806     76.6   1005.7    286.7      0.0     91.6
     1     1    14     9    16    10     0     2   -10.0   55.971   -1.700     80.2   1005.1    286.6      0.0     92.8
     1     1    14     9    16     9     0     3   -11.0   55.911   -1.590     85.0   1004.2    286.5      0.0     93.9
     1     1    14     9    16     8     0     2   -12.0   55.855   -1.480     88.3   1003.4    286.5      0.0     94.7
     1     1    14     9    16     7     0     1   -13.0   55.801   -1.373     88.0   1003.6    286.5      0.0     95.4
     1     1    14     9    16     6     0     0   -14.0   55.747   -1.267     85.0   1004.4    286.5      0.0     96.1
     1     1    14     9    16     5     0     1   -15.0   55.692   -1.172     81.7   1005.9    286.7      0.0     95.1
     1     1    14     9    16     4     0     2   -16.0   55.633   -1.095     80.4   1006.9    286.8      0.0     94.0
     1     1    14     9    16     3     0     3   -17.0   55.571   -1.035     81.7   1007.6    286.9      0.0     92.7
     1     1    14     9    16     2     0     2   -18.0   55.510   -0.974     85.0   1007.5    287.0      0.0     92.8
     1     1    14     9    16     1     0     1   -19.0   55.452   -0.897     89.6   1007.0    287.0      0.0     93.1
     1     1    14     9    16     0     0     0   -20.0   55.397   -0.801     95.7   1006.3    287.0      0.0     93.4
     1     1    14     9    15    23     0     1   -21.0   55.343   -0.695    103.6   1005.4    287.1      0.0     93.3
     1     1    14     9    15    22     0     2   -22.0   55.289   -0.590    113.6   1004.4    287.1      0.0     93.4
     1     1    14     9    15    21     0     3   -23.0   55.236   -0.489    126.0   1003.0    287.2      0.0     93.5
     1     1    14     9    15    20     0     2   -24.0   55.194   -0.372    138.3   1001.2    287.1      0.0     94.1
     1     1    14     9    15    19     0     1   -25.0   55.176   -0.221    146.7    999.9    287.0      0.0     94.6
     1     1    14     9    15    18     0     0   -26.0   55.179   -0.036    150.6    999.2    286.9      0.0     95.1
     1     1    14     9    15    17     0     1   -27.0   55.148    0.186    150.5    999.3    288.2      0.0     86.2
     1     1    14     9    15    16     0     2   -28.0   55.072    0.390    146.5    999.8    288.6      0.0     82.7
     1     1    14     9    15    15     0     3   -29.0   54.995    0.545    138.2   1001.0    289.1      0.0     78.6
     1     1    14     9    15    14     0     2   -30.0   54.928    0.696    130.1   1002.6    288.8      0.0     80.8
     1     1    14     9    15    13     0     1   -31.0   54.883    0.896    125.3   1003.5    288.7      0.0     82.5
     1     1    14     9    15    12     0     0   -32.0   54.858    1.139    123.1   1004.2    288.7      0.0     84.1
     1     1    14     9    15    11     0     1   -33.0   54.844    1.401    121.9   1004.0    288.8      0.0     83.2
     1     1    14     9    15    10     0     2   -34.0   54.828    1.668    118.8   1004.0    288.9      0.1     81.1
     1     1    14     9    15     9     0     3   -35.0   54.805    1.952    110.6   1004.5    289.1      0.0     77.8
     1     1    14     9    15     8     0     2   -36.0   54.783    2.254    100.6   1006.4    289.0      0.0     81.1
     1     1    14     9    15     7     0     1   -37.0   54.771    2.573     93.8   1007.7    289.0      0.0     84.3
     1     1    14     9    15     6     0     0   -38.0   54.753    2.906     91.3   1008.5    289.0      0.0     87.0
     1     1    14     9    15     5     0     1   -39.0   54.741    3.268     89.8   1008.1    289.1      0.0     87.0
     1     1    14     9    15     4     0     2   -40.0   54.741    3.669     86.9   1008.4    289.2      0.0     85.8
     1     1    14     9    15     3     0     3   -41.0   54.715    4.103     84.1   1008.6    289.5      0.0     83.1
     1     1    14     9    15     2     0     2   -42.0   54.670    4.551     80.4   1009.3    289.6      0.2     84.4
     1     1    14     9    15     1     0     1   -43.0   54.634    4.998     75.9   1010.4    289.8      0.2     85.3
     1     1    14     9    15     0     0     0   -44.0   54.611    5.440     70.6   1011.0    289.9      0.3     86.8
     1     1    14     9    14    23     0     1   -45.0   54.593    5.898     62.6   1012.2    290.0      0.2     85.0
     1     1    14     9    14    22     0     2   -46.0   54.564    6.383     53.9   1014.2    290.1      0.2     85.4
     1     1    14     9    14    21     0     3   -47.0   54.519    6.894     47.2   1014.9    290.2      0.3     86.2
     1     1    14     9    14    20     0     2   -48.0   54.485    7.399     43.1   1015.5    290.3      0.0     87.7
     1     1    14     9    14    19     0     1   -49.0   54.495    7.898     40.6   1015.9    290.3      0.0     89.5
     1     1    14     9    14    18     0     0   -50.0   54.539    8.358     40.3   1016.1    290.0      2.6     91.3
     1     1    14     9    14    17     0     1   -51.0   54.602    8.744     42.7   1015.0    289.9      0.3     92.7
     1     1    14     9    14    16     0     2   -52.0   54.667    9.085     46.2   1013.5    290.1      0.3     92.6
     1     1    14     9    14    15     0     3   -53.0   54.725    9.437     47.5   1013.4    290.5      0.3     91.1
     1     1    14     9    14    14     0     2   -54.0   54.788    9.820     45.7   1015.2    290.4      0.0     92.2
     1     1    14     9    14    13     0     1   -55.0   54.870   10.213     42.4   1016.8    290.3      0.0     94.1
     1     1    14     9    14    12     0     0   -56.0   54.966   10.612     39.6   1018.1    289.9      0.3     96.3
     1     1    14     9    14    11     0     1   -57.0   55.074   11.013     39.2   1017.7    289.7      0.2     95.1
     1     1    14     9    14    10     0     2   -58.0   55.189   11.414     38.7   1017.0    289.6      0.2     93.3
     1     1    14     9    14     9     0     3   -59.0   55.299   11.823     33.7   1016.9    289.6      1.0     92.7
     1     1    14     9    14     8     0     2   -60.0   55.404   12.247     28.1   1018.1    289.6      1.3     93.2
     1     1    14     9    14     7     0     1   -61.0   55.512   12.692     27.7   1017.1    289.2      0.5     94.1
     1     1    14     9    14     6     0     0   -62.0   55.633   13.141     34.0   1014.3    288.0      0.5     95.9
     1     1    14     9    14     5     0     1   -63.0   55.768   13.560     37.4   1012.7    287.5      0.0     96.2
     1     1    14     9    14     4     0     2   -64.0   55.908   13.927     28.3   1013.0    287.0      0.0     96.8
     1     1    14     9    14     3     0     3   -65.0   56.049   14.254     19.0   1016.8    287.4      0.0     95.6
     1     1    14     9    14     2     0     2   -66.0   56.205   14.612     15.3   1017.1    288.2      0.0     93.6
     1     1    14     9    14     1     0     1   -67.0   56.377   15.022     17.5   1014.7    288.5      0.0     92.4
     1     1    14     9    14     0     0     0   -68.0   56.550   15.433     20.7   1012.3    288.0      0.0     92.5
     1     1    14     9    13    23     0     1   -69.0   56.706   15.782     17.7   1012.6    287.7      0.0     93.4
     1     1    14     9    13    22     0     2   -70.0   56.839   16.056     12.0   1014.9    287.5      0.0     94.3
     1     1    14     9    13    21     0     3   -71.0   56.959   16.294      7.0   1017.3    287.6      0.0     94.0
     1     1    14     9    13    20     0     2   -72.0   57.084   16.551      3.4   1020.6    288.1      0.6     93.2
