     7     1
    GDAS    14     8    22     0     0
    GDAS    14     8    29     0     0
    GDAS    14     9     1     0     0
    GDAS    14     9     8     0     0
    GDAS    14     9    15     0     0
    GDAS    14     9    22     0     0
    GDAS    14     9    29     0     0
     1 BACKWARD OMEGA   
    14     9    13    22   56.467   -2.973   100.0
     4 PRESSURE AIR_TEMP RAINFALL RELHUMID
     1     1    14     9    13    22     0     2     0.0   56.467   -2.973    100.0    987.1    284.5      0.0     91.8
     1     1    14     9    13    21     0     3    -1.0   56.419   -2.799     72.5    996.8    285.2      0.0     89.4
     1     1    14     9    13    20     0     2    -2.0   56.369   -2.629     50.6   1005.8    285.8      0.0     86.3
     1     1    14     9    13    19     0     1    -3.0   56.315   -2.459     36.9   1012.2    286.3      0.0     83.5
     1     1    14     9    13    18     0     0    -4.0   56.255   -2.283     29.7   1017.6    286.5      0.0     81.1
     1     1    14     9    13    17     0     1    -5.0   56.185   -2.096     26.5   1022.1    286.6      0.0     78.8
     1     1    14     9    13    16     0     2    -6.0   56.109   -1.897     26.1   1024.2    286.6      0.0     77.5
     1     1    14     9    13    15     0     3    -7.0   56.032   -1.696     27.4   1024.1    286.6      0.0     76.9
     1     1    14     9    13    14     0     2    -8.0   55.957   -1.517     29.2   1023.1    286.7      0.0     77.8
     1     1    14     9    13    13     0     1    -9.0   55.882   -1.372     30.3   1022.7    286.8      0.0     78.4
     1     1    14     9    13    12     0     0   -10.0   55.808   -1.255     31.2   1022.9    286.9      0.0     78.7
     1     1    14     9    13    11     0     1   -11.0   55.731   -1.162     32.5   1023.1    286.8      0.0     80.6
     1     1    14     9    13    10     0     2   -12.0   55.651   -1.094     34.1   1023.3    286.8      0.0     82.5
     1     1    14     9    13     9     0     3   -13.0   55.569   -1.050     35.8   1023.4    286.7      0.0     84.3
     1     1    14     9    13     8     0     2   -14.0   55.487   -1.017     37.3   1024.0    286.7      0.0     83.8
     1     1    14     9    13     7     0     1   -15.0   55.403   -0.984     38.1   1024.5    286.7      0.0     83.3
     1     1    14     9    13     6     0     0   -16.0   55.320   -0.952     38.1   1024.8    286.8      0.0     83.0
     1     1    14     9    13     5     0     1   -17.0   55.241   -0.932     37.8   1024.3    286.8      0.0     82.6
     1     1    14     9    13     4     0     2   -18.0   55.171   -0.932     37.7   1024.0    286.9      0.0     82.3
     1     1    14     9    13     3     0     3   -19.0   55.107   -0.958     37.6   1023.8    286.9      0.0     82.1
     1     1    14     9    13     2     0     2   -20.0   55.043   -1.001     37.6   1024.3    287.0      0.0     81.7
     1     1    14     9    13     1     0     1   -21.0   54.974   -1.050     37.9   1023.2    286.6      0.0     81.4
     1     1    14     9    13     0     0     0   -22.0   54.901   -1.101     38.6   1021.4    286.0      0.0     81.4
     1     1    14     9    12    23     0     1   -23.0   54.825   -1.123     40.5   1019.1    285.7      0.0     82.3
     1     1    14     9    12    22     0     2   -24.0   54.746   -1.095     44.2   1018.0    285.8      0.0     83.1
     1     1    14     9    12    21     0     3   -25.0   54.665   -1.017     50.8   1018.0    286.1      0.0     84.0
     1     1    14     9    12    20     0     2   -26.0   54.587   -0.904     60.9   1016.7    286.3      0.0     81.8
     1     1    14     9    12    19     0     1   -27.0   54.517   -0.770     74.2   1014.4    286.7      0.0     79.2
     1     1    14     9    12    18     0     0   -28.0   54.454   -0.620     91.4   1011.6    287.2      0.0     76.3
     1     1    14     9    12    17     0     1   -29.0   54.397   -0.458    112.3   1008.4    287.7      0.0     74.2
     1     1    14     9    12    16     0     2   -30.0   54.343   -0.294    135.8   1005.2    288.1      0.0     72.0
     1     1    14     9    12    15     0     3   -31.0   54.291   -0.132    161.1   1001.2    288.2      0.0     70.2
     1     1    14     9    12    14     0     2   -32.0   54.268    0.034    171.2   1003.3    286.7      0.0     86.1
     1     1    14     9    12    13     0     1   -33.0   54.274    0.200    168.2   1006.2    286.8      0.0     87.4
     1     1    14     9    12    12     0     0   -34.0   54.285    0.354    167.7   1006.6    286.8      0.0     88.7
     1     1    14     9    12    11     0     1   -35.0   54.300    0.508    167.5   1006.2    286.7      0.0     90.0
     1     1    14     9    12    10     0     2   -36.0   54.323    0.674    166.4   1006.2    286.7      0.0     90.8
     1     1    14     9    12     9     0     3   -37.0   54.353    0.862    165.4   1006.1    286.8      0.0     91.0
     1     1    14     9    12     8     0     2   -38.0   54.392    1.057    166.2   1006.2    286.8      0.0     91.9
     1     1    14     9    12     7     0     1   -39.0   54.434    1.232    169.6   1005.6    286.8      0.0     92.3
     1     1    14     9    12     6     0     0   -40.0   54.477    1.384    173.7   1004.9    286.7      0.0     92.8
     1     1    14     9    12     5     0     1   -41.0   54.518    1.523    176.8   1003.8    286.7      0.0     92.1
     1     1    14     9    12     4     0     2   -42.0   54.557    1.661    178.3   1003.2    286.8      0.0     91.6
     1     1    14     9    12     3     0     3   -43.0   54.594    1.800    178.7   1002.6    286.9      0.0     91.4
     1     1    14     9    12     2     0     2   -44.0   54.629    1.942    178.8   1003.0    287.0      0.0     91.5
     1     1    14     9    12     1     0     1   -45.0   54.658    2.088    178.6   1003.3    287.0      0.0     91.3
     1     1    14     9    12     0     0     0   -46.0   54.680    2.241    177.9   1003.7    287.1      0.0     90.7
     1     1    14     9    11    23     0     1   -47.0   54.709    2.408    178.0   1003.6    287.2      0.0     89.7
     1     1    14     9    11    22     0     2   -48.0   54.757    2.595    180.0   1002.9    287.3      0.0     88.9
     1     1    14     9    11    21     0     3   -49.0   54.822    2.802    182.9   1002.1    287.4      0.0     88.3
     1     1    14     9    11    20     0     2   -50.0   54.906    3.006    184.8   1001.6    287.4      0.0     88.4
     1     1    14     9    11    19     0     1   -51.0   55.003    3.187    185.4   1001.6    287.4      0.0     87.9
     1     1    14     9    11    18     0     0   -52.0   55.109    3.344    185.7   1001.4    287.4      0.0     87.3
     1     1    14     9    11    17     0     1   -53.0   55.220    3.488    184.8   1001.1    287.5      0.0     86.5
     1     1    14     9    11    16     0     2   -54.0   55.331    3.627    181.4   1001.3    287.6      0.0     85.7
     1     1    14     9    11    15     0     3   -55.0   55.442    3.765    175.5   1001.8    287.8      0.0     84.9
     1     1    14     9    11    14     0     2   -56.0   55.551    3.909    168.5   1002.9    287.9      0.0     84.7
     1     1    14     9    11    13     0     1   -57.0   55.658    4.060    161.8   1003.8    288.0      0.0     84.4
     1     1    14     9    11    12     0     0   -58.0   55.764    4.219    155.6   1004.7    288.0      0.0     84.0
     1     1    14     9    11    11     0     1   -59.0   55.866    4.387    150.7   1005.1    288.1      0.0     83.9
     1     1    14     9    11    10     0     2   -60.0   55.962    4.566    147.9   1005.2    288.2      0.0     83.3
     1     1    14     9    11     9     0     3   -61.0   56.054    4.757    146.9   1005.1    288.3      0.0     82.4
     1     1    14     9    11     8     0     2   -62.0   56.146    4.951    145.6   1004.8    288.4      0.0     82.1
     1     1    14     9    11     7     0     1   -63.0   56.242    5.141    142.0   1005.2    288.4      0.0     82.2
     1     1    14     9    11     6     0     0   -64.0   56.340    5.333    136.6   1005.9    288.4      0.0     82.1
     1     1    14     9    11     5     0     1   -65.0   56.435    5.538    131.1   1006.6    288.5      0.0     80.9
     1     1    14     9    11     4     0     2   -66.0   56.522    5.764    127.4   1006.9    288.7      0.0     79.6
     1     1    14     9    11     3     0     3   -67.0   56.604    6.014    126.0   1006.9    288.8      0.0     78.0
     1     1    14     9    11     2     0     2   -68.0   56.688    6.281    126.4   1006.9    288.7      0.0     78.1
     1     1    14     9    11     1     0     1   -69.0   56.779    6.556    127.2   1006.8    288.7      0.0     78.3
     1     1    14     9    11     0     0     0   -70.0   56.879    6.841    127.6   1006.7    288.7      0.0     78.7
     1     1    14     9    10    23     0     1   -71.0   56.993    7.122    128.6   1006.7    288.9      0.0     77.8
     1     1    14     9    10    22     0     2   -72.0   57.119    7.383    131.8   1005.6    288.8      0.0     76.9
