     7     1
    GDAS    14     8    22     0     0
    GDAS    14     8    29     0     0
    GDAS    14     9     1     0     0
    GDAS    14     9     8     0     0
    GDAS    14     9    15     0     0
    GDAS    14     9    22     0     0
    GDAS    14     9    29     0     0
     1 BACKWARD OMEGA   
    14     9    13     9   56.467   -2.973   100.0
     4 PRESSURE AIR_TEMP RAINFALL RELHUMID
     1     1    14     9    13     9     0     3     0.0   56.467   -2.973    100.0    985.3    286.3      0.0     93.0
     1     1    14     9    13     8     0     2    -1.0   56.458   -3.016    112.2    983.6    285.8      0.0     94.3
     1     1    14     9    13     7     0     1    -2.0   56.452   -3.077    128.4    981.5    285.4      0.0     95.5
     1     1    14     9    13     6     0     0    -3.0   56.449   -3.153    147.7    978.7    285.1      0.0     96.5
     1     1    14     9    13     5     0     1    -4.0   56.444   -3.241    167.9    974.9    285.2      0.0     95.6
     1     1    14     9    13     4     0     2    -5.0   56.434   -3.340    187.2    971.7    285.3      0.0     94.8
     1     1    14     9    13     3     0     3    -6.0   56.418   -3.453    205.9    968.9    285.5      0.0     94.1
     1     1    14     9    13     2     0     2    -7.0   56.399   -3.576    222.7    967.0    285.5      0.0     93.8
     1     1    14     9    13     1     0     1    -8.0   56.379   -3.704    235.9    965.7    285.6      0.0     93.9
     1     1    14     9    13     0     0     0    -9.0   56.359   -3.839    244.7    964.9    285.7      0.0     94.4
     1     1    14     9    12    23     0     1   -10.0   56.339   -3.970    251.3    964.6    285.9      0.0     93.5
     1     1    14     9    12    22     0     2   -11.0   56.318   -4.083    257.9    964.7    286.1      0.0     92.2
     1     1    14     9    12    21     0     3   -12.0   56.295   -4.174    263.2    965.1    286.2      0.0     90.9
     1     1    14     9    12    20     0     2   -13.0   56.271   -4.258    263.1    965.5    286.4      0.0     90.1
     1     1    14     9    12    19     0     1   -14.0   56.246   -4.350    254.9    967.3    286.6      0.0     89.4
     1     1    14     9    12    18     0     0   -15.0   56.219   -4.451    241.9    969.5    286.8      0.0     88.7
     1     1    14     9    12    17     0     1   -16.0   56.186   -4.546    227.6    972.0    286.9      0.0     87.8
     1     1    14     9    12    16     0     2   -17.0   56.143   -4.619    213.5    974.6    287.1      0.0     87.2
     1     1    14     9    12    15     0     3   -18.0   56.091   -4.669    198.1    977.6    287.3      0.0     86.9
     1     1    14     9    12    14     0     2   -19.0   56.032   -4.699    182.9    981.7    287.0      0.0     87.5
     1     1    14     9    12    13     0     1   -20.0   55.968   -4.715    169.5    984.9    286.8      0.0     87.7
     1     1    14     9    12    12     0     0   -21.0   55.899   -4.716    157.8    987.4    286.6      0.0     87.6
     1     1    14     9    12    11     0     1   -22.0   55.834   -4.691    150.7    989.3    286.5      0.0     88.0
     1     1    14     9    12    10     0     2   -23.0   55.786   -4.633    150.4    989.7    286.3      0.0     88.5
     1     1    14     9    12     9     0     3   -24.0   55.753   -4.546    154.2    989.4    286.0      0.0     89.2
     1     1    14     9    12     8     0     2   -25.0   55.730   -4.445    157.3    988.9    285.8      0.0     89.1
     1     1    14     9    12     7     0     1   -26.0   55.712   -4.347    156.1    989.4    285.6      0.0     89.1
     1     1    14     9    12     6     0     0   -27.0   55.702   -4.250    150.7    990.3    285.3      0.0     89.2
     1     1    14     9    12     5     0     1   -28.0   55.695   -4.157    140.6    991.6    285.8      0.0     88.1
     1     1    14     9    12     4     0     2   -29.0   55.689   -4.069    125.7    993.2    286.4      0.0     87.0
     1     1    14     9    12     3     0     3   -30.0   55.681   -3.983    107.1    995.1    287.0      0.0     85.7
     1     1    14     9    12     2     0     2   -31.0   55.671   -3.900     89.6    997.7    287.0      0.0     84.0
     1     1    14     9    12     1     0     1   -32.0   55.660   -3.818     77.1    999.3    287.1      0.0     82.5
     1     1    14     9    12     0     0     0   -33.0   55.647   -3.737     68.7   1000.6    287.2      0.0     81.1
     1     1    14     9    11    23     0     1   -34.0   55.632   -3.654     63.6   1001.2    287.3      0.0     80.5
     1     1    14     9    11    22     0     2   -35.0   55.612   -3.562     61.4   1001.4    287.5      0.0     79.9
     1     1    14     9    11    21     0     3   -36.0   55.588   -3.460     62.7   1001.2    287.8      0.0     79.3
     1     1    14     9    11    20     0     2   -37.0   55.564   -3.365     65.1   1000.2    288.5      0.0     78.0
     1     1    14     9    11    19     0     1   -38.0   55.547   -3.292     65.0    999.7    289.1      0.0     76.7
     1     1    14     9    11    18     0     0   -39.0   55.539   -3.240     60.9    999.9    289.7      0.0     75.2
     1     1    14     9    11    17     0     1   -40.0   55.533   -3.202     53.9   1001.0    290.1      0.0     73.9
     1     1    14     9    11    16     0     2   -41.0   55.522   -3.173     45.4   1001.7    290.3      0.0     72.6
     1     1    14     9    11    15     0     3   -42.0   55.508   -3.156     36.4   1002.5    290.9      0.0     71.4
     1     1    14     9    11    14     0     2   -43.0   55.493   -3.145     28.9   1004.0    291.0      0.0     73.6
     1     1    14     9    11    13     0     1   -44.0   55.476   -3.133     23.9   1005.2    291.1      0.0     75.8
     1     1    14     9    11    12     0     0   -45.0   55.458   -3.119     20.8   1006.3    291.3      0.0     77.9
     1     1    14     9    11    11     0     1   -46.0   55.439   -3.101     19.7   1006.3    290.3      0.0     80.3
     1     1    14     9    11    10     0     2   -47.0   55.420   -3.078     21.0   1005.9    289.0      0.0     82.6
     1     1    14     9    11     9     0     3   -48.0   55.400   -3.048     25.4   1005.0    287.6      0.0     85.1
     1     1    14     9    11     8     0     2   -49.0   55.377   -3.012     33.6   1003.5    286.1      0.0     86.1
     1     1    14     9    11     7     0     1   -50.0   55.348   -2.968     45.7   1001.5    284.9      0.0     87.5
     1     1    14     9    11     6     0     0   -51.0   55.313   -2.915     61.1    999.0    284.1      0.0     88.9
     1     1    14     9    11     5     0     1   -52.0   55.268   -2.852     78.0    996.2    284.4      0.0     88.7
     1     1    14     9    11     4     0     2   -53.0   55.210   -2.776     96.5    993.3    284.6      0.0     88.5
     1     1    14     9    11     3     0     3   -54.0   55.138   -2.688    116.6    989.9    284.8      0.0     88.2
     1     1    14     9    11     2     0     2   -55.0   55.054   -2.594    136.9    986.2    284.8      0.0     88.5
     1     1    14     9    11     1     0     1   -56.0   54.959   -2.495    155.6    982.4    284.9      0.0     88.6
     1     1    14     9    11     0     0     0   -57.0   54.854   -2.388    171.1    979.5    285.0      0.0     88.3
     1     1    14     9    10    23     0     1   -58.0   54.747   -2.257    178.8    976.5    285.1      0.0     87.6
     1     1    14     9    10    22     0     2   -59.0   54.648   -2.092    170.9    974.3    285.0      0.0     87.6
     1     1    14     9    10    21     0     3   -60.0   54.561   -1.892    144.8    978.6    285.1      0.0     86.8
     1     1    14     9    10    20     0     2   -61.0   54.490   -1.678    116.6    987.8    286.0      0.0     82.9
     1     1    14     9    10    19     0     1   -62.0   54.432   -1.469     97.5    994.7    286.8      0.0     78.7
     1     1    14     9    10    18     0     0   -63.0   54.381   -1.263     88.0   1000.4    287.6      0.0     74.3
     1     1    14     9    10    17     0     1   -64.0   54.333   -1.061     88.1   1005.2    288.1      0.0     70.8
     1     1    14     9    10    16     0     2   -65.0   54.290   -0.865     94.4   1005.2    288.5      0.0     68.4
     1     1    14     9    10    15     0     3   -66.0   54.252   -0.680    102.3   1003.8    288.8      0.0     66.1
     1     1    14     9    10    14     0     2   -67.0   54.214   -0.510    106.8   1002.8    288.9      0.0     65.6
     1     1    14     9    10    13     0     1   -68.0   54.170   -0.361    103.8   1002.8    289.3      0.0     65.0
     1     1    14     9    10    12     0     0   -69.0   54.119   -0.236     92.9   1003.6    289.8      0.0     64.0
     1     1    14     9    10    11     0     1   -70.0   54.069   -0.124     79.4   1005.3    290.0      0.0     65.5
     1     1    14     9    10    10     0     2   -71.0   54.027   -0.012     67.9   1006.5    290.0      0.0     67.1
     1     1    14     9    10     9     0     3   -72.0   53.999    0.110     60.7   1015.8    287.8      0.0     72.4
