     7     1
    GDAS    14     8    22     0     0
    GDAS    14     8    29     0     0
    GDAS    14     9     1     0     0
    GDAS    14     9     8     0     0
    GDAS    14     9    15     0     0
    GDAS    14     9    22     0     0
    GDAS    14     9    29     0     0
     1 BACKWARD OMEGA   
    14     9    12    22   56.467   -2.973   100.0
     4 PRESSURE AIR_TEMP RAINFALL RELHUMID
     1     1    14     9    12    22     0     2     0.0   56.467   -2.973    100.0    983.8    286.3      0.0     88.2
     1     1    14     9    12    21     0     3    -1.0   56.419   -3.052    122.1    982.1    286.7      0.0     87.1
     1     1    14     9    12    20     0     2    -2.0   56.371   -3.114    139.2    980.4    287.1      0.0     85.9
     1     1    14     9    12    19     0     1    -3.0   56.329   -3.153    144.6    980.7    287.4      0.0     84.7
     1     1    14     9    12    18     0     0    -4.0   56.294   -3.168    139.0    982.5    287.7      0.0     83.1
     1     1    14     9    12    17     0     1    -5.0   56.262   -3.166    129.0    985.2    288.1      0.0     81.5
     1     1    14     9    12    16     0     2    -6.0   56.230   -3.157    121.2    986.9    288.6      0.0     80.1
     1     1    14     9    12    15     0     3    -7.0   56.198   -3.141    115.5    988.4    289.0      0.0     78.7
     1     1    14     9    12    14     0     2    -8.0   56.169   -3.124    111.6    990.3    288.4      0.0     79.7
     1     1    14     9    12    13     0     1    -9.0   56.145   -3.117    108.7    991.8    287.9      0.0     80.8
     1     1    14     9    12    12     0     0   -10.0   56.125   -3.121    106.5    993.1    287.3      0.0     82.0
     1     1    14     9    12    11     0     1   -11.0   56.106   -3.116    106.6    993.8    286.7      0.0     84.7
     1     1    14     9    12    10     0     2   -12.0   56.085   -3.081    110.3    994.0    286.0      0.0     87.5
     1     1    14     9    12     9     0     3   -13.0   56.058   -3.017    117.9    994.0    285.2      0.0     90.5
     1     1    14     9    12     8     0     2   -14.0   56.029   -2.936    126.6    994.5    284.8      0.0     91.1
     1     1    14     9    12     7     0     1   -15.0   56.003   -2.853    133.3    995.5    284.5      0.0     91.5
     1     1    14     9    12     6     0     0   -16.0   55.979   -2.772    137.5    995.8    284.3      0.0     91.7
     1     1    14     9    12     5     0     1   -17.0   55.949   -2.687    139.8    996.1    284.8      0.0     90.5
     1     1    14     9    12     4     0     2   -18.0   55.907   -2.589    140.9    996.4    285.2      0.0     89.0
     1     1    14     9    12     3     0     3   -19.0   55.852   -2.480    140.9    996.6    285.5      0.0     87.1
     1     1    14     9    12     2     0     2   -20.0   55.785   -2.372    140.7    996.8    285.6      0.0     85.5
     1     1    14     9    12     1     0     1   -21.0   55.709   -2.272    140.5    996.4    285.7      0.0     84.3
     1     1    14     9    12     0     0     0   -22.0   55.626   -2.178    140.0    995.4    285.6      0.0     83.4
     1     1    14     9    11    23     0     1   -23.0   55.536   -2.087    140.7    994.0    285.5      0.0     82.0
     1     1    14     9    11    22     0     2   -24.0   55.441   -1.994    143.1    991.5    285.3      0.0     80.7
     1     1    14     9    11    21     0     3   -25.0   55.344   -1.898    146.6    990.6    285.4      0.0     79.2
     1     1    14     9    11    20     0     2   -26.0   55.253   -1.791    146.0    990.2    285.9      0.0     78.2
     1     1    14     9    11    19     0     1   -27.0   55.171   -1.666    138.2    992.7    286.3      0.0     77.0
     1     1    14     9    11    18     0     0   -28.0   55.096   -1.518    128.5    996.6    286.7      0.0     75.7
     1     1    14     9    11    17     0     1   -29.0   55.028   -1.350    124.4   1000.6    286.9      0.0     74.5
     1     1    14     9    11    16     0     2   -30.0   54.965   -1.163    130.6   1004.0    286.9      0.0     73.8
     1     1    14     9    11    15     0     3   -31.0   54.909   -0.954    148.2   1005.6    286.6      0.0     73.4
     1     1    14     9    11    14     0     2   -32.0   54.856   -0.751    172.2   1001.7    286.4      0.0     74.0
     1     1    14     9    11    13     0     1   -33.0   54.805   -0.581    197.7    998.5    286.1      0.0     75.0
     1     1    14     9    11    12     0     0   -34.0   54.756   -0.440    225.0    995.1    285.8      0.0     76.2
     1     1    14     9    11    11     0     1   -35.0   54.704   -0.320    250.6    991.2    285.3      0.0     79.8
     1     1    14     9    11    10     0     2   -36.0   54.646   -0.211    269.2    988.2    284.8      0.0     83.5
     1     1    14     9    11     9     0     3   -37.0   54.581   -0.110    279.6    986.1    284.3      0.0     87.4
     1     1    14     9    11     8     0     2   -38.0   54.517   -0.018    281.9    985.2    284.1      0.0     88.0
     1     1    14     9    11     7     0     1   -39.0   54.486    0.073    285.8    989.3    284.3      0.0     84.1
     1     1    14     9    11     6     0     0   -40.0   54.488    0.169    292.6    987.5    284.2      0.0     84.7
     1     1    14     9    11     5     0     1   -41.0   54.498    0.268    298.7    986.9    284.2      0.0     84.7
     1     1    14     9    11     4     0     2   -42.0   54.512    0.371    306.4    985.9    284.2      0.0     85.1
     1     1    14     9    11     3     0     3   -43.0   54.533    0.478    316.1    984.7    284.2      0.0     85.7
     1     1    14     9    11     2     0     2   -44.0   54.553    0.594    326.8    983.4    284.1      0.0     86.3
     1     1    14     9    11     1     0     1   -45.0   54.567    0.725    336.7    982.4    284.0      0.0     87.0
     1     1    14     9    11     0     0     0   -46.0   54.578    0.873    346.6    981.4    283.9      0.0     88.1
     1     1    14     9    10    23     0     1   -47.0   54.601    1.038    358.9    980.2    283.9      0.0     86.2
     1     1    14     9    10    22     0     2   -48.0   54.654    1.214    374.0    978.2    283.8      0.0     84.2
     1     1    14     9    10    21     0     3   -49.0   54.737    1.399    390.1    976.3    283.8      0.0     82.6
     1     1    14     9    10    20     0     2   -50.0   54.838    1.573    406.9    974.5    283.7      0.0     83.0
     1     1    14     9    10    19     0     1   -51.0   54.939    1.720    425.4    972.6    283.5      0.0     83.4
     1     1    14     9    10    18     0     0   -52.0   55.039    1.841    446.9    970.1    283.3      0.0     83.9
     1     1    14     9    10    17     0     1   -53.0   55.142    1.944    467.5    967.1    282.9      0.0     85.5
     1     1    14     9    10    16     0     2   -54.0   55.256    2.036    483.8    965.2    282.7      0.0     86.7
     1     1    14     9    10    15     0     3   -55.0   55.379    2.114    497.4    963.6    282.5      0.0     87.6
     1     1    14     9    10    14     0     2   -56.0   55.510    2.179    509.1    962.3    282.3      0.0     88.3
     1     1    14     9    10    13     0     1   -57.0   55.647    2.236    518.0    961.3    282.2      0.0     89.3
     1     1    14     9    10    12     0     0   -58.0   55.793    2.286    522.2    960.8    282.0      0.0     90.5
     1     1    14     9    10    11     0     1   -59.0   55.943    2.323    526.6    960.7    282.0      0.0     91.0
     1     1    14     9    10    10     0     2   -60.0   56.090    2.339    538.7    959.2    281.9      0.0     90.7
     1     1    14     9    10     9     0     3   -61.0   56.233    2.332    560.5    956.5    281.8      0.0     90.3
     1     1    14     9    10     8     0     2   -62.0   56.377    2.312    586.9    952.9    281.4      0.0     90.7
     1     1    14     9    10     7     0     1   -63.0   56.527    2.287    611.9    950.0    281.1      0.0     91.5
     1     1    14     9    10     6     0     0   -64.0   56.685    2.258    634.8    947.4    280.9      0.0     93.1
     1     1    14     9    10     5     0     1   -65.0   56.853    2.217    653.4    944.7    280.9      0.0     90.3
     1     1    14     9    10     4     0     2   -66.0   57.034    2.160    666.4    943.1    281.0      0.0     87.7
     1     1    14     9    10     3     0     3   -67.0   57.226    2.089    676.3    941.9    281.2      0.0     83.7
     1     1    14     9    10     2     0     2   -68.0   57.424    2.012    689.1    940.9    281.1      0.0     82.6
     1     1    14     9    10     1     0     1   -69.0   57.624    1.936    709.1    938.6    281.0      0.0     81.1
     1     1    14     9    10     0     0     0   -70.0   57.826    1.859    735.9    935.4    280.8      0.0     79.9
     1     1    14     9     9    23     0     1   -71.0   58.035    1.764    765.8    931.5    280.7      0.0     78.5
     1     1    14     9     9    22     0     2   -72.0   58.248    1.642    794.8    928.2    280.5      0.0     77.8
