     7     1
    GDAS    14     8    22     0     0
    GDAS    14     8    29     0     0
    GDAS    14     9     1     0     0
    GDAS    14     9     8     0     0
    GDAS    14     9    15     0     0
    GDAS    14     9    22     0     0
    GDAS    14     9    29     0     0
     1 BACKWARD OMEGA   
    14     9    10     0   56.467   -2.973   100.0
     4 PRESSURE AIR_TEMP RAINFALL RELHUMID
     1     1    14     9    10     0     0     0     0.0   56.467   -2.973    100.0    979.0    283.6      0.0     80.9
     1     1    14     9     9    23     0     1    -1.0   56.410   -2.923    101.5    981.7    284.4      0.0     79.7
     1     1    14     9     9    22     0     2    -2.0   56.359   -2.868     96.7    985.3    285.0      0.0     78.6
     1     1    14     9     9    21     0     3    -3.0   56.314   -2.810     87.6    989.1    285.5      0.0     77.6
     1     1    14     9     9    20     0     2    -4.0   56.274   -2.749     76.7    992.8    286.1      0.0     75.5
     1     1    14     9     9    19     0     1    -5.0   56.240   -2.687     65.6    996.2    286.6      0.0     73.7
     1     1    14     9     9    18     0     0    -6.0   56.212   -2.622     54.9    999.5    287.1      0.0     72.1
     1     1    14     9     9    17     0     1    -7.0   56.186   -2.563     44.4   1001.8    287.1      0.0     71.2
     1     1    14     9     9    16     0     2    -8.0   56.164   -2.528     34.0   1003.8    287.1      0.0     70.3
     1     1    14     9     9    15     0     3    -9.0   56.147   -2.521     24.2   1005.5    287.4      0.0     69.2
     1     1    14     9     9    14     0     2   -10.0   56.137   -2.530     16.8   1007.3    287.5      0.0     70.3
     1     1    14     9     9    13     0     1   -11.0   56.132   -2.541     12.2   1008.2    287.8      0.0     71.5
     1     1    14     9     9    12     0     0   -12.0   56.132   -2.555      9.2   1008.3    288.0      0.0     72.8
     1     1    14     9     9    11     0     1   -13.0   56.129   -2.580      7.0   1007.9    287.6      0.0     75.0
     1     1    14     9     9    10     0     2   -14.0   56.119   -2.626      5.2   1007.3    287.1      0.0     77.3
     1     1    14     9     9     9     0     3   -15.0   56.101   -2.692      3.7   1006.5    286.6      0.0     79.9
     1     1    14     9     9     8     0     2   -16.0   56.078   -2.767      2.4   1005.4    285.7      0.0     80.4
     1     1    14     9     9     7     0     1   -17.0   56.053   -2.845      1.5   1004.5    284.7      0.0     81.1
     1     1    14     9     9     6     0     0   -18.0   56.024   -2.926      1.2   1003.7    283.6      0.0     81.8
     1     1    14     9     9     5     0     1   -19.0   55.991   -3.004      1.2   1003.3    283.5      0.0     79.7
     1     1    14     9     9     4     0     2   -20.0   55.954   -3.070      1.0   1003.4    283.2      0.0     77.8
     1     1    14     9     9     3     0     3   -21.0   55.915   -3.124      0.6   1003.4    283.0      0.0     76.1
     1     1    14     9     9     2     0     2   -22.0   55.877   -3.169      0.0   1004.1    282.7      0.0     74.7
     1     1    14     9     9     1     0     1   -23.0   55.841   -3.204      0.0   1004.8    282.5      0.0     73.2
     1     1    14     9     9     0     0     0   -24.0   55.808   -3.232      0.0   1005.4    282.3      0.0     71.8
     1     1    14     9     8    23     0     1   -25.0   55.779   -3.256      0.0   1005.0    281.9      0.0     71.2
     1     1    14     9     8    22     0     2   -26.0   55.757   -3.285      0.0   1004.6    281.5      0.0     70.5
     1     1    14     9     8    21     0     3   -27.0   55.742   -3.318      0.0   1004.2    281.2      0.0     69.8
     1     1    14     9     8    20     0     2   -28.0   55.731   -3.354      0.0   1003.9    282.6      0.0     69.3
     1     1    14     9     8    19     0     1   -29.0   55.722   -3.391      0.0   1003.6    284.0      0.0     68.7
     1     1    14     9     8    18     0     0   -30.0   55.712   -3.428      0.0   1003.3    285.5      0.0     68.0
     1     1    14     9     8    17     0     1   -31.0   55.711   -3.471      0.0   1003.2    286.6      0.0     66.8
     1     1    14     9     8    16     0     2   -32.0   55.725   -3.527      0.0   1003.0    287.6      0.0     65.6
     1     1    14     9     8    15     0     3   -33.0   55.754   -3.596      0.0   1002.9    288.6      0.0     64.6
     1     1    14     9     8    14     0     2   -34.0   55.785   -3.671      0.0   1003.2    288.8      0.0     64.8
     1     1    14     9     8    13     0     1   -35.0   55.800   -3.748      0.0   1003.6    289.0      0.0     64.8
     1     1    14     9     8    12     0     0   -36.0   55.798   -3.827      0.0   1004.0    289.3      0.0     64.7
     1     1    14     9     8    11     0     1   -37.0   55.794   -3.898      0.0   1003.2    288.3      0.0     68.7
     1     1    14     9     8    10     0     2   -38.0   55.801   -3.952      0.0   1002.5    287.2      0.0     72.6
     1     1    14     9     8     9     0     3   -39.0   55.820   -3.991      0.0   1001.8    286.1      0.0     76.5
     1     1    14     9     8     8     0     2   -40.0   55.853   -4.028      0.0   1002.2    283.7      0.0     80.1
     1     1    14     9     8     7     0     1   -41.0   55.897   -4.074      1.1   1002.5    281.3      0.0     83.7
     1     1    14     9     8     6     0     0   -42.0   55.953   -4.132      3.7   1002.7    278.9      0.0     87.5
     1     1    14     9     8     5     0     1   -43.0   56.010   -4.206      6.5   1001.3    279.1      0.0     88.3
     1     1    14     9     8     4     0     2   -44.0   56.061   -4.301      8.6    998.1    279.3      0.0     89.4
     1     1    14     9     8     3     0     3   -45.0   56.108   -4.413     10.5    995.1    279.6      0.0     90.2
     1     1    14     9     8     2     0     2   -46.0   56.159   -4.533     13.0    991.9    279.9      0.0     90.0
     1     1    14     9     8     1     0     1   -47.0   56.222   -4.657     17.1    988.6    280.1      0.0     89.7
     1     1    14     9     8     0     0     0   -48.0   56.295   -4.785     23.1    985.4    280.0      0.0     89.4
     1     1    14     9     7    23     0     1   -49.0   56.375   -4.917     31.5    982.1    280.0      0.0     88.9
     1     1    14     9     7    22     0     2   -50.0   56.457   -5.051     41.8    980.3    280.2      0.0     87.7
     1     1    14     9     7    21     0     3   -51.0   56.545   -5.188     52.6    980.9    280.7      0.0     85.7
     1     1    14     9     7    20     0     2   -52.0   56.647   -5.335     60.8    981.7    281.9      0.0     82.5
     1     1    14     9     7    19     0     1   -53.0   56.773   -5.497     62.2    984.0    282.9      0.0     79.3
     1     1    14     9     7    18     0     0   -54.0   56.927   -5.667     54.2    988.5    283.7      0.0     75.8
     1     1    14     9     7    17     0     1   -55.0   57.100   -5.849     38.1    997.9    284.8      0.0     74.0
     1     1    14     9     7    16     0     2   -56.0   57.280   -6.050     22.9   1009.1    286.0      0.0     73.1
     1     1    14     9     7    15     0     3   -57.0   57.460   -6.268     14.0   1013.2    286.7      0.0     72.9
     1     1    14     9     7    14     0     2   -58.0   57.639   -6.475      9.8   1014.3    286.9      0.0     73.6
     1     1    14     9     7    13     0     1   -59.0   57.821   -6.650      8.5   1013.9    287.2      0.0     73.8
     1     1    14     9     7    12     0     0   -60.0   58.004   -6.796      7.9   1012.2    287.6      0.0     73.2
     1     1    14     9     7    11     0     1   -61.0   58.190   -6.929      7.7   1011.8    286.9      0.0     75.4
     1     1    14     9     7    10     0     2   -62.0   58.383   -7.063      7.8   1012.7    286.3      0.0     77.2
     1     1    14     9     7     9     0     3   -63.0   58.581   -7.198      8.2   1014.5    285.9      0.0     78.3
     1     1    14     9     7     8     0     2   -64.0   58.788   -7.332      8.6   1016.1    286.0      0.0     80.1
     1     1    14     9     7     7     0     1   -65.0   59.008   -7.463      9.1   1017.4    286.0      0.0     81.3
     1     1    14     9     7     6     0     0   -66.0   59.233   -7.582      9.5   1017.9    286.0      0.0     82.0
     1     1    14     9     7     5     0     1   -67.0   59.454   -7.694      9.8   1018.4    285.9      0.0     82.2
     1     1    14     9     7     4     0     2   -68.0   59.668   -7.808     10.0   1018.9    285.8      0.0     81.8
     1     1    14     9     7     3     0     3   -69.0   59.875   -7.934     10.0   1019.4    285.7      0.0     80.6
     1     1    14     9     7     2     0     2   -70.0   60.067   -8.072     10.0   1019.5    285.7      0.0     81.8
     1     1    14     9     7     1     0     1   -71.0   60.235   -8.218     10.2   1019.3    285.6      0.0     82.8
     1     1    14     9     7     0     0     0   -72.0   60.375   -8.369     10.8   1019.0    285.6      0.0     82.8
