     7     1
    GDAS    14     8    22     0     0
    GDAS    14     8    29     0     0
    GDAS    14     9     1     0     0
    GDAS    14     9     8     0     0
    GDAS    14     9    15     0     0
    GDAS    14     9    22     0     0
    GDAS    14     9    29     0     0
     1 BACKWARD OMEGA   
    14     9    11     3   56.467   -2.973   100.0
     4 PRESSURE AIR_TEMP RAINFALL RELHUMID
     1     1    14     9    11     3     0     3     0.0   56.467   -2.973    100.0    979.0    284.1      0.0     90.2
     1     1    14     9    11     2     0     2    -1.0   56.369   -2.957    123.1    980.4    284.4      0.0     88.8
     1     1    14     9    11     1     0     1    -2.0   56.259   -2.926    149.8    981.8    284.8      0.0     87.0
     1     1    14     9    11     0     0     0    -3.0   56.134   -2.876    181.4    982.6    285.3      0.0     84.8
     1     1    14     9    10    23     0     1    -4.0   56.002   -2.788    215.9    983.2    285.8      0.0     82.1
     1     1    14     9    10    22     0     2    -5.0   55.868   -2.651    247.5    980.2    285.9      0.0     79.9
     1     1    14     9    10    21     0     3    -6.0   55.737   -2.479    273.7    977.0    285.7      0.0     78.6
     1     1    14     9    10    20     0     2    -7.0   55.614   -2.298    290.5    973.6    285.7      0.0     78.4
     1     1    14     9    10    19     0     1    -8.0   55.502   -2.125    295.5    971.1    285.5      0.0     78.9
     1     1    14     9    10    18     0     0    -9.0   55.403   -1.952    288.6    970.6    285.4      0.0     79.5
     1     1    14     9    10    17     0     1   -10.0   55.316   -1.764    273.1    974.8    285.6      0.0     77.5
     1     1    14     9    10    16     0     2   -11.0   55.241   -1.560    256.7    980.3    285.8      0.0     75.4
     1     1    14     9    10    15     0     3   -12.0   55.177   -1.342    247.9    985.9    285.9      0.0     73.6
     1     1    14     9    10    14     0     2   -13.0   55.121   -1.125    254.2    990.5    285.7      0.0     74.2
     1     1    14     9    10    13     0     1   -14.0   55.071   -0.924    273.5    991.0    285.4      0.0     75.3
     1     1    14     9    10    12     0     0   -15.0   55.026   -0.746    295.7    987.6    285.2      0.0     76.9
     1     1    14     9    10    11     0     1   -16.0   54.982   -0.579    314.0    984.8    285.0      0.0     78.1
     1     1    14     9    10    10     0     2   -17.0   54.936   -0.410    326.9    982.7    284.9      0.0     79.0
     1     1    14     9    10     9     0     3   -18.0   54.889   -0.237    334.7    981.3    284.7      0.0     80.0
     1     1    14     9    10     8     0     2   -19.0   54.844   -0.065    338.1    980.5    284.7      0.0     79.4
     1     1    14     9    10     7     0     1   -20.0   54.820    0.079    342.1    981.7    284.1      0.0     78.6
     1     1    14     9    10     6     0     0   -21.0   54.818    0.195    346.8    980.6    284.0      0.0     79.3
     1     1    14     9    10     5     0     1   -22.0   54.823    0.296    350.4    980.3    284.1      0.0     79.0
     1     1    14     9    10     4     0     2   -23.0   54.832    0.381    354.4    979.6    284.2      0.0     78.7
     1     1    14     9    10     3     0     3   -24.0   54.842    0.451    358.0    979.1    284.3      0.0     78.5
     1     1    14     9    10     2     0     2   -25.0   54.854    0.510    361.0    978.8    284.3      0.0     78.7
     1     1    14     9    10     1     0     1   -26.0   54.872    0.568    363.6    978.6    284.2      0.0     79.0
     1     1    14     9    10     0     0     0   -27.0   54.894    0.623    365.1    978.4    284.2      0.0     79.4
     1     1    14     9     9    23     0     1   -28.0   54.926    0.667    366.0    978.4    284.2      0.0     80.3
     1     1    14     9     9    22     0     2   -29.0   54.976    0.693    367.1    978.3    284.2      0.0     81.3
     1     1    14     9     9    21     0     3   -30.0   55.044    0.698    368.4    978.2    284.2      0.0     81.9
     1     1    14     9     9    20     0     2   -31.0   55.121    0.681    370.3    977.8    284.2      0.0     81.6
     1     1    14     9     9    19     0     1   -32.0   55.197    0.645    373.1    977.3    284.2      0.0     81.3
     1     1    14     9     9    18     0     0   -33.0   55.270    0.592    377.7    976.6    284.1      0.0     81.0
     1     1    14     9     9    17     0     1   -34.0   55.337    0.514    388.1    975.6    284.0      0.0     80.8
     1     1    14     9     9    16     0     2   -35.0   55.391    0.402    408.2    973.1    283.8      0.0     80.4
     1     1    14     9     9    15     0     3   -36.0   55.428    0.259    438.3    969.7    283.6      0.0     80.0
     1     1    14     9     9    14     0     2   -37.0   55.453    0.101    473.8    964.8    283.2      0.0     81.1
     1     1    14     9     9    13     0     1   -38.0   55.449   -0.018    510.6    961.0    283.4      0.0     79.4
     1     1    14     9     9    12     0     0   -39.0   55.417   -0.097    553.0    956.7    282.9      0.0     81.6
     1     1    14     9     9    11     0     1   -40.0   55.384   -0.186    597.8    951.1    282.4      0.0     82.4
     1     1    14     9     9    10     0     2   -41.0   55.352   -0.282    638.7    946.7    282.0      0.0     82.6
     1     1    14     9     9     9     0     3   -42.0   55.325   -0.382    675.1    942.2    281.6      0.0     82.9
     1     1    14     9     9     8     0     2   -43.0   55.310   -0.485    702.4    938.3    281.3      0.0     83.9
     1     1    14     9     9     7     0     1   -44.0   55.315   -0.589    715.5    936.5    281.2      0.0     84.6
     1     1    14     9     9     6     0     0   -45.0   55.338   -0.694    714.3    936.3    281.2      0.0     84.9
     1     1    14     9     9     5     0     1   -46.0   55.375   -0.812    707.6    938.1    281.4      0.0     84.1
     1     1    14     9     9     4     0     2   -47.0   55.421   -0.952    704.2    938.4    281.4      0.0     83.7
     1     1    14     9     9     3     0     3   -48.0   55.471   -1.116    702.4    936.7    281.4      0.0     83.9
     1     1    14     9     9     2     0     2   -49.0   55.523   -1.284    701.0    934.7    281.4      0.0     84.1
     1     1    14     9     9     1     0     1   -50.0   55.578   -1.440    699.2    933.2    281.3      0.0     84.5
     1     1    14     9     9     0     0     0   -51.0   55.634   -1.581    694.9    932.6    281.3      0.0     84.7
     1     1    14     9     8    23     0     1   -52.0   55.688   -1.712    692.3    932.7    281.4      0.0     83.9
     1     1    14     9     8    22     0     2   -53.0   55.735   -1.841    697.8    931.6    281.5      0.0     83.1
     1     1    14     9     8    21     0     3   -54.0   55.777   -1.970    713.5    929.6    281.5      0.0     82.4
     1     1    14     9     8    20     0     2   -55.0   55.822   -2.096    734.5    926.4    281.3      0.0     83.1
     1     1    14     9     8    19     0     1   -56.0   55.875   -2.219    755.0    924.1    281.0      0.0     83.6
     1     1    14     9     8    18     0     0   -57.0   55.939   -2.342    776.6    921.6    280.8      0.0     84.1
     1     1    14     9     8    17     0     1   -58.0   56.016   -2.478    799.3    918.1    280.5      0.0     85.8
     1     1    14     9     8    16     0     2   -59.0   56.107   -2.641    818.1    912.0    280.2      0.0     88.1
     1     1    14     9     8    15     0     3   -60.0   56.210   -2.829    831.9    905.2    279.8      0.0     90.1
     1     1    14     9     8    14     0     2   -61.0   56.313   -3.027    850.0    897.6    279.0      0.0     91.4
     1     1    14     9     8    13     0     1   -62.0   56.411   -3.225    878.7    889.7    278.3      0.0     92.2
     1     1    14     9     8    12     0     0   -63.0   56.512   -3.427    911.0    880.1    277.7      0.0     90.7
     1     1    14     9     8    11     0     1   -64.0   56.626   -3.616    955.0    869.9    277.3      0.0     87.2
     1     1    14     9     8    10     0     2   -65.0   56.767   -3.787   1029.0    854.1    277.0      0.0     81.4
     1     1    14     9     8     9     0     3   -66.0   56.941   -3.956   1137.1    832.8    276.9      0.0     72.4
     1     1    14     9     8     8     0     2   -67.0   57.145   -4.133   1254.3    821.7    277.1      0.0     66.2
     1     1    14     9     8     7     0     1   -68.0   57.369   -4.321   1345.2    822.6    277.0      0.0     67.7
     1     1    14     9     8     6     0     0   -69.0   57.612   -4.522   1408.1    824.1    276.6      0.0     70.7
     1     1    14     9     8     5     0     1   -70.0   57.880   -4.749   1464.5    825.2    276.3      0.0     72.3
     1     1    14     9     8     4     0     2   -71.0   58.165   -4.994   1536.6    821.2    276.2      0.0     69.4
     1     1    14     9     8     3     0     3   -72.0   58.452   -5.234   1616.2    823.7    276.3      0.0     68.1
