     7     1
    GDAS    14     8    22     0     0
    GDAS    14     8    29     0     0
    GDAS    14     9     1     0     0
    GDAS    14     9     8     0     0
    GDAS    14     9    15     0     0
    GDAS    14     9    22     0     0
    GDAS    14     9    29     0     0
     1 BACKWARD OMEGA   
    14     9    21     3   56.467   -2.973   100.0
     4 PRESSURE AIR_TEMP RAINFALL RELHUMID
     1     1    14     9    21     3     0     3     0.0   56.467   -2.973    100.0    981.1    281.6      0.0     88.2
     1     1    14     9    21     2     0     2    -1.0   56.605   -3.118    121.3    973.1    281.2      0.0     90.0
     1     1    14     9    21     1     0     1    -2.0   56.761   -3.274    168.9    960.1    280.8      0.0     91.6
     1     1    14     9    21     0     0     0    -3.0   56.947   -3.465    248.9    940.7    279.9      0.0     93.6
     1     1    14     9    20    23     0     1    -4.0   57.164   -3.685    340.5    929.8    279.4      0.0     93.9
     1     1    14     9    20    22     0     2    -5.0   57.393   -3.917    416.4    929.0    279.6      0.0     94.0
     1     1    14     9    20    21     0     3    -6.0   57.622   -4.172    482.8    930.9    280.0      0.0     93.9
     1     1    14     9    20    20     0     2    -7.0   57.851   -4.448    537.1    930.2    280.0      0.0     95.4
     1     1    14     9    20    19     0     1    -8.0   58.080   -4.726    560.0    928.4    279.8      0.2     97.3
     1     1    14     9    20    18     0     0    -9.0   58.310   -4.980    544.5    933.2    279.9      0.2     97.8
     1     1    14     9    20    17     0     1   -10.0   58.542   -5.236    515.1    949.4    281.1      0.0     95.5
     1     1    14     9    20    16     0     2   -11.0   58.780   -5.535    493.8    960.3    282.0      0.0     93.3
     1     1    14     9    20    15     0     3   -12.0   59.031   -5.893    490.3    963.3    282.4      0.0     92.4
     1     1    14     9    20    14     0     2   -13.0   59.291   -6.280    499.5    961.1    282.0      0.0     92.7
     1     1    14     9    20    13     0     1   -14.0   59.553   -6.671    511.0    959.4    281.8      0.0     92.9
     1     1    14     9    20    12     0     0   -15.0   59.820   -7.069    518.4    957.8    281.8      0.0     93.4
     1     1    14     9    20    11     0     1   -16.0   60.091   -7.478    524.0    957.4    281.8      0.0     93.0
     1     1    14     9    20    10     0     2   -17.0   60.361   -7.910    535.0    955.7    281.5      0.0     93.3
     1     1    14     9    20     9     0     3   -18.0   60.619   -8.366    544.5    953.3    281.3      0.0     93.6
     1     1    14     9    20     8     0     2   -19.0   60.867   -8.825    546.0    952.5    281.3      0.0     94.2
     1     1    14     9    20     7     0     1   -20.0   61.112   -9.269    541.2    952.4    281.2      0.0     95.2
     1     1    14     9    20     6     0     0   -21.0   61.355   -9.700    535.0    952.7    281.1      0.0     96.2
     1     1    14     9    20     5     0     1   -22.0   61.607  -10.121    534.1    952.7    281.0      0.8     96.4
     1     1    14     9    20     4     0     2   -23.0   61.874  -10.518    537.5    951.4    281.0      0.3     97.2
     1     1    14     9    20     3     0     3   -24.0   62.148  -10.894    541.4    950.5    280.9      0.3     97.6
     1     1    14     9    20     2     0     2   -25.0   62.417  -11.268    546.0    949.6    280.8      0.3     97.2
     1     1    14     9    20     1     0     1   -26.0   62.668  -11.622    550.5    948.5    280.7      1.3     97.9
     1     1    14     9    20     0     0     0   -27.0   62.901  -11.922    551.8    947.6    280.7      1.3     99.6
     1     1    14     9    19    23     0     1   -28.0   63.120  -12.185    543.5    947.6    280.8      1.1     98.9
     1     1    14     9    19    22     0     2   -29.0   63.327  -12.444    528.5    949.8    280.9      1.1     98.0
     1     1    14     9    19    21     0     3   -30.0   63.514  -12.710    517.5    951.2    281.0      0.2     97.9
     1     1    14     9    19    20     0     2   -31.0   63.675  -12.949    515.0    951.4    281.0      0.0     98.1
     1     1    14     9    19    19     0     1   -32.0   63.811  -13.135    517.1    950.3    281.0      0.0     98.1
     1     1    14     9    19    18     0     0   -33.0   63.929  -13.267    518.7    949.7    281.0      0.0     98.2
     1     1    14     9    19    17     0     1   -34.0   64.026  -13.357    518.7    949.2    281.0      0.0     97.4
     1     1    14     9    19    16     0     2   -35.0   64.099  -13.421    516.1    948.2    281.0      0.0     96.8
     1     1    14     9    19    15     0     3   -36.0   64.155  -13.469    510.3    947.7    281.0      0.0     96.3
     1     1    14     9    19    14     0     2   -37.0   64.192  -13.505    507.1    948.1    281.1      0.0     96.1
     1     1    14     9    19    13     0     1   -38.0   64.211  -13.531    511.9    947.1    281.1      0.0     95.8
     1     1    14     9    19    12     0     0   -39.0   64.211  -13.550    524.7    945.6    281.0      0.0     95.4
     1     1    14     9    19    11     0     1   -40.0   64.205  -13.569    539.8    943.2    280.8      0.0     95.2
     1     1    14     9    19    10     0     2   -41.0   64.208  -13.596    549.6    941.7    280.5      0.0     95.0
     1     1    14     9    19     9     0     3   -42.0   64.221  -13.631    553.5    940.8    280.3      0.0     94.8
     1     1    14     9    19     8     0     2   -43.0   64.243  -13.664    556.8    940.1    280.3      0.0     94.9
     1     1    14     9    19     7     0     1   -44.0   64.273  -13.689    564.5    938.3    280.2      0.0     94.9
     1     1    14     9    19     6     0     0   -45.0   64.312  -13.707    577.5    935.8    280.2      0.0     94.9
     1     1    14     9    19     5     0     1   -46.0   64.357  -13.710    590.2    932.7    280.2      0.0     95.7
     1     1    14     9    19     4     0     2   -47.0   64.406  -13.689    596.8    931.3    280.2      0.0     96.5
     1     1    14     9    19     3     0     3   -48.0   64.461  -13.641    598.0    930.8    280.3      0.0     97.3
     1     1    14     9    19     2     0     2   -49.0   64.523  -13.563    595.8    931.9    280.2      2.4     97.9
     1     1    14     9    19     1     0     1   -50.0   64.592  -13.447    592.1    934.1    280.3      1.8     98.5
     1     1    14     9    19     0     0     0   -51.0   64.670  -13.291    588.2    938.0    280.4      1.8     98.9
     1     1    14     9    18    23     0     1   -52.0   64.744  -13.114    579.6    943.2    280.9      1.0     98.6
     1     1    14     9    18    22     0     2   -53.0   64.799  -12.939    558.0    948.8    281.3      1.0     98.5
     1     1    14     9    18    21     0     3   -54.0   64.827  -12.770    523.4    952.7    281.7      1.0     98.7
     1     1    14     9    18    20     0     2   -55.0   64.846  -12.598    484.5    957.6    282.0      0.0     98.7
     1     1    14     9    18    19     0     1   -56.0   64.884  -12.402    447.5    961.9    282.3      0.0     98.8
     1     1    14     9    18    18     0     0   -57.0   64.943  -12.184    416.1    965.3    282.5      0.0     98.7
     1     1    14     9    18    17     0     1   -58.0   64.996  -11.938    397.6    967.2    282.7      0.0     98.7
     1     1    14     9    18    16     0     2   -59.0   65.008  -11.677    389.4    967.3    282.8      0.0     97.8
     1     1    14     9    18    15     0     3   -60.0   64.979  -11.422    383.3    967.8    282.9      0.0     96.8
     1     1    14     9    18    14     0     2   -61.0   64.925  -11.149    374.7    969.1    283.0      0.3     96.4
     1     1    14     9    18    13     0     1   -62.0   64.861  -10.841    363.9    971.2    283.1      0.3     96.8
     1     1    14     9    18    12     0     0   -63.0   64.786  -10.525    356.7    973.0    283.1      0.3     97.8
     1     1    14     9    18    11     0     1   -64.0   64.704  -10.244    352.1    973.1    283.3      0.5     97.8
     1     1    14     9    18    10     0     2   -65.0   64.617  -10.010    343.6    973.9    283.5      0.5     97.5
     1     1    14     9    18     9     0     3   -66.0   64.518   -9.816    330.0    975.6    283.6      0.5     97.0
     1     1    14     9    18     8     0     2   -67.0   64.410   -9.632    314.9    978.1    283.7      0.2     97.2
     1     1    14     9    18     7     0     1   -68.0   64.295   -9.447    301.5    979.9    283.9      0.0     97.1
     1     1    14     9    18     6     0     0   -69.0   64.166   -9.284    289.3    981.5    284.2      0.0     96.5
     1     1    14     9    18     5     0     1   -70.0   64.028   -9.145    279.0    982.9    284.3      0.2     96.2
     1     1    14     9    18     4     0     2   -71.0   63.896   -8.984    269.5    984.0    284.2      0.2     96.4
     1     1    14     9    18     3     0     3   -72.0   63.774   -8.788    260.9    985.2    284.2      0.2     96.7
