     7     1
    GDAS    14     8    22     0     0
    GDAS    14     8    29     0     0
    GDAS    14     9     1     0     0
    GDAS    14     9     8     0     0
    GDAS    14     9    15     0     0
    GDAS    14     9    22     0     0
    GDAS    14     9    29     0     0
     1 BACKWARD OMEGA   
    14     9    17     6   56.467   -2.973   100.0
     4 PRESSURE AIR_TEMP RAINFALL RELHUMID
     1     1    14     9    17     6     0     0     0.0   56.467   -2.973    100.0    974.5    282.4      0.0     86.4
     1     1    14     9    17     5     0     1    -1.0   56.499   -2.901    105.6    975.2    282.7      0.0     87.7
     1     1    14     9    17     4     0     2    -2.0   56.533   -2.860    116.7    974.6    283.0      0.0     88.9
     1     1    14     9    17     3     0     3    -3.0   56.565   -2.847    136.4    972.4    283.3      0.0     90.0
     1     1    14     9    17     2     0     2    -4.0   56.587   -2.846    164.5    968.2    283.4      0.0     90.5
     1     1    14     9    17     1     0     1    -5.0   56.598   -2.837    196.1    964.5    283.5      0.0     91.0
     1     1    14     9    17     0     0     0    -6.0   56.599   -2.821    230.9    961.3    283.5      0.0     91.6
     1     1    14     9    16    23     0     1    -7.0   56.586   -2.787    264.7    958.8    283.8      0.0     92.1
     1     1    14     9    16    22     0     2    -8.0   56.559   -2.722    292.9    958.1    284.0      0.0     92.5
     1     1    14     9    16    21     0     3    -9.0   56.518   -2.632    318.2    959.0    284.2      0.0     92.8
     1     1    14     9    16    20     0     2   -10.0   56.470   -2.535    343.3    959.6    284.4      0.0     92.4
     1     1    14     9    16    19     0     1   -11.0   56.419   -2.448    368.3    959.6    284.5      0.0     92.2
     1     1    14     9    16    18     0     0   -12.0   56.364   -2.374    390.9    959.4    284.6      0.0     92.2
     1     1    14     9    16    17     0     1   -13.0   56.301   -2.295    411.7    959.7    284.6      0.0     92.9
     1     1    14     9    16    16     0     2   -14.0   56.226   -2.196    434.0    960.0    284.6      0.0     93.6
     1     1    14     9    16    15     0     3   -15.0   56.136   -2.076    463.4    958.9    284.4      0.0     94.2
     1     1    14     9    16    14     0     2   -16.0   56.037   -1.953    495.1    955.4    284.2      0.0     95.3
     1     1    14     9    16    13     0     1   -17.0   55.934   -1.839    517.9    951.6    284.1      0.0     95.9
     1     1    14     9    16    12     0     0   -18.0   55.829   -1.733    529.7    949.4    284.1      0.0     96.1
     1     1    14     9    16    11     0     1   -19.0   55.729   -1.621    538.7    948.7    284.0      0.0     96.0
     1     1    14     9    16    10     0     2   -20.0   55.641   -1.493    552.3    947.5    283.9      0.0     95.9
     1     1    14     9    16     9     0     3   -21.0   55.564   -1.352    570.6    946.5    283.8      0.0     95.9
     1     1    14     9    16     8     0     2   -22.0   55.495   -1.207    587.6    945.5    283.9      0.0     95.7
     1     1    14     9    16     7     0     1   -23.0   55.428   -1.065    595.8    946.5    284.0      0.0     95.6
     1     1    14     9    16     6     0     0   -24.0   55.359   -0.922    593.9    947.6    284.2      0.0     95.3
     1     1    14     9    16     5     0     1   -25.0   55.286   -0.791    590.6    948.8    284.5      0.0     92.6
     1     1    14     9    16     4     0     2   -26.0   55.205   -0.681    596.5    948.2    284.7      0.0     89.6
     1     1    14     9    16     3     0     3   -27.0   55.117   -0.589    613.2    946.4    284.9      0.0     86.5
     1     1    14     9    16     2     0     2   -28.0   55.024   -0.493    639.0    943.5    284.7      0.0     87.2
     1     1    14     9    16     1     0     1   -29.0   54.929   -0.373    668.9    939.4    284.4      0.0     88.4
     1     1    14     9    16     0     0     0   -30.0   54.829   -0.235    701.5    935.0    284.1      0.0     89.7
     1     1    14     9    15    23     0     1   -31.0   54.729   -0.092    733.6    930.2    283.9      0.0     90.5
     1     1    14     9    15    22     0     2   -32.0   54.609    0.064    738.9    929.1    284.4      0.0     81.3
     1     1    14     9    15    21     0     3   -33.0   54.464    0.248    713.8    934.5    284.8      0.0     78.6
     1     1    14     9    15    20     0     2   -34.0   54.323    0.447    694.0    938.0    285.1      0.0     78.4
     1     1    14     9    15    19     0     1   -35.0   54.199    0.651    688.5    938.1    285.1      0.0     77.6
     1     1    14     9    15    18     0     0   -36.0   54.089    0.858    690.2    937.3    285.0      0.0     75.8
     1     1    14     9    15    17     0     1   -37.0   53.984    1.063    694.9    936.8    285.1      0.0     73.9
     1     1    14     9    15    16     0     2   -38.0   53.881    1.257    702.0    935.9    285.3      0.0     74.6
     1     1    14     9    15    15     0     3   -39.0   53.773    1.437    710.1    934.8    285.4      0.0     75.2
     1     1    14     9    15    14     0     2   -40.0   53.664    1.609    716.2    934.1    285.3      0.0     76.6
     1     1    14     9    15    13     0     1   -41.0   53.561    1.775    719.7    934.3    285.2      0.0     77.2
     1     1    14     9    15    12     0     0   -42.0   53.462    1.934    725.0    934.2    285.1      0.0     77.2
     1     1    14     9    15    11     0     1   -43.0   53.359    2.096    734.0    933.1    285.1      0.0     77.0
     1     1    14     9    15    10     0     2   -44.0   53.250    2.269    748.2    931.5    285.0      0.0     77.3
     1     1    14     9    15     9     0     3   -45.0   53.132    2.447    770.6    929.1    284.8      0.0     77.6
     1     1    14     9    15     8     0     2   -46.0   53.014    2.624    799.2    925.6    284.4      0.0     79.5
     1     1    14     9    15     7     0     1   -47.0   52.903    2.797    826.8    922.4    284.2      0.0     80.2
     1     1    14     9    15     6     0     0   -48.0   52.797    2.969    852.6    920.0    284.0      0.0     80.3
     1     1    14     9    15     5     0     1   -49.0   52.698    3.137    867.3    917.1    283.9      0.0     80.7
     1     1    14     9    15     4     0     2   -50.0   52.610    3.300    862.4    917.7    283.9      0.0     80.7
     1     1    14     9    15     3     0     3   -51.0   52.523    3.455    844.3    919.8    284.1      0.0     80.2
     1     1    14     9    15     2     0     2   -52.0   52.447    3.613    825.8    923.1    284.3      0.0     80.8
     1     1    14     9    15     1     0     1   -53.0   52.391    3.785    814.3    924.6    284.5      0.0     81.4
     1     1    14     9    15     0     0     0   -54.0   52.350    3.968    806.7    925.6    284.6      0.0     82.0
     1     1    14     9    14    23     0     1   -55.0   52.319    4.144    807.2    926.4    284.8      0.0     81.0
     1     1    14     9    14    22     0     2   -56.0   52.294    4.294    821.9    925.1    284.8      0.0     80.3
     1     1    14     9    14    21     0     3   -57.0   52.274    4.412    852.2    922.2    284.6      0.0     79.7
     1     1    14     9    14    20     0     2   -58.0   52.262    4.520    888.6    917.3    284.3      0.0     81.3
     1     1    14     9    14    19     0     1   -59.0   52.260    4.644    918.1    913.7    284.0      0.0     82.9
     1     1    14     9    14    18     0     0   -60.0   52.266    4.783    936.9    911.4    283.8      0.0     84.7
     1     1    14     9    14    17     0     1   -61.0   52.291    4.931    938.9    910.9    283.7      0.0     85.2
     1     1    14     9    14    16     0     2   -62.0   52.348    5.081    923.6    913.0    283.9      0.0     86.3
     1     1    14     9    14    15     0     3   -63.0   52.443    5.231    900.7    916.2    284.0      0.0     88.0
     1     1    14     9    14    14     0     2   -64.0   52.558    5.382    886.0    919.4    283.9      0.0     89.8
     1     1    14     9    14    13     0     1   -65.0   52.674    5.538    881.6    919.9    283.7      0.0     91.4
     1     1    14     9    14    12     0     0   -66.0   52.796    5.701    877.8    920.6    283.5      0.0     92.9
     1     1    14     9    14    11     0     1   -67.0   52.934    5.883    867.3    921.9    283.4      0.0     92.5
     1     1    14     9    14    10     0     2   -68.0   53.096    6.094    849.6    924.4    283.3      0.0     92.3
     1     1    14     9    14     9     0     3   -69.0   53.274    6.338    838.3    926.7    283.1      0.0     93.1
     1     1    14     9    14     8     0     2   -70.0   53.459    6.605    833.7    926.4    283.0      0.0     93.3
     1     1    14     9    14     7     0     1   -71.0   53.655    6.884    823.7    927.3    283.0      0.0     93.8
     1     1    14     9    14     6     0     0   -72.0   53.871    7.168    807.9    929.5    283.0      0.0     94.4
