     7     1
    GDAS    14     8    22     0     0
    GDAS    14     8    29     0     0
    GDAS    14     9     1     0     0
    GDAS    14     9     8     0     0
    GDAS    14     9    15     0     0
    GDAS    14     9    22     0     0
    GDAS    14     9    29     0     0
     1 BACKWARD OMEGA   
    14     9     8    20   56.467   -2.973   100.0
     4 PRESSURE AIR_TEMP RAINFALL RELHUMID
     1     1    14     9     8    20     0     2     0.0   56.467   -2.973    100.0    977.5    284.5      0.0     76.9
     1     1    14     9     8    19     0     1    -1.0   56.484   -3.047    112.8    974.4    284.6      0.0     76.8
     1     1    14     9     8    18     0     0    -2.0   56.512   -3.123    129.1    971.0    284.7      0.0     76.8
     1     1    14     9     8    17     0     1    -3.0   56.560   -3.212    147.0    966.2    284.6      0.0     75.9
     1     1    14     9     8    16     0     2    -4.0   56.636   -3.323    166.5    959.6    284.3      0.0     75.4
     1     1    14     9     8    15     0     3    -5.0   56.742   -3.457    191.7    950.9    283.7      0.0     75.2
     1     1    14     9     8    14     0     2    -6.0   56.863   -3.616    221.5    939.7    282.4      0.0     78.4
     1     1    14     9     8    13     0     1    -7.0   56.982   -3.798    243.2    928.4    281.2      0.0     81.7
     1     1    14     9     8    12     0     0    -8.0   57.091   -4.004    249.2    928.0    280.8      0.0     83.1
     1     1    14     9     8    11     0     1    -9.0   57.191   -4.211    254.0    936.1    280.9      0.0     85.9
     1     1    14     9     8    10     0     2   -10.0   57.291   -4.405    270.3    939.3    280.6      0.0     89.5
     1     1    14     9     8     9     0     3   -11.0   57.391   -4.588    289.1    940.5    280.3      0.0     92.6
     1     1    14     9     8     8     0     2   -12.0   57.500   -4.761    295.4    941.6    280.2      0.0     94.4
     1     1    14     9     8     7     0     1   -13.0   57.620   -4.927    272.5    945.7    280.4      0.0     95.9
     1     1    14     9     8     6     0     0   -14.0   57.748   -5.085    220.1    957.0    281.1      0.0     96.3
     1     1    14     9     8     5     0     1   -15.0   57.883   -5.248    153.7    973.8    282.3      0.0     94.4
     1     1    14     9     8     4     0     2   -16.0   58.027   -5.424     93.8    990.1    283.7      0.0     92.0
     1     1    14     9     8     3     0     3   -17.0   58.188   -5.611     55.5   1003.8    285.0      0.0     89.2
     1     1    14     9     8     2     0     2   -18.0   58.373   -5.812     36.6   1012.1    285.7      0.0     87.2
     1     1    14     9     8     1     0     1   -19.0   58.579   -6.031     28.8   1016.7    286.1      0.0     86.4
     1     1    14     9     8     0     0     0   -20.0   58.798   -6.271     26.3   1016.2    286.1      0.0     86.5
     1     1    14     9     7    23     0     1   -21.0   59.021   -6.527     26.6   1016.0    286.0      0.0     86.4
     1     1    14     9     7    22     0     2   -22.0   59.243   -6.779     28.0   1015.3    285.9      0.0     87.3
     1     1    14     9     7    21     0     3   -23.0   59.461   -7.016     29.5   1014.7    285.7      0.0     88.8
     1     1    14     9     7    20     0     2   -24.0   59.676   -7.251     31.0   1014.2    285.6      0.0     88.7
     1     1    14     9     7    19     0     1   -25.0   59.892   -7.503     32.4   1013.8    285.5      0.0     88.6
     1     1    14     9     7    18     0     0   -26.0   60.106   -7.786     34.0   1013.4    285.5      0.0     89.0
     1     1    14     9     7    17     0     1   -27.0   60.306   -8.101     36.0   1013.8    285.5      0.0     89.6
     1     1    14     9     7    16     0     2   -28.0   60.482   -8.440     38.4   1014.1    285.4      0.0     90.1
     1     1    14     9     7    15     0     3   -29.0   60.641   -8.795     41.4   1014.5    285.3      0.0     90.9
     1     1    14     9     7    14     0     2   -30.0   60.780   -9.156     44.3   1013.8    285.1      0.0     91.7
     1     1    14     9     7    13     0     1   -31.0   60.898   -9.510     45.6   1013.4    285.0      0.0     92.4
     1     1    14     9     7    12     0     0   -32.0   60.998   -9.863     45.9   1013.2    285.0      0.0     93.3
     1     1    14     9     7    11     0     1   -33.0   61.087  -10.216     46.3   1013.1    285.1      0.0     90.7
     1     1    14     9     7    10     0     2   -34.0   61.169  -10.570     47.5   1012.9    285.1      0.0     88.2
     1     1    14     9     7     9     0     3   -35.0   61.243  -10.930     49.6   1012.6    285.1      0.0     86.2
     1     1    14     9     7     8     0     2   -36.0   61.308  -11.297     51.9   1012.9    285.1      0.0     86.6
     1     1    14     9     7     7     0     1   -37.0   61.363  -11.675     53.6   1013.3    285.1      0.0     86.4
     1     1    14     9     7     6     0     0   -38.0   61.409  -12.069     54.2   1013.8    285.1      0.0     85.5
     1     1    14     9     7     5     0     1   -39.0   61.442  -12.482     54.1   1013.8    285.1      0.0     85.5
     1     1    14     9     7     4     0     2   -40.0   61.458  -12.918     53.8   1013.9    285.2      0.0     84.5
     1     1    14     9     7     3     0     3   -41.0   61.455  -13.370     53.8   1014.0    285.2      0.0     83.6
     1     1    14     9     7     2     0     2   -42.0   61.437  -13.820     53.8   1013.9    285.2      0.0     83.8
     1     1    14     9     7     1     0     1   -43.0   61.406  -14.258     53.8   1013.8    285.3      0.0     83.6
     1     1    14     9     7     0     0     0   -44.0   61.362  -14.688     53.8   1013.9    285.3      0.0     82.7
     1     1    14     9     6    23     0     1   -45.0   61.314  -15.108     53.8   1014.1    285.3      0.0     82.4
     1     1    14     9     6    22     0     2   -46.0   61.272  -15.508     53.8   1014.3    285.4      0.0     82.8
     1     1    14     9     6    21     0     3   -47.0   61.233  -15.880     53.8   1014.5    285.4      0.0     82.2
     1     1    14     9     6    20     0     2   -48.0   61.195  -16.237     53.8   1014.3    285.4      0.0     82.2
     1     1    14     9     6    19     0     1   -49.0   61.153  -16.594     53.8   1014.1    285.4      0.0     82.1
     1     1    14     9     6    18     0     0   -50.0   61.110  -16.946     53.8   1014.0    285.3      0.0     81.4
     1     1    14     9     6    17     0     1   -51.0   61.065  -17.298     54.5   1013.5    285.3      0.0     81.6
     1     1    14     9     6    16     0     2   -52.0   61.017  -17.660     56.7   1012.7    285.3      0.0     81.7
     1     1    14     9     6    15     0     3   -53.0   60.964  -18.041     60.9   1011.6    285.2      0.0     82.1
     1     1    14     9     6    14     0     2   -54.0   60.898  -18.424     65.5   1011.0    285.1      0.0     83.9
     1     1    14     9     6    13     0     1   -55.0   60.816  -18.785     68.5   1010.9    285.0      0.0     84.9
     1     1    14     9     6    12     0     0   -56.0   60.720  -19.124     69.5   1011.0    284.9      0.0     85.7
     1     1    14     9     6    11     0     1   -57.0   60.615  -19.442     69.5   1011.5    285.0      0.0     86.5
     1     1    14     9     6    10     0     2   -58.0   60.503  -19.746     69.5   1011.7    285.1      0.0     86.9
     1     1    14     9     6     9     0     3   -59.0   60.383  -20.039     69.5   1011.7    285.2      0.0     86.7
     1     1    14     9     6     8     0     2   -60.0   60.263  -20.328     69.5   1011.5    285.2      0.0     86.0
     1     1    14     9     6     7     0     1   -61.0   60.148  -20.624     69.5   1011.5    285.1      0.0     85.3
     1     1    14     9     6     6     0     0   -62.0   60.044  -20.924     69.5   1011.7    285.1      0.0     84.3
     1     1    14     9     6     5     0     1   -63.0   59.932  -21.231     69.5   1011.8    285.1      0.0     84.6
     1     1    14     9     6     4     0     2   -64.0   59.793  -21.544     69.5   1011.5    285.1      0.0     85.1
     1     1    14     9     6     3     0     3   -65.0   59.627  -21.854     69.5   1011.2    285.1      0.0     84.8
     1     1    14     9     6     2     0     2   -66.0   59.452  -22.143     70.0   1012.0    285.1      0.0     85.1
     1     1    14     9     6     1     0     1   -67.0   59.284  -22.404     71.0   1012.4    285.1      0.0     85.0
     1     1    14     9     6     0     0     0   -68.0   59.124  -22.639     71.7   1012.8    285.1      0.0     84.3
     1     1    14     9     5    23     0     1   -69.0   58.972  -22.863     71.9   1013.2    285.2      0.0     84.4
     1     1    14     9     5    22     0     2   -70.0   58.833  -23.087     71.9   1013.4    285.3      0.0     85.3
     1     1    14     9     5    21     0     3   -71.0   58.704  -23.317     71.9   1013.6    285.5      0.0     86.1
     1     1    14     9     5    20     0     2   -72.0   58.578  -23.556     72.1   1013.5    285.5      0.0     86.1
