     7     1
    GDAS    14     8    22     0     0
    GDAS    14     8    29     0     0
    GDAS    14     9     1     0     0
    GDAS    14     9     8     0     0
    GDAS    14     9    15     0     0
    GDAS    14     9    22     0     0
    GDAS    14     9    29     0     0
     1 BACKWARD OMEGA   
    14     9     5     1   56.467   -2.973   100.0
     4 PRESSURE AIR_TEMP RAINFALL RELHUMID
     1     1    14     9     5     1     0     1     0.0   56.467   -2.973    100.0    975.1    286.9      0.0     90.7
     1     1    14     9     5     0     0     0    -1.0   56.428   -3.073    116.6    973.7    287.3      0.0     89.9
     1     1    14     9     4    23     0     1    -2.0   56.378   -3.160    132.2    973.6    287.7      0.0     88.1
     1     1    14     9     4    22     0     2    -3.0   56.317   -3.234    146.8    974.0    288.2      0.0     85.9
     1     1    14     9     4    21     0     3    -4.0   56.245   -3.296    161.8    974.7    288.7      0.0     83.5
     1     1    14     9     4    20     0     2    -5.0   56.170   -3.356    176.8    975.5    289.1      0.0     81.8
     1     1    14     9     4    19     0     1    -6.0   56.097   -3.422    190.2    976.7    289.6      0.0     80.2
     1     1    14     9     4    18     0     0    -7.0   56.027   -3.499    202.4    978.3    290.0      0.0     78.7
     1     1    14     9     4    17     0     1    -8.0   55.954   -3.580    213.7    978.2    289.9      0.1     78.5
     1     1    14     9     4    16     0     2    -9.0   55.872   -3.654    222.3    977.0    289.7      0.1     78.4
     1     1    14     9     4    15     0     3   -10.0   55.780   -3.720    224.6    976.6    289.6      0.2     78.0
     1     1    14     9     4    14     0     2   -11.0   55.682   -3.772    217.8    977.6    289.5      0.0     79.4
     1     1    14     9     4    13     0     1   -12.0   55.584   -3.804    201.7    979.9    289.4      0.0     80.9
     1     1    14     9     4    12     0     0   -13.0   55.486   -3.813    177.0    983.2    289.3      0.0     82.3
     1     1    14     9     4    11     0     1   -14.0   55.385   -3.804    145.5    987.4    289.2      0.0     84.4
     1     1    14     9     4    10     0     2   -15.0   55.278   -3.778    107.8    991.5    289.0      0.0     86.7
     1     1    14     9     4     9     0     3   -16.0   55.165   -3.732     64.2    996.9    288.9      0.0     89.2
     1     1    14     9     4     8     0     2   -17.0   55.065   -3.674     31.0   1002.3    288.7      0.0     90.1
     1     1    14     9     4     7     0     1   -18.0   54.985   -3.608     11.1   1004.0    287.7      0.0     91.4
     1     1    14     9     4     6     0     0   -19.0   54.921   -3.535      2.3   1004.9    286.5      0.0     92.2
     1     1    14     9     4     5     0     1   -20.0   54.862   -3.448      0.0   1005.9    286.7      0.0     90.3
     1     1    14     9     4     4     0     2   -21.0   54.805   -3.348      0.0   1006.8    286.9      0.0     88.5
     1     1    14     9     4     3     0     3   -22.0   54.752   -3.233      0.3   1007.6    287.2      0.0     87.1
     1     1    14     9     4     2     0     2   -23.0   54.704   -3.110      2.5   1008.3    287.1      0.0     85.5
     1     1    14     9     4     1     0     1   -24.0   54.660   -2.985      5.9   1008.6    287.1      0.0     84.3
     1     1    14     9     4     0     0     0   -25.0   54.620   -2.859      9.1   1007.2    287.0      0.0     83.9
     1     1    14     9     3    23     0     1   -26.0   54.578   -2.734     11.6   1006.0    287.0      0.0     83.2
     1     1    14     9     3    22     0     2   -27.0   54.532   -2.604     13.4   1004.1    287.1      0.0     82.6
     1     1    14     9     3    21     0     3   -28.0   54.483   -2.470     13.7   1001.8    287.2      0.0     82.4
     1     1    14     9     3    20     0     2   -29.0   54.433   -2.340     12.1    999.4    287.8      0.0     81.1
     1     1    14     9     3    19     0     1   -30.0   54.383   -2.226      9.6    997.3    288.3      0.0     79.9
     1     1    14     9     3    18     0     0   -31.0   54.332   -2.122      6.8    994.6    288.8      0.0     78.9
     1     1    14     9     3    17     0     1   -32.0   54.280   -2.018      3.3    991.6    289.2      0.0     77.3
     1     1    14     9     3    16     0     2   -33.0   54.227   -1.902      0.0    993.5    289.8      0.0     74.3
     1     1    14     9     3    15     0     3   -34.0   54.174   -1.775      0.0    996.6    290.4      0.0     71.2
     1     1    14     9     3    14     0     2   -35.0   54.121   -1.647      0.0    999.8    290.8      0.0     71.4
     1     1    14     9     3    13     0     1   -36.0   54.069   -1.529      0.0   1002.8    291.1      0.0     72.2
     1     1    14     9     3    12     0     0   -37.0   54.017   -1.420      0.0   1005.5    291.3      0.0     73.9
     1     1    14     9     3    11     0     1   -38.0   53.970   -1.320      0.7   1008.5    290.5      0.0     77.2
     1     1    14     9     3    10     0     2   -39.0   53.934   -1.229      1.7   1011.3    289.6      0.0     80.2
     1     1    14     9     3     9     0     3   -40.0   53.904   -1.146      2.8   1013.8    288.6      0.0     83.1
     1     1    14     9     3     8     0     2   -41.0   53.875   -1.072      3.9   1015.7    287.5      0.0     84.1
     1     1    14     9     3     7     0     1   -42.0   53.841   -1.007      4.8   1017.4    286.4      0.0     85.2
     1     1    14     9     3     6     0     0   -43.0   53.801   -0.951      5.4   1017.6    285.3      0.0     86.6
     1     1    14     9     3     5     0     1   -44.0   53.760   -0.900      5.9   1017.4    284.7      0.0     86.9
     1     1    14     9     3     4     0     2   -45.0   53.720   -0.848      6.3   1017.1    284.2      0.0     87.2
     1     1    14     9     3     3     0     3   -46.0   53.683   -0.795      6.6   1016.7    283.7      0.0     87.5
     1     1    14     9     3     2     0     2   -47.0   53.649   -0.733      7.1   1017.1    284.1      0.0     86.3
     1     1    14     9     3     1     0     1   -48.0   53.619   -0.656      7.7   1017.5    284.4      0.0     85.0
     1     1    14     9     3     0     0     0   -49.0   53.592   -0.562      8.4   1018.0    284.7      0.0     83.6
     1     1    14     9     2    23     0     1   -50.0   53.567   -0.456      9.3   1017.5    285.3      0.0     80.7
     1     1    14     9     2    22     0     2   -51.0   53.542   -0.340     10.0   1017.0    285.8      0.0     77.5
     1     1    14     9     2    21     0     3   -52.0   53.517   -0.215     10.6   1016.2    286.4      0.0     74.1
     1     1    14     9     2    20     0     2   -53.0   53.494   -0.087     11.2   1015.8    287.4      0.0     71.3
     1     1    14     9     2    19     0     1   -54.0   53.477    0.035     11.3   1021.3    287.8      0.0     77.7
     1     1    14     9     2    18     0     0   -55.0   53.467    0.154     10.9   1021.2    288.2      0.0     77.5
     1     1    14     9     2    17     0     1   -56.0   53.467    0.275     10.4   1021.1    288.9      0.0     77.0
     1     1    14     9     2    16     0     2   -57.0   53.478    0.398      9.9   1021.1    289.5      0.0     77.2
     1     1    14     9     2    15     0     3   -58.0   53.501    0.519      9.3   1021.0    289.8      0.0     78.0
     1     1    14     9     2    14     0     2   -59.0   53.532    0.622      9.0   1021.6    289.6      0.0     81.2
     1     1    14     9     2    13     0     1   -60.0   53.565    0.696      9.0   1022.2    289.4      0.0     83.9
     1     1    14     9     2    12     0     0   -61.0   53.601    0.744      9.3   1022.8    289.2      0.0     86.3
     1     1    14     9     2    11     0     1   -62.0   53.646    0.771      9.7   1022.9    288.8      0.0     87.8
     1     1    14     9     2    10     0     2   -63.0   53.707    0.782     10.1   1023.0    288.4      0.0     89.0
     1     1    14     9     2     9     0     3   -64.0   53.786    0.774     10.5   1023.2    288.1      0.0     90.1
     1     1    14     9     2     8     0     2   -65.0   53.869    0.748     11.0   1022.5    287.9      0.0     90.7
     1     1    14     9     2     7     0     1   -66.0   53.949    0.709     11.6   1021.6    287.8      0.0     91.2
     1     1    14     9     2     6     0     0   -67.0   54.027    0.655     12.0   1020.8    287.8      0.0     91.4
     1     1    14     9     2     5     0     1   -68.0   54.111    0.597     12.5   1020.8    287.7      0.0     89.4
     1     1    14     9     2     4     0     2   -69.0   54.209    0.543     13.0   1020.4    287.6      0.0     87.7
     1     1    14     9     2     3     0     3   -70.0   54.318    0.494     13.4   1019.8    287.5      0.0     86.4
     1     1    14     9     2     2     0     2   -71.0   54.431    0.446     14.0   1019.8    287.5      0.0     86.2
     1     1    14     9     2     1     0     1   -72.0   54.546    0.392     14.7   1019.7    287.4      0.0     85.8
