     7     1
    GDAS    14     8    22     0     0
    GDAS    14     8    29     0     0
    GDAS    14     9     1     0     0
    GDAS    14     9     8     0     0
    GDAS    14     9    15     0     0
    GDAS    14     9    22     0     0
    GDAS    14     9    29     0     0
     1 BACKWARD OMEGA   
    14     9    16     6   56.467   -2.973   100.0
     4 PRESSURE AIR_TEMP RAINFALL RELHUMID
     1     1    14     9    16     6     0     0     0.0   56.467   -2.973    100.0    974.8    284.5      0.0     97.8
     1     1    14     9    16     5     0     1    -1.0   56.429   -2.858     82.3    981.5    285.0      0.0     97.8
     1     1    14     9    16     4     0     2    -2.0   56.399   -2.750     69.0    986.9    285.4      0.0     97.8
     1     1    14     9    16     3     0     3    -3.0   56.373   -2.650     59.2    991.4    285.7      0.0     97.9
     1     1    14     9    16     2     0     2    -4.0   56.356   -2.545     48.6    995.3    285.8      0.3     97.9
     1     1    14     9    16     1     0     1    -5.0   56.352   -2.422     35.1   1000.1    286.0      0.3     97.8
     1     1    14     9    16     0     0     0    -6.0   56.363   -2.279     22.5   1005.6    286.2      0.4     97.6
     1     1    14     9    15    23     0     1    -7.0   56.388   -2.125     14.2   1011.7    286.4      0.2     97.4
     1     1    14     9    15    22     0     2    -8.0   56.428   -1.965      9.1   1015.7    286.5      0.2     97.3
     1     1    14     9    15    21     0     3    -9.0   56.480   -1.787      5.6   1016.6    286.5      0.2     97.3
     1     1    14     9    15    20     0     2   -10.0   56.527   -1.552      2.4   1016.8    286.6      0.5     96.7
     1     1    14     9    15    19     0     1   -11.0   56.556   -1.225      0.3   1017.1    286.7      0.0     95.9
     1     1    14     9    15    18     0     0   -12.0   56.577   -0.811      0.0   1017.2    286.7      0.0     95.4
     1     1    14     9    15    17     0     1   -13.0   56.602   -0.352      0.0   1017.8    286.7      0.2     96.2
     1     1    14     9    15    16     0     2   -14.0   56.624    0.139      0.0   1018.4    287.0      0.2     94.2
     1     1    14     9    15    15     0     3   -15.0   56.649    0.684      0.0   1019.1    287.1      0.2     92.8
     1     1    14     9    15    14     0     2   -16.0   56.677    1.269      0.0   1019.5    287.3      0.2     93.2
     1     1    14     9    15    13     0     1   -17.0   56.693    1.859      0.0   1021.0    287.6      0.0     93.2
     1     1    14     9    15    12     0     0   -18.0   56.705    2.453      0.0   1022.3    287.9      0.0     91.9
     1     1    14     9    15    11     0     1   -19.0   56.722    3.075      0.0   1021.8    288.2      0.0     92.0
     1     1    14     9    15    10     0     2   -20.0   56.750    3.746      0.0   1021.2    288.5      0.0     92.6
     1     1    14     9    15     9     0     3   -21.0   56.791    4.471      0.0   1020.6    288.8      0.0     92.0
     1     1    14     9    15     8     0     2   -22.0   56.854    5.221      0.0   1021.7    289.0      0.0     90.1
     1     1    14     9    15     7     0     1   -23.0   56.944    5.951      0.0   1023.3    289.2      0.0     89.3
     1     1    14     9    15     6     0     0   -24.0   57.043    6.645      0.2   1022.9    289.4      0.0     89.9
     1     1    14     9    15     5     0     1   -25.0   57.126    7.282      0.9   1022.6    289.5      0.0     89.0
     1     1    14     9    15     4     0     2   -26.0   57.187    7.845      1.8   1022.9    289.5      0.0     89.1
     1     1    14     9    15     3     0     3   -27.0   57.235    8.333      2.6   1023.3    289.5      0.0     88.8
     1     1    14     9    15     2     0     2   -28.0   57.279    8.777      3.1   1024.7    289.7      0.2     87.9
     1     1    14     9    15     1     0     1   -29.0   57.321    9.199      3.3   1025.3    289.5      0.2     87.0
     1     1    14     9    15     0     0     0   -30.0   57.347    9.599      2.9   1024.8    289.2      0.0     85.9
     1     1    14     9    14    23     0     1   -31.0   57.359    9.965      2.1   1024.2    288.8      0.0     84.3
     1     1    14     9    14    22     0     2   -32.0   57.374   10.337      1.2   1025.5    289.2      0.0     82.4
     1     1    14     9    14    21     0     3   -33.0   57.395   10.766      0.8   1026.8    289.6      0.0     80.3
     1     1    14     9    14    20     0     2   -34.0   57.424   11.222      1.1   1026.0    289.5      0.0     79.1
     1     1    14     9    14    19     0     1   -35.0   57.458   11.628      2.5   1023.5    288.9      0.0     78.7
     1     1    14     9    14    18     0     0   -36.0   57.498   11.956      4.8   1020.6    288.5      0.0     77.9
     1     1    14     9    14    17     0     1   -37.0   57.534   12.243      8.2   1017.0    288.7      0.0     77.3
     1     1    14     9    14    16     0     2   -38.0   57.562   12.529     13.8   1012.6    289.3      0.0     75.7
     1     1    14     9    14    15     0     3   -39.0   57.583   12.834     26.5   1006.9    290.1      0.0     72.9
     1     1    14     9    14    14     0     2   -40.0   57.603   13.167     49.7   1001.5    289.5      0.0     73.7
     1     1    14     9    14    13     0     1   -41.0   57.628   13.514     70.3    996.8    288.7      0.0     75.6
     1     1    14     9    14    12     0     0   -42.0   57.659   13.857     73.2    995.1    288.1      0.0     77.6
     1     1    14     9    14    11     0     1   -43.0   57.696   14.194     63.8    996.1    287.6      0.0     79.5
     1     1    14     9    14    10     0     2   -44.0   57.737   14.527     54.4    996.9    287.2      0.0     82.0
     1     1    14     9    14     9     0     3   -45.0   57.785   14.851     48.5    996.6    286.6      0.0     85.4
     1     1    14     9    14     8     0     2   -46.0   57.840   15.147     42.6    998.8    286.1      0.0     89.4
     1     1    14     9    14     7     0     1   -47.0   57.904   15.400     33.4   1002.6    285.7      0.0     92.8
     1     1    14     9    14     6     0     0   -48.0   57.975   15.603     22.6   1006.2    285.4      0.0     96.0
     1     1    14     9    14     5     0     1   -49.0   58.050   15.765     14.1   1010.2    285.4      0.0     96.0
     1     1    14     9    14     4     0     2   -50.0   58.128   15.906      7.9   1013.0    285.2      0.0     95.2
     1     1    14     9    14     3     0     3   -51.0   58.210   16.037      3.7   1015.5    284.9      0.0     93.9
     1     1    14     9    14     2     0     2   -52.0   58.293   16.176      0.4   1018.1    285.1      0.0     92.2
     1     1    14     9    14     1     0     1   -53.0   58.373   16.337      0.0   1020.5    285.3      0.0     90.6
     1     1    14     9    14     0     0     0   -54.0   58.451   16.519      0.0   1022.7    285.5      0.0     89.1
     1     1    14     9    13    23     0     1   -55.0   58.529   16.722      0.0   1024.6    285.6      0.0     88.9
     1     1    14     9    13    22     0     2   -56.0   58.608   16.940      0.0   1026.3    285.7      0.0     88.9
     1     1    14     9    13    21     0     3   -57.0   58.685   17.165      0.0   1026.5    285.7      0.0     89.0
     1     1    14     9    13    20     0     2   -58.0   58.758   17.387      0.0   1025.6    285.8      0.0     88.2
     1     1    14     9    13    19     0     1   -59.0   58.830   17.606      0.0   1025.3    286.0      0.0     87.8
     1     1    14     9    13    18     0     0   -60.0   58.907   17.822      0.0   1025.7    286.1      0.0     88.1
     1     1    14     9    13    17     0     1   -61.0   58.986   18.041      0.0   1025.4    287.1      0.0     87.1
     1     1    14     9    13    16     0     2   -62.0   59.069   18.281      0.1   1025.2    288.3      0.0     86.1
     1     1    14     9    13    15     0     3   -63.0   59.161   18.541      0.4   1025.1    289.1      0.0     86.2
     1     1    14     9    13    14     0     2   -64.0   59.264   18.804      0.8   1026.5    289.2      0.0     87.0
     1     1    14     9    13    13     0     1   -65.0   59.377   19.055      1.0   1027.7    289.1      0.0     87.7
     1     1    14     9    13    12     0     0   -66.0   59.490   19.289      1.0   1028.1    289.2      0.0     87.1
     1     1    14     9    13    11     0     1   -67.0   59.601   19.516      1.1   1028.0    289.0      0.0     86.8
     1     1    14     9    13    10     0     2   -68.0   59.711   19.760      1.2   1027.9    288.8      0.0     86.9
     1     1    14     9    13     9     0     3   -69.0   59.817   20.035      1.4   1027.7    288.6      0.0     87.3
     1     1    14     9    13     8     0     2   -70.0   59.918   20.337      1.7   1028.0    288.6      0.0     86.9
     1     1    14     9    13     7     0     1   -71.0   60.014   20.654      1.8   1028.5    288.6      0.0     86.5
     1     1    14     9    13     6     0     0   -72.0   60.111   20.997      1.9   1028.9    288.8      0.0     86.0
