     7     1
    GDAS    14     8    22     0     0
    GDAS    14     8    29     0     0
    GDAS    14     9     1     0     0
    GDAS    14     9     8     0     0
    GDAS    14     9    15     0     0
    GDAS    14     9    22     0     0
    GDAS    14     9    29     0     0
     1 BACKWARD OMEGA   
    14     9     2     5   56.467   -2.973   100.0
     4 PRESSURE AIR_TEMP RAINFALL RELHUMID
     1     1    14     9     2     5     0     1     0.0   56.467   -2.973    100.0    980.2    282.8      0.0     83.7
     1     1    14     9     2     4     0     2    -1.0   56.440   -3.120    124.5    976.7    283.0      0.0     84.2
     1     1    14     9     2     3     0     3    -2.0   56.415   -3.276    148.2    973.6    283.3      0.0     84.5
     1     1    14     9     2     2     0     2    -3.0   56.395   -3.444    171.9    970.3    283.5      0.0     84.6
     1     1    14     9     2     1     0     1    -4.0   56.379   -3.629    198.6    966.6    283.7      0.0     85.0
     1     1    14     9     2     0     0     0    -5.0   56.368   -3.833    232.3    962.2    283.7      0.0     85.7
     1     1    14     9     1    23     0     1    -6.0   56.365   -4.063    277.0    956.5    283.7      0.0     86.4
     1     1    14     9     1    22     0     2    -7.0   56.373   -4.316    327.2    949.7    283.4      0.0     88.2
     1     1    14     9     1    21     0     3    -8.0   56.390   -4.598    372.8    944.1    283.2      0.0     91.3
     1     1    14     9     1    20     0     2    -9.0   56.403   -4.920    402.7    940.3    282.8      0.0     93.7
     1     1    14     9     1    19     0     1   -10.0   56.396   -5.285    403.9    946.7    283.2      0.0     92.6
     1     1    14     9     1    18     0     0   -11.0   56.367   -5.689    365.7    960.8    284.1      0.0     90.6
     1     1    14     9     1    17     0     1   -12.0   56.309   -6.115    302.7    978.7    285.4      0.0     89.4
     1     1    14     9     1    16     0     2   -13.0   56.217   -6.561    258.4    989.7    286.2      0.0     87.6
     1     1    14     9     1    15     0     3   -14.0   56.093   -7.054    249.9    992.0    286.6      0.0     85.7
     1     1    14     9     1    14     0     2   -15.0   55.953   -7.560    255.0    989.0    286.4      0.0     85.8
     1     1    14     9     1    13     0     1   -16.0   55.809   -8.042    258.0    986.4    286.2      0.0     86.8
     1     1    14     9     1    12     0     0   -17.0   55.662   -8.502    258.4    986.3    286.1      0.0     86.8
     1     1    14     9     1    11     0     1   -18.0   55.520   -8.961    253.4    988.5    286.3      0.0     85.2
     1     1    14     9     1    10     0     2   -19.0   55.391   -9.436    245.5    989.9    286.4      0.0     83.5
     1     1    14     9     1     9     0     3   -20.0   55.281   -9.931    244.9    990.1    286.5      0.0     81.5
     1     1    14     9     1     8     0     2   -21.0   55.188  -10.436    254.0    988.6    286.5      0.0     80.4
     1     1    14     9     1     7     0     1   -22.0   55.109  -10.941    271.7    986.5    286.3      0.0     79.7
     1     1    14     9     1     6     0     0   -23.0   55.045  -11.451    297.9    982.5    286.2      0.0     79.3
     1     1    14     9     1     5     0     1   -24.0   54.993  -11.985    323.4    978.4    285.9      0.0     78.6
     1     1    14     9     1     4     0     2   -25.0   54.947  -12.560    340.8    976.2    285.7      0.0     78.4
     1     1    14     9     1     3     0     3   -26.0   54.902  -13.180    355.3    974.9    285.6      0.0     77.2
     1     1    14     9     1     2     0     2   -27.0   54.849  -13.837    370.3    972.6    285.4      0.0     78.7
     1     1    14     9     1     1     0     1   -28.0   54.777  -14.521    382.7    971.0    285.3      0.0     80.7
     1     1    14     9     1     0     0     0   -29.0   54.693  -15.232    397.4    969.7    285.2      0.0     81.0
     1     1    14     8    31    23     0     1   -30.0   54.610  -15.963    420.2    967.0    284.8      0.0     81.2
     1     1    14     8    31    22     0     2   -31.0   54.531  -16.705    446.6    962.9    284.4      0.0     81.2
     1     1    14     8    31    21     0     3   -32.0   54.456  -17.447    470.0    959.6    283.9      0.0     81.4
     1     1    14     8    31    20     0     2   -33.0   54.384  -18.202    490.6    956.6    283.6      0.0     82.9
     1     1    14     8    31    19     0     1   -34.0   54.319  -18.988    508.5    953.8    283.4      0.0     83.6
     1     1    14     8    31    18     0     0   -35.0   54.261  -19.806    518.4    952.1    283.3      0.0     83.8
     1     1    14     8    31    17     0     1   -36.0   54.211  -20.660    530.0    950.7    283.0      0.0     83.4
     1     1    14     8    31    16     0     2   -37.0   54.167  -21.544    553.6    947.5    282.7      0.0     83.4
     1     1    14     8    31    15     0     3   -38.0   54.117  -22.450    577.6    944.7    282.3      0.0     83.2
     1     1    14     8    31    14     0     2   -39.0   54.063  -23.385    597.0    941.7    282.0      0.0     84.1
     1     1    14     8    31    13     0     1   -40.0   54.025  -24.373    605.0    940.5    281.8      0.0     84.0
     1     1    14     8    31    12     0     0   -41.0   54.002  -25.420    625.1    938.3    281.6      0.0     83.0
     1     1    14     8    31    11     0     1   -42.0   53.970  -26.502    670.5    932.2    280.9      0.0     85.3
     1     1    14     8    31    10     0     2   -43.0   53.951  -27.595    738.1    923.3    280.0      0.0     88.3
     1     1    14     8    31     9     0     3   -44.0   53.947  -28.665    801.8    916.1    279.1      0.0     91.6
     1     1    14     8    31     8     0     2   -45.0   53.949  -29.714    860.1    908.7    278.5      0.0     93.6
     1     1    14     8    31     7     0     1   -46.0   53.980  -30.750    892.4    904.2    278.2      0.0     93.6
     1     1    14     8    31     6     0     0   -47.0   54.058  -31.785    900.0    902.8    278.1      0.0     94.1
     1     1    14     8    31     5     0     1   -48.0   54.167  -32.820    902.0    901.7    277.9      0.0     93.8
     1     1    14     8    31     4     0     2   -49.0   54.331  -33.844    918.9    899.2    277.5      0.0     91.4
     1     1    14     8    31     3     0     3   -50.0   54.566  -34.848    958.1    893.8    276.9      0.0     88.0
     1     1    14     8    31     2     0     2   -51.0   54.831  -35.813    998.9    888.0    276.7      0.0     86.7
     1     1    14     8    31     1     0     1   -52.0   55.115  -36.741   1035.4    883.3    276.3      0.0     86.8
     1     1    14     8    31     0     0     0   -53.0   55.451  -37.634   1078.6    878.1    276.0      0.0     84.1
     1     1    14     8    30    23     0     1   -54.0   55.833  -38.458   1127.2    872.0    275.7      0.0     81.2
     1     1    14     8    30    22     0     2   -55.0   56.250  -39.203   1178.2    866.2    275.2      0.0     81.0
     1     1    14     8    30    21     0     3   -56.0   56.714  -39.897   1246.1    858.4    274.7      0.0     80.0
     1     1    14     8    30    20     0     2   -57.0   57.202  -40.532   1327.1    848.9    274.2      0.0     79.0
     1     1    14     8    30    19     0     1   -58.0   57.686  -41.126   1403.0    839.8    273.5      0.0     80.8
     1     1    14     8    30    18     0     0   -59.0   58.158  -41.685   1457.5    833.2    272.8      0.0     83.9
     1     1    14     8    30    17     0     1   -60.0   58.597  -42.165   1490.8    830.7    272.5      0.0     86.9
     1     1    14     8    30    16     0     2   -61.0   59.005  -42.559   1511.2    828.0    272.4      0.0     86.9
     1     1    14     8    30    15     0     3   -62.0   59.403  -42.845   1511.3    827.3    272.4      0.0     86.2
     1     1    14     8    30    14     0     2   -63.0   59.817  -42.984   1483.1    830.1    272.4      0.0     87.5
     1     1    14     8    30    13     0     1   -64.0   60.270  -42.965   1472.9    829.7    272.2      0.0     88.7
     1     1    14     8    30    12     0     0   -65.0   60.787  -42.754   1587.2    814.7    271.2      0.0     90.7
     1     1    14     8    30    11     0     1   -66.0   61.314  -42.392   1708.0    780.3    269.4      0.4     94.1
     1     1    14     8    30    10     0     2   -67.0   61.844  -41.880   1632.3    800.2    270.5      1.3     98.7
     1     1    14     8    30     9     0     3   -68.0   62.348  -41.242   1370.4    833.5    272.4      1.9     99.6
     1     1    14     8    30     8     0     2   -69.0   62.782  -40.525   1043.5    875.7    274.9      0.8     98.5
     1     1    14     8    30     7     0     1   -70.0   63.090  -39.700    755.3    912.7    277.2      1.5     99.0
     1     1    14     8    30     6     0     0   -71.0   63.248  -38.835    617.6    927.4    278.2      1.6     98.0
     1     1    14     8    30     5     0     1   -72.0   63.287  -37.945    538.2    935.0    278.9      0.7     94.5
