     7     1
    GDAS    14     8    22     0     0
    GDAS    14     8    29     0     0
    GDAS    14     9     1     0     0
    GDAS    14     9     8     0     0
    GDAS    14     9    15     0     0
    GDAS    14     9    22     0     0
    GDAS    14     9    29     0     0
     1 BACKWARD OMEGA   
    14     9    20    19   56.467   -2.973   100.0
     4 PRESSURE AIR_TEMP RAINFALL RELHUMID
     1     1    14     9    20    19     0     1     0.0   56.467   -2.973    100.0    978.3    284.6      0.0     78.4
     1     1    14     9    20    18     0     0    -1.0   56.594   -3.042    111.6    972.1    284.4      0.0     78.6
     1     1    14     9    20    17     0     1    -2.0   56.734   -3.140    141.6    962.7    284.3      0.0     77.7
     1     1    14     9    20    16     0     2    -3.0   56.895   -3.285    186.7    948.2    283.8      0.0     76.9
     1     1    14     9    20    15     0     3    -4.0   57.068   -3.477    232.1    938.0    283.4      0.0     75.6
     1     1    14     9    20    14     0     2    -5.0   57.233   -3.709    269.0    938.5    282.9      0.0     78.7
     1     1    14     9    20    13     0     1    -6.0   57.379   -3.965    305.0    937.9    282.4      0.0     82.3
     1     1    14     9    20    12     0     0    -7.0   57.502   -4.227    340.4    938.6    282.0      0.0     86.6
     1     1    14     9    20    11     0     1    -8.0   57.601   -4.487    363.7    938.5    281.5      0.0     91.1
     1     1    14     9    20    10     0     2    -9.0   57.676   -4.753    363.7    938.2    281.0      0.0     94.9
     1     1    14     9    20     9     0     3   -10.0   57.725   -5.021    332.2    941.0    280.9      0.0     97.8
     1     1    14     9    20     8     0     2   -11.0   57.763   -5.273    289.2    957.8    281.9      0.0     96.2
     1     1    14     9    20     7     0     1   -12.0   57.804   -5.507    251.3    971.3    282.7      0.0     95.2
     1     1    14     9    20     6     0     0   -13.0   57.839   -5.731    221.6    983.0    283.4      0.0     94.5
     1     1    14     9    20     5     0     1   -14.0   57.875   -5.950    194.3    993.9    284.3      0.0     93.7
     1     1    14     9    20     4     0     2   -15.0   57.918   -6.169    164.2    998.7    284.8      0.0     93.7
     1     1    14     9    20     3     0     3   -16.0   57.967   -6.394    136.2   1000.7    285.1      0.0     93.9
     1     1    14     9    20     2     0     2   -17.0   58.025   -6.626    117.4   1000.7    285.2      0.0     93.9
     1     1    14     9    20     1     0     1   -18.0   58.094   -6.871    109.7    999.1    285.1      0.0     94.1
     1     1    14     9    20     0     0     0   -19.0   58.168   -7.138    108.1    999.1    285.1      0.0     94.1
     1     1    14     9    19    23     0     1   -20.0   58.244   -7.431    110.5   1000.9    285.3      0.0     92.8
     1     1    14     9    19    22     0     2   -21.0   58.320   -7.750    114.7   1002.0    285.5      0.0     92.2
     1     1    14     9    19    21     0     3   -22.0   58.398   -8.093    116.6   1002.9    285.6      0.0     92.1
     1     1    14     9    19    20     0     2   -23.0   58.480   -8.456    117.7   1002.7    285.6      0.0     91.8
     1     1    14     9    19    19     0     1   -24.0   58.566   -8.844    121.4   1001.9    285.7      0.0     91.7
     1     1    14     9    19    18     0     0   -25.0   58.652   -9.263    127.5   1000.9    285.7      0.0     91.8
     1     1    14     9    19    17     0     1   -26.0   58.726   -9.710    134.3   1000.0    285.6      0.0     91.2
     1     1    14     9    19    16     0     2   -27.0   58.767  -10.173    143.2    999.1    285.5      0.0     89.7
     1     1    14     9    19    15     0     3   -28.0   58.782  -10.644    153.5    997.1    285.4      0.0     88.8
     1     1    14     9    19    14     0     2   -29.0   58.786  -11.101    162.3    996.1    285.3      0.0     89.2
     1     1    14     9    19    13     0     1   -30.0   58.783  -11.531    168.4    995.1    285.2      0.0     89.4
     1     1    14     9    19    12     0     0   -31.0   58.768  -11.944    165.5    994.8    285.2      0.0     89.0
     1     1    14     9    19    11     0     1   -32.0   58.754  -12.346    157.4    996.7    285.4      0.0     87.9
     1     1    14     9    19    10     0     2   -33.0   58.738  -12.750    149.7    997.6    285.5      0.0     86.9
     1     1    14     9    19     9     0     3   -34.0   58.702  -13.162    142.0    998.5    285.7      0.0     86.1
     1     1    14     9    19     8     0     2   -35.0   58.674  -13.582    135.5    999.3    285.7      0.0     86.0
     1     1    14     9    19     7     0     1   -36.0   58.652  -13.994    129.7    999.5    285.7      0.0     86.4
     1     1    14     9    19     6     0     0   -37.0   58.622  -14.394    121.8    999.9    285.8      0.0     87.5
     1     1    14     9    19     5     0     1   -38.0   58.599  -14.789    113.1   1001.3    285.9      0.0     88.3
     1     1    14     9    19     4     0     2   -39.0   58.577  -15.179    107.5   1002.2    285.9      0.0     88.7
     1     1    14     9    19     3     0     3   -40.0   58.546  -15.572    104.3   1002.4    285.9      0.3     89.0
     1     1    14     9    19     2     0     2   -41.0   58.513  -15.970    100.9   1002.8    285.9      0.0     90.3
     1     1    14     9    19     1     0     1   -42.0   58.475  -16.347     98.5   1003.4    285.9      0.0     91.3
     1     1    14     9    19     0     0     0   -43.0   58.426  -16.701     97.9   1003.4    285.8      0.0     92.4
     1     1    14     9    18    23     0     1   -44.0   58.376  -17.062     98.1   1003.5    285.8      0.0     91.7
     1     1    14     9    18    22     0     2   -45.0   58.334  -17.450    100.6   1003.3    285.8      0.0     91.2
     1     1    14     9    18    21     0     3   -46.0   58.289  -17.863    105.4   1002.6    285.7      0.0     92.1
     1     1    14     9    18    20     0     2   -47.0   58.236  -18.299    110.5   1001.6    285.6      0.0     91.2
     1     1    14     9    18    19     0     1   -48.0   58.179  -18.758    113.7   1001.0    285.6      0.0     91.0
     1     1    14     9    18    18     0     0   -49.0   58.117  -19.243    115.0   1000.6    285.6      0.0     91.5
     1     1    14     9    18    17     0     1   -50.0   58.058  -19.734    115.8   1000.4    285.5      0.0     90.3
     1     1    14     9    18    16     0     2   -51.0   58.000  -20.209    116.3   1000.0    285.5      0.0     90.2
     1     1    14     9    18    15     0     3   -52.0   57.943  -20.676    116.5    999.7    285.5      0.2     91.3
     1     1    14     9    18    14     0     2   -53.0   57.894  -21.146    115.7    999.7    285.4      0.0     92.1
     1     1    14     9    18    13     0     1   -54.0   57.844  -21.620    114.8   1000.1    285.3      0.0     92.0
     1     1    14     9    18    12     0     0   -55.0   57.799  -22.107    115.0   1000.0    285.2      0.0     92.8
     1     1    14     9    18    11     0     1   -56.0   57.758  -22.612    116.1    999.8    285.1      0.0     91.9
     1     1    14     9    18    10     0     2   -57.0   57.726  -23.137    117.3    999.3    285.1      0.0     91.8
     1     1    14     9    18     9     0     3   -58.0   57.708  -23.688    117.6    999.1    285.0      0.0     92.6
     1     1    14     9    18     8     0     2   -59.0   57.705  -24.247    116.6    999.1    284.9      0.0     92.1
     1     1    14     9    18     7     0     1   -60.0   57.719  -24.796    113.6    999.1    284.9      0.0     92.1
     1     1    14     9    18     6     0     0   -61.0   57.754  -25.333    109.3    999.4    284.9      0.0     93.1
     1     1    14     9    18     5     0     1   -62.0   57.802  -25.861    106.6    999.3    284.8      0.0     93.0
     1     1    14     9    18     4     0     2   -63.0   57.852  -26.382    105.5    998.6    284.7      0.0     92.6
     1     1    14     9    18     3     0     3   -64.0   57.902  -26.917    104.0    998.3    284.6      0.0     93.8
     1     1    14     9    18     2     0     2   -65.0   57.965  -27.454    104.3    998.5    284.3      0.0     93.2
     1     1    14     9    18     1     0     1   -66.0   58.056  -27.963    107.2    998.0    284.1      0.3     93.7
     1     1    14     9    18     0     0     0   -67.0   58.159  -28.409    108.0    997.6    283.9      0.3     93.3
     1     1    14     9    17    23     0     1   -68.0   58.242  -28.796    102.3    998.5    283.8      0.3     92.6
     1     1    14     9    17    22     0     2   -69.0   58.292  -29.181     92.1   1000.5    283.9      0.3     92.2
     1     1    14     9    17    21     0     3   -70.0   58.318  -29.586     82.7   1002.4    283.9      0.0     91.9
     1     1    14     9    17    20     0     2   -71.0   58.336  -29.973     78.5   1002.9    283.9      0.0     92.4
     1     1    14     9    17    19     0     1   -72.0   58.368  -30.266     78.2   1002.5    283.8      0.0     93.2
