     7     1
    GDAS    14     8    22     0     0
    GDAS    14     8    29     0     0
    GDAS    14     9     1     0     0
    GDAS    14     9     8     0     0
    GDAS    14     9    15     0     0
    GDAS    14     9    22     0     0
    GDAS    14     9    29     0     0
     1 BACKWARD OMEGA   
    14     9    21     4   56.467   -2.973   100.0
     4 PRESSURE AIR_TEMP RAINFALL RELHUMID
     1     1    14     9    21     4     0     2     0.0   56.467   -2.973    100.0    981.4    281.4      0.0     88.4
     1     1    14     9    21     3     0     3    -1.0   56.609   -3.115    122.2    972.7    281.1      0.0     90.2
     1     1    14     9    21     2     0     2    -2.0   56.772   -3.265    166.7    960.2    280.6      0.0     92.2
     1     1    14     9    21     1     0     1    -3.0   56.966   -3.442    244.5    940.8    279.8      0.0     94.6
     1     1    14     9    21     0     0     0    -4.0   57.192   -3.650    337.1    932.5    279.4      0.0     94.0
     1     1    14     9    20    23     0     1    -5.0   57.424   -3.873    414.6    931.8    279.5      0.0     93.9
     1     1    14     9    20    22     0     2    -6.0   57.656   -4.118    484.9    932.8    279.9      0.0     93.9
     1     1    14     9    20    21     0     3    -7.0   57.888   -4.394    540.6    931.6    280.1      0.0     95.0
     1     1    14     9    20    20     0     2    -8.0   58.119   -4.680    558.7    930.8    279.9      0.3     96.7
     1     1    14     9    20    19     0     1    -9.0   58.349   -4.937    542.4    935.9    280.1      0.2     97.2
     1     1    14     9    20    18     0     0   -10.0   58.586   -5.164    517.2    949.9    281.0      0.0     96.1
     1     1    14     9    20    17     0     1   -11.0   58.835   -5.405    501.2    959.6    281.8      0.0     94.0
     1     1    14     9    20    16     0     2   -12.0   59.092   -5.702    497.5    962.5    282.1      0.0     93.0
     1     1    14     9    20    15     0     3   -13.0   59.362   -6.051    505.3    960.6    282.1      0.0     92.6
     1     1    14     9    20    14     0     2   -14.0   59.639   -6.423    519.0    958.5    281.8      0.0     92.7
     1     1    14     9    20    13     0     1   -15.0   59.916   -6.795    531.8    956.4    281.7      0.0     92.9
     1     1    14     9    20    12     0     0   -16.0   60.198   -7.170    541.8    955.2    281.6      0.0     93.9
     1     1    14     9    20    11     0     1   -17.0   60.480   -7.559    557.2    953.7    281.4      0.0     93.9
     1     1    14     9    20    10     0     2   -18.0   60.754   -7.965    576.4    950.1    281.0      0.0     94.7
     1     1    14     9    20     9     0     3   -19.0   61.009   -8.389    585.5    948.1    280.9      0.0     94.9
     1     1    14     9    20     8     0     2   -20.0   61.259   -8.816    585.4    947.9    280.8      0.0     95.3
     1     1    14     9    20     7     0     1   -21.0   61.516   -9.228    584.1    947.5    280.6      1.3     96.4
     1     1    14     9    20     6     0     0   -22.0   61.773   -9.611    586.6    946.7    280.4      0.9     97.5
     1     1    14     9    20     5     0     1   -23.0   62.039   -9.961    594.1    945.2    280.4      0.8     97.9
     1     1    14     9    20     4     0     2   -24.0   62.326  -10.295    603.5    943.5    280.3      0.8     96.9
     1     1    14     9    20     3     0     3   -25.0   62.625  -10.631    616.7    942.1    280.2      0.0     95.8
     1     1    14     9    20     2     0     2   -26.0   62.916  -10.939    634.6    939.4    280.1      1.3     96.1
     1     1    14     9    20     1     0     1   -27.0   63.190  -11.195    652.7    936.5    280.1      1.3     96.2
     1     1    14     9    20     0     0     0   -28.0   63.449  -11.423    668.9    933.9    280.0      1.3     96.1
     1     1    14     9    19    23     0     1   -29.0   63.694  -11.648    679.2    932.0    279.9      0.0     95.1
     1     1    14     9    19    22     0     2   -30.0   63.927  -11.876    684.6    931.6    279.9      0.0     94.2
     1     1    14     9    19    21     0     3   -31.0   64.141  -12.092    691.4    930.9    279.8      0.0     94.7
     1     1    14     9    19    20     0     2   -32.0   64.333  -12.266    703.0    929.7    279.8      0.0     95.9
     1     1    14     9    19    19     0     1   -33.0   64.509  -12.390    716.6    927.8    279.7      0.0     96.6
     1     1    14     9    19    18     0     0   -34.0   64.675  -12.484    726.2    926.6    279.7      0.0     97.1
     1     1    14     9    19    17     0     1   -35.0   64.826  -12.575    733.9    926.7    279.7      0.0     96.2
     1     1    14     9    19    16     0     2   -36.0   64.956  -12.683    743.2    926.1    279.7      0.0     95.5
     1     1    14     9    19    15     0     3   -37.0   65.063  -12.795    752.2    925.3    279.7      0.0     95.0
     1     1    14     9    19    14     0     2   -38.0   65.151  -12.894    758.6    924.6    279.6      0.0     95.8
     1     1    14     9    19    13     0     1   -39.0   65.222  -12.968    761.4    924.4    279.5      0.0     96.6
     1     1    14     9    19    12     0     0   -40.0   65.279  -13.018    760.4    924.0    279.5      0.0     97.2
     1     1    14     9    19    11     0     1   -41.0   65.333  -13.045    757.9    923.7    279.5      0.0     96.1
     1     1    14     9    19    10     0     2   -42.0   65.392  -13.044    757.0    923.7    279.4      0.0     95.2
     1     1    14     9    19     9     0     3   -43.0   65.458  -13.014    758.1    924.0    279.4      0.0     94.4
     1     1    14     9    19     8     0     2   -44.0   65.532  -12.946    758.5    923.6    279.4      0.6     95.4
     1     1    14     9    19     7     0     1   -45.0   65.613  -12.829    754.9    923.5    279.4      0.6     96.2
     1     1    14     9    19     6     0     0   -46.0   65.703  -12.661    747.4    923.9    279.4      0.7     96.9
     1     1    14     9    19     5     0     1   -47.0   65.800  -12.459    733.5    924.9    279.6      0.5     97.3
     1     1    14     9    19     4     0     2   -48.0   65.900  -12.246    707.9    927.6    279.9      0.5     97.8
     1     1    14     9    19     3     0     3   -49.0   66.003  -12.036    667.8    932.2    280.2      0.5     98.4
     1     1    14     9    19     2     0     2   -50.0   66.104  -11.785    627.7    939.2    280.4      0.2     98.3
     1     1    14     9    19     1     0     1   -51.0   66.196  -11.462    603.4    942.3    280.5      0.2     98.2
     1     1    14     9    19     0     0     0   -52.0   66.286  -11.080    594.1    943.7    280.6      0.2     98.5
     1     1    14     9    18    23     0     1   -53.0   66.371  -10.651    591.6    943.3    280.8      0.0     98.5
     1     1    14     9    18    22     0     2   -54.0   66.443  -10.195    584.1    944.1    281.0      0.3     98.4
     1     1    14     9    18    21     0     3   -55.0   66.496   -9.724    569.6    946.1    281.4      0.3     97.8
     1     1    14     9    18    20     0     2   -56.0   66.542   -9.236    555.9    948.6    281.6      0.3     97.7
     1     1    14     9    18    19     0     1   -57.0   66.592   -8.719    549.0    949.5    281.6      0.3     98.1
     1     1    14     9    18    18     0     0   -58.0   66.643   -8.177    546.4    949.9    281.7      0.3     98.7
     1     1    14     9    18    17     0     1   -59.0   66.683   -7.630    540.4    950.1    281.9      0.2     98.1
     1     1    14     9    18    16     0     2   -60.0   66.712   -7.087    521.1    952.2    282.1      0.3     97.6
     1     1    14     9    18    15     0     3   -61.0   66.726   -6.537    485.0    956.6    282.3      0.3     97.2
     1     1    14     9    18    14     0     2   -62.0   66.723   -5.971    440.1    963.7    282.6      0.3     97.6
     1     1    14     9    18    13     0     1   -63.0   66.702   -5.386    391.8    969.5    282.9      0.3     97.7
     1     1    14     9    18    12     0     0   -64.0   66.667   -4.780    339.7    976.3    283.2      0.3     97.8
     1     1    14     9    18    11     0     1   -65.0   66.618   -4.155    296.4    983.2    283.4      0.2     98.5
     1     1    14     9    18    10     0     2   -66.0   66.549   -3.542    266.3    986.7    283.6      0.2     98.5
     1     1    14     9    18     9     0     3   -67.0   66.462   -2.961    242.6    989.2    283.8      0.3     98.2
     1     1    14     9    18     8     0     2   -68.0   66.369   -2.382    219.5    991.7    283.8      0.0     98.1
     1     1    14     9    18     7     0     1   -69.0   66.271   -1.746    196.8    995.2    283.9      0.0     98.0
     1     1    14     9    18     6     0     0   -70.0   66.146   -1.047    180.2    998.0    284.0      0.0     97.3
     1     1    14     9    18     5     0     1   -71.0   65.995   -0.334    174.1    999.1    284.0      0.0     95.8
     1     1    14     9    18     4     0     2   -72.0   65.835    0.256    175.3    999.4    284.0      0.0     92.4
