     7     1
    GDAS    14     8    22     0     0
    GDAS    14     8    29     0     0
    GDAS    14     9     1     0     0
    GDAS    14     9     8     0     0
    GDAS    14     9    15     0     0
    GDAS    14     9    22     0     0
    GDAS    14     9    29     0     0
     1 BACKWARD OMEGA   
    14     9    10     3   56.467   -2.973   100.0
     4 PRESSURE AIR_TEMP RAINFALL RELHUMID
     1     1    14     9    10     3     0     3     0.0   56.467   -2.973    100.0    978.9    283.5      0.0     83.0
     1     1    14     9    10     2     0     2    -1.0   56.393   -2.946    109.4    980.9    283.9      0.0     81.5
     1     1    14     9    10     1     0     1    -2.0   56.325   -2.897    116.1    983.7    284.4      0.0     80.0
     1     1    14     9    10     0     0     0    -3.0   56.262   -2.827    119.8    986.8    284.8      0.0     78.6
     1     1    14     9     9    23     0     1    -4.0   56.204   -2.746    119.0    989.9    285.3      0.0     77.5
     1     1    14     9     9    22     0     2    -5.0   56.151   -2.661    113.5    993.3    285.8      0.0     76.6
     1     1    14     9     9    21     0     3    -6.0   56.102   -2.571    105.3    996.7    286.1      0.0     75.9
     1     1    14     9     9    20     0     2    -7.0   56.057   -2.475     95.9    999.8    286.5      0.0     74.5
     1     1    14     9     9    19     0     1    -8.0   56.015   -2.366     86.6   1002.6    286.8      0.0     73.5
     1     1    14     9     9    18     0     0    -9.0   55.977   -2.236     77.5   1004.7    287.0      0.0     73.3
     1     1    14     9     9    17     0     1   -10.0   55.943   -2.100     67.2   1006.6    286.8      0.0     73.3
     1     1    14     9     9    16     0     2   -11.0   55.920   -1.983     56.1   1009.2    286.8      0.0     73.1
     1     1    14     9     9    15     0     3   -12.0   55.909   -1.898     46.0   1010.6    287.0      0.0     72.5
     1     1    14     9     9    14     0     2   -13.0   55.906   -1.841     38.1   1012.4    287.0      0.0     74.1
     1     1    14     9     9    13     0     1   -14.0   55.905   -1.804     33.1   1013.7    287.0      0.0     75.5
     1     1    14     9     9    12     0     0   -15.0   55.908   -1.786     29.9   1014.7    286.9      0.0     76.8
     1     1    14     9     9    11     0     1   -16.0   55.907   -1.793     27.8   1015.0    286.8      0.0     77.5
     1     1    14     9     9    10     0     2   -17.0   55.895   -1.830     26.6   1014.8    286.7      0.0     78.0
     1     1    14     9     9     9     0     3   -18.0   55.871   -1.896     26.2   1014.2    286.6      0.0     78.7
     1     1    14     9     9     8     0     2   -19.0   55.842   -1.973     25.9   1012.9    286.2      0.0     78.9
     1     1    14     9     9     7     0     1   -20.0   55.815   -2.044     25.2   1011.5    285.7      0.0     79.4
     1     1    14     9     9     6     0     0   -21.0   55.788   -2.112     24.1   1010.1    284.9      0.0     80.3
     1     1    14     9     9     5     0     1   -22.0   55.761   -2.178     23.1   1009.1    284.8      0.0     79.6
     1     1    14     9     9     4     0     2   -23.0   55.733   -2.244     22.3   1008.1    284.6      0.0     78.8
     1     1    14     9     9     3     0     3   -24.0   55.703   -2.306     21.5   1007.1    284.4      0.0     77.9
     1     1    14     9     9     2     0     2   -25.0   55.670   -2.362     20.5   1006.3    284.2      0.0     76.7
     1     1    14     9     9     1     0     1   -26.0   55.634   -2.410     19.3   1005.7    283.9      0.0     75.5
     1     1    14     9     9     0     0     0   -27.0   55.594   -2.448     17.9   1005.3    283.6      0.0     74.4
     1     1    14     9     8    23     0     1   -28.0   55.554   -2.479     16.4   1004.5    283.4      0.0     73.7
     1     1    14     9     8    22     0     2   -29.0   55.516   -2.506     14.9   1003.9    283.2      0.0     72.9
     1     1    14     9     8    21     0     3   -30.0   55.482   -2.529     13.3   1003.4    282.9      0.0     72.1
     1     1    14     9     8    20     0     2   -31.0   55.453   -2.546     11.8   1003.3    283.7      0.0     71.5
     1     1    14     9     8    19     0     1   -32.0   55.429   -2.557     10.3   1003.4    284.7      0.0     70.8
     1     1    14     9     8    18     0     0   -33.0   55.409   -2.562      8.8   1003.3    285.9      0.0     70.1
     1     1    14     9     8    17     0     1   -34.0   55.400   -2.571      6.7   1002.7    286.8      0.0     67.8
     1     1    14     9     8    16     0     2   -35.0   55.412   -2.592      3.7   1002.4    287.8      0.0     65.4
     1     1    14     9     8    15     0     3   -36.0   55.443   -2.628      0.0   1002.3    288.8      0.0     63.1
     1     1    14     9     8    14     0     2   -37.0   55.480   -2.679      0.0   1003.2    289.1      0.0     63.6
     1     1    14     9     8    13     0     1   -38.0   55.509   -2.743      0.0   1004.0    289.3      0.0     64.1
     1     1    14     9     8    12     0     0   -39.0   55.528   -2.818      0.0   1004.6    289.5      0.0     64.4
     1     1    14     9     8    11     0     1   -40.0   55.542   -2.896      0.0   1004.1    288.2      0.0     68.2
     1     1    14     9     8    10     0     2   -41.0   55.558   -2.972      0.0   1003.5    286.9      0.0     72.2
     1     1    14     9     8     9     0     3   -42.0   55.579   -3.043      0.0   1002.9    285.7      0.0     76.3
     1     1    14     9     8     8     0     2   -43.0   55.605   -3.114      0.2   1003.0    283.9      0.0     79.4
     1     1    14     9     8     7     0     1   -44.0   55.639   -3.194      1.3   1003.1    282.2      0.0     82.6
     1     1    14     9     8     6     0     0   -45.0   55.679   -3.282      3.7   1003.3    280.4      0.0     85.9
     1     1    14     9     8     5     0     1   -46.0   55.719   -3.388      6.5   1002.9    280.2      0.0     86.7
     1     1    14     9     8     4     0     2   -47.0   55.751   -3.513      8.7   1002.5    280.0      0.0     87.5
     1     1    14     9     8     3     0     3   -48.0   55.779   -3.656     10.5   1002.0    279.8      0.0     88.3
     1     1    14     9     8     2     0     2   -49.0   55.809   -3.806     12.6   1001.0    279.9      0.0     88.1
     1     1    14     9     8     1     0     1   -50.0   55.847   -3.955     15.9   1000.0    280.1      0.0     88.1
     1     1    14     9     8     0     0     0   -51.0   55.895   -4.107     21.2    998.3    280.6      0.0     87.3
     1     1    14     9     7    23     0     1   -52.0   55.954   -4.265     27.7    996.7    281.1      0.0     86.5
     1     1    14     9     7    22     0     2   -53.0   56.022   -4.429     35.9    993.8    281.4      0.0     85.9
     1     1    14     9     7    21     0     3   -54.0   56.102   -4.600     48.2    988.6    281.4      0.0     85.3
     1     1    14     9     7    20     0     2   -55.0   56.195   -4.787     66.8    982.6    282.1      0.0     82.4
     1     1    14     9     7    19     0     1   -56.0   56.302   -5.003     94.7    975.8    282.6      0.0     80.2
     1     1    14     9     7    18     0     0   -57.0   56.439   -5.249    121.4    974.8    283.2      0.0     77.7
     1     1    14     9     7    17     0     1   -58.0   56.609   -5.503    126.0    978.2    283.6      0.0     76.0
     1     1    14     9     7    16     0     2   -59.0   56.797   -5.750    109.8    985.5    284.1      0.0     74.3
     1     1    14     9     7    15     0     3   -60.0   56.993   -6.000     77.3    996.4    284.7      0.0     72.0
     1     1    14     9     7    14     0     2   -61.0   57.188   -6.227     49.4   1006.9    286.0      0.0     72.0
     1     1    14     9     7    13     0     1   -62.0   57.384   -6.409     36.9   1010.1    286.3      0.0     72.8
     1     1    14     9     7    12     0     0   -63.0   57.582   -6.553     32.4   1011.0    286.5      0.0     73.1
     1     1    14     9     7    11     0     1   -64.0   57.781   -6.681     30.4   1010.5    286.3      0.0     74.8
     1     1    14     9     7    10     0     2   -65.0   57.975   -6.809     29.0   1009.0    285.8      0.0     76.1
     1     1    14     9     7     9     0     3   -66.0   58.168   -6.938     28.3   1008.5    285.2      0.0     77.5
     1     1    14     9     7     8     0     2   -67.0   58.371   -7.066     28.7   1010.0    285.2      0.0     79.7
     1     1    14     9     7     7     0     1   -68.0   58.593   -7.193     30.0   1011.9    285.3      0.0     81.5
     1     1    14     9     7     6     0     0   -69.0   58.831   -7.319     31.9   1013.3    285.4      0.0     82.7
     1     1    14     9     7     5     0     1   -70.0   59.076   -7.440     33.7   1014.0    285.5      0.0     83.1
     1     1    14     9     7     4     0     2   -71.0   59.317   -7.557     34.7   1014.3    285.5      0.0     83.1
     1     1    14     9     7     3     0     3   -72.0   59.550   -7.676     35.0   1014.7    285.4      0.0     82.5
