     7     1
    GDAS    14     8    22     0     0
    GDAS    14     8    29     0     0
    GDAS    14     9     1     0     0
    GDAS    14     9     8     0     0
    GDAS    14     9    15     0     0
    GDAS    14     9    22     0     0
    GDAS    14     9    29     0     0
     1 BACKWARD OMEGA   
    14     9     8    10   56.467   -2.973   100.0
     4 PRESSURE AIR_TEMP RAINFALL RELHUMID
     1     1    14     9     8    10     0     2     0.0   56.467   -2.973    100.0    975.8    283.9      0.0     76.6
     1     1    14     9     8     9     0     3    -1.0   56.567   -3.176    154.7    965.6    282.5      0.0     81.8
     1     1    14     9     8     8     0     2    -2.0   56.699   -3.385    233.2    947.9    280.9      0.0     87.6
     1     1    14     9     8     7     0     1    -3.0   56.888   -3.590    325.1    926.1    279.4      0.0     93.5
     1     1    14     9     8     6     0     0    -4.0   57.145   -3.793    420.1    913.7    278.5      0.0     96.9
     1     1    14     9     8     5     0     1    -5.0   57.441   -4.022    519.2    914.4    278.7      0.0     96.3
     1     1    14     9     8     4     0     2    -6.0   57.752   -4.306    620.3    914.8    278.8      0.0     96.1
     1     1    14     9     8     3     0     3    -7.0   58.066   -4.640    674.6    910.2    278.8      0.0     96.4
     1     1    14     9     8     2     0     2    -8.0   58.371   -4.972    645.7    917.5    279.1      0.0     97.2
     1     1    14     9     8     1     0     1    -9.0   58.672   -5.271    593.3    942.2    280.5      0.0     96.5
     1     1    14     9     8     0     0     0   -10.0   58.977   -5.551    572.5    952.3    281.0      0.0     96.7
     1     1    14     9     7    23     0     1   -11.0   59.285   -5.824    571.5    950.9    280.9      0.0     96.6
     1     1    14     9     7    22     0     2   -12.0   59.591   -6.089    579.7    950.2    281.0      0.0     95.9
     1     1    14     9     7    21     0     3   -13.0   59.895   -6.332    598.3    947.9    281.0      0.0     94.4
     1     1    14     9     7    20     0     2   -14.0   60.196   -6.561    615.6    944.8    280.9      0.0     94.7
     1     1    14     9     7    19     0     1   -15.0   60.492   -6.796    618.9    944.2    280.9      0.0     95.3
     1     1    14     9     7    18     0     0   -16.0   60.781   -7.059    607.4    945.3    281.0      0.0     96.0
     1     1    14     9     7    17     0     1   -17.0   61.048   -7.369    595.7    947.8    281.0      0.0     94.4
     1     1    14     9     7    16     0     2   -18.0   61.278   -7.731    596.2    947.6    280.9      0.0     94.2
     1     1    14     9     7    15     0     3   -19.0   61.470   -8.138    604.4    946.7    280.7      0.0     94.8
     1     1    14     9     7    14     0     2   -20.0   61.635   -8.569    608.7    945.5    280.6      0.0     94.7
     1     1    14     9     7    13     0     1   -21.0   61.779   -9.013    606.9    946.3    280.7      0.0     95.3
     1     1    14     9     7    12     0     0   -22.0   61.904   -9.474    605.5    946.7    280.7      0.0     95.4
     1     1    14     9     7    11     0     1   -23.0   62.010   -9.968    608.6    946.8    280.7      0.0     93.9
     1     1    14     9     7    10     0     2   -24.0   62.099  -10.509    616.9    945.7    280.6      0.0     90.8
     1     1    14     9     7     9     0     3   -25.0   62.172  -11.092    627.1    944.6    280.5      0.0     87.8
     1     1    14     9     7     8     0     2   -26.0   62.231  -11.712    632.8    943.3    280.5      0.0     87.7
     1     1    14     9     7     7     0     1   -27.0   62.276  -12.368    630.3    943.7    280.6      0.0     87.0
     1     1    14     9     7     6     0     0   -28.0   62.306  -13.066    624.0    944.6    280.7      0.0     86.5
     1     1    14     9     7     5     0     1   -29.0   62.317  -13.798    617.8    945.4    280.8      0.0     84.9
     1     1    14     9     7     4     0     2   -30.0   62.303  -14.543    617.6    945.9    280.9      0.0     82.2
     1     1    14     9     7     3     0     3   -31.0   62.257  -15.277    628.2    944.9    280.8      0.0     80.3
     1     1    14     9     7     2     0     2   -32.0   62.189  -15.978    645.0    942.7    280.7      0.0     80.9
     1     1    14     9     7     1     0     1   -33.0   62.108  -16.634    661.7    940.9    280.7      0.0     81.4
     1     1    14     9     7     0     0     0   -34.0   62.013  -17.239    670.7    939.3    280.6      0.0     82.4
     1     1    14     9     6    23     0     1   -35.0   61.911  -17.807    672.2    940.1    280.7      0.0     83.5
     1     1    14     9     6    22     0     2   -36.0   61.808  -18.347    671.9    940.0    280.9      0.0     81.2
     1     1    14     9     6    21     0     3   -37.0   61.693  -18.855    668.3    940.6    281.1      0.0     78.5
     1     1    14     9     6    20     0     2   -38.0   61.562  -19.343    665.1    941.0    281.1      0.0     80.2
     1     1    14     9     6    19     0     1   -39.0   61.409  -19.820    664.1    940.7    281.1      0.0     78.9
     1     1    14     9     6    18     0     0   -40.0   61.231  -20.274    664.2    940.4    281.2      0.0     75.9
     1     1    14     9     6    17     0     1   -41.0   61.041  -20.700    667.4    940.5    281.1      0.0     78.3
     1     1    14     9     6    16     0     2   -42.0   60.855  -21.112    675.6    939.6    280.9      0.0     81.2
     1     1    14     9     6    15     0     3   -43.0   60.669  -21.515    689.3    938.2    280.8      0.0     82.0
     1     1    14     9     6    14     0     2   -44.0   60.477  -21.911    702.2    936.0    280.6      0.0     83.2
     1     1    14     9     6    13     0     1   -45.0   60.270  -22.297    708.7    935.3    280.5      0.0     83.3
     1     1    14     9     6    12     0     0   -46.0   60.051  -22.665    710.4    935.3    280.4      0.0     82.7
     1     1    14     9     6    11     0     1   -47.0   59.814  -23.013    710.4    935.6    280.5      0.0     84.6
     1     1    14     9     6    10     0     2   -48.0   59.560  -23.348    710.4    935.7    280.4      0.0     86.4
     1     1    14     9     6     9     0     3   -49.0   59.290  -23.662    710.4    935.8    280.3      0.0     87.6
     1     1    14     9     6     8     0     2   -50.0   59.020  -23.952    710.6    935.7    280.3      0.0     86.5
     1     1    14     9     6     7     0     1   -51.0   58.764  -24.227    711.7    935.5    280.3      0.0     87.5
     1     1    14     9     6     6     0     0   -52.0   58.522  -24.494    712.5    935.1    280.3      0.0     89.5
     1     1    14     9     6     5     0     1   -53.0   58.282  -24.752    715.5    935.4    280.2      0.0     88.8
     1     1    14     9     6     4     0     2   -54.0   58.038  -24.994    726.0    934.6    280.1      0.0     86.6
     1     1    14     9     6     3     0     3   -55.0   57.793  -25.211    744.1    932.6    280.1      0.0     83.3
     1     1    14     9     6     2     0     2   -56.0   57.553  -25.411    761.4    930.3    280.0      0.0     82.2
     1     1    14     9     6     1     0     1   -57.0   57.325  -25.602    771.6    929.6    280.0      0.0     81.5
     1     1    14     9     6     0     0     0   -58.0   57.109  -25.779    775.0    929.6    280.1      0.0     80.2
     1     1    14     9     5    23     0     1   -59.0   56.900  -25.947    780.4    930.3    280.3      0.0     76.7
     1     1    14     9     5    22     0     2   -60.0   56.689  -26.117    796.0    928.8    280.5      0.0     73.5
     1     1    14     9     5    21     0     3   -61.0   56.478  -26.286    818.7    926.4    280.5      0.0     70.8
     1     1    14     9     5    20     0     2   -62.0   56.274  -26.450    841.7    923.4    280.3      0.0     71.5
     1     1    14     9     5    19     0     1   -63.0   56.085  -26.609    863.0    921.5    280.2      0.0     72.3
     1     1    14     9     5    18     0     0   -64.0   55.910  -26.763    887.4    919.1    280.0      0.0     72.6
     1     1    14     9     5    17     0     1   -65.0   55.742  -26.904    913.5    916.0    280.0      0.0     73.0
     1     1    14     9     5    16     0     2   -66.0   55.575  -27.021    936.3    913.6    279.9      0.0     74.0
     1     1    14     9     5    15     0     3   -67.0   55.411  -27.110    953.2    911.8    279.8      0.0     75.3
     1     1    14     9     5    14     0     2   -68.0   55.259  -27.180    963.3    911.0    279.7      0.0     76.4
     1     1    14     9     5    13     0     1   -69.0   55.125  -27.241    968.2    910.9    279.6      0.0     77.3
     1     1    14     9     5    12     0     0   -70.0   55.009  -27.291    970.2    911.0    279.6      0.0     77.9
     1     1    14     9     5    11     0     1   -71.0   54.902  -27.335    973.6    911.2    279.6      0.0     76.6
     1     1    14     9     5    10     0     2   -72.0   54.797  -27.375    981.8    910.4    279.5      0.0     75.3
