     7     1
    GDAS    14     8    22     0     0
    GDAS    14     8    29     0     0
    GDAS    14     9     1     0     0
    GDAS    14     9     8     0     0
    GDAS    14     9    15     0     0
    GDAS    14     9    22     0     0
    GDAS    14     9    29     0     0
     1 BACKWARD OMEGA   
    14     9    19    22   56.467   -2.973   100.0
     4 PRESSURE AIR_TEMP RAINFALL RELHUMID
     1     1    14     9    19    22     0     2     0.0   56.467   -2.973    100.0    973.3    284.6      0.0     85.7
     1     1    14     9    19    21     0     3    -1.0   56.509   -3.030    111.4    970.1    284.6      0.0     85.6
     1     1    14     9    19    20     0     2    -2.0   56.547   -3.088    123.5    966.0    285.0      0.0     85.6
     1     1    14     9    19    19     0     1    -3.0   56.577   -3.142    132.3    963.0    285.3      0.0     85.2
     1     1    14     9    19    18     0     0    -4.0   56.597   -3.193    136.4    960.9    285.6      0.0     84.4
     1     1    14     9    19    17     0     1    -5.0   56.606   -3.234    134.6    960.1    286.1      0.0     83.3
     1     1    14     9    19    16     0     2    -6.0   56.604   -3.260    127.2    960.5    286.7      0.0     82.1
     1     1    14     9    19    15     0     3    -7.0   56.593   -3.272    115.7    961.9    287.5      0.0     80.6
     1     1    14     9    19    14     0     2    -8.0   56.576   -3.268    104.8    964.1    287.3      0.0     81.2
     1     1    14     9    19    13     0     1    -9.0   56.558   -3.249     97.6    965.7    287.1      0.0     82.0
     1     1    14     9    19    12     0     0   -10.0   56.539   -3.216     93.1    967.2    286.9      0.0     83.0
     1     1    14     9    19    11     0     1   -11.0   56.521   -3.172     90.0    968.5    286.3      0.0     86.5
     1     1    14     9    19    10     0     2   -12.0   56.505   -3.122     86.9    969.9    285.8      0.0     89.9
     1     1    14     9    19     9     0     3   -13.0   56.491   -3.067     83.2    971.3    285.3      0.0     93.3
     1     1    14     9    19     8     0     2   -14.0   56.479   -3.006     79.6    972.7    285.0      0.0     94.2
     1     1    14     9    19     7     0     1   -15.0   56.468   -2.933     77.5    975.3    284.7      0.0     94.8
     1     1    14     9    19     6     0     0   -16.0   56.459   -2.846     76.5    978.1    284.5      0.0     95.1
     1     1    14     9    19     5     0     1   -17.0   56.453   -2.750     74.7    981.2    284.8      0.0     95.8
     1     1    14     9    19     4     0     2   -18.0   56.448   -2.647     70.7    984.8    285.2      0.0     96.5
     1     1    14     9    19     3     0     3   -19.0   56.444   -2.538     65.5    988.8    285.5      0.0     97.2
     1     1    14     9    19     2     0     2   -20.0   56.436   -2.421     59.0    993.2    285.8      0.0     96.7
     1     1    14     9    19     1     0     1   -21.0   56.425   -2.291     51.5    998.0    286.1      0.0     96.2
     1     1    14     9    19     0     0     0   -22.0   56.408   -2.148     43.2   1002.9    286.4      0.0     95.8
     1     1    14     9    18    23     0     1   -23.0   56.387   -1.993     35.8   1007.8    286.6      0.0     95.3
     1     1    14     9    18    22     0     2   -24.0   56.359   -1.820     30.7   1009.2    286.7      0.0     95.1
     1     1    14     9    18    21     0     3   -25.0   56.323   -1.621     28.3   1010.3    286.7      0.0     95.1
     1     1    14     9    18    20     0     2   -26.0   56.281   -1.392     27.5   1010.7    286.8      0.0     94.7
     1     1    14     9    18    19     0     1   -27.0   56.237   -1.138     28.0   1010.7    286.8      0.0     94.1
     1     1    14     9    18    18     0     0   -28.0   56.189   -0.871     30.4   1009.8    286.8      0.0     93.7
     1     1    14     9    18    17     0     1   -29.0   56.138   -0.606     33.5   1009.3    286.9      0.0     93.6
     1     1    14     9    18    16     0     2   -30.0   56.082   -0.350     35.5   1009.0    287.0      0.0     93.6
     1     1    14     9    18    15     0     3   -31.0   56.022   -0.105     36.2   1008.9    287.2      0.0     93.8
     1     1    14     9    18    14     0     2   -32.0   55.965    0.195     34.8   1009.2    287.3      0.0     91.0
     1     1    14     9    18    13     0     1   -33.0   55.915    0.577     33.3   1009.9    287.4      0.0     90.1
     1     1    14     9    18    12     0     0   -34.0   55.866    0.988     33.1   1010.2    287.5      0.0     89.1
     1     1    14     9    18    11     0     1   -35.0   55.821    1.420     33.1   1010.4    287.7      0.0     88.7
     1     1    14     9    18    10     0     2   -36.0   55.793    1.875     33.1   1010.6    287.9      0.0     87.7
     1     1    14     9    18     9     0     3   -37.0   55.783    2.360     33.1   1010.9    288.1      0.0     86.3
     1     1    14     9    18     8     0     2   -38.0   55.786    2.861     32.9   1011.0    288.3      0.0     85.4
     1     1    14     9    18     7     0     1   -39.0   55.796    3.361     32.7   1011.3    288.5      0.0     84.4
     1     1    14     9    18     6     0     0   -40.0   55.818    3.858     32.5   1011.5    288.6      0.0     83.4
     1     1    14     9    18     5     0     1   -41.0   55.842    4.366     32.2   1011.6    288.8      0.0     81.3
     1     1    14     9    18     4     0     2   -42.0   55.860    4.898     31.6   1011.7    289.0      0.0     79.2
     1     1    14     9    18     3     0     3   -43.0   55.876    5.446     31.3   1011.8    289.1      0.0     76.4
     1     1    14     9    18     2     0     2   -44.0   55.893    6.005     31.3   1012.0    289.3      0.0     73.5
     1     1    14     9    18     1     0     1   -45.0   55.899    6.566     31.3   1012.2    289.4      0.0     71.0
     1     1    14     9    18     0     0     0   -46.0   55.887    7.123     31.8   1012.3    289.6      0.0     68.0
     1     1    14     9    17    23     0     1   -47.0   55.870    7.652     35.2   1013.1    289.5      0.0     69.3
     1     1    14     9    17    22     0     2   -48.0   55.855    8.133     43.6   1012.4    288.9      0.0     70.1
     1     1    14     9    17    21     0     3   -49.0   55.844    8.565     58.4   1008.9    287.8      0.0     72.9
     1     1    14     9    17    20     0     2   -50.0   55.840    8.971     81.4   1002.9    287.5      0.0     74.7
     1     1    14     9    17    19     0     1   -51.0   55.844    9.398     99.3   1000.4    288.5      0.0     72.7
     1     1    14     9    17    18     0     0   -52.0   55.854    9.823     91.5   1002.5    288.9      0.0     71.8
     1     1    14     9    17    17     0     1   -53.0   55.864   10.196     73.8   1007.8    289.6      0.0     68.6
     1     1    14     9    17    16     0     2   -54.0   55.870   10.526     61.9   1011.1    290.2      0.0     65.7
     1     1    14     9    17    15     0     3   -55.0   55.880   10.829     57.2   1012.4    290.2      0.0     64.5
     1     1    14     9    17    14     0     2   -56.0   55.887   11.113     56.4   1013.7    290.0      0.0     67.2
     1     1    14     9    17    13     0     1   -57.0   55.879   11.380     56.4   1014.0    290.1      0.0     68.0
     1     1    14     9    17    12     0     0   -58.0   55.853   11.626     55.3   1014.8    290.4      0.0     68.2
     1     1    14     9    17    11     0     1   -59.0   55.817   11.870     53.1   1014.8    290.3      0.0     70.9
     1     1    14     9    17    10     0     2   -60.0   55.778   12.132     51.1   1014.1    290.4      0.0     74.5
     1     1    14     9    17     9     0     3   -61.0   55.733   12.417     51.1   1013.1    290.5      0.0     77.1
     1     1    14     9    17     8     0     2   -62.0   55.685   12.716     54.8   1011.7    289.7      0.0     78.7
     1     1    14     9    17     7     0     1   -63.0   55.636   13.019     64.1   1009.6    288.3      0.0     81.9
     1     1    14     9    17     6     0     0   -64.0   55.584   13.326     73.8   1007.7    287.3      0.0     85.9
     1     1    14     9    17     5     0     1   -65.0   55.535   13.634     74.4   1008.1    287.5      0.0     83.3
     1     1    14     9    17     4     0     2   -66.0   55.494   13.934     64.3   1010.0    287.7      0.0     80.7
     1     1    14     9    17     3     0     3   -67.0   55.461   14.219     51.6   1013.4    288.1      0.0     77.6
     1     1    14     9    17     2     0     2   -68.0   55.424   14.508     42.0   1015.8    288.7      0.0     74.7
     1     1    14     9    17     1     0     1   -69.0   55.370   14.819     35.5   1017.7    289.4      0.0     71.4
     1     1    14     9    17     0     0     0   -70.0   55.290   15.148     31.2   1018.6    289.8      0.0     68.0
     1     1    14     9    16    23     0     1   -71.0   55.194   15.496     28.7   1019.2    289.9      0.0     65.9
     1     1    14     9    16    22     0     2   -72.0   55.098   15.866     28.1   1019.7    290.0      0.0     64.3
