     7     1
    GDAS    14     8    22     0     0
    GDAS    14     8    29     0     0
    GDAS    14     9     1     0     0
    GDAS    14     9     8     0     0
    GDAS    14     9    15     0     0
    GDAS    14     9    22     0     0
    GDAS    14     9    29     0     0
     1 BACKWARD OMEGA   
    14     9     2    10   56.467   -2.973   100.0
     4 PRESSURE AIR_TEMP RAINFALL RELHUMID
     1     1    14     9     2    10     0     2     0.0   56.467   -2.973    100.0    980.8    286.0      0.0     77.6
     1     1    14     9     2     9     0     3    -1.0   56.421   -3.068    109.0    980.2    285.1      0.0     80.0
     1     1    14     9     2     8     0     2    -2.0   56.378   -3.182    122.7    979.6    284.3      0.0     82.1
     1     1    14     9     2     7     0     1    -3.0   56.342   -3.321    141.8    977.9    283.6      0.0     84.4
     1     1    14     9     2     6     0     0    -4.0   56.312   -3.484    162.7    974.9    283.1      0.0     86.6
     1     1    14     9     2     5     0     1    -5.0   56.290   -3.665    182.0    972.3    283.3      0.0     86.8
     1     1    14     9     2     4     0     2    -6.0   56.272   -3.850    200.3    970.2    283.5      0.0     86.9
     1     1    14     9     2     3     0     3    -7.0   56.257   -4.036    221.2    968.0    283.7      0.0     86.9
     1     1    14     9     2     2     0     2    -8.0   56.244   -4.227    246.6    965.7    283.7      0.0     87.7
     1     1    14     9     2     1     0     1    -9.0   56.236   -4.425    276.6    962.4    283.7      0.0     88.8
     1     1    14     9     2     0     0     0   -10.0   56.230   -4.630    311.0    958.1    283.5      0.0     90.0
     1     1    14     9     1    23     0     1   -11.0   56.230   -4.853    346.3    953.1    283.3      0.0     92.2
     1     1    14     9     1    22     0     2   -12.0   56.237   -5.109    374.1    951.4    283.4      0.0     94.1
     1     1    14     9     1    21     0     3   -13.0   56.244   -5.413    383.1    956.4    283.8      0.0     93.8
     1     1    14     9     1    20     0     2   -14.0   56.238   -5.763    362.6    965.9    284.5      0.0     91.5
     1     1    14     9     1    19     0     1   -15.0   56.207   -6.157    319.0    978.1    285.3      0.0     89.3
     1     1    14     9     1    18     0     0   -16.0   56.150   -6.610    289.1    986.9    286.0      0.0     87.5
     1     1    14     9     1    17     0     1   -17.0   56.063   -7.127    292.6    987.5    286.2      0.0     86.6
     1     1    14     9     1    16     0     2   -18.0   55.946   -7.662    307.0    982.7    286.0      0.0     86.9
     1     1    14     9     1    15     0     3   -19.0   55.811   -8.182    315.1    979.9    285.8      0.0     87.4
     1     1    14     9     1    14     0     2   -20.0   55.674   -8.687    316.7    980.3    285.8      0.0     87.0
     1     1    14     9     1    13     0     1   -21.0   55.538   -9.185    312.6    982.3    286.0      0.0     86.2
     1     1    14     9     1    12     0     0   -22.0   55.403   -9.677    308.6    983.1    286.1      0.0     85.2
     1     1    14     9     1    11     0     1   -23.0   55.280  -10.179    310.7    982.7    286.1      0.0     83.6
     1     1    14     9     1    10     0     2   -24.0   55.174  -10.696    320.5    981.3    286.1      0.0     82.2
     1     1    14     9     1     9     0     3   -25.0   55.084  -11.222    338.6    979.0    285.9      0.0     80.6
     1     1    14     9     1     8     0     2   -26.0   55.007  -11.753    363.4    975.4    285.7      0.0     81.3
     1     1    14     9     1     7     0     1   -27.0   54.943  -12.296    389.8    971.7    285.5      0.0     81.8
     1     1    14     9     1     6     0     0   -28.0   54.891  -12.862    412.9    968.5    285.4      0.0     81.7
     1     1    14     9     1     5     0     1   -29.0   54.841  -13.470    429.4    966.5    285.1      0.0     82.3
     1     1    14     9     1     4     0     2   -30.0   54.784  -14.129    440.4    965.2    284.9      0.0     82.1
     1     1    14     9     1     3     0     3   -31.0   54.719  -14.839    446.5    964.1    284.7      0.0     84.5
     1     1    14     9     1     2     0     2   -32.0   54.640  -15.586    452.7    963.9    284.6      0.0     84.7
     1     1    14     9     1     1     0     1   -33.0   54.546  -16.352    469.5    961.4    284.4      0.0     84.8
     1     1    14     9     1     0     0     0   -34.0   54.440  -17.124    494.9    958.1    284.2      0.0     86.2
     1     1    14     8    31    23     0     1   -35.0   54.331  -17.888    523.1    954.5    283.7      0.0     86.7
     1     1    14     8    31    22     0     2   -36.0   54.226  -18.640    552.3    950.9    283.2      0.0     86.8
     1     1    14     8    31    21     0     3   -37.0   54.132  -19.391    580.0    947.3    282.6      0.0     86.9
     1     1    14     8    31    20     0     2   -38.0   54.051  -20.160    601.7    944.5    282.4      0.0     87.7
     1     1    14     8    31    19     0     1   -39.0   53.976  -20.958    618.1    942.3    282.2      0.0     88.0
     1     1    14     8    31    18     0     0   -40.0   53.904  -21.791    633.6    940.2    282.1      0.0     87.9
     1     1    14     8    31    17     0     1   -41.0   53.833  -22.651    651.3    937.9    281.8      0.0     87.5
     1     1    14     8    31    16     0     2   -42.0   53.760  -23.534    673.1    934.9    281.5      0.0     86.1
     1     1    14     8    31    15     0     3   -43.0   53.693  -24.455    689.9    932.6    281.3      0.0     83.6
     1     1    14     8    31    14     0     2   -44.0   53.646  -25.440    698.1    931.2    281.1      0.0     83.4
     1     1    14     8    31    13     0     1   -45.0   53.604  -26.455    713.0    929.5    280.9      0.0     83.6
     1     1    14     8    31    12     0     0   -46.0   53.559  -27.498    760.3    923.6    280.4      0.0     84.4
     1     1    14     8    31    11     0     1   -47.0   53.520  -28.549    813.9    916.9    279.8      0.0     85.0
     1     1    14     8    31    10     0     2   -48.0   53.488  -29.570    861.7    911.6    279.2      0.0     87.1
     1     1    14     8    31     9     0     3   -49.0   53.445  -30.550    911.1    905.8    278.4      0.0     90.8
     1     1    14     8    31     8     0     2   -50.0   53.416  -31.505    954.5    900.0    278.3      0.0     87.8
     1     1    14     8    31     7     0     1   -51.0   53.432  -32.449    986.6    895.5    278.1      0.0     86.5
     1     1    14     8    31     6     0     0   -52.0   53.454  -33.379   1003.5    893.4    277.8      0.0     88.0
     1     1    14     8    31     5     0     1   -53.0   53.500  -34.304   1020.1    890.8    277.7      0.0     85.3
     1     1    14     8    31     4     0     2   -54.0   53.606  -35.197   1037.5    888.5    277.5      0.0     81.9
     1     1    14     8    31     3     0     3   -55.0   53.727  -36.037   1067.4    884.9    277.1      0.0     79.1
     1     1    14     8    31     2     0     2   -56.0   53.848  -36.853   1096.6    880.8    276.8      0.0     83.6
     1     1    14     8    31     1     0     1   -57.0   54.005  -37.655   1131.2    877.0    276.5      0.0     82.1
     1     1    14     8    31     0     0     0   -58.0   54.179  -38.399   1186.8    870.5    276.0      0.0     81.9
     1     1    14     8    30    23     0     1   -59.0   54.370  -39.093   1249.8    862.5    275.5      0.0     82.0
     1     1    14     8    30    22     0     2   -60.0   54.600  -39.751   1302.5    855.6    275.2      0.0     78.6
     1     1    14     8    30    21     0     3   -61.0   54.858  -40.379   1342.9    851.0    275.1      0.0     74.2
     1     1    14     8    30    20     0     2   -62.0   55.130  -40.964   1378.2    846.9    275.0      0.0     70.5
     1     1    14     8    30    19     0     1   -63.0   55.416  -41.501   1409.5    842.4    274.8      0.0     70.9
     1     1    14     8    30    18     0     0   -64.0   55.702  -41.994   1434.8    839.4    274.7      0.0     67.0
     1     1    14     8    30    17     0     1   -65.0   55.968  -42.416   1461.1    836.9    274.5      0.0     67.3
     1     1    14     8    30    16     0     2   -66.0   56.226  -42.736   1498.4    833.2    273.9      0.0     70.0
     1     1    14     8    30    15     0     3   -67.0   56.494  -42.957   1548.9    827.2    273.1      0.0     75.4
     1     1    14     8    30    14     0     2   -68.0   56.772  -43.110   1610.6    820.8    272.6      0.0     77.6
     1     1    14     8    30    13     0     1   -69.0   57.051  -43.228   1681.7    813.1    272.0      0.0     77.7
     1     1    14     8    30    12     0     0   -70.0   57.339  -43.319   1748.9    805.4    271.4      0.0     78.9
     1     1    14     8    30    11     0     1   -71.0   57.628  -43.404   1798.6    799.8    271.1      0.0     82.0
     1     1    14     8    30    10     0     2   -72.0   57.907  -43.505   1839.4    796.8    270.9      0.0     83.6
