     7     1
    GDAS    14     8    22     0     0
    GDAS    14     8    29     0     0
    GDAS    14     9     1     0     0
    GDAS    14     9     8     0     0
    GDAS    14     9    15     0     0
    GDAS    14     9    22     0     0
    GDAS    14     9    29     0     0
     1 BACKWARD OMEGA   
    14     9    14    17   56.467   -2.973   100.0
     4 PRESSURE AIR_TEMP RAINFALL RELHUMID
     1     1    14     9    14    17     0     1     0.0   56.467   -2.973    100.0    984.5    284.8      0.0     92.1
     1     1    14     9    14    16     0     2    -1.0   56.473   -2.723     53.6    998.6    285.8      0.0     88.5
     1     1    14     9    14    15     0     3    -2.0   56.484   -2.491     27.2   1009.2    286.5      0.0     86.5
     1     1    14     9    14    14     0     2    -3.0   56.499   -2.267     14.3   1017.0    286.6      0.0     88.4
     1     1    14     9    14    13     0     1    -4.0   56.518   -2.057      9.4   1023.9    286.7      0.0     90.4
     1     1    14     9    14    12     0     0    -5.0   56.539   -1.857      7.8   1026.4    286.8      0.0     91.6
     1     1    14     9    14    11     0     1    -6.0   56.556   -1.657      6.8   1026.5    286.7      0.0     91.3
     1     1    14     9    14    10     0     2    -7.0   56.571   -1.452      6.2   1026.6    286.6      0.0     91.8
     1     1    14     9    14     9     0     3    -8.0   56.584   -1.242      5.9   1026.6    286.7      0.0     93.0
     1     1    14     9    14     8     0     2    -9.0   56.598   -1.031      6.0   1027.3    286.7      0.0     92.7
     1     1    14     9    14     7     0     1   -10.0   56.612   -0.823      5.9   1027.7    286.6      0.0     91.5
     1     1    14     9    14     6     0     0   -11.0   56.626   -0.626      5.7   1028.0    286.6      0.0     90.2
     1     1    14     9    14     5     0     1   -12.0   56.637   -0.439      5.4   1028.2    286.5      0.0     89.9
     1     1    14     9    14     4     0     2   -13.0   56.643   -0.261      5.1   1028.4    286.5      0.0     89.6
     1     1    14     9    14     3     0     3   -14.0   56.643   -0.091      4.8   1028.6    286.5      0.0     89.4
     1     1    14     9    14     2     0     2   -15.0   56.653    0.101      4.8   1028.6    286.9      0.0     92.5
     1     1    14     9    14     1     0     1   -16.0   56.673    0.319      4.9   1028.7    287.0      0.0     92.0
     1     1    14     9    14     0     0     0   -17.0   56.694    0.535      4.9   1028.8    287.0      0.0     92.1
     1     1    14     9    13    23     0     1   -18.0   56.720    0.753      5.0   1029.0    287.1      0.0     90.1
     1     1    14     9    13    22     0     2   -19.0   56.761    0.972      5.3   1029.3    287.2      0.0     88.7
     1     1    14     9    13    21     0     3   -20.0   56.820    1.189      5.6   1029.5    287.3      0.0     87.1
     1     1    14     9    13    20     0     2   -21.0   56.884    1.395      6.0   1029.8    287.5      0.0     85.9
     1     1    14     9    13    19     0     1   -22.0   56.948    1.583      6.3   1030.1    287.6      0.0     85.3
     1     1    14     9    13    18     0     0   -23.0   57.014    1.750      6.6   1030.4    287.7      0.0     85.1
     1     1    14     9    13    17     0     1   -24.0   57.088    1.902      6.7   1030.5    287.7      0.0     85.0
     1     1    14     9    13    16     0     2   -25.0   57.175    2.045      6.9   1030.6    287.8      0.0     84.4
     1     1    14     9    13    15     0     3   -26.0   57.271    2.182      7.1   1030.3    287.8      0.0     83.9
     1     1    14     9    13    14     0     2   -27.0   57.361    2.305      7.4   1029.9    287.7      0.0     83.3
     1     1    14     9    13    13     0     1   -28.0   57.437    2.406      7.8   1029.9    287.7      0.0     82.9
     1     1    14     9    13    12     0     0   -29.0   57.501    2.484      8.2   1030.1    287.7      0.0     82.6
     1     1    14     9    13    11     0     1   -30.0   57.556    2.554      8.6   1029.5    287.7      0.0     83.0
     1     1    14     9    13    10     0     2   -31.0   57.609    2.632      9.1   1028.7    287.8      0.0     83.5
     1     1    14     9    13     9     0     3   -32.0   57.659    2.722      9.6   1027.8    287.9      0.0     84.1
     1     1    14     9    13     8     0     2   -33.0   57.712    2.817     10.0   1028.2    287.9      0.0     83.5
     1     1    14     9    13     7     0     1   -34.0   57.771    2.911     10.1   1028.5    287.9      0.0     82.6
     1     1    14     9    13     6     0     0   -35.0   57.839    3.002     10.0   1028.9    287.9      0.0     81.5
     1     1    14     9    13     5     0     1   -36.0   57.909    3.085      9.9   1028.8    287.9      0.0     80.9
     1     1    14     9    13     4     0     2   -37.0   57.973    3.147     10.1   1028.5    287.9      0.0     80.0
     1     1    14     9    13     3     0     3   -38.0   58.029    3.184     10.6   1028.2    287.8      0.0     78.9
     1     1    14     9    13     2     0     2   -39.0   58.075    3.200     11.3   1028.4    287.8      0.0     79.2
     1     1    14     9    13     1     0     1   -40.0   58.112    3.200     12.0   1028.6    287.8      0.0     79.5
     1     1    14     9    13     0     0     0   -41.0   58.139    3.187     12.7   1028.9    287.8      0.0     79.8
     1     1    14     9    12    23     0     1   -42.0   58.161    3.164     13.4   1027.6    287.8      0.0     79.6
     1     1    14     9    12    22     0     2   -43.0   58.181    3.137     13.9   1026.3    287.8      0.0     79.5
     1     1    14     9    12    21     0     3   -44.0   58.199    3.106     14.1   1025.2    287.9      0.0     79.3
     1     1    14     9    12    20     0     2   -45.0   58.218    3.063     14.2   1025.4    287.8      0.0     79.7
     1     1    14     9    12    19     0     1   -46.0   58.240    2.997     14.2   1025.7    287.8      0.0     80.1
     1     1    14     9    12    18     0     0   -47.0   58.266    2.911     14.2   1025.9    287.7      0.0     80.3
     1     1    14     9    12    17     0     1   -48.0   58.290    2.811     14.4   1025.1    287.6      0.0     80.2
     1     1    14     9    12    16     0     2   -49.0   58.306    2.701     14.7   1024.1    287.5      0.0     80.2
     1     1    14     9    12    15     0     3   -50.0   58.315    2.580     15.4   1023.2    287.4      0.0     80.2
     1     1    14     9    12    14     0     2   -51.0   58.317    2.461     16.0   1023.6    287.4      0.0     80.1
     1     1    14     9    12    13     0     1   -52.0   58.313    2.352     16.4   1024.4    287.4      0.0     80.0
     1     1    14     9    12    12     0     0   -53.0   58.304    2.253     16.6   1025.3    287.4      0.0     80.0
     1     1    14     9    12    11     0     1   -54.0   58.289    2.161     16.6   1025.1    287.3      0.0     81.3
     1     1    14     9    12    10     0     2   -55.0   58.267    2.079     16.8   1024.7    287.3      0.0     82.7
     1     1    14     9    12     9     0     3   -56.0   58.236    2.006     17.0   1024.1    287.3      0.0     84.2
     1     1    14     9    12     8     0     2   -57.0   58.204    1.933     17.2   1024.0    287.3      0.0     84.4
     1     1    14     9    12     7     0     1   -58.0   58.176    1.849     17.3   1024.0    287.2      0.0     84.6
     1     1    14     9    12     6     0     0   -59.0   58.151    1.753     17.3   1023.9    287.1      0.0     84.8
     1     1    14     9    12     5     0     1   -60.0   58.123    1.657     17.5   1024.2    287.1      0.0     85.0
     1     1    14     9    12     4     0     2   -61.0   58.086    1.576     18.1   1024.5    287.0      0.0     85.3
     1     1    14     9    12     3     0     3   -62.0   58.043    1.510     19.1   1024.7    286.9      0.0     85.6
     1     1    14     9    12     2     0     2   -63.0   57.992    1.450     20.3   1024.4    286.9      0.0     85.0
     1     1    14     9    12     1     0     1   -64.0   57.932    1.384     21.0   1024.2    286.9      0.0     84.6
     1     1    14     9    12     0     0     0   -65.0   57.862    1.313     21.2   1024.0    287.0      0.0     84.4
     1     1    14     9    11    23     0     1   -66.0   57.787    1.253     21.3   1024.1    287.0      0.0     82.4
     1     1    14     9    11    22     0     2   -67.0   57.713    1.218     21.6   1024.0    287.1      0.0     80.4
     1     1    14     9    11    21     0     3   -68.0   57.642    1.207     22.3   1023.9    287.2      0.0     78.4
     1     1    14     9    11    20     0     2   -69.0   57.575    1.205     23.2   1023.7    287.2      0.0     78.9
     1     1    14     9    11    19     0     1   -70.0   57.510    1.195     24.2   1023.4    287.2      0.0     79.3
     1     1    14     9    11    18     0     0   -71.0   57.447    1.178     25.2   1023.2    287.1      0.0     79.5
     1     1    14     9    11    17     0     1   -72.0   57.384    1.160     26.0   1021.9    287.1      0.0     80.1
