     7     1
    GDAS    14     8    22     0     0
    GDAS    14     8    29     0     0
    GDAS    14     9     1     0     0
    GDAS    14     9     8     0     0
    GDAS    14     9    15     0     0
    GDAS    14     9    22     0     0
    GDAS    14     9    29     0     0
     1 BACKWARD OMEGA   
    14     9    11    17   56.467   -2.973   100.0
     4 PRESSURE AIR_TEMP RAINFALL RELHUMID
     1     1    14     9    11    17     0     1     0.0   56.467   -2.973    100.0    980.0    288.0      0.0     83.1
     1     1    14     9    11    16     0     2    -1.0   56.431   -2.903     84.7    984.7    288.5      0.0     80.0
     1     1    14     9    11    15     0     3    -2.0   56.384   -2.832     70.2    989.9    289.0      0.0     77.1
     1     1    14     9    11    14     0     2    -3.0   56.330   -2.759     59.3    995.5    288.8      0.0     78.1
     1     1    14     9    11    13     0     1    -4.0   56.273   -2.685     52.7    999.7    288.5      0.0     79.7
     1     1    14     9    11    12     0     0    -5.0   56.212   -2.610     48.9   1003.5    288.0      0.0     81.5
     1     1    14     9    11    11     0     1    -6.0   56.149   -2.540     48.1   1005.8    287.3      0.0     83.2
     1     1    14     9    11    10     0     2    -7.0   56.082   -2.482     50.9   1007.4    286.5      0.0     85.1
     1     1    14     9    11     9     0     3    -8.0   56.012   -2.438     57.5   1008.1    285.9      0.0     87.1
     1     1    14     9    11     8     0     2    -9.0   55.938   -2.406     65.9   1005.9    285.6      0.0     87.9
     1     1    14     9    11     7     0     1   -10.0   55.861   -2.380     73.3   1003.6    285.2      0.0     88.8
     1     1    14     9    11     6     0     0   -11.0   55.781   -2.360     79.5   1001.5    284.6      0.0     89.7
     1     1    14     9    11     5     0     1   -12.0   55.695   -2.332     86.0    999.6    284.7      0.0     89.4
     1     1    14     9    11     4     0     2   -13.0   55.596   -2.281     93.9    997.1    284.7      0.0     89.1
     1     1    14     9    11     3     0     3   -14.0   55.484   -2.212    103.2    994.1    284.6      0.0     89.1
     1     1    14     9    11     2     0     2   -15.0   55.366   -2.136    112.3    990.6    284.4      0.0     89.2
     1     1    14     9    11     1     0     1   -16.0   55.245   -2.063    119.4    987.0    284.2      0.0     89.5
     1     1    14     9    11     0     0     0   -17.0   55.122   -1.994    122.9    983.6    284.0      0.0     90.1
     1     1    14     9    10    23     0     1   -18.0   55.008   -1.908    119.7    983.4    284.2      0.0     89.8
     1     1    14     9    10    22     0     2   -19.0   54.912   -1.782    109.4    987.4    284.7      0.0     88.1
     1     1    14     9    10    21     0     3   -20.0   54.831   -1.617     96.7    993.0    285.2      0.0     85.5
     1     1    14     9    10    20     0     2   -21.0   54.761   -1.429     86.4    999.0    286.0      0.0     81.9
     1     1    14     9    10    19     0     1   -22.0   54.700   -1.229     81.8   1004.4    286.6      0.0     78.2
     1     1    14     9    10    18     0     0   -23.0   54.642   -1.015     85.1   1009.1    287.2      0.0     74.7
     1     1    14     9    10    17     0     1   -24.0   54.587   -0.793     94.2   1007.6    287.5      0.0     72.7
     1     1    14     9    10    16     0     2   -25.0   54.539   -0.573    104.1   1006.2    287.8      0.0     70.7
     1     1    14     9    10    15     0     3   -26.0   54.498   -0.357    114.4   1004.9    288.0      0.0     68.7
     1     1    14     9    10    14     0     2   -27.0   54.459   -0.157    122.4   1003.5    288.0      0.0     68.6
     1     1    14     9    10    13     0     1   -28.0   54.419    0.011    123.4   1007.6    286.8      0.0     75.5
     1     1    14     9    10    12     0     0   -29.0   54.379    0.148    120.6   1008.6    286.8      0.0     75.9
     1     1    14     9    10    11     0     1   -30.0   54.345    0.278    119.1   1008.5    286.8      0.0     75.6
     1     1    14     9    10    10     0     2   -31.0   54.326    0.410    119.7   1008.3    286.8      0.0     75.6
     1     1    14     9    10     9     0     3   -32.0   54.323    0.545    122.4   1007.9    286.7      0.0     75.7
     1     1    14     9    10     8     0     2   -33.0   54.329    0.673    126.5   1007.2    286.6      0.0     76.5
     1     1    14     9    10     7     0     1   -34.0   54.340    0.788    130.7   1006.6    286.4      0.0     77.4
     1     1    14     9    10     6     0     0   -35.0   54.356    0.893    134.2   1006.1    286.3      0.0     78.2
     1     1    14     9    10     5     0     1   -36.0   54.373    0.984    136.3   1005.9    286.3      0.0     78.5
     1     1    14     9    10     4     0     2   -37.0   54.389    1.059    136.1   1005.9    286.4      0.0     78.6
     1     1    14     9    10     3     0     3   -38.0   54.403    1.115    133.5   1006.1    286.6      0.0     78.6
     1     1    14     9    10     2     0     2   -39.0   54.418    1.161    130.1   1006.6    286.6      0.0     78.6
     1     1    14     9    10     1     0     1   -40.0   54.435    1.202    127.1   1007.0    286.6      0.0     78.7
     1     1    14     9    10     0     0     0   -41.0   54.454    1.240    124.5   1007.2    286.6      0.0     78.8
     1     1    14     9     9    23     0     1   -42.0   54.482    1.267    122.5   1007.4    286.7      0.0     78.8
     1     1    14     9     9    22     0     2   -43.0   54.523    1.276    121.4   1007.5    286.7      0.0     78.8
     1     1    14     9     9    21     0     3   -44.0   54.579    1.267    121.0   1007.5    286.7      0.0     79.0
     1     1    14     9     9    20     0     2   -45.0   54.642    1.242    121.5   1007.3    286.7      0.0     79.7
     1     1    14     9     9    19     0     1   -46.0   54.708    1.205    123.0   1006.9    286.6      0.0     80.4
     1     1    14     9     9    18     0     0   -47.0   54.774    1.155    125.1   1006.5    286.5      0.0     81.3
     1     1    14     9     9    17     0     1   -48.0   54.836    1.079    129.2   1006.2    286.3      0.0     81.7
     1     1    14     9     9    16     0     2   -49.0   54.889    0.964    138.3   1005.4    286.1      0.0     82.1
     1     1    14     9     9    15     0     3   -50.0   54.929    0.820    155.2   1003.3    285.8      0.0     81.6
     1     1    14     9     9    14     0     2   -51.0   54.958    0.668    178.4    999.9    285.5      0.0     81.8
     1     1    14     9     9    13     0     1   -52.0   54.984    0.515    204.6    996.9    285.2      0.0     82.4
     1     1    14     9     9    12     0     0   -53.0   55.005    0.355    234.6    993.8    284.8      0.0     83.4
     1     1    14     9     9    11     0     1   -54.0   55.022    0.188    266.3    990.1    284.4      0.0     82.7
     1     1    14     9     9    10     0     2   -55.0   55.039    0.020    295.2    986.1    284.1      0.0     82.6
     1     1    14     9     9     9     0     3   -56.0   55.029   -0.112    324.1    983.3    284.0      0.0     77.3
     1     1    14     9     9     8     0     2   -57.0   54.999   -0.210    350.8    979.0    283.8      0.0     77.5
     1     1    14     9     9     7     0     1   -58.0   54.980   -0.315    366.2    976.8    283.7      0.0     77.8
     1     1    14     9     9     6     0     0   -59.0   54.972   -0.428    369.5    976.1    283.6      0.0     78.0
     1     1    14     9     9     5     0     1   -60.0   54.964   -0.552    367.8    977.0    283.8      0.0     77.0
     1     1    14     9     9     4     0     2   -61.0   54.941   -0.683    367.5    976.8    283.9      0.0     76.1
     1     1    14     9     9     3     0     3   -62.0   54.904   -0.820    368.0    976.4    284.0      0.0     75.4
     1     1    14     9     9     2     0     2   -63.0   54.866   -0.944    371.6    976.1    284.0      0.0     74.7
     1     1    14     9     9     1     0     1   -64.0   54.839   -1.041    381.0    973.9    284.0      0.0     74.3
     1     1    14     9     9     0     0     0   -65.0   54.823   -1.113    395.7    970.4    283.8      0.0     74.2
     1     1    14     9     8    23     0     1   -66.0   54.817   -1.168    419.2    966.7    283.7      0.0     75.0
     1     1    14     9     8    22     0     2   -67.0   54.825   -1.221    453.9    961.1    283.4      0.0     76.1
     1     1    14     9     8    21     0     3   -68.0   54.845   -1.283    496.7    954.3    283.1      0.0     77.7
     1     1    14     9     8    20     0     2   -69.0   54.870   -1.355    541.9    946.8    282.5      0.0     80.4
     1     1    14     9     8    19     0     1   -70.0   54.892   -1.434    583.2    940.2    281.9      0.0     82.6
     1     1    14     9     8    18     0     0   -71.0   54.907   -1.518    617.6    934.2    281.5      0.0     84.6
     1     1    14     9     8    17     0     1   -72.0   54.926   -1.600    628.5    929.2    281.4      0.0     85.8
