     7     1
    GDAS    14     8    22     0     0
    GDAS    14     8    29     0     0
    GDAS    14     9     1     0     0
    GDAS    14     9     8     0     0
    GDAS    14     9    15     0     0
    GDAS    14     9    22     0     0
    GDAS    14     9    29     0     0
     1 BACKWARD OMEGA   
    14     9    16     4   56.467   -2.973   100.0
     4 PRESSURE AIR_TEMP RAINFALL RELHUMID
     1     1    14     9    16     4     0     2     0.0   56.467   -2.973    100.0    974.8    284.9      0.0     98.3
     1     1    14     9    16     3     0     3    -1.0   56.446   -2.861     79.3    981.4    285.3      0.0     98.4
     1     1    14     9    16     2     0     2    -2.0   56.435   -2.745     60.1    987.0    285.5      0.3     98.4
     1     1    14     9    16     1     0     1    -3.0   56.439   -2.617     40.3    992.9    285.7      0.3     98.4
     1     1    14     9    16     0     0     0    -4.0   56.456   -2.473     23.2    999.3    285.9      0.4     98.2
     1     1    14     9    15    23     0     1    -5.0   56.488   -2.321     12.0   1005.8    286.1      0.2     98.0
     1     1    14     9    15    22     0     2    -6.0   56.535   -2.163      5.3   1010.9    286.2      0.2     97.9
     1     1    14     9    15    21     0     3    -7.0   56.603   -1.988      0.2   1016.6    286.4      0.2     98.2
     1     1    14     9    15    20     0     2    -8.0   56.671   -1.754      0.0   1016.9    286.5      0.5     97.5
     1     1    14     9    15    19     0     1    -9.0   56.719   -1.421      0.0   1017.1    286.6      0.0     96.6
     1     1    14     9    15    18     0     0   -10.0   56.754   -0.990      0.0   1017.2    286.6      0.0     95.2
     1     1    14     9    15    17     0     1   -11.0   56.789   -0.499      0.0   1018.0    286.6      0.2     95.9
     1     1    14     9    15    16     0     2   -12.0   56.819    0.019      0.0   1018.9    286.9      0.2     94.5
     1     1    14     9    15    15     0     3   -13.0   56.847    0.578      0.0   1019.8    287.0      0.2     92.6
     1     1    14     9    15    14     0     2   -14.0   56.879    1.174      0.0   1020.0    287.3      0.2     92.8
     1     1    14     9    15    13     0     1   -15.0   56.899    1.772      0.0   1021.5    287.6      0.0     92.6
     1     1    14     9    15    12     0     0   -16.0   56.909    2.366      0.0   1023.1    287.8      0.0     91.0
     1     1    14     9    15    11     0     1   -17.0   56.920    2.983      0.0   1022.3    288.1      0.0     90.9
     1     1    14     9    15    10     0     2   -18.0   56.942    3.657      0.0   1021.5    288.4      0.0     91.5
     1     1    14     9    15     9     0     3   -19.0   56.983    4.397      0.0   1020.6    288.7      0.0     91.5
     1     1    14     9    15     8     0     2   -20.0   57.048    5.168      0.0   1022.0    289.0      0.0     89.6
     1     1    14     9    15     7     0     1   -21.0   57.135    5.905      0.1   1023.9    289.2      0.0     88.4
     1     1    14     9    15     6     0     0   -22.0   57.232    6.595      0.9   1022.8    289.3      0.0     89.1
     1     1    14     9    15     5     0     1   -23.0   57.320    7.223      2.8   1022.0    289.2      0.0     88.7
     1     1    14     9    15     4     0     2   -24.0   57.397    7.777      4.6   1022.6    289.3      0.0     89.1
     1     1    14     9    15     3     0     3   -25.0   57.464    8.266      5.4   1023.5    289.4      0.0     88.8
     1     1    14     9    15     2     0     2   -26.0   57.528    8.726      5.6   1025.1    289.6      0.0     87.7
     1     1    14     9    15     1     0     1   -27.0   57.587    9.181      5.4   1025.8    289.7      0.0     86.7
     1     1    14     9    15     0     0     0   -28.0   57.624    9.623      4.8   1025.4    289.5      0.0     85.4
     1     1    14     9    14    23     0     1   -29.0   57.640   10.041      4.2   1025.4    289.3      0.0     83.7
     1     1    14     9    14    22     0     2   -30.0   57.655   10.459      3.8   1026.7    289.5      0.0     82.2
     1     1    14     9    14    21     0     3   -31.0   57.677   10.909      3.9   1027.2    289.8      0.0     81.0
     1     1    14     9    14    20     0     2   -32.0   57.705   11.338      4.7   1025.1    288.9      0.0     80.2
     1     1    14     9    14    19     0     1   -33.0   57.738   11.693      6.6   1021.8    288.1      0.0     79.9
     1     1    14     9    14    18     0     0   -34.0   57.774   11.974      9.6   1018.4    287.5      0.0     79.6
     1     1    14     9    14    17     0     1   -35.0   57.806   12.230     14.6   1014.7    288.2      0.0     78.4
     1     1    14     9    14    16     0     2   -36.0   57.830   12.510     25.5   1009.7    288.9      0.0     76.3
     1     1    14     9    14    15     0     3   -37.0   57.843   12.830     48.0   1003.2    289.5      0.0     73.0
     1     1    14     9    14    14     0     2   -38.0   57.854   13.184     80.2    995.9    288.5      0.0     75.1
     1     1    14     9    14    13     0     1   -39.0   57.872   13.543    102.2    991.3    287.7      0.0     77.6
     1     1    14     9    14    12     0     0   -40.0   57.897   13.891    100.9    990.3    287.2      0.0     79.8
     1     1    14     9    14    11     0     1   -41.0   57.926   14.224     86.5    992.3    286.8      0.0     81.4
     1     1    14     9    14    10     0     2   -42.0   57.960   14.547     73.1    994.0    286.5      0.0     83.4
     1     1    14     9    14     9     0     3   -43.0   58.000   14.857     63.1    995.0    286.0      0.0     86.1
     1     1    14     9    14     8     0     2   -44.0   58.047   15.141     53.2    998.6    285.7      0.0     89.3
     1     1    14     9    14     7     0     1   -45.0   58.104   15.381     41.8   1003.1    285.4      0.0     92.4
     1     1    14     9    14     6     0     0   -46.0   58.169   15.577     30.5   1007.2    284.9      0.0     95.6
     1     1    14     9    14     5     0     1   -47.0   58.240   15.739     21.0   1010.9    284.9      0.0     95.0
     1     1    14     9    14     4     0     2   -48.0   58.313   15.880     14.2   1014.5    284.6      0.0     93.9
     1     1    14     9    14     3     0     3   -49.0   58.389   16.007      9.9   1017.3    284.1      0.0     92.5
     1     1    14     9    14     2     0     2   -50.0   58.464   16.136      7.3   1019.3    284.3      0.0     90.9
     1     1    14     9    14     1     0     1   -51.0   58.536   16.280      5.3   1021.2    284.5      0.0     89.5
     1     1    14     9    14     0     0     0   -52.0   58.606   16.440      3.9   1022.7    284.7      0.0     88.1
     1     1    14     9    13    23     0     1   -53.0   58.672   16.612      2.9   1023.9    284.8      0.0     88.0
     1     1    14     9    13    22     0     2   -54.0   58.736   16.793      2.2   1025.0    284.9      0.0     88.1
     1     1    14     9    13    21     0     3   -55.0   58.798   16.978      1.8   1026.1    285.0      0.0     88.4
     1     1    14     9    13    20     0     2   -56.0   58.858   17.163      1.6   1025.2    285.1      0.0     87.4
     1     1    14     9    13    19     0     1   -57.0   58.916   17.348      1.3   1024.6    285.4      0.0     86.9
     1     1    14     9    13    18     0     0   -58.0   58.975   17.534      1.1   1024.6    285.6      0.0     86.8
     1     1    14     9    13    17     0     1   -59.0   59.037   17.728      0.9   1024.5    287.0      0.0     84.7
     1     1    14     9    13    16     0     2   -60.0   59.103   17.944      0.8   1024.0    288.1      0.0     83.8
     1     1    14     9    13    15     0     3   -61.0   59.174   18.184      0.8   1023.7    289.3      0.0     83.3
     1     1    14     9    13    14     0     2   -62.0   59.258   18.430      0.9   1025.1    289.6      0.0     83.8
     1     1    14     9    13    13     0     1   -63.0   59.353   18.666      0.9   1026.4    289.7      0.0     84.6
     1     1    14     9    13    12     0     0   -64.0   59.458   18.894      0.8   1027.7    289.5      0.0     85.9
     1     1    14     9    13    11     0     1   -65.0   59.569   19.121      0.6   1028.0    289.1      0.0     86.6
     1     1    14     9    13    10     0     2   -66.0   59.684   19.360      0.4   1027.9    288.9      0.0     86.6
     1     1    14     9    13     9     0     3   -67.0   59.795   19.620      0.3   1027.8    288.7      0.0     87.1
     1     1    14     9    13     8     0     2   -68.0   59.901   19.902      0.3   1027.9    288.6      0.0     87.2
     1     1    14     9    13     7     0     1   -69.0   60.003   20.201      0.4   1028.5    288.6      0.0     87.1
     1     1    14     9    13     6     0     0   -70.0   60.101   20.523      0.5   1028.9    288.7      0.0     86.6
     1     1    14     9    13     5     0     1   -71.0   60.204   20.856      0.6   1027.7    288.7      0.0     84.9
     1     1    14     9    13     4     0     2   -72.0   60.318   21.177      1.0   1026.3    288.3      0.0     84.0
