     7     1
    GDAS    14     8    22     0     0
    GDAS    14     8    29     0     0
    GDAS    14     9     1     0     0
    GDAS    14     9     8     0     0
    GDAS    14     9    15     0     0
    GDAS    14     9    22     0     0
    GDAS    14     9    29     0     0
     1 BACKWARD OMEGA   
    14     9     6    12   56.467   -2.973   100.0
     4 PRESSURE AIR_TEMP RAINFALL RELHUMID
     1     1    14     9     6    12     0     0     0.0   56.467   -2.973    100.0    972.8    285.2      0.0     75.1
     1     1    14     9     6    11     0     1    -1.0   56.458   -3.153    126.2    968.5    284.3      0.0     78.1
     1     1    14     9     6    10     0     2    -2.0   56.440   -3.326    148.5    964.8    283.3      0.0     81.6
     1     1    14     9     6     9     0     3    -3.0   56.417   -3.485    164.1    962.6    282.5      0.0     85.2
     1     1    14     9     6     8     0     2    -4.0   56.394   -3.621    174.8    961.5    281.9      0.0     87.1
     1     1    14     9     6     7     0     1    -5.0   56.377   -3.723    183.7    960.7    281.2      0.0     88.8
     1     1    14     9     6     6     0     0    -6.0   56.363   -3.788    192.3    960.0    280.7      0.0     90.4
     1     1    14     9     6     5     0     1    -7.0   56.356   -3.830    200.1    959.1    281.1      0.0     90.8
     1     1    14     9     6     4     0     2    -8.0   56.362   -3.870    205.3    958.1    281.4      0.0     91.2
     1     1    14     9     6     3     0     3    -9.0   56.380   -3.911    207.6    956.7    281.7      0.0     91.6
     1     1    14     9     6     2     0     2   -10.0   56.410   -3.947    206.7    955.3    281.8      0.0     92.0
     1     1    14     9     6     1     0     1   -11.0   56.448   -3.970    203.6    953.7    282.0      0.0     92.1
     1     1    14     9     6     0     0     0   -12.0   56.495   -3.980    199.5    952.0    282.1      0.0     92.1
     1     1    14     9     5    23     0     1   -13.0   56.548   -3.986    196.5    950.0    282.2      0.0     91.0
     1     1    14     9     5    22     0     2   -14.0   56.603   -3.991    195.3    947.4    282.2      0.0     90.2
     1     1    14     9     5    21     0     3   -15.0   56.663   -3.992    195.7    944.4    282.2      0.0     89.6
     1     1    14     9     5    20     0     2   -16.0   56.727   -3.993    191.6    940.9    282.3      0.2     88.2
     1     1    14     9     5    19     0     1   -17.0   56.796   -3.997    178.2    939.0    282.6      0.3     86.8
     1     1    14     9     5    18     0     0   -18.0   56.871   -3.998    156.9    938.0    283.0      0.3     85.2
     1     1    14     9     5    17     0     1   -19.0   56.952   -4.006    134.1    937.5    283.6      0.0     84.2
     1     1    14     9     5    16     0     2   -20.0   57.036   -4.039    115.9    939.3    284.4      0.0     82.3
     1     1    14     9     5    15     0     3   -21.0   57.119   -4.108    105.0    945.8    285.4      0.0     79.0
     1     1    14     9     5    14     0     2   -22.0   57.189   -4.205    101.0    950.5    285.4      0.7     80.4
     1     1    14     9     5    13     0     1   -23.0   57.241   -4.311    100.0    953.7    285.3      0.7     82.3
     1     1    14     9     5    12     0     0   -24.0   57.275   -4.420     98.5    956.1    285.2      0.7     84.4
     1     1    14     9     5    11     0     1   -25.0   57.301   -4.531     95.5    958.3    284.7      0.1     86.6
     1     1    14     9     5    10     0     2   -26.0   57.325   -4.644     90.3    960.5    284.2      0.2     89.2
     1     1    14     9     5     9     0     3   -27.0   57.344   -4.757     82.4    962.9    283.7      0.2     92.3
     1     1    14     9     5     8     0     2   -28.0   57.359   -4.869     67.9    965.1    283.7      0.0     93.5
     1     1    14     9     5     7     0     1   -29.0   57.374   -4.979     45.2    969.2    283.8      0.0     95.0
     1     1    14     9     5     6     0     0   -30.0   57.392   -5.081     25.0    976.0    283.9      0.0     96.4
     1     1    14     9     5     5     0     1   -31.0   57.410   -5.181     12.6    982.1    284.3      0.0     96.0
     1     1    14     9     5     4     0     2   -32.0   57.420   -5.291      5.5    986.5    284.6      0.0     95.9
     1     1    14     9     5     3     0     3   -33.0   57.422   -5.419      0.1    991.5    284.9      0.0     96.2
     1     1    14     9     5     2     0     2   -34.0   57.411   -5.561      0.0    996.8    285.4      0.0     95.3
     1     1    14     9     5     1     0     1   -35.0   57.387   -5.710      0.0   1002.1    285.8      0.0     94.6
     1     1    14     9     5     0     0     0   -36.0   57.345   -5.864      0.0   1007.5    286.1      0.0     93.9
     1     1    14     9     4    23     0     1   -37.0   57.291   -6.012      0.0   1011.7    286.5      0.0     92.3
     1     1    14     9     4    22     0     2   -38.0   57.230   -6.146      0.0   1011.3    286.7      0.0     91.1
     1     1    14     9     4    21     0     3   -39.0   57.163   -6.272      0.0   1011.4    286.9      0.0     90.0
     1     1    14     9     4    20     0     2   -40.0   57.092   -6.401      0.0   1011.7    287.1      0.0     88.8
     1     1    14     9     4    19     0     1   -41.0   57.017   -6.546      0.0   1012.5    287.2      0.0     87.6
     1     1    14     9     4    18     0     0   -42.0   56.935   -6.705      0.0   1014.3    287.3      0.0     86.3
     1     1    14     9     4    17     0     1   -43.0   56.844   -6.871      0.0   1016.5    287.3      0.0     87.1
     1     1    14     9     4    16     0     2   -44.0   56.740   -7.040      0.0   1018.1    287.2      0.0     88.2
     1     1    14     9     4    15     0     3   -45.0   56.628   -7.211      0.0   1017.9    287.2      0.0     88.0
     1     1    14     9     4    14     0     2   -46.0   56.512   -7.368      0.0   1017.8    287.3      0.0     87.0
     1     1    14     9     4    13     0     1   -47.0   56.393   -7.490      0.0   1018.0    287.3      0.0     86.5
     1     1    14     9     4    12     0     0   -48.0   56.272   -7.582      0.0   1018.2    287.3      0.0     86.1
     1     1    14     9     4    11     0     1   -49.0   56.143   -7.644      0.0   1017.4    287.3      0.0     85.5
     1     1    14     9     4    10     0     2   -50.0   56.000   -7.680      0.0   1016.6    287.4      0.0     84.7
     1     1    14     9     4     9     0     3   -51.0   55.845   -7.684      0.0   1013.6    287.6      0.0     85.2
     1     1    14     9     4     8     0     2   -52.0   55.697   -7.664      0.9   1011.6    287.6      0.0     86.3
     1     1    14     9     4     7     0     1   -53.0   55.572   -7.628      2.9   1009.8    287.4      0.0     87.7
     1     1    14     9     4     6     0     0   -54.0   55.469   -7.579      5.8   1008.3    287.2      0.0     89.3
     1     1    14     9     4     5     0     1   -55.0   55.374   -7.519      9.5   1007.1    287.2      0.0     90.4
     1     1    14     9     4     4     0     2   -56.0   55.280   -7.449     14.5   1005.2    287.2      0.0     91.6
     1     1    14     9     4     3     0     3   -57.0   55.184   -7.371     22.3   1002.8    287.3      0.0     92.9
     1     1    14     9     4     2     0     2   -58.0   55.087   -7.286     34.4   1000.4    287.3      0.0     94.0
     1     1    14     9     4     1     0     1   -59.0   54.990   -7.193     51.9    998.0    287.4      0.0     95.2
     1     1    14     9     4     0     0     0   -60.0   54.883   -7.095     72.6    995.4    287.3      0.0     95.8
     1     1    14     9     3    23     0     1   -61.0   54.768   -6.997     91.2    993.3    287.2      0.0     95.2
     1     1    14     9     3    22     0     2   -62.0   54.653   -6.904    105.8    992.3    287.4      0.0     93.2
     1     1    14     9     3    21     0     3   -63.0   54.536   -6.813    114.9    992.1    287.5      0.0     91.7
     1     1    14     9     3    20     0     2   -64.0   54.423   -6.711    115.9    992.4    287.9      0.0     89.5
     1     1    14     9     3    19     0     1   -65.0   54.315   -6.587    107.5    994.3    288.2      0.0     88.4
     1     1    14     9     3    18     0     0   -66.0   54.212   -6.447     92.6    997.3    288.6      0.0     88.3
     1     1    14     9     3    17     0     1   -67.0   54.117   -6.303     75.3   1001.2    288.5      0.0     87.6
     1     1    14     9     3    16     0     2   -68.0   54.034   -6.163     58.9   1005.1    288.4      0.0     87.8
     1     1    14     9     3    15     0     3   -69.0   53.962   -6.027     45.3   1007.9    288.3      0.0     88.6
     1     1    14     9     3    14     0     2   -70.0   53.901   -5.905     35.7   1009.9    288.4      0.0     86.5
     1     1    14     9     3    13     0     1   -71.0   53.849   -5.802     29.9   1011.3    288.4      0.0     85.1
     1     1    14     9     3    12     0     0   -72.0   53.803   -5.718     26.3   1012.3    288.4      0.0     84.5
