     7     1
    GDAS    14     8    22     0     0
    GDAS    14     8    29     0     0
    GDAS    14     9     1     0     0
    GDAS    14     9     8     0     0
    GDAS    14     9    15     0     0
    GDAS    14     9    22     0     0
    GDAS    14     9    29     0     0
     1 BACKWARD OMEGA   
    14     9     6    23   56.467   -2.973   100.0
     4 PRESSURE AIR_TEMP RAINFALL RELHUMID
     1     1    14     9     6    23     0     1     0.0   56.467   -2.973    100.0    971.8    281.4      0.0     88.1
     1     1    14     9     6    22     0     2    -1.0   56.579   -3.237    157.2    959.6    281.2      0.0     87.8
     1     1    14     9     6    21     0     3    -2.0   56.711   -3.565    211.1    941.9    280.4      0.0     88.7
     1     1    14     9     6    20     0     2    -3.0   56.844   -3.935    222.7    927.4    279.7      0.2     90.9
     1     1    14     9     6    19     0     1    -4.0   56.947   -4.292    199.4    931.0    280.0      0.3     91.0
     1     1    14     9     6    18     0     0    -5.0   57.021   -4.619    170.8    939.2    280.8      0.3     88.7
     1     1    14     9     6    17     0     1    -6.0   57.082   -4.916    132.7    949.2    281.6      0.0     85.4
     1     1    14     9     6    16     0     2    -7.0   57.153   -5.180     87.0    964.2    283.0      0.0     81.5
     1     1    14     9     6    15     0     3    -8.0   57.248   -5.431     47.1    980.9    284.6      0.0     77.6
     1     1    14     9     6    14     0     2    -9.0   57.366   -5.679     23.6    997.0    286.0      0.2     77.1
     1     1    14     9     6    13     0     1   -10.0   57.511   -5.927      8.4   1008.5    286.4      0.0     76.4
     1     1    14     9     6    12     0     0   -11.0   57.680   -6.170      2.5   1013.2    286.7      0.0     76.1
     1     1    14     9     6    11     0     1   -12.0   57.866   -6.407      0.0   1013.0    286.7      0.1     76.7
     1     1    14     9     6    10     0     2   -13.0   58.064   -6.637      0.0   1011.2    286.4      0.0     77.4
     1     1    14     9     6     9     0     3   -14.0   58.278   -6.861      0.0   1010.4    285.9      0.0     78.2
     1     1    14     9     6     8     0     2   -15.0   58.515   -7.077      0.0   1011.3    285.8      0.2     79.4
     1     1    14     9     6     7     0     1   -16.0   58.778   -7.277      0.0   1013.0    285.9      0.4     80.0
     1     1    14     9     6     6     0     0   -17.0   59.069   -7.448      0.0   1013.8    286.0      0.5     80.5
     1     1    14     9     6     5     0     1   -18.0   59.383   -7.612      0.0   1013.9    285.9      0.2     81.6
     1     1    14     9     6     4     0     2   -19.0   59.715   -7.784      0.0   1013.7    285.8      0.3     82.4
     1     1    14     9     6     3     0     3   -20.0   60.067   -7.932      0.0   1013.0    285.7      0.3     83.1
     1     1    14     9     6     2     0     2   -21.0   60.417   -8.068      0.0   1013.4    285.5      0.0     85.5
     1     1    14     9     6     1     0     1   -22.0   60.745   -8.214      0.0   1014.1    285.4      0.0     87.5
     1     1    14     9     6     0     0     0   -23.0   61.057   -8.349      0.0   1014.9    285.3      0.0     89.2
     1     1    14     9     5    23     0     1   -24.0   61.361   -8.449      0.0   1015.2    285.1      0.0     91.0
     1     1    14     9     5    22     0     2   -25.0   61.663   -8.496      0.4   1014.8    284.8      0.0     92.4
     1     1    14     9     5    21     0     3   -26.0   61.970   -8.479      1.3   1014.0    284.5      0.0     93.4
     1     1    14     9     5    20     0     2   -27.0   62.271   -8.411      2.3   1014.2    284.3      1.1     94.8
     1     1    14     9     5    19     0     1   -28.0   62.557   -8.304      3.0   1014.1    284.2      1.1     95.7
     1     1    14     9     5    18     0     0   -29.0   62.836   -8.152      3.4   1013.9    284.1      1.5     95.9
     1     1    14     9     5    17     0     1   -30.0   63.112   -7.952      3.7   1013.9    284.0      1.2     95.9
     1     1    14     9     5    16     0     2   -31.0   63.378   -7.715      4.0   1013.8    283.9      1.3     96.0
     1     1    14     9     5    15     0     3   -32.0   63.637   -7.450      4.5   1013.7    283.9      0.3     95.8
     1     1    14     9     5    14     0     2   -33.0   63.888   -7.133      4.7   1013.4    284.0      0.3     96.0
     1     1    14     9     5    13     0     1   -34.0   64.124   -6.744      4.7   1013.5    284.1      0.3     96.1
     1     1    14     9     5    12     0     0   -35.0   64.341   -6.309      4.3   1014.0    284.1      0.0     95.3
     1     1    14     9     5    11     0     1   -36.0   64.550   -5.865      3.8   1014.0    284.1      0.1     94.0
     1     1    14     9     5    10     0     2   -37.0   64.761   -5.418      3.5   1013.4    284.2      0.0     94.0
     1     1    14     9     5     9     0     3   -38.0   64.966   -4.950      3.4   1013.2    284.3      0.0     95.9
     1     1    14     9     5     8     0     2   -39.0   65.140   -4.486      3.2   1013.5    284.4      0.0     94.3
     1     1    14     9     5     7     0     1   -40.0   65.270   -4.051      2.6   1013.4    284.4      0.0     92.4
     1     1    14     9     5     6     0     0   -41.0   65.363   -3.641      2.1   1013.0    284.6      0.0     91.0
     1     1    14     9     5     5     0     1   -42.0   65.436   -3.266      1.6   1013.0    284.7      0.0     90.8
     1     1    14     9     5     4     0     2   -43.0   65.498   -2.932      1.2   1013.0    284.8      0.0     91.1
     1     1    14     9     5     3     0     3   -44.0   65.549   -2.638      0.9   1013.0    284.9      0.0     91.4
     1     1    14     9     5     2     0     2   -45.0   65.591   -2.386      0.4   1013.0    285.0      0.4     91.4
     1     1    14     9     5     1     0     1   -46.0   65.622   -2.178      0.0   1012.9    285.0      0.4     91.6
     1     1    14     9     5     0     0     0   -47.0   65.637   -2.020      0.0   1012.9    285.0      0.4     92.0
     1     1    14     9     4    23     0     1   -48.0   65.635   -1.903      0.0   1013.0    285.1      0.0     92.2
     1     1    14     9     4    22     0     2   -49.0   65.614   -1.817      0.0   1013.0    285.2      0.0     92.3
     1     1    14     9     4    21     0     3   -50.0   65.572   -1.768      0.0   1013.0    285.3      0.0     92.6
     1     1    14     9     4    20     0     2   -51.0   65.509   -1.777      0.0   1013.3    285.3      0.0     93.0
     1     1    14     9     4    19     0     1   -52.0   65.435   -1.853      0.0   1013.5    285.3      0.7     93.9
     1     1    14     9     4    18     0     0   -53.0   65.356   -1.984      0.0   1013.7    285.3      0.7     95.1
     1     1    14     9     4    17     0     1   -54.0   65.283   -2.134      0.0   1013.9    285.2      0.3     95.1
     1     1    14     9     4    16     0     2   -55.0   65.221   -2.272      0.0   1014.2    285.1      0.3     94.9
     1     1    14     9     4    15     0     3   -56.0   65.174   -2.389      0.0   1014.4    285.1      0.3     94.6
     1     1    14     9     4    14     0     2   -57.0   65.136   -2.493      0.0   1014.4    285.1      1.3     94.6
     1     1    14     9     4    13     0     1   -58.0   65.105   -2.592      0.0   1014.3    285.1      0.5     94.5
     1     1    14     9     4    12     0     0   -59.0   65.079   -2.684      0.0   1014.2    285.0      0.5     94.2
     1     1    14     9     4    11     0     1   -60.0   65.059   -2.784      0.0   1014.7    285.0      0.5     93.5
     1     1    14     9     4    10     0     2   -61.0   65.049   -2.904      0.1   1015.1    284.8      0.5     92.5
     1     1    14     9     4     9     0     3   -62.0   65.048   -3.050      0.5   1015.6    284.7      0.5     91.4
     1     1    14     9     4     8     0     2   -63.0   65.042   -3.207      1.2   1015.5    284.7      0.2     89.9
     1     1    14     9     4     7     0     1   -64.0   65.018   -3.348      1.6   1015.5    284.8      0.2     88.5
     1     1    14     9     4     6     0     0   -65.0   64.974   -3.475      1.7   1015.5    284.8      0.2     87.4
     1     1    14     9     4     5     0     1   -66.0   64.906   -3.625      1.8   1014.6    284.8      0.0     88.3
     1     1    14     9     4     4     0     2   -67.0   64.818   -3.822      2.1   1013.9    284.7      0.0     89.4
     1     1    14     9     4     3     0     3   -68.0   64.718   -4.062      2.4   1013.4    284.6      0.0     90.6
     1     1    14     9     4     2     0     2   -69.0   64.609   -4.338      2.4   1013.5    284.5      0.0     91.6
     1     1    14     9     4     1     0     1   -70.0   64.496   -4.638      2.0   1013.3    284.5      0.0     92.9
     1     1    14     9     4     0     0     0   -71.0   64.381   -4.948      1.6   1012.9    284.3      0.0     94.5
     1     1    14     9     3    23     0     1   -72.0   64.257   -5.259      1.2   1012.7    284.3      0.0     94.7
