     7     1
    GDAS    14     8    22     0     0
    GDAS    14     8    29     0     0
    GDAS    14     9     1     0     0
    GDAS    14     9     8     0     0
    GDAS    14     9    15     0     0
    GDAS    14     9    22     0     0
    GDAS    14     9    29     0     0
     1 BACKWARD OMEGA   
    14     9    18    17   56.467   -2.973   100.0
     4 PRESSURE AIR_TEMP RAINFALL RELHUMID
     1     1    14     9    18    17     0     1     0.0   56.467   -2.973    100.0    971.8    286.2      0.0     96.4
     1     1    14     9    18    16     0     2    -1.0   56.454   -2.787     73.8    980.9    286.9      0.0     94.4
     1     1    14     9    18    15     0     3    -2.0   56.438   -2.595     53.8    989.0    287.4      0.0     92.3
     1     1    14     9    18    14     0     2    -3.0   56.415   -2.399     39.6    996.1    287.3      0.0     92.2
     1     1    14     9    18    13     0     1    -4.0   56.376   -2.200     29.8   1002.8    287.2      0.0     92.5
     1     1    14     9    18    12     0     0    -5.0   56.319   -1.998     23.1   1008.7    287.1      0.0     93.4
     1     1    14     9    18    11     0     1    -6.0   56.250   -1.781     18.5   1009.7    287.0      0.0     93.1
     1     1    14     9    18    10     0     2    -7.0   56.175   -1.535     15.6   1011.0    286.9      0.0     92.7
     1     1    14     9    18     9     0     3    -8.0   56.092   -1.260     14.0   1012.5    286.9      0.0     92.1
     1     1    14     9    18     8     0     2    -9.0   56.003   -0.963     13.6   1013.7    287.0      0.0     92.3
     1     1    14     9    18     7     0     1   -10.0   55.915   -0.673     13.6   1013.8    287.0      0.0     92.9
     1     1    14     9    18     6     0     0   -11.0   55.836   -0.408     13.6   1014.0    287.0      0.0     93.5
     1     1    14     9    18     5     0     1   -12.0   55.769   -0.156     13.9   1013.9    287.1      0.0     94.8
     1     1    14     9    18     4     0     2   -13.0   55.703    0.149     13.4   1012.8    287.3      0.0     89.6
     1     1    14     9    18     3     0     3   -14.0   55.640    0.529     12.3   1013.5    287.4      0.0     88.5
     1     1    14     9    18     2     0     2   -15.0   55.581    0.928     11.5   1013.8    287.6      0.0     87.6
     1     1    14     9    18     1     0     1   -16.0   55.520    1.326     11.2   1013.5    287.8      0.0     87.0
     1     1    14     9    18     0     0     0   -17.0   55.456    1.717     11.1   1012.8    288.0      0.0     86.0
     1     1    14     9    17    23     0     1   -18.0   55.387    2.114     11.1   1013.5    288.1      0.0     84.7
     1     1    14     9    17    22     0     2   -19.0   55.316    2.528     10.8   1014.4    288.3      0.0     83.0
     1     1    14     9    17    21     0     3   -20.0   55.240    2.967      9.9   1014.9    288.6      0.0     80.0
     1     1    14     9    17    20     0     2   -21.0   55.165    3.426      9.0   1014.9    288.9      0.0     79.6
     1     1    14     9    17    19     0     1   -22.0   55.096    3.900      8.7   1014.9    289.3      0.0     78.4
     1     1    14     9    17    18     0     0   -23.0   55.031    4.386      8.6   1014.8    289.6      0.0     76.4
     1     1    14     9    17    17     0     1   -24.0   54.969    4.883      8.6   1014.5    289.8      0.0     75.7
     1     1    14     9    17    16     0     2   -25.0   54.904    5.395      8.6   1014.2    289.9      0.0     74.7
     1     1    14     9    17    15     0     3   -26.0   54.840    5.929      8.7   1014.1    289.9      0.0     72.1
     1     1    14     9    17    14     0     2   -27.0   54.789    6.478      8.8   1014.8    290.1      0.0     71.5
     1     1    14     9    17    13     0     1   -28.0   54.758    7.023      9.2   1015.4    290.3      0.0     70.7
     1     1    14     9    17    12     0     0   -29.0   54.742    7.552      9.9   1016.5    290.4      0.0     70.1
     1     1    14     9    17    11     0     1   -30.0   54.733    8.049     10.5   1016.4    290.8      0.0     71.5
     1     1    14     9    17    10     0     2   -31.0   54.723    8.492     11.3   1015.4    292.1      0.0     74.2
     1     1    14     9    17     9     0     3   -32.0   54.714    8.867     12.5   1015.3    292.5      0.0     77.0
     1     1    14     9    17     8     0     2   -33.0   54.711    9.197     14.2   1014.6    291.0      0.0     80.9
     1     1    14     9    17     7     0     1   -34.0   54.714    9.503     16.0   1014.4    289.6      0.0     85.0
     1     1    14     9    17     6     0     0   -35.0   54.719    9.800     17.1   1015.1    288.7      0.0     88.3
     1     1    14     9    17     5     0     1   -36.0   54.724   10.098     16.6   1015.4    288.9      0.0     86.6
     1     1    14     9    17     4     0     2   -37.0   54.730   10.408     15.2   1015.5    288.8      0.0     84.8
     1     1    14     9    17     3     0     3   -38.0   54.739   10.727     13.9   1015.5    288.8      0.0     83.2
     1     1    14     9    17     2     0     2   -39.0   54.749   11.061     12.7   1016.8    288.8      0.0     81.7
     1     1    14     9    17     1     0     1   -40.0   54.759   11.402     11.6   1018.1    288.5      0.0     80.3
     1     1    14     9    17     0     0     0   -41.0   54.768   11.737     10.6   1019.4    288.3      0.0     79.3
     1     1    14     9    16    23     0     1   -42.0   54.779   12.067      9.8   1019.2    288.3      0.0     77.3
     1     1    14     9    16    22     0     2   -43.0   54.789   12.428      9.2   1018.9    288.8      0.0     74.1
     1     1    14     9    16    21     0     3   -44.0   54.799   12.866      9.0   1018.6    289.4      0.0     71.2
     1     1    14     9    16    20     0     2   -45.0   54.812   13.366      9.3   1020.8    289.8      0.0     69.5
     1     1    14     9    16    19     0     1   -46.0   54.837   13.875      9.5   1022.3    290.2      0.0     68.2
     1     1    14     9    16    18     0     0   -47.0   54.874   14.379      9.9   1022.6    290.4      0.0     68.8
     1     1    14     9    16    17     0     1   -48.0   54.923   14.864     10.6   1022.4    290.5      0.0     68.1
     1     1    14     9    16    16     0     2   -49.0   54.985   15.324     11.7   1022.0    290.4      0.0     67.3
     1     1    14     9    16    15     0     3   -50.0   55.061   15.757     13.4   1021.5    290.3      0.0     66.0
     1     1    14     9    16    14     0     2   -51.0   55.132   16.159     15.5   1021.2    290.1      0.0     65.3
     1     1    14     9    16    13     0     1   -52.0   55.180   16.535     17.4   1021.9    290.0      0.0     64.8
     1     1    14     9    16    12     0     0   -53.0   55.202   16.886     18.9   1023.3    290.0      0.0     64.5
     1     1    14     9    16    11     0     1   -54.0   55.200   17.230     20.3   1023.5    289.9      0.0     66.6
     1     1    14     9    16    10     0     2   -55.0   55.176   17.586     21.7   1023.5    289.9      0.0     69.1
     1     1    14     9    16     9     0     3   -56.0   55.132   17.945     23.2   1023.4    289.7      0.0     71.7
     1     1    14     9    16     8     0     2   -57.0   55.076   18.303     24.7   1022.8    289.7      0.0     73.6
     1     1    14     9    16     7     0     1   -58.0   55.017   18.665     25.4   1022.4    289.7      0.0     75.7
     1     1    14     9    16     6     0     0   -59.0   54.950   19.033     25.0   1022.0    289.5      0.0     77.3
     1     1    14     9    16     5     0     1   -60.0   54.881   19.377     24.7   1021.3    288.6      0.0     75.4
     1     1    14     9    16     4     0     2   -61.0   54.817   19.678     25.5   1019.3    287.6      0.0     74.6
     1     1    14     9    16     3     0     3   -62.0   54.757   19.947     27.3   1016.7    286.5      0.0     74.5
     1     1    14     9    16     2     0     2   -63.0   54.699   20.198     30.1   1016.4    286.0      0.0     72.3
     1     1    14     9    16     1     0     1   -64.0   54.637   20.440     34.4   1015.7    285.6      0.0     70.4
     1     1    14     9    16     0     0     0   -65.0   54.572   20.671     40.0   1014.4    285.3      0.0     68.9
     1     1    14     9    15    23     0     1   -66.0   54.513   20.903     47.1   1012.6    285.1      0.0     66.9
     1     1    14     9    15    22     0     2   -67.0   54.466   21.148     55.6   1010.5    285.0      0.0     64.8
     1     1    14     9    15    21     0     3   -68.0   54.429   21.415     66.1   1007.4    284.9      0.0     62.4
     1     1    14     9    15    20     0     2   -69.0   54.403   21.706     76.4   1004.2    285.3      0.0     60.0
     1     1    14     9    15    19     0     1   -70.0   54.394   22.010     84.2   1002.0    285.7      0.0     57.7
     1     1    14     9    15    18     0     0   -71.0   54.405   22.326     89.6   1000.9    286.3      0.0     55.4
     1     1    14     9    15    17     0     1   -72.0   54.427   22.640     93.3   1000.3    287.7      0.0     51.7
