     7     1
    GDAS    14     8    22     0     0
    GDAS    14     8    29     0     0
    GDAS    14     9     1     0     0
    GDAS    14     9     8     0     0
    GDAS    14     9    15     0     0
    GDAS    14     9    22     0     0
    GDAS    14     9    29     0     0
     1 BACKWARD OMEGA   
    14     9     6     3   56.467   -2.973   100.0
     4 PRESSURE AIR_TEMP RAINFALL RELHUMID
     1     1    14     9     6     3     0     3     0.0   56.467   -2.973    100.0    973.4    282.2      0.0     88.4
     1     1    14     9     6     2     0     2    -1.0   56.509   -3.009    136.0    967.9    282.1      0.0     89.2
     1     1    14     9     6     1     0     1    -2.0   56.573   -3.043    179.8    959.9    281.7      0.0     89.6
     1     1    14     9     6     0     0     0    -3.0   56.661   -3.084    231.6    950.9    281.4      0.0     89.7
     1     1    14     9     5    23     0     1    -4.0   56.758   -3.141    284.1    940.0    281.1      0.0     89.7
     1     1    14     9     5    22     0     2    -5.0   56.852   -3.203    323.7    931.0    280.9      0.0     90.4
     1     1    14     9     5    21     0     3    -6.0   56.947   -3.258    347.5    924.0    280.6      0.0     91.4
     1     1    14     9     5    20     0     2    -7.0   57.045   -3.299    353.1    922.8    280.6      0.5     91.9
     1     1    14     9     5    19     0     1    -8.0   57.137   -3.326    339.0    928.7    281.2      0.6     91.2
     1     1    14     9     5    18     0     0    -9.0   57.222   -3.339    307.0    936.6    281.9      0.7     89.7
     1     1    14     9     5    17     0     1   -10.0   57.297   -3.354    266.9    946.0    282.8      0.3     87.7
     1     1    14     9     5    16     0     2   -11.0   57.363   -3.395    230.6    952.7    283.6      0.3     85.6
     1     1    14     9     5    15     0     3   -12.0   57.426   -3.455    202.5    958.1    284.3      0.3     82.9
     1     1    14     9     5    14     0     2   -13.0   57.483   -3.534    189.8    962.0    284.5      0.7     82.5
     1     1    14     9     5    13     0     1   -14.0   57.532   -3.632    195.6    962.1    284.3      0.0     83.0
     1     1    14     9     5    12     0     0   -15.0   57.573   -3.750    218.0    959.6    283.9      0.0     84.3
     1     1    14     9     5    11     0     1   -16.0   57.608   -3.891    261.1    954.9    283.4      0.0     86.5
     1     1    14     9     5    10     0     2   -17.0   57.641   -4.054    328.8    946.1    282.5      0.0     89.7
     1     1    14     9     5     9     0     3   -18.0   57.671   -4.232    406.4    936.8    281.5      0.0     93.1
     1     1    14     9     5     8     0     2   -19.0   57.702   -4.426    466.8    927.6    280.9      0.7     92.9
     1     1    14     9     5     7     0     1   -20.0   57.746   -4.642    486.2    924.1    280.5      1.1     93.3
     1     1    14     9     5     6     0     0   -21.0   57.815   -4.866    453.4    926.4    280.4      1.4     94.9
     1     1    14     9     5     5     0     1   -22.0   57.894   -5.109    361.7    940.3    281.3      1.0     96.6
     1     1    14     9     5     4     0     2   -23.0   57.958   -5.376    249.1    967.7    283.2      1.0     95.4
     1     1    14     9     5     3     0     3   -24.0   58.022   -5.663    160.1    992.1    284.8      0.4     93.7
     1     1    14     9     5     2     0     2   -25.0   58.074   -5.971    113.7   1009.5    285.7      0.3     92.3
     1     1    14     9     5     1     0     1   -26.0   58.096   -6.285     97.7   1007.1    285.7      0.3     92.6
     1     1    14     9     5     0     0     0   -27.0   58.108   -6.595     89.9   1003.8    285.6      1.3     94.4
     1     1    14     9     4    23     0     1   -28.0   58.124   -6.906     80.7   1001.3    285.7      0.4     94.4
     1     1    14     9     4    22     0     2   -29.0   58.133   -7.214     70.6   1003.3    285.9      0.4     94.2
     1     1    14     9     4    21     0     3   -30.0   58.134   -7.510     62.7   1006.6    286.1      0.7     95.0
     1     1    14     9     4    20     0     2   -31.0   58.126   -7.801     57.6   1009.4    286.3      0.0     94.5
     1     1    14     9     4    19     0     1   -32.0   58.104   -8.106     53.7   1011.1    286.3      0.0     95.1
     1     1    14     9     4    18     0     0   -33.0   58.074   -8.431     50.1   1010.7    286.3      0.0     96.3
     1     1    14     9     4    17     0     1   -34.0   58.038   -8.770     47.0   1010.1    286.3      0.2     95.6
     1     1    14     9     4    16     0     2   -35.0   57.982   -9.128     43.7   1010.1    286.4      0.2     95.4
     1     1    14     9     4    15     0     3   -36.0   57.897   -9.502     40.3   1010.4    286.5      0.3     95.0
     1     1    14     9     4    14     0     2   -37.0   57.789   -9.874     37.6   1010.7    286.6      1.0     94.5
     1     1    14     9     4    13     0     1   -38.0   57.662  -10.231     35.3   1010.8    286.8      1.0     93.8
     1     1    14     9     4    12     0     0   -39.0   57.524  -10.586     33.5   1011.0    286.9      1.5     93.7
     1     1    14     9     4    11     0     1   -40.0   57.388  -10.915     31.4   1011.1    287.0      0.5     94.2
     1     1    14     9     4    10     0     2   -41.0   57.248  -11.189     28.0   1011.7    287.1      0.5     94.2
     1     1    14     9     4     9     0     3   -42.0   57.108  -11.410     23.9   1012.9    287.1      0.5     94.2
     1     1    14     9     4     8     0     2   -43.0   56.980  -11.583     19.9   1013.0    287.2      0.0     94.2
     1     1    14     9     4     7     0     1   -44.0   56.847  -11.721     16.0   1012.6    287.4      0.0     94.1
     1     1    14     9     4     6     0     0   -45.0   56.687  -11.835     12.2   1012.0    287.6      0.0     94.2
     1     1    14     9     4     5     0     1   -46.0   56.481  -11.922      9.2   1012.3    287.7      0.2     93.2
     1     1    14     9     4     4     0     2   -47.0   56.223  -11.969      7.4   1012.3    287.7      0.2     91.9
     1     1    14     9     4     3     0     3   -48.0   55.935  -11.973      6.2   1012.8    287.7      0.2     90.1
     1     1    14     9     4     2     0     2   -49.0   55.651  -11.955      5.6   1014.8    287.9      0.0     86.9
     1     1    14     9     4     1     0     1   -50.0   55.382  -11.927      5.2   1016.0    288.0      0.0     84.4
     1     1    14     9     4     0     0     0   -51.0   55.121  -11.883      4.7   1016.6    288.2      0.0     82.5
     1     1    14     9     3    23     0     1   -52.0   54.874  -11.828      4.4   1016.6    288.2      0.0     79.9
     1     1    14     9     3    22     0     2   -53.0   54.654  -11.768      4.5   1016.5    288.2      0.0     77.5
     1     1    14     9     3    21     0     3   -54.0   54.463  -11.707      5.1   1016.5    288.2      0.0     75.6
     1     1    14     9     3    20     0     2   -55.0   54.294  -11.651      6.0   1016.6    288.3      0.0     75.2
     1     1    14     9     3    19     0     1   -56.0   54.137  -11.601      6.9   1016.7    288.3      0.0     74.9
     1     1    14     9     3    18     0     0   -57.0   53.986  -11.556      8.0   1016.8    288.3      0.0     74.9
     1     1    14     9     3    17     0     1   -58.0   53.843  -11.502      9.1   1016.9    288.4      0.0     74.3
     1     1    14     9     3    16     0     2   -59.0   53.711  -11.427     10.1   1016.9    288.4      0.0     74.0
     1     1    14     9     3    15     0     3   -60.0   53.589  -11.331     11.2   1016.7    288.4      0.0     74.0
     1     1    14     9     3    14     0     2   -61.0   53.477  -11.219     12.5   1016.6    288.3      0.0     74.1
     1     1    14     9     3    13     0     1   -62.0   53.375  -11.098     14.0   1016.4    288.4      0.0     74.4
     1     1    14     9     3    12     0     0   -63.0   53.281  -10.966     15.5   1016.3    288.4      0.0     74.9
     1     1    14     9     3    11     0     1   -64.0   53.195  -10.835     17.1   1016.7    288.4      0.0     74.5
     1     1    14     9     3    10     0     2   -65.0   53.116  -10.713     18.8   1017.1    288.3      0.0     74.5
     1     1    14     9     3     9     0     3   -66.0   53.040  -10.595     20.2   1017.6    288.2      0.0     75.0
     1     1    14     9     3     8     0     2   -67.0   52.965  -10.480     21.3   1017.6    288.2      0.0     74.6
     1     1    14     9     3     7     0     1   -68.0   52.889  -10.373     23.3   1016.8    288.1      0.0     74.2
     1     1    14     9     3     6     0     0   -69.0   52.812  -10.270     27.4   1015.2    287.8      0.0     73.9
     1     1    14     9     3     5     0     1   -70.0   52.739  -10.169     34.2   1013.2    287.5      0.0     73.6
     1     1    14     9     3     4     0     2   -71.0   52.674  -10.072     44.2   1010.8    287.2      0.0     73.2
     1     1    14     9     3     3     0     3   -72.0   52.617   -9.979     57.6   1007.9    287.0      0.0     72.9
