     7     1
    GDAS    14     8    22     0     0
    GDAS    14     8    29     0     0
    GDAS    14     9     1     0     0
    GDAS    14     9     8     0     0
    GDAS    14     9    15     0     0
    GDAS    14     9    22     0     0
    GDAS    14     9    29     0     0
     1 BACKWARD OMEGA   
    14     9    16     7   56.467   -2.973   100.0
     4 PRESSURE AIR_TEMP RAINFALL RELHUMID
     1     1    14     9    16     7     0     1     0.0   56.467   -2.973    100.0    974.9    284.6      0.0     97.2
     1     1    14     9    16     6     0     0    -1.0   56.423   -2.854     84.5    981.3    284.8      0.0     97.5
     1     1    14     9    16     5     0     1    -2.0   56.385   -2.742     71.9    987.0    285.2      0.0     97.5
     1     1    14     9    16     4     0     2    -3.0   56.353   -2.637     62.7    991.6    285.6      0.0     97.6
     1     1    14     9    16     3     0     3    -4.0   56.323   -2.542     56.2    995.4    285.9      0.0     97.7
     1     1    14     9    16     2     0     2    -5.0   56.301   -2.443     48.3    998.6    286.0      0.3     97.7
     1     1    14     9    16     1     0     1    -6.0   56.293   -2.323     37.1   1002.9    286.2      0.3     97.5
     1     1    14     9    16     0     0     0    -7.0   56.299   -2.181     26.0   1007.9    286.4      0.4     97.3
     1     1    14     9    15    23     0     1    -8.0   56.320   -2.027     18.0   1013.2    286.5      0.2     97.1
     1     1    14     9    15    22     0     2    -9.0   56.353   -1.869     12.9   1015.4    286.6      0.2     97.0
     1     1    14     9    15    21     0     3   -10.0   56.392   -1.697      9.2   1016.5    286.6      0.2     96.7
     1     1    14     9    15    20     0     2   -11.0   56.426   -1.472      6.6   1016.8    286.6      0.0     96.2
     1     1    14     9    15    19     0     1   -12.0   56.444   -1.160      5.0   1017.2    286.7      0.0     95.6
     1     1    14     9    15    18     0     0   -13.0   56.455   -0.765      4.6   1017.2    286.8      0.0     95.5
     1     1    14     9    15    17     0     1   -14.0   56.474   -0.327      4.5   1017.6    286.7      0.0     96.4
     1     1    14     9    15    16     0     2   -15.0   56.492    0.144      4.0   1018.0    287.0      0.0     94.1
     1     1    14     9    15    15     0     3   -16.0   56.515    0.676      2.9   1018.6    287.1      0.2     93.1
     1     1    14     9    15    14     0     2   -17.0   56.541    1.251      1.9   1019.1    287.3      0.2     93.6
     1     1    14     9    15    13     0     1   -18.0   56.556    1.834      1.0   1020.5    287.6      0.0     93.7
     1     1    14     9    15    12     0     0   -19.0   56.570    2.424      0.4   1021.7    287.9      0.0     92.8
     1     1    14     9    15    11     0     1   -20.0   56.591    3.043      0.1   1021.4    288.1      0.0     93.0
     1     1    14     9    15    10     0     2   -21.0   56.621    3.707      0.0   1021.0    288.4      0.0     93.6
     1     1    14     9    15     9     0     3   -22.0   56.661    4.414      0.0   1020.6    288.7      0.0     92.8
     1     1    14     9    15     8     0     2   -23.0   56.718    5.142      0.0   1021.3    289.0      0.0     90.8
     1     1    14     9    15     7     0     1   -24.0   56.797    5.855      0.0   1023.0    289.2      0.0     89.8
     1     1    14     9    15     6     0     0   -25.0   56.889    6.546      0.0   1023.0    289.5      0.0     90.3
     1     1    14     9    15     5     0     1   -26.0   56.967    7.196      0.0   1023.0    289.6      0.0     89.3
     1     1    14     9    15     4     0     2   -27.0   57.017    7.779      0.4   1023.0    289.7      0.0     89.1
     1     1    14     9    15     3     0     3   -28.0   57.049    8.276      1.2   1023.1    289.7      0.0     89.0
     1     1    14     9    15     2     0     2   -29.0   57.077    8.714      2.0   1024.3    289.7      0.2     88.2
     1     1    14     9    15     1     0     1   -30.0   57.106    9.121      2.6   1025.0    289.6      0.2     87.5
     1     1    14     9    15     0     0     0   -31.0   57.125    9.497      2.5   1024.6    289.1      0.2     86.4
     1     1    14     9    14    23     0     1   -32.0   57.137    9.836      1.6   1023.6    288.6      0.0     84.7
     1     1    14     9    14    22     0     2   -33.0   57.151   10.165      0.5   1024.2    288.7      0.0     82.9
     1     1    14     9    14    21     0     3   -34.0   57.172   10.543      0.0   1025.8    289.3      0.0     80.4
     1     1    14     9    14    20     0     2   -35.0   57.201   11.001      0.0   1026.6    289.9      0.0     78.0
     1     1    14     9    14    19     0     1   -36.0   57.237   11.458      0.6   1024.8    289.6      0.0     77.7
     1     1    14     9    14    18     0     0   -37.0   57.279   11.837      2.3   1022.6    289.3      0.0     76.7
     1     1    14     9    14    17     0     1   -38.0   57.319   12.162      4.9   1019.6    289.2      0.0     76.0
     1     1    14     9    14    16     0     2   -39.0   57.351   12.468      8.8   1015.2    289.6      0.0     75.0
     1     1    14     9    14    15     0     3   -40.0   57.377   12.773     15.8   1010.2    290.5      0.0     72.8
     1     1    14     9    14    14     0     2   -41.0   57.402   13.089     31.1   1004.8    290.3      0.0     73.3
     1     1    14     9    14    13     0     1   -42.0   57.432   13.419     50.1   1001.4    289.6      0.0     74.1
     1     1    14     9    14    12     0     0   -43.0   57.468   13.758     58.2    998.8    288.9      0.0     76.0
     1     1    14     9    14    11     0     1   -44.0   57.509   14.101     53.4    998.2    288.1      0.0     78.3
     1     1    14     9    14    10     0     2   -45.0   57.555   14.446     46.6    998.2    287.7      0.0     81.2
     1     1    14     9    14     9     0     3   -46.0   57.608   14.785     43.7    997.1    287.0      0.0     84.9
     1     1    14     9    14     8     0     2   -47.0   57.669   15.099     41.6    998.0    286.4      0.0     89.2
     1     1    14     9    14     7     0     1   -48.0   57.740   15.370     35.6   1001.7    285.9      0.0     92.7
     1     1    14     9    14     6     0     0   -49.0   57.819   15.591     25.7   1005.4    285.6      0.0     95.9
     1     1    14     9    14     5     0     1   -50.0   57.901   15.769     16.2   1009.0    285.6      0.0     96.1
     1     1    14     9    14     4     0     2   -51.0   57.985   15.918      9.1   1011.6    285.6      0.0     96.1
     1     1    14     9    14     3     0     3   -52.0   58.072   16.054      4.3   1014.2    285.5      0.0     95.0
     1     1    14     9    14     2     0     2   -53.0   58.161   16.203      0.4   1017.3    285.7      0.0     93.1
     1     1    14     9    14     1     0     1   -54.0   58.247   16.379      0.0   1020.2    286.0      0.0     91.4
     1     1    14     9    14     0     0     0   -55.0   58.333   16.582      0.0   1022.9    286.2      0.0     89.7
     1     1    14     9    13    23     0     1   -56.0   58.421   16.813      0.0   1025.4    286.4      0.0     89.4
     1     1    14     9    13    22     0     2   -57.0   58.511   17.064      0.0   1027.1    286.4      0.0     89.4
     1     1    14     9    13    21     0     3   -58.0   58.597   17.320      0.0   1026.6    286.3      0.0     89.5
     1     1    14     9    13    20     0     2   -59.0   58.679   17.570      0.0   1025.8    286.3      0.0     88.8
     1     1    14     9    13    19     0     1   -60.0   58.762   17.815      0.0   1025.8    286.4      0.0     88.6
     1     1    14     9    13    18     0     0   -61.0   58.851   18.054      0.0   1026.5    286.5      0.0     88.8
     1     1    14     9    13    17     0     1   -62.0   58.946   18.299      0.0   1026.4    287.7      0.0     87.6
     1     1    14     9    13    16     0     2   -63.0   59.045   18.563      0.3   1026.3    288.5      0.0     87.6
     1     1    14     9    13    15     0     3   -64.0   59.155   18.840      0.8   1026.3    288.9      0.0     88.6
     1     1    14     9    13    14     0     2   -65.0   59.272   19.113      1.3   1027.3    288.9      0.0     88.7
     1     1    14     9    13    13     0     1   -66.0   59.389   19.363      1.6   1027.7    289.1      0.0     87.8
     1     1    14     9    13    12     0     0   -67.0   59.503   19.591      1.8   1028.1    289.1      0.0     87.4
     1     1    14     9    13    11     0     1   -68.0   59.613   19.817      2.0   1028.0    288.9      0.0     87.1
     1     1    14     9    13    10     0     2   -69.0   59.720   20.065      2.4   1027.8    288.7      0.0     87.0
     1     1    14     9    13     9     0     3   -70.0   59.821   20.347      2.7   1027.5    288.5      0.0     87.0
     1     1    14     9    13     8     0     2   -71.0   59.916   20.655      2.8   1027.9    288.6      0.0     86.6
     1     1    14     9    13     7     0     1   -72.0   60.010   20.984      2.9   1028.5    288.7      0.0     86.2
