     7     1
    GDAS    14     8    22     0     0
    GDAS    14     8    29     0     0
    GDAS    14     9     1     0     0
    GDAS    14     9     8     0     0
    GDAS    14     9    15     0     0
    GDAS    14     9    22     0     0
    GDAS    14     9    29     0     0
     1 BACKWARD OMEGA   
    14     9    18    14   56.467   -2.973   100.0
     4 PRESSURE AIR_TEMP RAINFALL RELHUMID
     1     1    14     9    18    14     0     2     0.0   56.467   -2.973    100.0    972.0    287.0      0.0     95.1
     1     1    14     9    18    13     0     1    -1.0   56.443   -2.784     70.0    983.0    287.3      0.0     94.1
     1     1    14     9    18    12     0     0    -2.0   56.408   -2.599     51.0    990.6    287.3      0.0     93.9
     1     1    14     9    18    11     0     1    -3.0   56.364   -2.410     38.4    996.8    287.2      0.0     94.3
     1     1    14     9    18    10     0     2    -4.0   56.314   -2.213     29.1   1002.7    287.0      0.0     94.6
     1     1    14     9    18     9     0     3    -5.0   56.257   -2.004     22.3   1008.2    286.8      0.0     94.7
     1     1    14     9    18     8     0     2    -6.0   56.196   -1.780     17.8   1010.0    286.9      0.0     94.0
     1     1    14     9    18     7     0     1    -7.0   56.129   -1.540     15.3   1011.5    286.9      0.0     93.6
     1     1    14     9    18     6     0     0    -8.0   56.055   -1.291     14.1   1012.8    286.9      0.0     93.4
     1     1    14     9    18     5     0     1    -9.0   55.978   -1.030     14.1   1013.8    287.0      0.0     94.4
     1     1    14     9    18     4     0     2   -10.0   55.908   -0.761     15.0   1013.6    287.1      0.0     95.8
     1     1    14     9    18     3     0     3   -11.0   55.853   -0.494     16.6   1013.3    287.2      0.0     97.0
     1     1    14     9    18     2     0     2   -12.0   55.811   -0.232     18.6   1013.0    287.2      0.0     97.1
     1     1    14     9    18     1     0     1   -13.0   55.763    0.052     18.9   1012.1    287.3      0.0     94.2
     1     1    14     9    18     0     0     0   -14.0   55.702    0.359     18.0   1012.5    287.4      0.0     93.7
     1     1    14     9    17    23     0     1   -15.0   55.636    0.669     17.4   1012.8    287.6      0.0     92.7
     1     1    14     9    17    22     0     2   -16.0   55.562    0.989     16.7   1013.2    287.7      0.0     92.1
     1     1    14     9    17    21     0     3   -17.0   55.482    1.318     15.8   1013.8    287.8      0.0     90.8
     1     1    14     9    17    20     0     2   -18.0   55.400    1.662     15.3   1013.9    288.0      0.0     89.8
     1     1    14     9    17    19     0     1   -19.0   55.319    2.027     15.2   1013.8    288.3      0.0     89.6
     1     1    14     9    17    18     0     0   -20.0   55.239    2.406     15.2   1013.7    288.5      0.0     89.4
     1     1    14     9    17    17     0     1   -21.0   55.164    2.802     15.2   1013.5    288.7      0.0     88.9
     1     1    14     9    17    16     0     2   -22.0   55.094    3.220     15.2   1013.3    288.9      0.0     88.6
     1     1    14     9    17    15     0     3   -23.0   55.025    3.661     15.2   1013.1    289.1      0.0     88.4
     1     1    14     9    17    14     0     2   -24.0   54.954    4.114     15.1   1012.9    289.3      0.1     87.6
     1     1    14     9    17    13     0     1   -25.0   54.882    4.571     14.7   1013.7    289.5      0.1     87.0
     1     1    14     9    17    12     0     0   -26.0   54.815    5.039     13.5   1015.3    289.6      0.1     87.3
     1     1    14     9    17    11     0     1   -27.0   54.744    5.523     12.2   1015.3    289.9      0.0     86.8
     1     1    14     9    17    10     0     2   -28.0   54.656    6.022     11.6   1015.5    290.0      0.1     86.7
     1     1    14     9    17     9     0     3   -29.0   54.555    6.516     11.7   1015.6    290.0      0.0     86.8
     1     1    14     9    17     8     0     2   -30.0   54.462    6.999     12.1   1015.5    290.1      0.0     85.4
     1     1    14     9    17     7     0     1   -31.0   54.389    7.485     12.4   1015.3    290.3      0.0     84.9
     1     1    14     9    17     6     0     0   -32.0   54.329    7.983     12.5   1015.0    290.2      0.0     85.0
     1     1    14     9    17     5     0     1   -33.0   54.283    8.430     12.8   1015.1    289.1      0.0     83.5
     1     1    14     9    17     4     0     2   -34.0   54.253    8.790     13.7   1015.5    288.0      0.0     82.2
     1     1    14     9    17     3     0     3   -35.0   54.233    9.095     14.6   1015.8    287.4      0.0     81.1
     1     1    14     9    17     2     0     2   -36.0   54.219    9.379     15.5   1014.7    287.7      0.0     80.6
     1     1    14     9    17     1     0     1   -37.0   54.209    9.662     16.4   1013.5    287.8      0.0     80.4
     1     1    14     9    17     0     0     0   -38.0   54.199    9.944     17.3   1012.4    287.9      0.0     80.4
     1     1    14     9    16    23     0     1   -39.0   54.187   10.233     18.3   1013.3    288.3      0.0     78.0
     1     1    14     9    16    22     0     2   -40.0   54.173   10.539     18.6   1014.0    288.6      0.0     75.5
     1     1    14     9    16    21     0     3   -41.0   54.161   10.866     17.7   1014.3    288.9      0.0     73.0
     1     1    14     9    16    20     0     2   -42.0   54.154   11.207     15.8   1014.6    289.1      0.0     71.0
     1     1    14     9    16    19     0     1   -43.0   54.155   11.545     14.5   1015.0    289.3      0.0     69.5
     1     1    14     9    16    18     0     0   -44.0   54.161   11.883     14.4   1015.1    289.6      0.0     68.3
     1     1    14     9    16    17     0     1   -45.0   54.170   12.225     14.6   1015.5    291.3      0.0     63.8
     1     1    14     9    16    16     0     2   -46.0   54.182   12.567     14.0   1016.7    292.8      0.0     59.7
     1     1    14     9    16    15     0     3   -47.0   54.198   12.914     13.0   1018.0    294.3      0.0     56.1
     1     1    14     9    16    14     0     2   -48.0   54.219   13.265     12.1   1018.7    293.8      0.0     56.6
     1     1    14     9    16    13     0     1   -49.0   54.244   13.616     11.3   1019.6    292.7      0.0     56.9
     1     1    14     9    16    12     0     0   -50.0   54.268   13.963     10.7   1021.2    291.2      0.0     57.4
     1     1    14     9    16    11     0     1   -51.0   54.282   14.308     10.4   1020.6    291.7      0.0     58.1
     1     1    14     9    16    10     0     2   -52.0   54.277   14.650     10.6   1019.8    292.2      0.0     58.2
     1     1    14     9    16     9     0     3   -53.0   54.256   14.983     11.2   1018.8    292.6      0.0     57.7
     1     1    14     9    16     8     0     2   -54.0   54.225   15.306     12.7   1018.1    291.5      0.0     58.6
     1     1    14     9    16     7     0     1   -55.0   54.195   15.618     15.8   1017.3    290.0      0.0     59.9
     1     1    14     9    16     6     0     0   -56.0   54.163   15.924     22.0   1016.1    288.2      0.0     61.6
     1     1    14     9    16     5     0     1   -57.0   54.125   16.218     31.6   1011.1    287.4      0.0     61.2
     1     1    14     9    16     4     0     2   -58.0   54.077   16.491     43.5   1005.8    286.7      0.0     61.2
     1     1    14     9    16     3     0     3   -59.0   54.020   16.744     58.3   1000.4    286.3      0.0     61.5
     1     1    14     9    16     2     0     2   -60.0   53.950   16.999     76.2    995.3    286.6      0.0     61.5
     1     1    14     9    16     1     0     1   -61.0   53.870   17.275     93.2    993.9    286.9      0.0     60.8
     1     1    14     9    16     0     0     0   -62.0   53.787   17.569    103.5    993.4    287.2      0.0     60.0
     1     1    14     9    15    23     0     1   -63.0   53.718   17.874    105.0    993.6    287.5      0.0     60.1
     1     1    14     9    15    22     0     2   -64.0   53.674   18.182    102.6    996.3    287.9      0.0     58.9
     1     1    14     9    15    21     0     3   -65.0   53.645   18.495    101.7    999.5    288.4      0.0     55.9
     1     1    14     9    15    20     0     2   -66.0   53.626   18.815    102.0   1002.3    289.2      0.0     52.5
     1     1    14     9    15    19     0     1   -67.0   53.617   19.140    103.8   1002.6    289.8      0.0     50.4
     1     1    14     9    15    18     0     0   -68.0   53.620   19.476    109.5    999.5    290.2      0.0     49.6
     1     1    14     9    15    17     0     1   -69.0   53.631   19.815    117.9    995.6    291.2      0.0     46.9
     1     1    14     9    15    16     0     2   -70.0   53.646   20.142    123.6    993.2    292.2      0.0     43.6
     1     1    14     9    15    15     0     3   -71.0   53.668   20.451    122.8    993.1    293.2      0.0     40.2
     1     1    14     9    15    14     0     2   -72.0   53.693   20.739    117.2    994.5    293.1      0.0     40.9
