     7     1
    GDAS    14     8    22     0     0
    GDAS    14     8    29     0     0
    GDAS    14     9     1     0     0
    GDAS    14     9     8     0     0
    GDAS    14     9    15     0     0
    GDAS    14     9    22     0     0
    GDAS    14     9    29     0     0
     1 BACKWARD OMEGA   
    14     9     4     7   56.467   -2.973   100.0
     4 PRESSURE AIR_TEMP RAINFALL RELHUMID
     1     1    14     9     4     7     0     1     0.0   56.467   -2.973    100.0    977.7    286.5      0.0     91.2
     1     1    14     9     4     6     0     0    -1.0   56.343   -2.931    113.1    982.0    286.4      0.0     91.0
     1     1    14     9     4     5     0     1    -2.0   56.207   -2.887    135.3    985.1    286.8      0.0     89.1
     1     1    14     9     4     4     0     2    -3.0   56.059   -2.842    168.0    986.4    287.2      0.0     87.0
     1     1    14     9     4     3     0     3    -4.0   55.895   -2.791    208.1    983.0    287.3      0.0     85.3
     1     1    14     9     4     2     0     2    -5.0   55.723   -2.728    245.7    978.3    287.5      0.0     83.6
     1     1    14     9     4     1     0     1    -6.0   55.549   -2.652    274.7    974.1    287.5      0.0     83.0
     1     1    14     9     4     0     0     0    -7.0   55.378   -2.561    292.9    970.6    287.4      0.0     83.2
     1     1    14     9     3    23     0     1    -8.0   55.210   -2.448    298.7    967.7    287.3      0.0     82.5
     1     1    14     9     3    22     0     2    -9.0   55.042   -2.302    286.0    965.4    287.1      0.0     82.8
     1     1    14     9     3    21     0     3   -10.0   54.877   -2.112    246.3    967.2    287.1      0.0     83.4
     1     1    14     9     3    20     0     2   -11.0   54.729   -1.902    196.1    975.2    287.6      0.0     82.1
     1     1    14     9     3    19     0     1   -12.0   54.603   -1.701    160.4    985.0    288.3      0.0     79.1
     1     1    14     9     3    18     0     0   -13.0   54.492   -1.507    141.6    991.1    289.0      0.0     75.9
     1     1    14     9     3    17     0     1   -14.0   54.394   -1.314    137.0    995.7    289.2      0.0     73.2
     1     1    14     9     3    16     0     2   -15.0   54.310   -1.119    149.5    998.7    289.5      0.0     70.3
     1     1    14     9     3    15     0     3   -16.0   54.242   -0.925    182.5    996.5    289.4      0.0     68.7
     1     1    14     9     3    14     0     2   -17.0   54.178   -0.742    231.2    990.2    288.8      0.0     72.3
     1     1    14     9     3    13     0     1   -18.0   54.113   -0.572    290.9    983.6    287.9      0.0     76.0
     1     1    14     9     3    12     0     0   -19.0   54.043   -0.417    363.5    975.0    286.8      0.0     79.7
     1     1    14     9     3    11     0     1   -20.0   53.964   -0.281    443.8    965.1    286.2      0.0     78.8
     1     1    14     9     3    10     0     2   -21.0   53.873   -0.170    519.4    955.7    285.7      0.0     78.2
     1     1    14     9     3     9     0     3   -22.0   53.776   -0.083    585.6    948.4    285.1      0.0     78.8
     1     1    14     9     3     8     0     2   -23.0   53.679   -0.014    640.8    941.9    284.8      0.0     80.0
     1     1    14     9     3     7     0     1   -24.0   53.598    0.056    666.6    942.5    284.9      0.0     80.2
     1     1    14     9     3     6     0     0   -25.0   53.531    0.135    664.4    945.0    285.1      0.0     80.0
     1     1    14     9     3     5     0     1   -26.0   53.456    0.215    659.2    945.7    285.2      0.0     80.3
     1     1    14     9     3     4     0     2   -27.0   53.369    0.308    652.3    946.5    285.3      0.0     80.6
     1     1    14     9     3     3     0     3   -28.0   53.272    0.417    644.6    947.5    285.4      0.0     80.8
     1     1    14     9     3     2     0     2   -29.0   53.177    0.544    639.6    948.7    285.6      0.0     80.1
     1     1    14     9     3     1     0     1   -30.0   53.090    0.689    641.7    949.1    285.7      0.0     79.9
     1     1    14     9     3     0     0     0   -31.0   53.008    0.845    653.7    948.5    285.7      0.0     80.4
     1     1    14     9     2    23     0     1   -32.0   52.931    1.012    671.6    946.0    285.6      0.0     81.7
     1     1    14     9     2    22     0     2   -33.0   52.858    1.192    684.9    943.6    285.6      0.0     81.9
     1     1    14     9     2    21     0     3   -34.0   52.791    1.386    687.9    943.0    285.6      0.0     81.3
     1     1    14     9     2    20     0     2   -35.0   52.736    1.586    685.8    943.9    285.8      0.0     79.8
     1     1    14     9     2    19     0     1   -36.0   52.696    1.773    687.5    943.9    285.9      0.0     79.7
     1     1    14     9     2    18     0     0   -37.0   52.671    1.944    696.9    943.2    285.9      0.0     80.7
     1     1    14     9     2    17     0     1   -38.0   52.654    2.101    716.8    940.8    285.7      0.0     81.2
     1     1    14     9     2    16     0     2   -39.0   52.640    2.243    747.2    937.0    285.4      0.0     82.0
     1     1    14     9     2    15     0     3   -40.0   52.627    2.367    786.5    932.3    285.0      0.0     83.5
     1     1    14     9     2    14     0     2   -41.0   52.609    2.478    824.8    927.5    284.5      0.0     85.0
     1     1    14     9     2    13     0     1   -42.0   52.577    2.582    852.5    924.7    284.3      0.0     86.7
     1     1    14     9     2    12     0     0   -43.0   52.533    2.683    868.5    923.2    284.1      0.0     88.6
     1     1    14     9     2    11     0     1   -44.0   52.485    2.788    876.2    922.3    284.1      0.0     90.2
     1     1    14     9     2    10     0     2   -45.0   52.441    2.898    878.7    921.6    284.1      0.0     91.7
     1     1    14     9     2     9     0     3   -46.0   52.400    3.009    874.7    921.5    284.2      0.0     93.1
     1     1    14     9     2     8     0     2   -47.0   52.361    3.123    871.8    922.4    284.2      0.0     93.0
     1     1    14     9     2     7     0     1   -48.0   52.325    3.239    878.2    921.5    284.0      0.0     93.3
     1     1    14     9     2     6     0     0   -49.0   52.288    3.354    892.8    919.5    283.9      0.0     93.9
     1     1    14     9     2     5     0     1   -50.0   52.257    3.454    904.0    916.8    284.0      0.0     94.4
     1     1    14     9     2     4     0     2   -51.0   52.235    3.525    899.8    917.1    284.2      0.0     95.4
     1     1    14     9     2     3     0     3   -52.0   52.220    3.569    880.6    919.2    284.5      0.0     96.7
     1     1    14     9     2     2     0     2   -53.0   52.199    3.587    856.2    922.8    284.7      0.1     96.1
     1     1    14     9     2     1     0     1   -54.0   52.161    3.578    837.1    924.6    284.9      0.2     95.6
     1     1    14     9     2     0     0     0   -55.0   52.112    3.541    822.0    926.0    285.1      0.2     95.2
     1     1    14     9     1    23     0     1   -56.0   52.056    3.477    803.6    927.2    285.2      0.3     95.1
     1     1    14     9     1    22     0     2   -57.0   52.001    3.390    774.9    930.2    285.3      0.3     95.0
     1     1    14     9     1    21     0     3   -58.0   51.950    3.274    737.1    934.4    285.5      0.3     95.0
     1     1    14     9     1    20     0     2   -59.0   51.898    3.125    696.7    939.5    285.9      0.0     93.4
     1     1    14     9     1    19     0     1   -60.0   51.836    2.936    658.6    943.7    286.1      0.0     92.2
     1     1    14     9     1    18     0     0   -61.0   51.773    2.704    617.7    947.7    286.5      0.0     91.0
     1     1    14     9     1    17     0     1   -62.0   51.716    2.434    580.6    952.7    286.7      0.0     89.1
     1     1    14     9     1    16     0     2   -63.0   51.661    2.145    563.4    955.3    286.6      0.0     88.0
     1     1    14     9     1    15     0     3   -64.0   51.599    1.844    572.3    954.0    286.4      0.0     87.6
     1     1    14     9     1    14     0     2   -65.0   51.535    1.545    591.6    949.9    286.2      0.0     87.8
     1     1    14     9     1    13     0     1   -66.0   51.471    1.251    608.4    948.3    286.0      0.0     87.3
     1     1    14     9     1    12     0     0   -67.0   51.409    0.960    628.0    946.2    285.8      0.0     85.8
     1     1    14     9     1    11     0     1   -68.0   51.351    0.671    639.6    941.4    285.7      0.0     84.6
     1     1    14     9     1    10     0     2   -69.0   51.297    0.389    637.0    940.3    285.7      0.0     82.2
     1     1    14     9     1     9     0     3   -70.0   51.245    0.117    631.3    939.7    285.7      0.0     77.9
     1     1    14     9     1     8     0     2   -71.0   51.216   -0.170    614.7    939.2    285.6      0.0     90.4
     1     1    14     9     1     7     0     1   -72.0   51.219   -0.452    592.1    943.4    285.6      0.0     87.1
