     7     1
    GDAS    14     8    22     0     0
    GDAS    14     8    29     0     0
    GDAS    14     9     1     0     0
    GDAS    14     9     8     0     0
    GDAS    14     9    15     0     0
    GDAS    14     9    22     0     0
    GDAS    14     9    29     0     0
     1 BACKWARD OMEGA   
    14     9    20    13   56.467   -2.973   100.0
     4 PRESSURE AIR_TEMP RAINFALL RELHUMID
     1     1    14     9    20    13     0     1     0.0   56.467   -2.973    100.0    976.6    286.0      0.4     75.4
     1     1    14     9    20    12     0     0    -1.0   56.543   -3.033    120.9    971.6    285.4      0.0     77.2
     1     1    14     9    20    11     0     1    -2.0   56.626   -3.099    150.6    964.0    284.5      0.0     81.2
     1     1    14     9    20    10     0     2    -3.0   56.724   -3.180    185.7    954.9    283.5      0.0     85.2
     1     1    14     9    20     9     0     3    -4.0   56.831   -3.284    229.6    944.5    282.4      0.0     89.2
     1     1    14     9    20     8     0     2    -5.0   56.949   -3.407    281.8    931.5    281.4      0.3     91.8
     1     1    14     9    20     7     0     1    -6.0   57.075   -3.539    338.4    923.8    280.8      0.0     93.9
     1     1    14     9    20     6     0     0    -7.0   57.199   -3.672    400.3    920.9    280.6      0.0     94.6
     1     1    14     9    20     5     0     1    -8.0   57.318   -3.819    469.6    916.4    280.8      0.0     93.8
     1     1    14     9    20     4     0     2    -9.0   57.437   -3.999    550.8    910.6    280.9      0.0     93.6
     1     1    14     9    20     3     0     3   -10.0   57.557   -4.212    639.8    905.4    280.6      0.0     94.6
     1     1    14     9    20     2     0     2   -11.0   57.675   -4.440    715.7    899.4    280.3      0.0     95.6
     1     1    14     9    20     1     0     1   -12.0   57.784   -4.669    769.8    894.5    280.0      0.0     96.4
     1     1    14     9    20     0     0     0   -13.0   57.887   -4.894    798.8    890.9    279.8      0.0     97.0
     1     1    14     9    19    23     0     1   -14.0   57.985   -5.120    806.6    894.3    279.9      0.0     96.1
     1     1    14     9    19    22     0     2   -15.0   58.079   -5.342    802.5    904.8    280.5      0.0     94.7
     1     1    14     9    19    21     0     3   -16.0   58.171   -5.557    794.3    913.9    281.0      0.0     93.5
     1     1    14     9    19    20     0     2   -17.0   58.266   -5.771    787.2    921.3    281.4      0.0     93.5
     1     1    14     9    19    19     0     1   -18.0   58.370   -5.990    788.3    926.8    281.7      0.0     93.7
     1     1    14     9    19    18     0     0   -19.0   58.483   -6.221    805.2    923.8    281.5      0.0     95.5
     1     1    14     9    19    17     0     1   -20.0   58.587   -6.465    831.9    918.2    281.3      0.0     95.4
     1     1    14     9    19    16     0     2   -21.0   58.671   -6.712    854.7    914.9    281.2      0.1     94.6
     1     1    14     9    19    15     0     3   -22.0   58.744   -6.958    872.7    912.4    281.1      0.2     93.4
     1     1    14     9    19    14     0     2   -23.0   58.805   -7.184    892.6    911.5    281.1      0.0     93.6
     1     1    14     9    19    13     0     1   -24.0   58.853   -7.370    921.8    908.7    280.9      0.0     93.4
     1     1    14     9    19    12     0     0   -25.0   58.893   -7.513    961.8    904.5    280.8      0.3     92.8
     1     1    14     9    19    11     0     1   -26.0   58.934   -7.634    999.9    898.9    280.6      0.0     93.9
     1     1    14     9    19    10     0     2   -27.0   58.983   -7.746   1021.2    896.5    280.5      0.0     94.8
     1     1    14     9    19     9     0     3   -28.0   59.043   -7.847   1024.8    896.1    280.5      0.0     95.5
     1     1    14     9    19     8     0     2   -29.0   59.109   -7.942   1017.7    897.4    280.6      0.0     95.9
     1     1    14     9    19     7     0     1   -30.0   59.178   -8.039   1008.0    898.6    280.7      0.0     96.5
     1     1    14     9    19     6     0     0   -31.0   59.250   -8.139    999.9    899.7    280.8      0.0     97.2
     1     1    14     9    19     5     0     1   -32.0   59.314   -8.235    998.9    900.1    280.9      0.0     94.2
     1     1    14     9    19     4     0     2   -33.0   59.364   -8.316   1004.6    899.3    281.0      0.0     91.4
     1     1    14     9    19     3     0     3   -34.0   59.401   -8.380   1013.2    898.2    281.1      0.0     88.8
     1     1    14     9    19     2     0     2   -35.0   59.434   -8.437   1028.7    897.3    281.0      0.0     89.6
     1     1    14     9    19     1     0     1   -36.0   59.472   -8.501   1057.0    894.6    280.9      0.0     90.1
     1     1    14     9    19     0     0     0   -37.0   59.511   -8.572   1099.6    890.4    280.7      0.0     90.4
     1     1    14     9    18    23     0     1   -38.0   59.547   -8.648   1139.3    884.4    280.6      0.0     89.9
     1     1    14     9    18    22     0     2   -39.0   59.578   -8.719   1156.9    882.6    280.6      0.0     89.9
     1     1    14     9    18    21     0     3   -40.0   59.607   -8.781   1152.3    883.1    280.8      0.0     89.9
     1     1    14     9    18    20     0     2   -41.0   59.634   -8.843   1140.6    885.7    281.0      0.0     88.5
     1     1    14     9    18    19     0     1   -42.0   59.655   -8.915   1135.2    886.0    281.1      0.0     86.8
     1     1    14     9    18    18     0     0   -43.0   59.671   -8.997   1134.2    885.8    281.2      0.0     84.8
     1     1    14     9    18    17     0     1   -44.0   59.671   -9.075   1135.7    885.5    281.1      0.0     83.8
     1     1    14     9    18    16     0     2   -45.0   59.646   -9.133   1139.3    885.0    281.1      0.0     82.5
     1     1    14     9    18    15     0     3   -46.0   59.597   -9.170   1146.2    884.2    281.0      0.0     80.7
     1     1    14     9    18    14     0     2   -47.0   59.544   -9.196   1157.4    883.4    280.9      0.0     81.4
     1     1    14     9    18    13     0     1   -48.0   59.502   -9.224   1172.3    882.0    280.7      0.0     82.0
     1     1    14     9    18    12     0     0   -49.0   59.469   -9.256   1190.0    880.3    280.5      0.0     82.5
     1     1    14     9    18    11     0     1   -50.0   59.435   -9.291   1209.0    877.9    280.5      0.0     84.0
     1     1    14     9    18    10     0     2   -51.0   59.390   -9.323   1228.3    875.6    280.5      0.0     85.2
     1     1    14     9    18     9     0     3   -52.0   59.334   -9.351   1247.9    873.2    280.6      0.0     86.1
     1     1    14     9    18     8     0     2   -53.0   59.274   -9.367   1263.9    871.1    280.4      0.0     86.2
     1     1    14     9    18     7     0     1   -54.0   59.218   -9.364   1272.0    870.2    280.4      0.0     86.9
     1     1    14     9    18     6     0     0   -55.0   59.166   -9.342   1272.0    870.2    280.4      0.0     87.9
     1     1    14     9    18     5     0     1   -56.0   59.117   -9.311   1277.7    871.2    280.4      0.0     85.3
     1     1    14     9    18     4     0     2   -57.0   59.071   -9.282   1303.1    868.7    280.3      0.0     81.8
     1     1    14     9    18     3     0     3   -58.0   59.029   -9.257   1348.8    864.0    280.0      0.0     77.5
     1     1    14     9    18     2     0     2   -59.0   58.985   -9.232   1397.7    857.2    279.6      0.0     77.6
     1     1    14     9    18     1     0     1   -60.0   58.934   -9.195   1430.5    853.8    279.4      0.0     78.6
     1     1    14     9    18     0     0     0   -61.0   58.873   -9.145   1445.7    852.3    279.3      0.0     80.1
     1     1    14     9    17    23     0     1   -62.0   58.813   -9.083   1458.1    853.1    279.4      0.0     80.5
     1     1    14     9    17    22     0     2   -63.0   58.762   -9.018   1483.9    851.0    279.2      0.0     80.5
     1     1    14     9    17    21     0     3   -64.0   58.718   -8.948   1524.2    847.4    279.0      0.0     80.1
     1     1    14     9    17    20     0     2   -65.0   58.675   -8.883   1564.3    841.2    278.6      0.0     79.5
     1     1    14     9    17    19     0     1   -66.0   58.633   -8.832   1587.5    838.4    278.5      0.0     79.9
     1     1    14     9    17    18     0     0   -67.0   58.593   -8.795   1593.6    837.5    278.4      0.0     80.8
     1     1    14     9    17    17     0     1   -68.0   58.550   -8.759   1591.4    838.9    278.5      0.0     80.3
     1     1    14     9    17    16     0     2   -69.0   58.498   -8.710   1590.0    839.3    278.5      0.0     79.7
     1     1    14     9    17    15     0     3   -70.0   58.436   -8.651   1589.5    839.5    278.5      0.0     79.3
     1     1    14     9    17    14     0     2   -71.0   58.369   -8.590   1593.1    839.6    278.5      0.0     80.0
     1     1    14     9    17    13     0     1   -72.0   58.300   -8.533   1603.1    838.5    278.4      0.0     80.8
