     7     1
    GDAS    14     8    22     0     0
    GDAS    14     8    29     0     0
    GDAS    14     9     1     0     0
    GDAS    14     9     8     0     0
    GDAS    14     9    15     0     0
    GDAS    14     9    22     0     0
    GDAS    14     9    29     0     0
     1 BACKWARD OMEGA   
    14     9    21     6   56.467   -2.973   100.0
     4 PRESSURE AIR_TEMP RAINFALL RELHUMID
     1     1    14     9    21     6     0     0     0.0   56.467   -2.973    100.0    982.0    281.1      0.0     88.6
     1     1    14     9    21     5     0     1    -1.0   56.609   -3.109    132.1    972.5    280.7      0.0     90.2
     1     1    14     9    21     4     0     2    -2.0   56.779   -3.254    188.7    957.5    280.2      0.0     92.4
     1     1    14     9    21     3     0     3    -3.0   57.002   -3.409    276.3    936.6    279.3      0.0     96.5
     1     1    14     9    21     2     0     2    -4.0   57.264   -3.579    377.3    933.1    279.2      0.0     94.3
     1     1    14     9    21     1     0     1    -5.0   57.521   -3.766    463.0    933.2    279.3      0.0     93.4
     1     1    14     9    21     0     0     0    -6.0   57.766   -3.982    542.8    933.2    279.3      0.0     93.7
     1     1    14     9    20    23     0     1    -7.0   58.005   -4.236    615.3    931.4    279.4      0.0     94.8
     1     1    14     9    20    22     0     2    -8.0   58.243   -4.498    651.6    926.3    279.3      0.0     96.2
     1     1    14     9    20    21     0     3    -9.0   58.485   -4.746    649.7    930.6    279.6      0.0     96.8
     1     1    14     9    20    20     0     2   -10.0   58.734   -4.975    630.0    940.1    280.2      0.0     97.0
     1     1    14     9    20    19     0     1   -11.0   58.996   -5.185    617.7    950.5    280.9      0.0     95.5
     1     1    14     9    20    18     0     0   -12.0   59.274   -5.381    619.3    949.7    280.9      0.0     94.6
     1     1    14     9    20    17     0     1   -13.0   59.558   -5.604    631.2    947.3    280.7      0.0     94.3
     1     1    14     9    20    16     0     2   -14.0   59.849   -5.884    649.3    944.5    280.6      0.0     93.8
     1     1    14     9    20    15     0     3   -15.0   60.151   -6.220    674.5    940.9    280.4      0.0     92.0
     1     1    14     9    20    14     0     2   -16.0   60.458   -6.576    706.1    936.7    280.2      0.0     91.4
     1     1    14     9    20    13     0     1   -17.0   60.765   -6.931    746.3    932.3    279.9      0.0     92.6
     1     1    14     9    20    12     0     0   -18.0   61.078   -7.281    801.9    925.8    279.4      0.0     95.0
     1     1    14     9    20    11     0     1   -19.0   61.386   -7.630    859.8    917.0    278.7      0.0     95.3
     1     1    14     9    20    10     0     2   -20.0   61.687   -7.998    896.0    911.9    278.2      0.0     95.9
     1     1    14     9    20     9     0     3   -21.0   61.989   -8.391    905.6    910.7    278.0      0.0     97.0
     1     1    14     9    20     8     0     2   -22.0   62.300   -8.768    905.8    911.2    278.2      1.3     95.9
     1     1    14     9    20     7     0     1   -23.0   62.624   -9.106    908.5    909.9    278.4      0.0     94.5
     1     1    14     9    20     6     0     0   -24.0   62.961   -9.427    917.1    908.4    278.5      0.0     93.2
     1     1    14     9    20     5     0     1   -25.0   63.310   -9.737    935.4    906.0    278.5      0.0     89.7
     1     1    14     9    20     4     0     2   -26.0   63.663  -10.040    965.6    902.5    278.2      0.2     88.9
     1     1    14     9    20     3     0     3   -27.0   64.014  -10.346   1010.5    897.3    277.7      0.2     89.5
     1     1    14     9    20     2     0     2   -28.0   64.342  -10.660   1056.7    890.2    277.5      0.0     88.9
     1     1    14     9    20     1     0     1   -29.0   64.648  -10.969   1087.3    886.2    277.3      0.2     88.8
     1     1    14     9    20     0     0     0   -30.0   64.936  -11.259   1099.8    884.4    277.1      0.2     89.5
     1     1    14     9    19    23     0     1   -31.0   65.199  -11.527   1111.1    884.8    277.0      0.2     90.5
     1     1    14     9    19    22     0     2   -32.0   65.432  -11.776   1140.8    882.0    276.9      0.2     88.8
     1     1    14     9    19    21     0     3   -33.0   65.636  -11.998   1191.9    876.4    276.6      0.8     84.8
     1     1    14     9    19    20     0     2   -34.0   65.811  -12.190   1243.1    868.3    276.2      0.0     85.7
     1     1    14     9    19    19     0     1   -35.0   65.962  -12.339   1273.8    864.8    276.0      0.0     87.0
     1     1    14     9    19    18     0     0   -36.0   66.096  -12.435   1287.5    863.3    275.9      0.0     87.4
     1     1    14     9    19    17     0     1   -37.0   66.219  -12.491   1293.3    863.5    276.1      0.0     86.5
     1     1    14     9    19    16     0     2   -38.0   66.332  -12.524   1297.8    862.9    276.2      0.0     85.7
     1     1    14     9    19    15     0     3   -39.0   66.437  -12.534   1300.5    862.6    276.2      0.0     85.3
     1     1    14     9    19    14     0     2   -40.0   66.539  -12.523   1301.7    862.7    276.3      0.2     84.2
     1     1    14     9    19    13     0     1   -41.0   66.639  -12.489   1303.6    862.8    276.4      0.0     83.3
     1     1    14     9    19    12     0     0   -42.0   66.737  -12.427   1308.9    862.5    276.5      0.0     82.5
     1     1    14     9    19    11     0     1   -43.0   66.834  -12.325   1315.8    861.4    276.5      0.0     81.9
     1     1    14     9    19    10     0     2   -44.0   66.935  -12.163   1319.4    860.9    276.5      0.0     81.6
     1     1    14     9    19     9     0     3   -45.0   67.041  -11.929   1318.7    861.2    276.6      0.0     81.9
     1     1    14     9    19     8     0     2   -46.0   67.151  -11.627   1321.8    861.6    276.4      0.3     84.1
     1     1    14     9    19     7     0     1   -47.0   67.265  -11.276   1338.9    860.0    276.2      0.7     84.9
     1     1    14     9    19     6     0     0   -48.0   67.381  -10.883   1372.2    856.5    276.0      0.7     84.7
     1     1    14     9    19     5     0     1   -49.0   67.496  -10.481   1403.9    851.8    275.9      0.5     85.4
     1     1    14     9    19     4     0     2   -50.0   67.605  -10.087   1421.5    850.9    276.0      0.0     86.0
     1     1    14     9    19     3     0     3   -51.0   67.706   -9.700   1432.1    850.5    276.1      0.0     87.2
     1     1    14     9    19     2     0     2   -52.0   67.796   -9.310   1443.1    850.4    276.0      0.0     89.5
     1     1    14     9    19     1     0     1   -53.0   67.870   -8.919   1454.3    849.3    276.0      0.0     90.7
     1     1    14     9    19     0     0     0   -54.0   67.932   -8.541   1459.6    849.0    276.2      0.0     90.8
     1     1    14     9    18    23     0     1   -55.0   67.981   -8.174   1466.1    849.7    276.4      0.0     91.8
     1     1    14     9    18    22     0     2   -56.0   68.014   -7.824   1482.8    848.5    276.5      0.0     92.0
     1     1    14     9    18    21     0     3   -57.0   68.028   -7.505   1505.2    845.9    276.5      0.0     92.3
     1     1    14     9    18    20     0     2   -58.0   68.035   -7.227   1521.8    843.8    276.2      0.0     94.8
     1     1    14     9    18    19     0     1   -59.0   68.045   -6.987   1528.0    843.4    276.0      0.0     96.8
     1     1    14     9    18    18     0     0   -60.0   68.058   -6.778   1528.1    844.0    275.9      0.0     98.1
     1     1    14     9    18    17     0     1   -61.0   68.056   -6.585   1525.4    844.5    275.7      0.0     98.1
     1     1    14     9    18    16     0     2   -62.0   68.027   -6.378   1519.2    845.3    275.7      0.2     98.1
     1     1    14     9    18    15     0     3   -63.0   67.971   -6.137   1506.8    846.7    275.6      0.2     97.9
     1     1    14     9    18    14     0     2   -64.0   67.896   -5.871   1482.8    849.4    275.8      0.5     97.7
     1     1    14     9    18    13     0     1   -65.0   67.810   -5.594   1444.8    853.8    276.1      0.5     97.7
     1     1    14     9    18    12     0     0   -66.0   67.721   -5.302   1394.9    859.5    276.4      0.5     97.7
     1     1    14     9    18    11     0     1   -67.0   67.627   -4.978   1340.7    866.0    276.8      0.3     96.0
     1     1    14     9    18    10     0     2   -68.0   67.519   -4.610   1286.4    871.9    277.0      0.3     94.2
     1     1    14     9    18     9     0     3   -69.0   67.389   -4.179   1235.5    878.1    277.3      0.2     93.1
     1     1    14     9    18     8     0     2   -70.0   67.248   -3.667   1195.3    883.1    277.6      0.5     93.1
     1     1    14     9    18     7     0     1   -71.0   67.113   -3.076   1165.7    886.3    277.8      0.5     94.7
     1     1    14     9    18     6     0     0   -72.0   66.987   -2.436   1136.3    889.0    278.0      0.5     97.7
