     7     1
    GDAS    14     8    22     0     0
    GDAS    14     8    29     0     0
    GDAS    14     9     1     0     0
    GDAS    14     9     8     0     0
    GDAS    14     9    15     0     0
    GDAS    14     9    22     0     0
    GDAS    14     9    29     0     0
     1 BACKWARD OMEGA   
    14     9    21    11   56.467   -2.973   100.0
     4 PRESSURE AIR_TEMP RAINFALL RELHUMID
     1     1    14     9    21    11     0     1     0.0   56.467   -2.973    100.0    983.6    283.4      0.0     76.1
     1     1    14     9    21    10     0     2    -1.0   56.572   -3.054    138.3    975.7    282.2      0.0     80.1
     1     1    14     9    21     9     0     3    -2.0   56.702   -3.156    199.0    963.0    280.7      0.0     85.4
     1     1    14     9    21     8     0     2    -3.0   56.866   -3.277    293.2    944.3    279.3      0.0     90.9
     1     1    14     9    21     7     0     1    -4.0   57.078   -3.413    418.9    925.2    277.8      0.0     95.9
     1     1    14     9    21     6     0     0    -5.0   57.321   -3.551    539.4    917.9    277.7      0.0     92.8
     1     1    14     9    21     5     0     1    -6.0   57.571   -3.686    633.1    918.3    278.0      0.0     91.4
     1     1    14     9    21     4     0     2    -7.0   57.820   -3.825    712.8    919.6    278.1      0.0     92.4
     1     1    14     9    21     3     0     3    -8.0   58.069   -3.971    787.1    918.5    278.0      0.0     95.2
     1     1    14     9    21     2     0     2    -9.0   58.312   -4.121    846.2    912.5    277.6      0.0     96.6
     1     1    14     9    21     1     0     1   -10.0   58.544   -4.269    876.8    911.1    277.6      0.0     96.9
     1     1    14     9    21     0     0     0   -11.0   58.767   -4.411    871.1    915.1    277.8      0.0     98.0
     1     1    14     9    20    23     0     1   -12.0   58.992   -4.560    840.0    924.5    278.5      0.0     97.0
     1     1    14     9    20    22     0     2   -13.0   59.235   -4.720    810.3    929.3    279.0      0.0     95.1
     1     1    14     9    20    21     0     3   -14.0   59.506   -4.887    800.8    930.1    279.3      0.0     93.2
     1     1    14     9    20    20     0     2   -15.0   59.798   -5.052    812.7    928.2    279.2      0.0     91.8
     1     1    14     9    20    19     0     1   -16.0   60.100   -5.223    841.2    924.1    279.1      0.0     89.8
     1     1    14     9    20    18     0     0   -17.0   60.419   -5.411    877.7    919.1    278.8      0.0     88.0
     1     1    14     9    20    17     0     1   -18.0   60.753   -5.632    915.2    913.8    278.6      0.0     86.8
     1     1    14     9    20    16     0     2   -19.0   61.090   -5.898    954.8    908.8    278.2      0.0     85.7
     1     1    14     9    20    15     0     3   -20.0   61.430   -6.206   1006.7    902.7    277.8      0.0     86.2
     1     1    14     9    20    14     0     2   -21.0   61.774   -6.528   1080.9    893.3    277.3      0.0     87.6
     1     1    14     9    20    13     0     1   -22.0   62.125   -6.829   1170.8    881.3    276.7      0.0     87.0
     1     1    14     9    20    12     0     0   -23.0   62.494   -7.102   1243.5    871.0    276.4      0.0     83.8
     1     1    14     9    20    11     0     1   -24.0   62.870   -7.370   1273.8    868.4    276.3      0.0     84.5
     1     1    14     9    20    10     0     2   -25.0   63.245   -7.656   1282.6    869.3    276.3      0.0     83.8
     1     1    14     9    20     9     0     3   -26.0   63.635   -7.951   1300.9    867.8    276.3      0.0     78.0
     1     1    14     9    20     8     0     2   -27.0   64.037   -8.234   1336.0    862.8    276.2      0.3     77.2
     1     1    14     9    20     7     0     1   -28.0   64.432   -8.513   1375.5    856.9    275.8      0.3     78.7
     1     1    14     9    20     6     0     0   -29.0   64.825   -8.807   1406.9    852.3    275.5      0.3     75.5
     1     1    14     9    20     5     0     1   -30.0   65.205   -9.114   1431.4    850.3    275.3      0.2     77.6
     1     1    14     9    20     4     0     2   -31.0   65.552   -9.437   1453.3    847.7    275.1      0.0     79.0
     1     1    14     9    20     3     0     3   -32.0   65.860   -9.783   1476.1    845.8    275.2      0.0     74.8
     1     1    14     9    20     2     0     2   -33.0   66.127  -10.144   1499.3    842.6    274.9      0.3     74.6
     1     1    14     9    20     1     0     1   -34.0   66.358  -10.497   1517.5    840.3    274.7      0.3     76.4
     1     1    14     9    20     0     0     0   -35.0   66.556  -10.808   1537.2    838.6    274.5      0.0     74.8
     1     1    14     9    19    23     0     1   -36.0   66.729  -11.070   1564.7    835.6    274.2      0.0     74.0
     1     1    14     9    19    22     0     2   -37.0   66.879  -11.282   1598.6    831.9    274.0      0.0     73.3
     1     1    14     9    19    21     0     3   -38.0   67.014  -11.429   1636.4    827.8    273.8      0.0     72.0
     1     1    14     9    19    20     0     2   -39.0   67.141  -11.535   1667.1    823.5    273.6      0.0     71.9
     1     1    14     9    19    19     0     1   -40.0   67.268  -11.634   1681.4    822.0    273.5      0.0     71.0
     1     1    14     9    19    18     0     0   -41.0   67.396  -11.729   1682.6    821.9    273.6      0.0     69.4
     1     1    14     9    19    17     0     1   -42.0   67.524  -11.818   1678.4    823.0    273.6      0.0     69.0
     1     1    14     9    19    16     0     2   -43.0   67.652  -11.902   1677.1    823.5    273.6      0.0     67.6
     1     1    14     9    19    15     0     3   -44.0   67.782  -11.983   1682.5    823.2    273.6      0.0     65.4
     1     1    14     9    19    14     0     2   -45.0   67.909  -12.059   1696.1    821.9    273.3      0.0     65.9
     1     1    14     9    19    13     0     1   -46.0   68.027  -12.130   1716.2    819.8    273.1      0.0     67.6
     1     1    14     9    19    12     0     0   -47.0   68.135  -12.190   1741.0    817.4    272.7      0.0     69.0
     1     1    14     9    19    11     0     1   -48.0   68.229  -12.219   1769.8    814.8    272.6      0.0     67.6
     1     1    14     9    19    10     0     2   -49.0   68.307  -12.208   1802.6    811.8    272.4      0.0     66.2
     1     1    14     9    19     9     0     3   -50.0   68.371  -12.171   1839.8    808.4    272.3      0.0     65.1
     1     1    14     9    19     8     0     2   -51.0   68.429  -12.123   1877.6    804.1    272.1      0.0     64.8
     1     1    14     9    19     7     0     1   -52.0   68.490  -12.071   1911.0    800.6    271.9      0.0     64.3
     1     1    14     9    19     6     0     0   -53.0   68.555  -12.015   1939.2    797.7    271.8      0.0     63.4
     1     1    14     9    19     5     0     1   -54.0   68.620  -11.978   1966.8    795.8    271.7      0.0     65.2
     1     1    14     9    19     4     0     2   -55.0   68.679  -11.990   1999.1    793.1    271.6      0.0     67.9
     1     1    14     9    19     3     0     3   -56.0   68.732  -12.061   2037.1    789.8    271.5      0.0     71.4
     1     1    14     9    19     2     0     2   -57.0   68.775  -12.175   2077.7    785.8    271.2      0.0     72.5
     1     1    14     9    19     1     0     1   -58.0   68.806  -12.310   2118.6    782.2    270.9      0.0     73.8
     1     1    14     9    19     0     0     0   -59.0   68.827  -12.465   2161.0    778.5    270.6      0.0     75.3
     1     1    14     9    18    23     0     1   -60.0   68.841  -12.668   2205.6    774.4    270.5      0.0     76.9
     1     1    14     9    18    22     0     2   -61.0   68.849  -12.951   2252.0    770.1    270.4      0.0     78.7
     1     1    14     9    18    21     0     3   -62.0   68.846  -13.318   2298.3    765.7    270.3      0.0     80.9
     1     1    14     9    18    20     0     2   -63.0   68.829  -13.735   2341.7    761.3    270.0      0.0     81.6
     1     1    14     9    18    19     0     1   -64.0   68.794  -14.161   2380.4    757.7    269.7      0.0     82.1
     1     1    14     9    18    18     0     0   -65.0   68.742  -14.577   2410.8    754.5    269.5      0.0     82.6
     1     1    14     9    18    17     0     1   -66.0   68.671  -14.961   2424.6    752.8    269.3      0.0     85.1
     1     1    14     9    18    16     0     2   -67.0   68.582  -15.293   2410.8    753.6    269.3      0.0     87.4
     1     1    14     9    18    15     0     3   -68.0   68.476  -15.561   2357.7    758.2    269.5      0.5     89.9
     1     1    14     9    18    14     0     2   -69.0   68.357  -15.771   2283.5    768.1    270.0      0.2     91.7
     1     1    14     9    18    13     0     1   -70.0   68.233  -15.948   2219.5    775.4    270.3      0.2     93.2
     1     1    14     9    18    12     0     0   -71.0   68.108  -16.115   2185.5    780.2    270.5      0.2     94.4
     1     1    14     9    18    11     0     1   -72.0   67.971  -16.290   2161.7    779.6    270.7      0.2     97.5
