     7     1
    GDAS    14     8    22     0     0
    GDAS    14     8    29     0     0
    GDAS    14     9     1     0     0
    GDAS    14     9     8     0     0
    GDAS    14     9    15     0     0
    GDAS    14     9    22     0     0
    GDAS    14     9    29     0     0
     1 BACKWARD OMEGA   
    14     9     1    15   56.467   -2.973   100.0
     4 PRESSURE AIR_TEMP RAINFALL RELHUMID
     1     1    14     9     1    15     0     3     0.0   56.467   -2.973    100.0    976.2    288.0      0.0     64.4
     1     1    14     9     1    14     0     2    -1.0   56.496   -3.157     92.3    974.5    287.7      0.0     66.5
     1     1    14     9     1    13     0     1    -2.0   56.527   -3.364     93.3    971.3    287.0      0.0     68.9
     1     1    14     9     1    12     0     0    -3.0   56.556   -3.590    104.0    966.7    286.1      0.0     71.1
     1     1    14     9     1    11     0     1    -4.0   56.576   -3.835    121.1    960.9    284.9      0.0     75.4
     1     1    14     9     1    10     0     2    -5.0   56.582   -4.091    137.6    957.4    284.1      0.0     79.6
     1     1    14     9     1     9     0     3    -6.0   56.575   -4.355    146.5    957.6    283.5      0.0     82.3
     1     1    14     9     1     8     0     2    -7.0   56.567   -4.623    146.7    959.5    283.3      0.0     86.2
     1     1    14     9     1     7     0     1    -8.0   56.565   -4.884    141.1    961.6    283.1      0.0     90.8
     1     1    14     9     1     6     0     0    -9.0   56.570   -5.134    128.6    967.0    283.2      0.0     93.4
     1     1    14     9     1     5     0     1   -10.0   56.573   -5.398    102.3    976.7    284.0      0.1     89.9
     1     1    14     9     1     4     0     2   -11.0   56.568   -5.687     63.0    990.6    285.0      0.0     88.2
     1     1    14     9     1     3     0     3   -12.0   56.561   -5.983     29.2   1004.6    285.8      0.0     88.1
     1     1    14     9     1     2     0     2   -13.0   56.548   -6.304      7.2   1009.2    286.4      0.2     88.5
     1     1    14     9     1     1     0     1   -14.0   56.528   -6.675      0.0   1011.8    286.8      0.0     88.9
     1     1    14     9     1     0     0     0   -15.0   56.502   -7.121      0.0   1014.0    287.1      0.0     89.5
     1     1    14     8    31    23     0     1   -16.0   56.463   -7.615      0.6   1013.0    287.1      0.0     88.8
     1     1    14     8    31    22     0     2   -17.0   56.412   -8.125      1.2   1012.1    287.1      0.0     87.6
     1     1    14     8    31    21     0     3   -18.0   56.358   -8.642      1.8   1011.2    287.2      0.0     87.1
     1     1    14     8    31    20     0     2   -19.0   56.297   -9.172      2.8   1010.2    287.2      0.3     87.1
     1     1    14     8    31    19     0     1   -20.0   56.230   -9.720      4.2   1009.2    287.3      0.1     86.9
     1     1    14     8    31    18     0     0   -21.0   56.172  -10.291      5.7   1008.2    287.5      0.1     87.4
     1     1    14     8    31    17     0     1   -22.0   56.096  -10.874      6.5   1008.0    287.8      0.0     87.5
     1     1    14     8    31    16     0     2   -23.0   55.989  -11.473      6.8   1007.9    287.9      0.0     88.6
     1     1    14     8    31    15     0     3   -24.0   55.888  -12.117      7.0   1007.8    287.9      0.0     89.8
     1     1    14     8    31    14     0     2   -25.0   55.786  -12.781      7.5   1006.9    287.9      0.3     87.2
     1     1    14     8    31    13     0     1   -26.0   55.641  -13.433      8.2   1006.4    288.0      0.4     88.7
     1     1    14     8    31    12     0     0   -27.0   55.452  -14.100      8.6   1006.3    288.0      0.1     92.3
     1     1    14     8    31    11     0     1   -28.0   55.250  -14.768      9.2   1006.2    288.2      0.1     91.8
     1     1    14     8    31    10     0     2   -29.0   55.022  -15.395     10.1   1005.3    288.4      0.1     89.8
     1     1    14     8    31     9     0     3   -30.0   54.726  -15.978     10.7   1003.0    288.4      0.0     89.3
     1     1    14     8    31     8     0     2   -31.0   54.390  -16.537     10.8   1003.8    288.5      0.3     92.2
     1     1    14     8    31     7     0     1   -32.0   54.055  -17.101     10.6   1003.7    288.6      0.3     91.3
     1     1    14     8    31     6     0     0   -33.0   53.718  -17.672     10.8   1003.8    288.6      0.1     89.1
     1     1    14     8    31     5     0     1   -34.0   53.369  -18.204     11.0   1005.0    288.6      0.1     91.5
     1     1    14     8    31     4     0     2   -35.0   53.014  -18.686     10.4   1005.2    288.7      0.1     93.2
     1     1    14     8    31     3     0     3   -36.0   52.668  -19.162      9.2   1005.1    288.9      0.1     93.7
     1     1    14     8    31     2     0     2   -37.0   52.320  -19.618      8.0   1006.3    288.8      0.0     92.3
     1     1    14     8    31     1     0     1   -38.0   51.959  -20.008      7.0   1007.1    288.9      0.0     93.8
     1     1    14     8    31     0     0     0   -39.0   51.578  -20.322      5.7   1006.9    289.2      0.0     97.3
     1     1    14     8    30    23     0     1   -40.0   51.185  -20.572      4.1   1007.7    289.4      0.1     97.2
     1     1    14     8    30    22     0     2   -41.0   50.789  -20.773      2.5   1008.7    289.6      0.1     97.2
     1     1    14     8    30    21     0     3   -42.0   50.380  -20.921      0.9   1010.1    289.8      0.0     97.6
     1     1    14     8    30    20     0     2   -43.0   49.978  -21.038      0.0   1010.5    290.1      0.0     97.6
     1     1    14     8    30    19     0     1   -44.0   49.602  -21.147      0.0   1010.5    290.3      0.0     97.2
     1     1    14     8    30    18     0     0   -45.0   49.247  -21.243      0.0   1011.0    290.5      0.0     96.9
     1     1    14     8    30    17     0     1   -46.0   48.901  -21.305      0.0   1012.1    290.8      0.0     95.9
     1     1    14     8    30    16     0     2   -47.0   48.551  -21.312      0.0   1012.7    291.1      0.0     95.5
     1     1    14     8    30    15     0     3   -48.0   48.202  -21.271      0.0   1013.0    291.3      0.0     95.5
     1     1    14     8    30    14     0     2   -49.0   47.866  -21.211      0.0   1014.1    291.5      0.0     93.8
     1     1    14     8    30    13     0     1   -50.0   47.553  -21.151      0.0   1015.4    291.7      0.0     92.6
     1     1    14     8    30    12     0     0   -51.0   47.260  -21.091      0.0   1016.9    292.0      0.0     92.6
     1     1    14     8    30    11     0     1   -52.0   46.982  -21.026      0.0   1017.1    292.2      0.0     91.7
     1     1    14     8    30    10     0     2   -53.0   46.711  -20.944      0.0   1017.2    292.2      0.0     90.6
     1     1    14     8    30     9     0     3   -54.0   46.445  -20.841      0.0   1017.4    292.3      0.0     91.0
     1     1    14     8    30     8     0     2   -55.0   46.192  -20.730      0.0   1017.6    292.5      0.0     89.5
     1     1    14     8    30     7     0     1   -56.0   45.957  -20.619      0.0   1017.9    292.6      0.0     88.5
     1     1    14     8    30     6     0     0   -57.0   45.737  -20.508      0.0   1018.1    292.7      0.0     87.3
     1     1    14     8    30     5     0     1   -58.0   45.532  -20.399      0.0   1018.1    292.8      0.0     86.5
     1     1    14     8    30     4     0     2   -59.0   45.343  -20.291      0.0   1018.2    293.0      0.0     86.7
     1     1    14     8    30     3     0     3   -60.0   45.174  -20.175      0.0   1018.2    293.1      0.0     87.9
     1     1    14     8    30     2     0     2   -61.0   45.024  -20.045      0.0   1018.5    293.1      0.0     87.5
     1     1    14     8    30     1     0     1   -62.0   44.885  -19.903      0.0   1018.9    293.1      0.0     85.7
     1     1    14     8    30     0     0     0   -63.0   44.759  -19.754      0.2   1019.2    293.1      0.0     84.4
     1     1    14     8    29    23     0     1   -64.0   44.650  -19.600      0.6   1019.1    293.1      0.0     83.3
     1     1    14     8    29    22     0     2   -65.0   44.566  -19.443      0.9   1018.9    293.1      0.0     82.4
     1     1    14     8    29    21     0     3   -66.0   44.509  -19.283      1.3   1018.8    293.1      0.0     81.8
     1     1    14     8    29    20     0     2   -67.0   44.469  -19.131      1.5   1019.1    293.1      0.0     81.9
     1     1    14     8    29    19     0     1   -68.0   44.439  -18.996      1.7   1019.4    293.1      0.0     82.0
     1     1    14     8    29    18     0     0   -69.0   44.415  -18.878      2.0   1019.7    293.1      0.0     81.7
     1     1    14     8    29    17     0     1   -70.0   44.390  -18.767      2.2   1019.5    293.1      0.0     80.6
     1     1    14     8    29    16     0     2   -71.0   44.357  -18.653      2.3   1019.3    293.2      0.0     79.6
     1     1    14     8    29    15     0     3   -72.0   44.314  -18.531      2.3   1019.1    293.2      0.0     78.8
