     7     1
    GDAS    14     8    22     0     0
    GDAS    14     8    29     0     0
    GDAS    14     9     1     0     0
    GDAS    14     9     8     0     0
    GDAS    14     9    15     0     0
    GDAS    14     9    22     0     0
    GDAS    14     9    29     0     0
     1 BACKWARD OMEGA   
    14     9     7    19   56.467   -2.973   100.0
     4 PRESSURE AIR_TEMP RAINFALL RELHUMID
     1     1    14     9     7    19     0     1     0.0   56.467   -2.973    100.0    973.1    283.3      0.0     77.7
     1     1    14     9     7    18     0     0    -1.0   56.612   -3.363    201.5    953.7    282.4      0.3     78.8
     1     1    14     9     7    17     0     1    -2.0   56.783   -3.796    275.2    926.2    280.5      0.0     84.2
     1     1    14     9     7    16     0     2    -3.0   56.954   -4.204    257.6    920.6    280.2      0.0     84.6
     1     1    14     9     7    15     0     3    -4.0   57.110   -4.570    204.6    939.9    281.8      0.0     80.4
     1     1    14     9     7    14     0     2    -5.0   57.249   -4.888    157.3    952.0    282.2      0.0     80.5
     1     1    14     9     7    13     0     1    -6.0   57.386   -5.147    109.9    966.4    283.1      0.0     79.7
     1     1    14     9     7    12     0     0    -7.0   57.531   -5.358     66.1    983.3    284.3      0.3     78.4
     1     1    14     9     7    11     0     1    -8.0   57.684   -5.542     36.1    996.2    285.0      0.0     79.9
     1     1    14     9     7    10     0     2    -9.0   57.846   -5.716     20.3   1007.7    285.6      0.0     80.9
     1     1    14     9     7     9     0     3   -10.0   58.023   -5.889     11.8   1016.7    286.1      0.0     81.3
     1     1    14     9     7     8     0     2   -11.0   58.227   -6.055      8.8   1019.3    286.3      0.0     81.8
     1     1    14     9     7     7     0     1   -12.0   58.460   -6.207      7.9   1017.2    286.1      0.0     83.4
     1     1    14     9     7     6     0     0   -13.0   58.715   -6.356      7.6   1016.0    285.9      0.0     85.1
     1     1    14     9     7     5     0     1   -14.0   58.987   -6.496      7.7   1015.7    286.0      0.0     85.3
     1     1    14     9     7     4     0     2   -15.0   59.259   -6.617      7.9   1015.8    286.0      0.0     85.8
     1     1    14     9     7     3     0     3   -16.0   59.523   -6.722      7.9   1015.8    285.9      0.0     86.4
     1     1    14     9     7     2     0     2   -17.0   59.777   -6.819      7.9   1015.7    285.8      0.0     87.4
     1     1    14     9     7     1     0     1   -18.0   60.016   -6.909      7.9   1015.6    285.8      0.0     89.0
     1     1    14     9     7     0     0     0   -19.0   60.237   -6.996      7.9   1016.3    285.7      0.0     90.3
     1     1    14     9     6    23     0     1   -20.0   60.449   -7.073      7.9   1016.9    285.6      0.0     87.8
     1     1    14     9     6    22     0     2   -21.0   60.663   -7.129      8.0   1017.1    285.5      0.0     86.0
     1     1    14     9     6    21     0     3   -22.0   60.880   -7.159      8.1   1016.8    285.4      0.0     84.9
     1     1    14     9     6    20     0     2   -23.0   61.094   -7.176      8.4   1016.4    285.2      0.0     85.2
     1     1    14     9     6    19     0     1   -24.0   61.297   -7.196      8.8   1015.6    285.0      0.0     85.4
     1     1    14     9     6    18     0     0   -25.0   61.494   -7.226      9.6   1014.8    284.8      0.0     85.6
     1     1    14     9     6    17     0     1   -26.0   61.685   -7.263     10.7   1013.8    284.6      0.0     85.5
     1     1    14     9     6    16     0     2   -27.0   61.874   -7.305     12.7   1012.5    284.4      0.0     85.6
     1     1    14     9     6    15     0     3   -28.0   62.061   -7.349     15.7   1011.5    284.2      0.0     85.6
     1     1    14     9     6    14     0     2   -29.0   62.246   -7.399     18.9   1012.2    284.2      0.0     85.3
     1     1    14     9     6    13     0     1   -30.0   62.430   -7.459     20.8   1013.1    284.1      0.0     85.0
     1     1    14     9     6    12     0     0   -31.0   62.614   -7.525     21.4   1014.0    284.1      0.0     84.6
     1     1    14     9     6    11     0     1   -32.0   62.800   -7.573     21.5   1014.3    283.9      0.0     84.0
     1     1    14     9     6    10     0     2   -33.0   62.997   -7.580     21.7   1014.2    283.8      0.0     83.6
     1     1    14     9     6     9     0     3   -34.0   63.201   -7.546     21.7   1013.6    283.7      0.0     83.6
     1     1    14     9     6     8     0     2   -35.0   63.408   -7.493     22.0   1013.8    283.7      0.0     83.9
     1     1    14     9     6     7     0     1   -36.0   63.615   -7.450     22.8   1013.8    283.7      0.0     84.1
     1     1    14     9     6     6     0     0   -37.0   63.822   -7.422     24.1   1013.8    283.6      0.0     84.3
     1     1    14     9     6     5     0     1   -38.0   64.018   -7.388     25.9   1013.8    283.5      0.0     83.5
     1     1    14     9     6     4     0     2   -39.0   64.192   -7.317     27.9   1013.8    283.5      0.0     82.1
     1     1    14     9     6     3     0     3   -40.0   64.349   -7.204     30.1   1013.8    283.5      0.0     81.0
     1     1    14     9     6     2     0     2   -41.0   64.501   -7.060     32.2   1013.6    283.5      0.0     81.9
     1     1    14     9     6     1     0     1   -42.0   64.656   -6.896     33.2   1013.6    283.5      0.0     82.7
     1     1    14     9     6     0     0     0   -43.0   64.814   -6.718     33.4   1013.7    283.5      0.0     83.0
     1     1    14     9     5    23     0     1   -44.0   64.971   -6.522     33.3   1013.9    283.6      0.0     83.1
     1     1    14     9     5    22     0     2   -45.0   65.124   -6.300     33.3   1014.0    283.6      0.0     83.7
     1     1    14     9     5    21     0     3   -46.0   65.275   -6.052     33.3   1014.2    283.6      0.0     85.0
     1     1    14     9     5    20     0     2   -47.0   65.431   -5.771     33.7   1013.3    283.7      0.0     83.9
     1     1    14     9     5    19     0     1   -48.0   65.599   -5.454     34.5   1012.9    283.7      0.0     83.1
     1     1    14     9     5    18     0     0   -49.0   65.783   -5.106     35.1   1013.1    283.7      0.0     83.3
     1     1    14     9     5    17     0     1   -50.0   65.978   -4.733     35.6   1013.1    283.8      0.0     81.4
     1     1    14     9     5    16     0     2   -51.0   66.171   -4.361     36.6   1013.0    283.9      0.0     80.4
     1     1    14     9     5    15     0     3   -52.0   66.360   -4.009     37.6   1013.4    284.0      0.0     80.2
     1     1    14     9     5    14     0     2   -53.0   66.544   -3.690     38.6   1012.8    284.0      0.0     81.3
     1     1    14     9     5    13     0     1   -54.0   66.725   -3.420     39.1   1012.6    284.0      0.0     82.4
     1     1    14     9     5    12     0     0   -55.0   66.907   -3.211     39.2   1012.6    283.9      0.0     83.6
     1     1    14     9     5    11     0     1   -56.0   67.088   -3.045     39.3   1012.7    284.0      0.0     83.2
     1     1    14     9     5    10     0     2   -57.0   67.264   -2.906     39.6   1012.8    284.1      0.0     82.3
     1     1    14     9     5     9     0     3   -58.0   67.439   -2.805     40.6   1012.9    284.1      0.0     82.0
     1     1    14     9     5     8     0     2   -59.0   67.615   -2.762     41.9   1012.5    283.9      0.0     82.9
     1     1    14     9     5     7     0     1   -60.0   67.795   -2.790     42.6   1012.2    283.8      0.0     85.0
     1     1    14     9     5     6     0     0   -61.0   67.984   -2.896     42.4   1012.2    283.6      0.0     88.1
     1     1    14     9     5     5     0     1   -62.0   68.167   -3.079     42.2   1011.4    283.5      0.0     87.9
     1     1    14     9     5     4     0     2   -63.0   68.326   -3.322     42.5   1010.7    283.3      0.0     87.5
     1     1    14     9     5     3     0     3   -64.0   68.462   -3.615     42.6   1010.1    283.1      0.0     87.2
     1     1    14     9     5     2     0     2   -65.0   68.587   -3.947     42.6   1010.2    282.9      0.0     87.1
     1     1    14     9     5     1     0     1   -66.0   68.720   -4.317     42.8   1010.1    282.7      0.0     86.9
     1     1    14     9     5     0     0     0   -67.0   68.869   -4.740     42.9   1009.4    282.3      0.0     86.7
     1     1    14     9     4    23     0     1   -68.0   69.027   -5.231     43.4   1009.4    282.0      0.0     86.7
     1     1    14     9     4    22     0     2   -69.0   69.177   -5.763     45.3   1009.2    281.8      0.0     87.5
     1     1    14     9     4    21     0     3   -70.0   69.313   -6.308     48.6   1008.3    281.5      0.0     87.1
     1     1    14     9     4    20     0     2   -71.0   69.445   -6.873     52.6   1007.5    281.3      0.0     88.1
     1     1    14     9     4    19     0     1   -72.0   69.584   -7.470     56.5   1006.5    281.2      0.0     89.0
