     7     1
    GDAS    14     8    22     0     0
    GDAS    14     8    29     0     0
    GDAS    14     9     1     0     0
    GDAS    14     9     8     0     0
    GDAS    14     9    15     0     0
    GDAS    14     9    22     0     0
    GDAS    14     9    29     0     0
     1 BACKWARD OMEGA   
    14     9    16    18   56.467   -2.973   100.0
     4 PRESSURE AIR_TEMP RAINFALL RELHUMID
     1     1    14     9    16    18     0     0     0.0   56.467   -2.973    100.0    974.8    285.4      0.0     92.2
     1     1    14     9    16    17     0     1    -1.0   56.428   -2.837     92.7    980.5    286.1      0.0     90.0
     1     1    14     9    16    16     0     2    -2.0   56.381   -2.689     84.8    986.6    286.6      0.0     88.2
     1     1    14     9    16    15     0     3    -3.0   56.328   -2.534     78.2    992.4    287.0      0.0     86.9
     1     1    14     9    16    14     0     2    -4.0   56.271   -2.386     74.5    997.3    286.9      0.0     88.1
     1     1    14     9    16    13     0     1    -5.0   56.214   -2.256     73.9   1000.5    286.9      0.0     89.1
     1     1    14     9    16    12     0     0    -6.0   56.152   -2.145     75.0   1002.7    286.8      0.0     90.0
     1     1    14     9    16    11     0     1    -7.0   56.083   -2.038     77.6   1004.3    286.7      0.0     91.1
     1     1    14     9    16    10     0     2    -8.0   56.013   -1.925     82.5   1004.5    286.6      0.0     92.3
     1     1    14     9    16     9     0     3    -9.0   55.946   -1.807     89.7   1003.0    286.4      0.0     93.5
     1     1    14     9    16     8     0     2   -10.0   55.883   -1.691     95.3   1001.4    286.3      0.0     94.5
     1     1    14     9    16     7     0     1   -11.0   55.826   -1.581     96.5   1001.1    286.3      0.0     95.4
     1     1    14     9    16     6     0     0   -12.0   55.770   -1.475     94.1   1001.5    286.3      0.0     96.1
     1     1    14     9    16     5     0     1   -13.0   55.714   -1.380     91.2   1002.6    286.5      0.0     95.5
     1     1    14     9    16     4     0     2   -14.0   55.654   -1.302     90.0   1003.2    286.6      0.0     94.6
     1     1    14     9    16     3     0     3   -15.0   55.592   -1.240     91.1   1003.5    286.7      0.0     93.6
     1     1    14     9    16     2     0     2   -16.0   55.531   -1.177     92.9   1003.8    286.8      0.0     93.6
     1     1    14     9    16     1     0     1   -17.0   55.474   -1.096     94.9   1004.7    286.9      0.0     93.6
     1     1    14     9    16     0     0     0   -18.0   55.419   -0.999     99.7   1006.0    287.0      0.0     93.4
     1     1    14     9    15    23     0     1   -19.0   55.363   -0.893    107.6   1005.0    287.1      0.0     93.3
     1     1    14     9    15    22     0     2   -20.0   55.308   -0.788    117.6   1003.9    287.1      0.0     93.4
     1     1    14     9    15    21     0     3   -21.0   55.253   -0.686    130.0   1002.6    287.2      0.0     93.5
     1     1    14     9    15    20     0     2   -22.0   55.211   -0.567    142.3   1000.7    287.1      0.0     94.1
     1     1    14     9    15    19     0     1   -23.0   55.191   -0.413    150.8    999.3    287.0      0.0     94.6
     1     1    14     9    15    18     0     0   -24.0   55.192   -0.225    155.0    998.7    286.9      0.0     95.1
     1     1    14     9    15    17     0     1   -25.0   55.215   -0.025    156.8    998.8    286.9      0.0     95.6
     1     1    14     9    15    16     0     2   -26.0   55.206    0.197    153.8    998.6    288.2      0.0     85.4
     1     1    14     9    15    15     0     3   -27.0   55.152    0.414    144.1   1000.2    288.7      0.0     82.0
     1     1    14     9    15    14     0     2   -28.0   55.102    0.624    134.5   1002.3    288.6      0.0     82.7
     1     1    14     9    15    13     0     1   -29.0   55.064    0.864    129.3   1003.3    288.6      0.0     83.5
     1     1    14     9    15    12     0     0   -30.0   55.045    1.138    127.4   1004.0    288.6      0.0     84.7
     1     1    14     9    15    11     0     1   -31.0   55.037    1.429    127.1   1003.7    288.7      0.0     83.9
     1     1    14     9    15    10     0     2   -32.0   55.028    1.718    124.6   1003.6    288.9      0.1     81.8
     1     1    14     9    15     9     0     3   -33.0   55.015    2.020    115.7   1004.0    289.1      0.0     78.2
     1     1    14     9    15     8     0     2   -34.0   55.007    2.336    104.5   1006.2    289.0      0.0     81.9
     1     1    14     9    15     7     0     1   -35.0   55.004    2.673     96.7   1007.6    288.9      0.0     85.1
     1     1    14     9    15     6     0     0   -36.0   54.989    3.032     93.8   1008.4    288.9      0.0     87.9
     1     1    14     9    15     5     0     1   -37.0   54.981    3.427     93.0   1008.1    289.0      0.0     89.0
     1     1    14     9    15     4     0     2   -38.0   54.982    3.870     91.8   1008.3    289.2      0.0     87.8
     1     1    14     9    15     3     0     3   -39.0   54.945    4.354     90.1   1008.3    289.4      0.0     85.6
     1     1    14     9    15     2     0     2   -40.0   54.881    4.854     86.3   1009.0    289.5      0.2     86.4
     1     1    14     9    15     1     0     1   -41.0   54.833    5.358     81.2   1009.8    289.7      0.2     88.6
     1     1    14     9    15     0     0     0   -42.0   54.805    5.862     74.3   1010.6    289.8      0.0     88.7
     1     1    14     9    14    23     0     1   -43.0   54.785    6.381     65.4   1012.7    289.9      0.2     89.5
     1     1    14     9    14    22     0     2   -44.0   54.763    6.929     57.2   1014.5    290.1      0.3     91.2
     1     1    14     9    14    21     0     3   -45.0   54.735    7.488     51.7   1014.7    290.1      0.3     91.7
     1     1    14     9    14    20     0     2   -46.0   54.728    8.041     48.8   1015.1    290.2      2.7     92.1
     1     1    14     9    14    19     0     1   -47.0   54.765    8.530     50.1   1015.0    289.6      0.3     94.1
     1     1    14     9    14    18     0     0   -48.0   54.838    8.921     58.1   1014.0    289.2      0.3     96.5
     1     1    14     9    14    17     0     1   -49.0   54.923    9.304     68.1   1011.3    289.4      0.3     95.6
     1     1    14     9    14    16     0     2   -50.0   55.000    9.744     70.0   1011.8    289.8      0.0     94.3
     1     1    14     9    14    15     0     3   -51.0   55.070   10.223     65.0   1013.9    290.0      0.0     92.5
     1     1    14     9    14    14     0     2   -52.0   55.146   10.685     61.1   1015.7    289.9      0.3     92.8
     1     1    14     9    14    13     0     1   -53.0   55.232   11.117     60.2   1016.5    289.8      0.3     92.8
     1     1    14     9    14    12     0     0   -54.0   55.313   11.533     59.0   1016.6    289.9      1.0     92.5
     1     1    14     9    14    11     0     1   -55.0   55.384   11.944     53.9   1016.4    289.9      1.0     91.0
     1     1    14     9    14    10     0     2   -56.0   55.459   12.383     49.3   1016.2    290.1      1.0     90.5
     1     1    14     9    14     9     0     3   -57.0   55.545   12.895     54.1   1014.1    290.1      0.0     91.1
     1     1    14     9    14     8     0     2   -58.0   55.650   13.453     60.9   1010.5    289.2      0.5     92.4
     1     1    14     9    14     7     0     1   -59.0   55.780   13.959     47.3   1010.6    288.2      0.0     94.5
     1     1    14     9    14     6     0     0   -60.0   55.929   14.386     33.4   1016.5    288.1      0.0     95.5
     1     1    14     9    14     5     0     1   -61.0   56.103   14.824     29.6   1018.2    288.9      0.0     93.6
     1     1    14     9    14     4     0     2   -62.0   56.288   15.297     32.8   1015.2    288.8      0.0     93.4
     1     1    14     9    14     3     0     3   -63.0   56.464   15.742     31.7   1013.9    288.2      0.0     93.8
     1     1    14     9    14     2     0     2   -64.0   56.627   16.133     24.2   1015.7    288.0      0.0     93.3
     1     1    14     9    14     1     0     1   -65.0   56.778   16.487     17.1   1019.1    288.4      0.0     91.3
     1     1    14     9    14     0     0     0   -66.0   56.925   16.847     13.1   1022.9    289.0      0.0     89.0
     1     1    14     9    13    23     0     1   -67.0   57.072   17.233     11.2   1025.2    289.4      0.0     88.3
     1     1    14     9    13    22     0     2   -68.0   57.217   17.645     10.7   1025.7    289.5      0.0     88.5
     1     1    14     9    13    21     0     3   -69.0   57.361   18.078     11.1   1025.4    289.5      0.0     88.8
     1     1    14     9    13    20     0     2   -70.0   57.506   18.515     11.4   1025.5    289.5      0.0     88.2
     1     1    14     9    13    19     0     1   -71.0   57.654   18.938     11.2   1025.8    289.4      0.0     88.5
     1     1    14     9    13    18     0     0   -72.0   57.805   19.340     10.9   1026.3    289.6      0.0     88.5
