     7     1
    GDAS    14     8    22     0     0
    GDAS    14     8    29     0     0
    GDAS    14     9     1     0     0
    GDAS    14     9     8     0     0
    GDAS    14     9    15     0     0
    GDAS    14     9    22     0     0
    GDAS    14     9    29     0     0
     1 BACKWARD OMEGA   
    14     9     6     4   56.467   -2.973   100.0
     4 PRESSURE AIR_TEMP RAINFALL RELHUMID
     1     1    14     9     6     4     0     2     0.0   56.467   -2.973    100.0    973.2    282.0      0.0     88.3
     1     1    14     9     6     3     0     3    -1.0   56.491   -3.022    138.2    968.2    282.0      0.0     87.8
     1     1    14     9     6     2     0     2    -2.0   56.534   -3.074    184.0    960.0    281.7      0.0     88.5
     1     1    14     9     6     1     0     1    -3.0   56.600   -3.125    233.4    952.0    281.4      0.0     88.9
     1     1    14     9     6     0     0     0    -4.0   56.686   -3.186    288.2    942.3    281.0      0.0     89.0
     1     1    14     9     5    23     0     1    -5.0   56.777   -3.262    339.9    931.0    280.7      0.0     89.6
     1     1    14     9     5    22     0     2    -6.0   56.866   -3.340    377.2    922.6    280.4      0.0     90.8
     1     1    14     9     5    21     0     3    -7.0   56.958   -3.405    399.8    915.8    280.1      0.0     92.2
     1     1    14     9     5    20     0     2    -8.0   57.055   -3.458    406.2    915.0    280.2      0.5     92.4
     1     1    14     9     5    19     0     1    -9.0   57.150   -3.506    395.0    920.4    280.7      0.3     91.3
     1     1    14     9     5    18     0     0   -10.0   57.240   -3.552    369.7    927.0    281.3      0.3     89.4
     1     1    14     9     5    17     0     1   -11.0   57.323   -3.614    341.4    934.1    282.2      0.0     87.0
     1     1    14     9     5    16     0     2   -12.0   57.400   -3.715    322.8    938.6    282.8      0.0     84.1
     1     1    14     9     5    15     0     3   -13.0   57.474   -3.853    319.5    940.5    283.3      0.0     80.6
     1     1    14     9     5    14     0     2   -14.0   57.540   -4.026    339.8    939.7    283.0      0.0     81.4
     1     1    14     9     5    13     0     1   -15.0   57.590   -4.223    365.0    936.8    282.2      0.0     84.4
     1     1    14     9     5    12     0     0   -16.0   57.626   -4.432    375.9    936.2    281.7      0.0     86.8
     1     1    14     9     5    11     0     1   -17.0   57.655   -4.643    374.5    936.6    281.3      0.0     89.1
     1     1    14     9     5    10     0     2   -18.0   57.678   -4.843    363.1    937.1    281.0      0.0     91.6
     1     1    14     9     5     9     0     3   -19.0   57.695   -5.024    342.8    939.7    280.8      0.0     93.9
     1     1    14     9     5     8     0     2   -20.0   57.722   -5.195    311.6    949.5    281.4      0.9     92.9
     1     1    14     9     5     7     0     1   -21.0   57.778   -5.372    268.4    962.4    282.1      1.1     91.7
     1     1    14     9     5     6     0     0   -22.0   57.866   -5.553    221.5    976.0    282.7      0.3     90.0
     1     1    14     9     5     5     0     1   -23.0   57.966   -5.758    175.0    990.6    283.9      0.3     88.3
     1     1    14     9     5     4     0     2   -24.0   58.064   -6.015    138.5   1005.4    285.0      0.3     86.8
     1     1    14     9     5     3     0     3   -25.0   58.166   -6.327    119.3   1004.1    285.1      0.4     85.4
     1     1    14     9     5     2     0     2   -26.0   58.258   -6.670    116.5   1001.1    285.0      1.2     85.1
     1     1    14     9     5     1     0     1   -27.0   58.345   -7.028    119.5    997.9    284.9      1.3     85.7
     1     1    14     9     5     0     0     0   -28.0   58.444   -7.408    118.0   1000.2    285.2      1.3     84.6
     1     1    14     9     4    23     0     1   -29.0   58.540   -7.804    115.6   1002.6    285.3      0.0     83.2
     1     1    14     9     4    22     0     2   -30.0   58.622   -8.195    117.0   1002.9    285.3      0.0     82.7
     1     1    14     9     4    21     0     3   -31.0   58.688   -8.574    120.8   1002.0    285.2      0.0     81.5
     1     1    14     9     4    20     0     2   -32.0   58.744   -8.962    124.9   1001.2    285.1      1.0     82.2
     1     1    14     9     4    19     0     1   -33.0   58.805   -9.377    130.6   1000.6    285.1      1.2     83.5
     1     1    14     9     4    18     0     0   -34.0   58.872   -9.803    139.5    999.5    285.0      0.0     83.8
     1     1    14     9     4    17     0     1   -35.0   58.924  -10.240    148.9    997.4    285.0      0.2     84.4
     1     1    14     9     4    16     0     2   -36.0   58.953  -10.686    155.2    995.9    285.1      0.0     85.5
     1     1    14     9     4    15     0     3   -37.0   58.988  -11.127    157.4    995.2    285.1      0.0     86.2
     1     1    14     9     4    14     0     2   -38.0   59.028  -11.566    157.4    995.4    285.1      0.6     85.1
     1     1    14     9     4    13     0     1   -39.0   59.078  -11.996    157.5    995.3    285.1      0.6     84.9
     1     1    14     9     4    12     0     0   -40.0   59.148  -12.397    158.1    995.1    285.0      0.7     84.3
     1     1    14     9     4    11     0     1   -41.0   59.210  -12.778    158.6    994.8    285.0      0.3     83.8
     1     1    14     9     4    10     0     2   -42.0   59.253  -13.162    158.6    994.9    284.9      0.3     84.4
     1     1    14     9     4     9     0     3   -43.0   59.290  -13.548    159.7    994.9    284.8      0.0     84.5
     1     1    14     9     4     8     0     2   -44.0   59.313  -13.917    160.1    994.1    284.8      0.6     84.0
     1     1    14     9     4     7     0     1   -45.0   59.306  -14.258    157.3    994.1    284.8      0.6     84.3
     1     1    14     9     4     6     0     0   -46.0   59.281  -14.581    153.3    994.5    284.8      0.0     83.9
     1     1    14     9     4     5     0     1   -47.0   59.241  -14.897    150.4    995.1    284.9      0.2     82.4
     1     1    14     9     4     4     0     2   -48.0   59.179  -15.214    147.6    995.2    285.0      0.2     81.8
     1     1    14     9     4     3     0     3   -49.0   59.090  -15.529    143.8    995.9    285.1      0.0     80.5
     1     1    14     9     4     2     0     2   -50.0   58.996  -15.846    141.5    996.6    285.0      0.7     79.3
     1     1    14     9     4     1     0     1   -51.0   58.912  -16.165    142.0    996.5    285.0      0.7     78.7
     1     1    14     9     4     0     0     0   -52.0   58.827  -16.480    143.8    996.2    284.9      0.7     78.1
     1     1    14     9     3    23     0     1   -53.0   58.734  -16.786    146.8    995.9    285.0      0.0     78.1
     1     1    14     9     3    22     0     2   -54.0   58.644  -17.085    153.2    995.1    285.1      0.0     78.1
     1     1    14     9     3    21     0     3   -55.0   58.554  -17.388    162.6    993.4    285.0      0.0     78.8
     1     1    14     9     3    20     0     2   -56.0   58.448  -17.692    171.8    991.9    284.9      0.0     78.3
     1     1    14     9     3    19     0     1   -57.0   58.340  -17.987    183.8    990.6    284.7      0.0     77.4
     1     1    14     9     3    18     0     0   -58.0   58.234  -18.278    198.3    988.1    284.5      0.0     78.5
     1     1    14     9     3    17     0     1   -59.0   58.124  -18.570    211.6    986.6    284.4      0.0     77.7
     1     1    14     9     3    16     0     2   -60.0   58.006  -18.854    226.3    985.2    284.2      0.0     75.4
     1     1    14     9     3    15     0     3   -61.0   57.880  -19.125    243.1    983.3    284.1      0.0     74.9
     1     1    14     9     3    14     0     2   -62.0   57.746  -19.404    256.9    981.5    283.9      0.0     76.6
     1     1    14     9     3    13     0     1   -63.0   57.602  -19.707    264.9    980.9    283.8      0.0     77.1
     1     1    14     9     3    12     0     0   -64.0   57.458  -20.018    271.8    980.4    283.7      0.0     76.2
     1     1    14     9     3    11     0     1   -65.0   57.317  -20.333    281.3    979.2    283.6      0.0     76.6
     1     1    14     9     3    10     0     2   -66.0   57.178  -20.661    295.3    977.5    283.5      0.0     75.9
     1     1    14     9     3     9     0     3   -67.0   57.035  -21.006    317.2    975.0    283.2      0.0     73.4
     1     1    14     9     3     8     0     2   -68.0   56.884  -21.360    341.4    970.7    282.9      0.0     76.7
     1     1    14     9     3     7     0     1   -69.0   56.730  -21.705    361.9    968.1    282.7      0.0     78.4
     1     1    14     9     3     6     0     0   -70.0   56.579  -22.032    383.5    965.5    282.4      0.0     78.7
     1     1    14     9     3     5     0     1   -71.0   56.436  -22.357    407.4    962.8    282.3      0.0     79.2
     1     1    14     9     3     4     0     2   -72.0   56.299  -22.711    432.1    960.1    282.2      0.0     78.9
