     7     1
    GDAS    14     8    22     0     0
    GDAS    14     8    29     0     0
    GDAS    14     9     1     0     0
    GDAS    14     9     8     0     0
    GDAS    14     9    15     0     0
    GDAS    14     9    22     0     0
    GDAS    14     9    29     0     0
     1 BACKWARD OMEGA   
    14     9     7    18   56.467   -2.973   100.0
     4 PRESSURE AIR_TEMP RAINFALL RELHUMID
     1     1    14     9     7    18     0     0     0.0   56.467   -2.973    100.0    972.8    283.9      0.0     75.2
     1     1    14     9     7    17     0     1    -1.0   56.605   -3.363    199.0    953.2    282.9      0.1     77.1
     1     1    14     9     7    16     0     2    -2.0   56.766   -3.795    256.8    928.6    281.2      0.0     81.4
     1     1    14     9     7    15     0     3    -3.0   56.930   -4.203    222.2    925.9    281.2      0.0     80.8
     1     1    14     9     7    14     0     2    -4.0   57.079   -4.542    169.0    943.8    282.3      0.0     79.4
     1     1    14     9     7    13     0     1    -5.0   57.219   -4.819    130.3    954.3    282.7      0.0     79.6
     1     1    14     9     7    12     0     0    -6.0   57.354   -5.045     88.9    964.4    283.4      0.0     79.9
     1     1    14     9     7    11     0     1    -7.0   57.485   -5.238     49.5    979.8    284.1      0.0     81.6
     1     1    14     9     7    10     0     2    -8.0   57.619   -5.416     26.1    992.3    284.7      0.0     83.1
     1     1    14     9     7     9     0     3    -9.0   57.766   -5.587     11.8   1001.3    285.1      0.0     84.3
     1     1    14     9     7     8     0     2   -10.0   57.933   -5.751      4.9   1010.0    285.6      0.0     84.4
     1     1    14     9     7     7     0     1   -11.0   58.134   -5.903      0.6   1016.4    286.1      0.0     84.4
     1     1    14     9     7     6     0     0   -12.0   58.370   -6.044      0.0   1017.9    286.2      0.0     85.3
     1     1    14     9     7     5     0     1   -13.0   58.628   -6.169      0.0   1016.6    286.1      0.0     85.3
     1     1    14     9     7     4     0     2   -14.0   58.894   -6.273      0.0   1015.9    286.1      0.0     85.5
     1     1    14     9     7     3     0     3   -15.0   59.166   -6.360      0.0   1015.8    286.1      0.0     86.1
     1     1    14     9     7     2     0     2   -16.0   59.433   -6.431      0.0   1015.7    285.9      0.1     87.3
     1     1    14     9     7     1     0     1   -17.0   59.689   -6.490      0.0   1015.5    285.8      0.0     88.5
     1     1    14     9     7     0     0     0   -18.0   59.930   -6.541      0.0   1015.3    285.9      0.0     89.9
     1     1    14     9     6    23     0     1   -19.0   60.165   -6.580      0.1   1015.8    285.8      0.0     88.6
     1     1    14     9     6    22     0     2   -20.0   60.404   -6.601      0.1   1016.2    285.7      0.0     87.4
     1     1    14     9     6    21     0     3   -21.0   60.645   -6.604      0.1   1016.1    285.5      0.0     86.4
     1     1    14     9     6    20     0     2   -22.0   60.881   -6.595      0.1   1016.2    285.4      0.0     87.2
     1     1    14     9     6    19     0     1   -23.0   61.102   -6.584      0.1   1016.0    285.2      0.0     87.8
     1     1    14     9     6    18     0     0   -24.0   61.311   -6.577      0.4   1015.6    285.0      0.0     88.3
     1     1    14     9     6    17     0     1   -25.0   61.512   -6.577      0.9   1015.0    284.8      0.0     88.9
     1     1    14     9     6    16     0     2   -26.0   61.708   -6.583      1.9   1014.1    284.6      0.0     89.7
     1     1    14     9     6    15     0     3   -27.0   61.896   -6.594      3.5   1012.9    284.4      0.0     90.7
     1     1    14     9     6    14     0     2   -28.0   62.076   -6.617      5.0   1012.7    284.4      0.0     91.0
     1     1    14     9     6    13     0     1   -29.0   62.256   -6.656      5.9   1013.5    284.4      0.0     90.8
     1     1    14     9     6    12     0     0   -30.0   62.441   -6.705      6.1   1014.3    284.4      0.0     90.9
     1     1    14     9     6    11     0     1   -31.0   62.639   -6.739      6.1   1015.0    284.3      0.0     90.5
     1     1    14     9     6    10     0     2   -32.0   62.855   -6.732      6.1   1015.5    284.2      0.0     90.3
     1     1    14     9     6     9     0     3   -33.0   63.084   -6.687      6.1   1015.4    284.0      0.0     90.1
     1     1    14     9     6     8     0     2   -34.0   63.318   -6.618      6.1   1015.6    284.1      0.0     89.4
     1     1    14     9     6     7     0     1   -35.0   63.553   -6.544      6.0   1015.8    284.1      0.0     88.7
     1     1    14     9     6     6     0     0   -36.0   63.792   -6.471      6.0   1016.0    284.0      0.0     87.9
     1     1    14     9     6     5     0     1   -37.0   64.030   -6.392      6.1   1016.3    284.0      0.0     85.8
     1     1    14     9     6     4     0     2   -38.0   64.256   -6.289      6.7   1016.5    283.9      0.0     83.8
     1     1    14     9     6     3     0     3   -39.0   64.463   -6.156      7.4   1016.8    284.0      0.0     82.4
     1     1    14     9     6     2     0     2   -40.0   64.655   -5.989      7.9   1017.0    284.0      0.0     82.8
     1     1    14     9     6     1     0     1   -41.0   64.840   -5.789      8.1   1017.0    284.0      0.0     82.6
     1     1    14     9     6     0     0     0   -42.0   65.024   -5.566      8.1   1017.3    284.1      0.0     81.4
     1     1    14     9     5    23     0     1   -43.0   65.203   -5.323      8.1   1016.8    284.1      0.0     81.4
     1     1    14     9     5    22     0     2   -44.0   65.372   -5.057      8.1   1016.2    284.2      0.0     81.3
     1     1    14     9     5    21     0     3   -45.0   65.533   -4.765      8.1   1016.1    284.2      0.0     81.7
     1     1    14     9     5    20     0     2   -46.0   65.695   -4.440      8.1   1016.2    284.3      0.0     81.6
     1     1    14     9     5    19     0     1   -47.0   65.870   -4.078      8.1   1015.3    284.4      0.0     81.9
     1     1    14     9     5    18     0     0   -48.0   66.055   -3.683      8.1   1014.2    284.6      0.0     82.4
     1     1    14     9     5    17     0     1   -49.0   66.241   -3.292      8.2   1015.1    284.7      0.0     80.9
     1     1    14     9     5    16     0     2   -50.0   66.423   -2.928      8.3   1015.5    284.8      0.0     80.5
     1     1    14     9     5    15     0     3   -51.0   66.602   -2.589      8.3   1016.1    284.9      0.0     80.6
     1     1    14     9     5    14     0     2   -52.0   66.776   -2.292      8.3   1016.7    284.9      0.0     81.5
     1     1    14     9     5    13     0     1   -53.0   66.948   -2.059      8.3   1016.9    285.0      0.0     82.5
     1     1    14     9     5    12     0     0   -54.0   67.119   -1.905      8.3   1016.6    285.0      0.0     83.0
     1     1    14     9     5    11     0     1   -55.0   67.288   -1.811      8.2   1016.8    285.0      0.0     82.4
     1     1    14     9     5    10     0     2   -56.0   67.451   -1.749      8.3   1017.0    285.0      0.0     82.4
     1     1    14     9     5     9     0     3   -57.0   67.615   -1.722      8.6   1017.2    284.9      0.0     82.8
     1     1    14     9     5     8     0     2   -58.0   67.781   -1.742      8.7   1016.6    284.8      0.0     84.7
     1     1    14     9     5     7     0     1   -59.0   67.949   -1.821      8.5   1016.5    284.7      0.0     87.7
     1     1    14     9     5     6     0     0   -60.0   68.120   -1.961      7.8   1016.4    284.6      0.0     89.7
     1     1    14     9     5     5     0     1   -61.0   68.279   -2.167      7.1   1015.1    284.4      0.0     89.2
     1     1    14     9     5     4     0     2   -62.0   68.417   -2.435      6.8   1014.1    284.2      0.0     88.7
     1     1    14     9     5     3     0     3   -63.0   68.533   -2.754      6.8   1013.1    284.1      0.0     88.2
     1     1    14     9     5     2     0     2   -64.0   68.640   -3.106      6.8   1013.2    283.8      0.0     88.1
     1     1    14     9     5     1     0     1   -65.0   68.751   -3.482      6.8   1013.4    283.5      0.0     87.8
     1     1    14     9     5     0     0     0   -66.0   68.876   -3.886      6.8   1013.3    283.2      0.0     87.0
     1     1    14     9     4    23     0     1   -67.0   69.012   -4.345      6.9   1013.0    282.8      0.0     87.0
     1     1    14     9     4    22     0     2   -68.0   69.145   -4.853      7.3   1013.0    282.4      0.0     88.4
     1     1    14     9     4    21     0     3   -69.0   69.268   -5.375      8.0   1013.0    282.1      0.0     88.5
     1     1    14     9     4    20     0     2   -70.0   69.384   -5.902      8.8   1012.7    281.9      0.0     89.6
     1     1    14     9     4    19     0     1   -71.0   69.498   -6.438      9.4   1012.2    281.7      0.0     90.3
     1     1    14     9     4    18     0     0   -72.0   69.617   -6.997      9.9   1011.3    281.7      0.0     90.9
