     7     1
    GDAS    14     8    22     0     0
    GDAS    14     8    29     0     0
    GDAS    14     9     1     0     0
    GDAS    14     9     8     0     0
    GDAS    14     9    15     0     0
    GDAS    14     9    22     0     0
    GDAS    14     9    29     0     0
     1 BACKWARD OMEGA   
    14     9    20    23   56.467   -2.973   100.0
     4 PRESSURE AIR_TEMP RAINFALL RELHUMID
     1     1    14     9    20    23     0     1     0.0   56.467   -2.973    100.0    980.2    282.6      0.0     86.2
     1     1    14     9    20    22     0     2    -1.0   56.604   -3.102    126.7    971.5    282.3      0.0     86.7
     1     1    14     9    20    21     0     3    -2.0   56.763   -3.261    186.9    957.2    281.8      0.0     87.7
     1     1    14     9    20    20     0     2    -3.0   56.962   -3.465    278.8    934.9    280.7      0.0     90.0
     1     1    14     9    20    19     0     1    -4.0   57.192   -3.700    362.4    926.2    280.3      0.0     92.3
     1     1    14     9    20    18     0     0    -5.0   57.428   -3.959    431.5    928.5    280.5      0.0     93.1
     1     1    14     9    20    17     0     1    -6.0   57.653   -4.248    508.0    927.5    280.5      0.0     92.6
     1     1    14     9    20    16     0     2    -7.0   57.859   -4.571    557.6    923.2    280.1      0.1     94.9
     1     1    14     9    20    15     0     3    -8.0   58.051   -4.940    536.9    922.5    279.8      0.1     97.4
     1     1    14     9    20    14     0     2    -9.0   58.240   -5.310    473.9    948.3    281.4      0.1     94.0
     1     1    14     9    20    13     0     1   -10.0   58.434   -5.660    425.0    966.6    282.6      0.0     91.7
     1     1    14     9    20    12     0     0   -11.0   58.638   -6.025    397.3    975.5    283.0      0.0     90.7
     1     1    14     9    20    11     0     1   -12.0   58.854   -6.437    388.9    974.6    282.9      0.0     90.6
     1     1    14     9    20    10     0     2   -13.0   59.086   -6.899    399.1    972.9    282.7      0.0     90.6
     1     1    14     9    20     9     0     3   -14.0   59.336   -7.398    413.7    969.6    282.5      0.0     90.0
     1     1    14     9    20     8     0     2   -15.0   59.593   -7.924    420.7    968.2    282.4      0.0     90.2
     1     1    14     9    20     7     0     1   -16.0   59.842   -8.479    427.0    967.7    282.4      0.0     90.1
     1     1    14     9    20     6     0     0   -17.0   60.082   -9.067    442.4    965.7    282.1      0.0     89.9
     1     1    14     9    20     5     0     1   -18.0   60.318   -9.664    461.4    962.0    282.0      0.0     91.7
     1     1    14     9    20     4     0     2   -19.0   60.565  -10.265    476.3    959.8    281.8      0.0     93.1
     1     1    14     9    20     3     0     3   -20.0   60.832  -10.890    490.4    958.1    281.6      0.0     92.9
     1     1    14     9    20     2     0     2   -21.0   61.096  -11.537    500.8    955.8    281.4      0.2     94.0
     1     1    14     9    20     1     0     1   -22.0   61.349  -12.200    503.5    955.5    281.4      0.1     95.2
     1     1    14     9    20     0     0     0   -23.0   61.606  -12.891    503.6    955.5    281.4      0.0     93.3
     1     1    14     9    19    23     0     1   -24.0   61.859  -13.611    502.3    955.1    281.6      0.0     89.6
     1     1    14     9    19    22     0     2   -25.0   62.095  -14.335    494.8    955.4    281.7      0.0     88.7
     1     1    14     9    19    21     0     3   -26.0   62.315  -15.077    475.0    957.2    282.0      0.0     86.4
     1     1    14     9    19    20     0     2   -27.0   62.523  -15.843    456.0    960.3    282.5      0.0     82.7
     1     1    14     9    19    19     0     1   -28.0   62.719  -16.596    462.6    959.7    282.7      0.0     80.1
     1     1    14     9    19    18     0     0   -29.0   62.906  -17.298    507.3    952.7    282.4      0.0     78.9
     1     1    14     9    19    17     0     1   -30.0   63.086  -17.926    547.6    944.2    281.7      0.0     81.7
     1     1    14     9    19    16     0     2   -31.0   63.265  -18.469    591.6    927.5    280.4      0.0     85.3
     1     1    14     9    19    15     0     3   -32.0   63.441  -18.956    613.2    902.6    278.8      0.0     88.8
     1     1    14     9    19    14     0     2   -33.0   63.592  -19.388    596.3    904.7    278.5      1.3     92.7
     1     1    14     9    19    13     0     1   -34.0   63.703  -19.755    549.3    916.3    278.9      0.3     94.0
     1     1    14     9    19    12     0     0   -35.0   63.788  -20.069    480.8    932.3    279.6      0.3     94.2
     1     1    14     9    19    11     0     1   -36.0   63.843  -20.320    419.8    943.4    280.3      0.3     93.9
     1     1    14     9    19    10     0     2   -37.0   63.860  -20.501    380.8    947.9    280.7      0.0     93.9
     1     1    14     9    19     9     0     3   -38.0   63.844  -20.610    348.8    952.1    281.0      0.0     93.9
     1     1    14     9    19     8     0     2   -39.0   63.807  -20.670    318.2    956.9    281.2      0.3     94.2
     1     1    14     9    19     7     0     1   -40.0   63.756  -20.701    288.0    961.7    281.4      0.3     94.5
     1     1    14     9    19     6     0     0   -41.0   63.691  -20.710    257.8    966.6    281.6      0.3     94.9
     1     1    14     9    19     5     0     1   -42.0   63.616  -20.711    231.8    971.2    282.0      0.2     95.0
     1     1    14     9    19     4     0     2   -43.0   63.536  -20.722    212.4    975.1    282.3      0.2     95.0
     1     1    14     9    19     3     0     3   -44.0   63.446  -20.750    199.4    978.6    282.6      0.3     94.9
     1     1    14     9    19     2     0     2   -45.0   63.344  -20.785    185.9    981.8    282.8      0.0     94.7
     1     1    14     9    19     1     0     1   -46.0   63.234  -20.821    169.3    986.6    283.2      0.0     94.3
     1     1    14     9    19     0     0     0   -47.0   63.119  -20.864    153.8    991.4    283.5      0.0     93.8
     1     1    14     9    18    23     0     1   -48.0   62.999  -20.905    145.1    995.3    283.8      0.3     95.0
     1     1    14     9    18    22     0     2   -49.0   62.879  -20.924    141.9    995.4    283.8      0.3     95.1
     1     1    14     9    18    21     0     3   -50.0   62.771  -20.918    141.2    995.8    283.9      0.3     95.0
     1     1    14     9    18    20     0     2   -51.0   62.683  -20.876    141.4    995.5    283.8      1.6     94.5
     1     1    14     9    18    19     0     1   -52.0   62.614  -20.781    138.2    995.7    283.8      1.6     94.3
     1     1    14     9    18    18     0     0   -53.0   62.565  -20.631    129.7    996.4    283.9      1.6     94.3
     1     1    14     9    18    17     0     1   -54.0   62.527  -20.440    115.7    997.7    284.0      0.3     94.3
     1     1    14     9    18    16     0     2   -55.0   62.493  -20.240     98.5    999.5    284.1      0.2     94.4
     1     1    14     9    18    15     0     3   -56.0   62.460  -20.044     79.8   1001.5    284.3      0.2     94.7
     1     1    14     9    18    14     0     2   -57.0   62.432  -19.828     63.8   1004.5    284.5      0.5     95.3
     1     1    14     9    18    13     0     1   -58.0   62.411  -19.543     53.2   1006.0    284.6      0.5     96.1
     1     1    14     9    18    12     0     0   -59.0   62.398  -19.171     46.8   1006.7    284.7      0.3     96.8
     1     1    14     9    18    11     0     1   -60.0   62.391  -18.738     43.5   1007.3    284.8      1.1     96.7
     1     1    14     9    18    10     0     2   -61.0   62.383  -18.295     42.7   1007.3    284.8      0.0     96.6
     1     1    14     9    18     9     0     3   -62.0   62.373  -17.860     43.7   1006.7    284.8      0.0     96.6
     1     1    14     9    18     8     0     2   -63.0   62.368  -17.431     43.7   1007.1    284.9      0.0     96.3
     1     1    14     9    18     7     0     1   -64.0   62.376  -16.989     40.5   1008.0    284.9      0.0     96.3
     1     1    14     9    18     6     0     0   -65.0   62.394  -16.542     36.1   1009.0    285.0      0.0     96.5
     1     1    14     9    18     5     0     1   -66.0   62.416  -16.105     32.0   1009.4    285.0      0.3     96.6
     1     1    14     9    18     4     0     2   -67.0   62.434  -15.683     27.7   1009.9    284.9      0.3     97.0
     1     1    14     9    18     3     0     3   -68.0   62.447  -15.275     23.8   1010.4    284.8      0.2     97.4
     1     1    14     9    18     2     0     2   -69.0   62.464  -14.864     20.7   1011.8    284.8      0.2     97.6
     1     1    14     9    18     1     0     1   -70.0   62.491  -14.436     18.3   1013.1    284.8      0.3     97.9
     1     1    14     9    18     0     0     0   -71.0   62.532  -14.002     16.6   1013.9    284.8      0.0     98.5
     1     1    14     9    17    23     0     1   -72.0   62.579  -13.578     15.3   1014.4    284.7      0.0     98.5
