     7     1
    GDAS    14     8    22     0     0
    GDAS    14     8    29     0     0
    GDAS    14     9     1     0     0
    GDAS    14     9     8     0     0
    GDAS    14     9    15     0     0
    GDAS    14     9    22     0     0
    GDAS    14     9    29     0     0
     1 BACKWARD OMEGA   
    14     9     8     0   56.467   -2.973   100.0
     4 PRESSURE AIR_TEMP RAINFALL RELHUMID
     1     1    14     9     8     0     0     0     0.0   56.467   -2.973    100.0    973.1    281.4      0.0     87.9
     1     1    14     9     7    23     0     1    -1.0   56.633   -3.324    203.0    954.4    280.6      0.0     88.9
     1     1    14     9     7    22     0     2    -2.0   56.885   -3.723    331.0    920.8    278.6      0.0     93.1
     1     1    14     9     7    21     0     3    -3.0   57.181   -4.129    422.9    909.1    277.6      0.0     95.5
     1     1    14     9     7    20     0     2    -4.0   57.462   -4.519    466.6    918.9    278.5      0.0     95.3
     1     1    14     9     7    19     0     1    -5.0   57.717   -4.885    445.5    922.7    278.7      0.0     96.8
     1     1    14     9     7    18     0     0    -6.0   57.943   -5.221    348.7    946.7    280.1      0.0     95.5
     1     1    14     9     7    17     0     1    -7.0   58.155   -5.521    250.2    978.6    282.6      0.0     86.1
     1     1    14     9     7    16     0     2    -8.0   58.380   -5.809    193.1    994.7    283.9      0.0     80.4
     1     1    14     9     7    15     0     3    -9.0   58.617   -6.120    165.5   1000.0    284.2      0.0     78.6
     1     1    14     9     7    14     0     2   -10.0   58.864   -6.438    156.3   1000.1    284.0      0.0     80.0
     1     1    14     9     7    13     0     1   -11.0   59.115   -6.720    159.8    999.5    283.7      0.0     81.3
     1     1    14     9     7    12     0     0   -12.0   59.360   -6.949    170.2    998.0    283.4      0.0     82.2
     1     1    14     9     7    11     0     1   -13.0   59.595   -7.145    181.0    996.0    283.2      0.0     83.5
     1     1    14     9     7    10     0     2   -14.0   59.821   -7.330    189.2    995.2    283.1      0.0     84.3
     1     1    14     9     7     9     0     3   -15.0   60.040   -7.505    197.9    994.3    283.0      0.0     85.0
     1     1    14     9     7     8     0     2   -16.0   60.251   -7.667    208.3    993.2    282.8      0.0     86.5
     1     1    14     9     7     7     0     1   -17.0   60.450   -7.811    219.7    992.0    282.5      0.0     87.6
     1     1    14     9     7     6     0     0   -18.0   60.635   -7.934    231.6    990.8    282.3      0.0     88.4
     1     1    14     9     7     5     0     1   -19.0   60.808   -8.059    243.0    989.5    282.2      0.0     88.3
     1     1    14     9     7     4     0     2   -20.0   60.966   -8.210    252.6    988.4    282.2      0.0     88.2
     1     1    14     9     7     3     0     3   -21.0   61.107   -8.398    259.1    987.7    282.1      0.0     88.4
     1     1    14     9     7     2     0     2   -22.0   61.220   -8.613    265.7    987.5    282.1      0.0     88.5
     1     1    14     9     7     1     0     1   -23.0   61.296   -8.837    277.3    986.2    282.0      0.0     88.6
     1     1    14     9     7     0     0     0   -24.0   61.339   -9.061    294.9    984.0    281.8      0.0     88.6
     1     1    14     9     6    23     0     1   -25.0   61.375   -9.262    313.4    981.1    281.8      0.0     88.7
     1     1    14     9     6    22     0     2   -26.0   61.423   -9.428    327.7    979.5    281.8      0.0     88.9
     1     1    14     9     6    21     0     3   -27.0   61.479   -9.566    337.9    978.4    281.9      0.0     89.3
     1     1    14     9     6    20     0     2   -28.0   61.540   -9.707    347.0    977.3    281.8      0.0     89.9
     1     1    14     9     6    19     0     1   -29.0   61.602   -9.887    358.5    975.9    281.8      0.0     90.6
     1     1    14     9     6    18     0     0   -30.0   61.664  -10.106    374.8    973.9    281.7      0.0     91.3
     1     1    14     9     6    17     0     1   -31.0   61.724  -10.357    391.3    971.4    281.4      0.0     90.7
     1     1    14     9     6    16     0     2   -32.0   61.773  -10.629    403.4    970.1    281.2      0.0     90.3
     1     1    14     9     6    15     0     3   -33.0   61.802  -10.921    413.0    969.2    281.1      0.0     90.4
     1     1    14     9     6    14     0     2   -34.0   61.814  -11.220    419.5    968.5    281.0      0.0     90.5
     1     1    14     9     6    13     0     1   -35.0   61.817  -11.511    422.3    968.4    281.0      0.0     90.5
     1     1    14     9     6    12     0     0   -36.0   61.806  -11.792    423.0    968.5    280.9      0.0     90.6
     1     1    14     9     6    11     0     1   -37.0   61.793  -12.048    426.4    968.7    280.9      0.0     91.2
     1     1    14     9     6    10     0     2   -38.0   61.795  -12.266    433.6    967.5    280.9      0.0     91.6
     1     1    14     9     6     9     0     3   -39.0   61.810  -12.454    440.1    966.8    280.8      0.0     91.5
     1     1    14     9     6     8     0     2   -40.0   61.836  -12.651    441.9    965.9    280.8      0.0     91.7
     1     1    14     9     6     7     0     1   -41.0   61.872  -12.895    437.1    966.8    280.9      0.0     91.2
     1     1    14     9     6     6     0     0   -42.0   61.910  -13.188    434.1    967.7    280.9      0.0     90.8
     1     1    14     9     6     5     0     1   -43.0   61.938  -13.523    435.6    967.2    280.8      0.0     90.5
     1     1    14     9     6     4     0     2   -44.0   61.947  -13.895    437.8    966.9    280.7      0.0     89.3
     1     1    14     9     6     3     0     3   -45.0   61.935  -14.295    442.3    966.7    280.5      0.0     87.9
     1     1    14     9     6     2     0     2   -46.0   61.914  -14.708    451.9    965.7    280.5      0.0     87.9
     1     1    14     9     6     1     0     1   -47.0   61.891  -15.121    461.7    964.2    280.4      0.0     87.3
     1     1    14     9     6     0     0     0   -48.0   61.857  -15.531    465.5    963.8    280.3      0.0     87.1
     1     1    14     9     5    23     0     1   -49.0   61.812  -15.942    465.5    964.6    280.4      0.0     87.0
     1     1    14     9     5    22     0     2   -50.0   61.769  -16.356    466.6    965.0    280.5      0.0     86.3
     1     1    14     9     5    21     0     3   -51.0   61.737  -16.764    471.2    964.9    280.6      0.0     84.1
     1     1    14     9     5    20     0     2   -52.0   61.708  -17.163    482.0    963.7    280.5      0.0     84.3
     1     1    14     9     5    19     0     1   -53.0   61.673  -17.548    497.9    961.4    280.3      0.0     84.7
     1     1    14     9     5    18     0     0   -54.0   61.631  -17.915    512.5    959.1    280.1      0.0     85.2
     1     1    14     9     5    17     0     1   -55.0   61.584  -18.275    522.9    958.3    279.9      0.0     83.5
     1     1    14     9     5    16     0     2   -56.0   61.529  -18.638    530.7    957.9    279.7      0.0     81.5
     1     1    14     9     5    15     0     3   -57.0   61.464  -19.004    537.1    957.6    279.5      0.0     79.1
     1     1    14     9     5    14     0     2   -58.0   61.389  -19.351    545.8    957.2    279.4      0.0     78.3
     1     1    14     9     5    13     0     1   -59.0   61.310  -19.665    559.2    955.7    279.2      0.0     77.0
     1     1    14     9     5    12     0     0   -60.0   61.233  -19.943    575.3    954.0    279.0      0.0     74.8
     1     1    14     9     5    11     0     1   -61.0   61.160  -20.189    594.3    952.2    279.0      0.0     77.0
     1     1    14     9     5    10     0     2   -62.0   61.096  -20.410    617.1    949.8    278.9      0.0     79.7
     1     1    14     9     5     9     0     3   -63.0   61.046  -20.610    642.3    947.2    278.8      0.0     82.4
     1     1    14     9     5     8     0     2   -64.0   61.011  -20.799    666.8    943.4    278.5      0.0     81.6
     1     1    14     9     5     7     0     1   -65.0   60.986  -20.989    687.5    940.5    278.3      0.0     80.6
     1     1    14     9     5     6     0     0   -66.0   60.971  -21.182    704.0    938.1    278.2      0.0     80.0
     1     1    14     9     5     5     0     1   -67.0   60.964  -21.390    715.3    936.7    278.2      0.0     80.0
     1     1    14     9     5     4     0     2   -68.0   60.961  -21.624    721.3    936.0    278.2      0.0     80.1
     1     1    14     9     5     3     0     3   -69.0   60.964  -21.884    723.2    935.8    278.2      0.0     79.9
     1     1    14     9     5     2     0     2   -70.0   60.971  -22.152    723.2    935.9    278.3      0.0     79.8
     1     1    14     9     5     1     0     1   -71.0   60.983  -22.405    723.2    935.7    278.3      0.0     79.6
     1     1    14     9     5     0     0     0   -72.0   61.000  -22.645    723.2    935.6    278.3      0.0     79.1
