     7     1
    GDAS    14     8    22     0     0
    GDAS    14     8    29     0     0
    GDAS    14     9     1     0     0
    GDAS    14     9     8     0     0
    GDAS    14     9    15     0     0
    GDAS    14     9    22     0     0
    GDAS    14     9    29     0     0
     1 BACKWARD OMEGA   
    14     9    12     4   56.467   -2.973   100.0
     4 PRESSURE AIR_TEMP RAINFALL RELHUMID
     1     1    14     9    12     4     0     2     0.0   56.467   -2.973    100.0    981.9    283.3      0.0     92.7
     1     1    14     9    12     3     0     3    -1.0   56.437   -2.904    102.3    984.1    283.9      0.0     92.4
     1     1    14     9    12     2     0     2    -2.0   56.401   -2.821    101.9    987.9    284.5      0.0     90.7
     1     1    14     9    12     1     0     1    -3.0   56.357   -2.735    101.4    991.4    285.1      0.0     88.9
     1     1    14     9    12     0     0     0    -4.0   56.305   -2.647    100.9    994.9    285.6      0.0     87.1
     1     1    14     9    11    23     0     1    -5.0   56.244   -2.550    101.5    998.1    286.0      0.0     85.2
     1     1    14     9    11    22     0     2    -6.0   56.172   -2.441    105.1   1000.9    286.4      0.0     82.8
     1     1    14     9    11    21     0     3    -7.0   56.083   -2.319    112.5   1003.1    286.7      0.0     79.8
     1     1    14     9    11    20     0     2    -8.0   55.982   -2.182    120.6   1003.5    286.9      0.0     77.4
     1     1    14     9    11    19     0     1    -9.0   55.878   -2.034    123.5   1002.2    286.9      0.0     76.1
     1     1    14     9    11    18     0     0   -10.0   55.779   -1.878    120.3   1001.6    287.0      0.0     75.6
     1     1    14     9    11    17     0     1   -11.0   55.687   -1.717    115.2   1002.1    287.0      0.0     75.5
     1     1    14     9    11    16     0     2   -12.0   55.600   -1.557    112.6   1002.7    287.1      0.0     75.5
     1     1    14     9    11    15     0     3   -13.0   55.516   -1.390    114.7   1003.7    287.1      0.0     75.8
     1     1    14     9    11    14     0     2   -14.0   55.433   -1.223    122.9   1005.4    286.7      0.0     77.5
     1     1    14     9    11    13     0     1   -15.0   55.348   -1.063    138.0   1007.1    286.2      0.0     79.0
     1     1    14     9    11    12     0     0   -16.0   55.263   -0.913    160.0   1005.7    285.9      0.0     80.0
     1     1    14     9    11    11     0     1   -17.0   55.179   -0.779    185.1   1001.6    285.5      0.0     82.3
     1     1    14     9    11    10     0     2   -18.0   55.093   -0.657    208.7    998.2    285.1      0.0     85.0
     1     1    14     9    11     9     0     3   -19.0   55.005   -0.548    228.4    995.5    284.7      0.0     88.0
     1     1    14     9    11     8     0     2   -20.0   54.920   -0.448    240.4    993.1    284.5      0.0     88.3
     1     1    14     9    11     7     0     1   -21.0   54.843   -0.358    242.5    992.1    284.4      0.0     88.8
     1     1    14     9    11     6     0     0   -22.0   54.773   -0.277    236.1    992.2    284.3      0.0     89.5
     1     1    14     9    11     5     0     1   -23.0   54.707   -0.199    228.5    993.2    284.5      0.0     88.8
     1     1    14     9    11     4     0     2   -24.0   54.640   -0.115    225.8    992.9    284.7      0.0     88.0
     1     1    14     9    11     3     0     3   -25.0   54.573   -0.026    227.8    992.1    284.7      0.0     87.2
     1     1    14     9    11     2     0     2   -26.0   54.532    0.080    230.4    994.7    285.0      0.0     84.6
     1     1    14     9    11     1     0     1   -27.0   54.513    0.206    230.4    994.9    285.1      0.0     84.3
     1     1    14     9    11     0     0     0   -28.0   54.490    0.348    229.3    995.2    285.2      0.0     84.1
     1     1    14     9    10    23     0     1   -29.0   54.478    0.508    229.7    995.4    285.3      0.0     81.7
     1     1    14     9    10    22     0     2   -30.0   54.495    0.684    233.8    994.9    285.3      0.0     79.6
     1     1    14     9    10    21     0     3   -31.0   54.543    0.874    242.2    994.0    285.2      0.0     77.8
     1     1    14     9    10    20     0     2   -32.0   54.609    1.055    254.7    992.6    285.1      0.0     78.0
     1     1    14     9    10    19     0     1   -33.0   54.678    1.209    269.6    990.8    285.0      0.0     78.0
     1     1    14     9    10    18     0     0   -34.0   54.747    1.337    285.6    988.8    284.9      0.0     78.1
     1     1    14     9    10    17     0     1   -35.0   54.819    1.448    301.5    986.6    284.5      0.0     78.5
     1     1    14     9    10    16     0     2   -36.0   54.901    1.552    315.8    984.9    284.2      0.0     78.9
     1     1    14     9    10    15     0     3   -37.0   54.991    1.646    328.5    983.3    284.0      0.0     79.6
     1     1    14     9    10    14     0     2   -38.0   55.087    1.729    340.6    982.2    283.8      0.0     80.7
     1     1    14     9    10    13     0     1   -39.0   55.187    1.796    353.1    980.8    283.7      0.0     81.9
     1     1    14     9    10    12     0     0   -40.0   55.291    1.850    365.6    979.5    283.5      0.0     83.2
     1     1    14     9    10    11     0     1   -41.0   55.397    1.892    379.0    977.9    283.3      0.0     84.4
     1     1    14     9    10    10     0     2   -42.0   55.504    1.922    394.8    975.9    283.1      0.0     85.6
     1     1    14     9    10     9     0     3   -43.0   55.611    1.942    413.1    973.7    282.9      0.0     86.8
     1     1    14     9    10     8     0     2   -44.0   55.719    1.954    432.9    971.4    282.6      0.0     87.9
     1     1    14     9    10     7     0     1   -45.0   55.833    1.965    453.3    968.7    282.3      0.0     89.0
     1     1    14     9    10     6     0     0   -46.0   55.955    1.974    474.9    966.0    282.0      0.0     90.3
     1     1    14     9    10     5     0     1   -47.0   56.084    1.971    494.6    963.1    281.9      0.0     90.3
     1     1    14     9    10     4     0     2   -48.0   56.221    1.947    509.4    961.1    281.9      0.0     89.2
     1     1    14     9    10     3     0     3   -49.0   56.367    1.903    519.6    959.7    281.9      0.0     87.8
     1     1    14     9    10     2     0     2   -50.0   56.523    1.853    528.2    959.1    281.9      0.0     87.3
     1     1    14     9    10     1     0     1   -51.0   56.689    1.805    538.7    958.0    281.8      0.0     87.5
     1     1    14     9    10     0     0     0   -52.0   56.867    1.761    552.6    956.5    281.7      0.0     88.3
     1     1    14     9     9    23     0     1   -53.0   57.058    1.697    571.3    954.4    281.6      0.0     88.0
     1     1    14     9     9    22     0     2   -54.0   57.259    1.594    594.1    951.7    281.5      0.0     87.0
     1     1    14     9     9    21     0     3   -55.0   57.469    1.457    619.5    948.8    281.3      0.0     86.9
     1     1    14     9     9    20     0     2   -56.0   57.678    1.296    647.0    945.5    281.1      0.0     87.0
     1     1    14     9     9    19     0     1   -57.0   57.877    1.124    677.3    941.6    280.8      0.0     87.1
     1     1    14     9     9    18     0     0   -58.0   58.063    0.944    710.7    937.4    280.6      0.0     87.0
     1     1    14     9     9    17     0     1   -59.0   58.239    0.747    744.2    932.7    280.3      0.0     83.5
     1     1    14     9     9    16     0     2   -60.0   58.403    0.529    774.8    928.9    280.0      0.0     82.1
     1     1    14     9     9    15     0     3   -61.0   58.555    0.296    802.3    925.4    279.7      0.0     82.4
     1     1    14     9     9    14     0     2   -62.0   58.696    0.062    826.4    922.7    279.4      0.0     82.5
     1     1    14     9     9    13     0     1   -63.0   58.804   -0.163    846.6    920.9    279.2      0.0     78.6
     1     1    14     9     9    12     0     0   -64.0   58.885   -0.378    859.4    919.1    279.0      0.0     80.7
     1     1    14     9     9    11     0     1   -65.0   58.979   -0.614    865.3    918.9    279.1      0.0     82.5
     1     1    14     9     9    10     0     2   -66.0   59.087   -0.906    870.4    918.3    279.2      0.0     83.9
     1     1    14     9     9     9     0     3   -67.0   59.199   -1.255    878.7    917.7    279.2      0.0     84.6
     1     1    14     9     9     8     0     2   -68.0   59.301   -1.630    891.0    915.7    279.0      0.0     84.5
     1     1    14     9     9     7     0     1   -69.0   59.388   -2.005    903.3    913.8    278.8      0.0     84.7
     1     1    14     9     9     6     0     0   -70.0   59.461   -2.381    912.9    912.1    278.6      0.0     85.1
     1     1    14     9     9     5     0     1   -71.0   59.530   -2.764    921.3    911.7    278.5      0.0     85.9
     1     1    14     9     9     4     0     2   -72.0   59.597   -3.151    933.3    910.5    278.3      0.0     86.6
