     7     1
    GDAS    14     8    22     0     0
    GDAS    14     8    29     0     0
    GDAS    14     9     1     0     0
    GDAS    14     9     8     0     0
    GDAS    14     9    15     0     0
    GDAS    14     9    22     0     0
    GDAS    14     9    29     0     0
     1 BACKWARD OMEGA   
    14     9     8     8   56.467   -2.973   100.0
     4 PRESSURE AIR_TEMP RAINFALL RELHUMID
     1     1    14     9     8     8     0     2     0.0   56.467   -2.973    100.0    975.2    282.6      0.0     82.9
     1     1    14     9     8     7     0     1    -1.0   56.589   -3.179    165.4    963.1    281.3      0.0     87.6
     1     1    14     9     8     6     0     0    -2.0   56.773   -3.387    260.5    942.1    280.1      0.0     92.6
     1     1    14     9     8     5     0     1    -3.0   57.044   -3.619    381.5    916.8    278.8      0.0     97.2
     1     1    14     9     8     4     0     2    -4.0   57.370   -3.890    506.6    912.5    278.7      0.0     96.5
     1     1    14     9     8     3     0     3    -5.0   57.711   -4.209    628.7    913.4    279.0      0.0     96.1
     1     1    14     9     8     2     0     2    -6.0   58.053   -4.564    705.7    906.9    278.7      0.0     95.4
     1     1    14     9     8     1     0     1    -7.0   58.381   -4.899    690.7    912.8    278.9      0.0     96.3
     1     1    14     9     8     0     0     0    -8.0   58.704   -5.193    641.3    936.2    280.2      0.0     96.7
     1     1    14     9     7    23     0     1    -9.0   59.025   -5.466    618.3    947.5    280.7      0.0     95.9
     1     1    14     9     7    22     0     2   -10.0   59.345   -5.732    618.8    945.7    280.7      0.0     95.1
     1     1    14     9     7    21     0     3   -11.0   59.665   -5.983    634.4    944.4    280.8      0.0     94.7
     1     1    14     9     7    20     0     2   -12.0   59.989   -6.215    656.6    940.2    280.5      0.0     94.2
     1     1    14     9     7    19     0     1   -13.0   60.311   -6.440    668.5    938.2    280.4      0.0     94.4
     1     1    14     9     7    18     0     0   -14.0   60.623   -6.673    664.9    938.3    280.5      0.0     95.0
     1     1    14     9     7    17     0     1   -15.0   60.915   -6.940    653.3    940.8    280.5      0.0     94.9
     1     1    14     9     7    16     0     2   -16.0   61.169   -7.259    648.7    941.6    280.4      0.0     94.1
     1     1    14     9     7    15     0     3   -17.0   61.383   -7.626    658.3    940.4    280.3      0.0     94.3
     1     1    14     9     7    14     0     2   -18.0   61.564   -8.011    666.8    938.3    280.1      0.0     95.0
     1     1    14     9     7    13     0     1   -19.0   61.721   -8.394    662.6    939.4    280.2      0.0     95.0
     1     1    14     9     7    12     0     0   -20.0   61.858   -8.790    655.1    941.0    280.3      0.0     95.6
     1     1    14     9     7    11     0     1   -21.0   61.979   -9.216    653.7    941.8    280.3      0.0     95.1
     1     1    14     9     7    10     0     2   -22.0   62.084   -9.691    660.3    940.9    280.3      0.0     93.0
     1     1    14     9     7     9     0     3   -23.0   62.171  -10.212    672.9    939.3    280.2      0.0     90.2
     1     1    14     9     7     8     0     2   -24.0   62.246  -10.772    684.4    937.2    280.0      0.0     89.9
     1     1    14     9     7     7     0     1   -25.0   62.315  -11.370    686.1    936.6    280.1      0.0     89.5
     1     1    14     9     7     6     0     0   -26.0   62.372  -12.020    674.3    937.8    280.2      0.0     87.8
     1     1    14     9     7     5     0     1   -27.0   62.410  -12.728    660.4    940.8    280.4      0.0     86.9
     1     1    14     9     7     4     0     2   -28.0   62.426  -13.489    653.1    941.3    280.6      0.0     83.4
     1     1    14     9     7     3     0     3   -29.0   62.411  -14.282    650.9    941.6    280.8      0.0     79.2
     1     1    14     9     7     2     0     2   -30.0   62.372  -15.066    654.8    941.2    280.7      0.0     79.4
     1     1    14     9     7     1     0     1   -31.0   62.319  -15.821    662.9    940.5    280.7      0.0     79.4
     1     1    14     9     7     0     0     0   -32.0   62.249  -16.533    675.8    939.2    280.7      0.0     79.5
     1     1    14     9     6    23     0     1   -33.0   62.172  -17.199    690.3    937.8    280.6      0.0     81.5
     1     1    14     9     6    22     0     2   -34.0   62.093  -17.828    701.7    935.9    280.7      0.0     80.4
     1     1    14     9     6    21     0     3   -35.0   62.003  -18.421    703.6    935.8    280.9      0.0     76.8
     1     1    14     9     6    20     0     2   -36.0   61.894  -18.988    699.9    936.4    280.9      0.0     81.0
     1     1    14     9     6    19     0     1   -37.0   61.758  -19.542    697.4    936.7    280.8      0.0     82.3
     1     1    14     9     6    18     0     0   -38.0   61.590  -20.078    697.1    936.3    280.9      0.0     80.0
     1     1    14     9     6    17     0     1   -39.0   61.407  -20.582    699.8    936.3    280.8      0.0     81.8
     1     1    14     9     6    16     0     2   -40.0   61.224  -21.057    706.8    935.6    280.7      0.0     82.8
     1     1    14     9     6    15     0     3   -41.0   61.036  -21.511    718.1    934.4    280.7      0.0     82.7
     1     1    14     9     6    14     0     2   -42.0   60.834  -21.957    729.0    932.7    280.5      0.0     85.8
     1     1    14     9     6    13     0     1   -43.0   60.616  -22.403    735.1    932.0    280.4      0.0     87.1
     1     1    14     9     6    12     0     0   -44.0   60.384  -22.841    736.9    931.9    280.3      0.0     87.7
     1     1    14     9     6    11     0     1   -45.0   60.133  -23.253    736.8    932.1    280.3      0.0     86.8
     1     1    14     9     6    10     0     2   -46.0   59.861  -23.631    736.6    932.2    280.4      0.0     88.0
     1     1    14     9     6     9     0     3   -47.0   59.571  -23.986    736.6    932.3    280.2      0.0     89.9
     1     1    14     9     6     8     0     2   -48.0   59.279  -24.321    737.3    932.2    280.2      0.0     88.6
     1     1    14     9     6     7     0     1   -49.0   58.999  -24.630    738.1    931.9    280.3      0.0     87.5
     1     1    14     9     6     6     0     0   -50.0   58.732  -24.914    738.1    931.8    280.2      0.0     89.8
     1     1    14     9     6     5     0     1   -51.0   58.466  -25.196    740.9    932.0    280.2      0.0     89.1
     1     1    14     9     6     4     0     2   -52.0   58.192  -25.469    750.5    931.3    280.1      0.0     86.7
     1     1    14     9     6     3     0     3   -53.0   57.914  -25.713    769.3    929.5    280.1      0.0     82.4
     1     1    14     9     6     2     0     2   -54.0   57.643  -25.936    789.3    926.8    280.0      0.0     81.8
     1     1    14     9     6     1     0     1   -55.0   57.385  -26.153    801.6    925.8    280.0      0.0     81.3
     1     1    14     9     6     0     0     0   -56.0   57.140  -26.359    806.0    925.7    280.0      0.0     79.8
     1     1    14     9     5    23     0     1   -57.0   56.901  -26.557    809.3    926.4    280.3      0.0     76.7
     1     1    14     9     5    22     0     2   -58.0   56.659  -26.753    816.0    925.8    280.4      0.0     74.6
     1     1    14     9     5    21     0     3   -59.0   56.416  -26.947    821.8    925.2    280.6      0.0     72.6
     1     1    14     9     5    20     0     2   -60.0   56.180  -27.133    828.1    925.0    280.5      0.0     73.2
     1     1    14     9     5    19     0     1   -61.0   55.958  -27.315    841.1    924.1    280.3      0.0     72.8
     1     1    14     9     5    18     0     0   -62.0   55.749  -27.493    863.8    921.6    280.2      0.0     72.4
     1     1    14     9     5    17     0     1   -63.0   55.545  -27.658    888.0    918.5    280.1      0.0     73.2
     1     1    14     9     5    16     0     2   -64.0   55.342  -27.796    904.8    916.7    280.0      0.0     75.4
     1     1    14     9     5    15     0     3   -65.0   55.143  -27.906    911.9    916.2    279.9      0.0     78.5
     1     1    14     9     5    14     0     2   -66.0   54.959  -27.993    912.9    916.9    279.9      0.0     78.6
     1     1    14     9     5    13     0     1   -67.0   54.794  -28.066    912.7    917.3    280.0      0.0     76.8
     1     1    14     9     5    12     0     0   -68.0   54.646  -28.125    911.9    917.7    280.0      0.0     75.7
     1     1    14     9     5    11     0     1   -69.0   54.507  -28.174    914.6    918.0    279.9      0.0     74.7
     1     1    14     9     5    10     0     2   -70.0   54.372  -28.215    924.6    916.9    279.8      0.0     74.2
     1     1    14     9     5     9     0     3   -71.0   54.242  -28.245    941.7    915.1    279.7      0.0     74.3
     1     1    14     9     5     8     0     2   -72.0   54.124  -28.260    956.3    912.1    279.6      0.0     74.8
