     7     1
    GDAS    14     8    22     0     0
    GDAS    14     8    29     0     0
    GDAS    14     9     1     0     0
    GDAS    14     9     8     0     0
    GDAS    14     9    15     0     0
    GDAS    14     9    22     0     0
    GDAS    14     9    29     0     0
     1 BACKWARD OMEGA   
    14     9    16    19   56.467   -2.973   100.0
     4 PRESSURE AIR_TEMP RAINFALL RELHUMID
     1     1    14     9    16    19     0     1     0.0   56.467   -2.973    100.0    975.0    285.0      0.0     93.2
     1     1    14     9    16    18     0     0    -1.0   56.434   -2.843     94.7    980.0    285.6      0.0     91.6
     1     1    14     9    16    17     0     1    -2.0   56.399   -2.704     88.6    985.3    286.2      0.0     89.6
     1     1    14     9    16    16     0     2    -3.0   56.356   -2.556     82.3    990.8    286.7      0.0     88.1
     1     1    14     9    16    15     0     3    -4.0   56.304   -2.403     77.1    995.9    287.0      0.0     87.2
     1     1    14     9    16    14     0     2    -5.0   56.248   -2.258     74.3   1000.2    286.9      0.0     88.3
     1     1    14     9    16    13     0     1    -6.0   56.190   -2.132     73.9   1003.0    286.8      0.0     89.3
     1     1    14     9    16    12     0     0    -7.0   56.124   -2.023     74.4   1004.8    286.8      0.0     90.1
     1     1    14     9    16    11     0     1    -8.0   56.055   -1.918     76.2   1005.3    286.7      0.0     91.3
     1     1    14     9    16    10     0     2    -9.0   55.987   -1.808     80.3   1004.9    286.6      0.0     92.5
     1     1    14     9    16     9     0     3   -10.0   55.924   -1.695     86.1   1003.6    286.5      0.0     93.7
     1     1    14     9    16     8     0     2   -11.0   55.865   -1.582     90.4   1002.5    286.4      0.0     94.6
     1     1    14     9    16     7     0     1   -12.0   55.809   -1.474     90.8   1002.5    286.4      0.0     95.4
     1     1    14     9    16     6     0     0   -13.0   55.755   -1.369     88.1   1003.1    286.4      0.0     96.1
     1     1    14     9    16     5     0     1   -14.0   55.700   -1.274     84.9   1004.4    286.6      0.0     95.3
     1     1    14     9    16     4     0     2   -15.0   55.641   -1.197     83.8   1005.2    286.7      0.0     94.3
     1     1    14     9    16     3     0     3   -16.0   55.579   -1.136     84.9   1005.7    286.8      0.0     93.2
     1     1    14     9    16     2     0     2   -17.0   55.518   -1.074     87.5   1006.0    286.9      0.0     93.2
     1     1    14     9    16     1     0     1   -18.0   55.460   -0.996     91.6   1006.8    287.0      0.0     93.1
     1     1    14     9    16     0     0     0   -19.0   55.404   -0.900     97.8   1006.1    287.0      0.0     93.4
     1     1    14     9    15    23     0     1   -20.0   55.349   -0.794    105.7   1005.2    287.1      0.0     93.3
     1     1    14     9    15    22     0     2   -21.0   55.295   -0.689    115.7   1004.1    287.1      0.0     93.4
     1     1    14     9    15    21     0     3   -22.0   55.241   -0.587    128.3   1002.8    287.2      0.0     93.5
     1     1    14     9    15    20     0     2   -23.0   55.199   -0.470    140.6   1000.9    287.1      0.0     94.1
     1     1    14     9    15    19     0     1   -24.0   55.180   -0.318    149.1    999.6    287.0      0.0     94.6
     1     1    14     9    15    18     0     0   -25.0   55.182   -0.132    153.3    998.9    286.9      0.0     95.1
     1     1    14     9    15    17     0     1   -26.0   55.153    0.091    153.6    998.9    288.1      0.0     86.8
     1     1    14     9    15    16     0     2   -27.0   55.084    0.296    149.9    999.3    288.5      0.0     83.5
     1     1    14     9    15    15     0     3   -28.0   55.016    0.455    141.6   1000.5    288.9      0.0     79.6
     1     1    14     9    15    14     0     2   -29.0   54.958    0.608    133.4   1002.3    288.8      0.0     81.5
     1     1    14     9    15    13     0     1   -30.0   54.921    0.807    128.7   1003.2    288.7      0.0     83.2
     1     1    14     9    15    12     0     0   -31.0   54.904    1.055    126.7   1003.9    288.6      0.0     84.7
     1     1    14     9    15    11     0     1   -32.0   54.897    1.325    126.2   1003.7    288.7      0.0     84.0
     1     1    14     9    15    10     0     2   -33.0   54.890    1.597    124.3   1003.5    288.9      0.1     82.1
     1     1    14     9    15     9     0     3   -34.0   54.878    1.883    117.2   1003.8    289.0      0.0     78.9
     1     1    14     9    15     8     0     2   -35.0   54.865    2.189    107.5   1005.6    289.0      0.0     81.8
     1     1    14     9    15     7     0     1   -36.0   54.860    2.513    100.3   1007.0    288.9      0.0     85.1
     1     1    14     9    15     6     0     0   -37.0   54.849    2.856     97.6   1007.8    288.9      0.0     87.9
     1     1    14     9    15     5     0     1   -38.0   54.844    3.231     96.2   1007.5    289.0      0.0     88.2
     1     1    14     9    15     4     0     2   -39.0   54.850    3.651     93.5   1007.8    289.1      0.0     87.3
     1     1    14     9    15     3     0     3   -40.0   54.829    4.108     91.2   1008.0    289.4      0.0     84.6
     1     1    14     9    15     2     0     2   -41.0   54.784    4.584     88.0   1008.6    289.5      0.2     85.8
     1     1    14     9    15     1     0     1   -42.0   54.749    5.063     83.6   1009.5    289.7      0.2     87.0
     1     1    14     9    15     0     0     0   -43.0   54.728    5.540     78.0   1010.1    289.8      0.0     88.3
     1     1    14     9    14    23     0     1   -44.0   54.710    6.036     69.1   1011.4    289.9      0.2     87.0
     1     1    14     9    14    22     0     2   -45.0   54.686    6.560     59.7   1013.8    290.1      0.3     88.5
     1     1    14     9    14    21     0     3   -46.0   54.651    7.104     53.1   1014.5    290.1      0.3     89.7
     1     1    14     9    14    20     0     2   -47.0   54.630    7.643     49.2   1015.0    290.2      2.7     90.2
     1     1    14     9    14    19     0     1   -48.0   54.655    8.161     47.4   1015.3    290.1      2.6     91.7
     1     1    14     9    14    18     0     0   -49.0   54.715    8.611     49.6   1015.1    289.6      0.3     93.9
     1     1    14     9    14    17     0     1   -50.0   54.793    8.986     56.1   1013.3    289.4      0.3     95.2
     1     1    14     9    14    16     0     2   -51.0   54.869    9.363     61.8   1011.8    289.7      0.3     93.9
     1     1    14     9    14    15     0     3   -52.0   54.936    9.800     60.5   1013.3    290.1      0.0     92.7
     1     1    14     9    14    14     0     2   -53.0   55.009   10.264     55.7   1015.9    290.0      0.0     94.0
     1     1    14     9    14    13     0     1   -54.0   55.097   10.706     52.7   1016.9    289.8      0.3     94.6
     1     1    14     9    14    12     0     0   -55.0   55.189   11.124     52.1   1017.7    289.7      0.3     94.9
     1     1    14     9    14    11     0     1   -56.0   55.280   11.536     50.5   1016.9    289.8      1.0     92.8
     1     1    14     9    14    10     0     2   -57.0   55.367   11.951     44.5   1016.7    289.8      1.0     91.8
     1     1    14     9    14     9     0     3   -58.0   55.455   12.403     39.1   1016.8    289.9      1.0     91.9
     1     1    14     9    14     8     0     2   -59.0   55.552   12.907     43.2   1014.8    289.6      0.5     92.6
     1     1    14     9    14     7     0     1   -60.0   55.668   13.414     49.9   1012.1    288.5      0.5     94.2
     1     1    14     9    14     6     0     0   -61.0   55.805   13.858     42.2   1011.6    287.4      0.0     96.8
     1     1    14     9    14     5     0     1   -62.0   55.952   14.238     29.8   1015.3    287.6      0.0     96.0
     1     1    14     9    14     4     0     2   -63.0   56.112   14.628     23.4   1017.7    288.4      0.0     94.1
     1     1    14     9    14     3     0     3   -64.0   56.286   15.067     25.7   1015.8    288.7      0.0     93.2
     1     1    14     9    14     2     0     2   -65.0   56.462   15.508     28.8   1013.1    288.2      0.0     93.3
     1     1    14     9    14     1     0     1   -66.0   56.629   15.896     23.8   1013.7    287.9      0.0     93.5
     1     1    14     9    14     0     0     0   -67.0   56.780   16.227     16.5   1016.6    287.9      0.0     92.4
     1     1    14     9    13    23     0     1   -68.0   56.920   16.536     11.5   1019.9    288.3      0.0     91.3
     1     1    14     9    13    22     0     2   -69.0   57.060   16.863      8.6   1023.9    288.9      0.0     90.3
     1     1    14     9    13    21     0     3   -70.0   57.209   17.236      7.3   1026.1    289.3      0.0     90.2
     1     1    14     9    13    20     0     2   -71.0   57.361   17.644      7.0   1026.2    289.5      1.3     90.2
     1     1    14     9    13    19     0     1   -72.0   57.514   18.067      7.5   1026.1    289.5      0.0     90.5
