     7     1
    GDAS    14     8    22     0     0
    GDAS    14     8    29     0     0
    GDAS    14     9     1     0     0
    GDAS    14     9     8     0     0
    GDAS    14     9    15     0     0
    GDAS    14     9    22     0     0
    GDAS    14     9    29     0     0
     1 BACKWARD OMEGA   
    14     9    16     2   56.467   -2.973   100.0
     4 PRESSURE AIR_TEMP RAINFALL RELHUMID
     1     1    14     9    16     2     0     2     0.0   56.467   -2.973    100.0    975.0    285.0      0.3     98.8
     1     1    14     9    16     1     0     1    -1.0   56.477   -2.829     65.5    983.4    285.3      0.3     98.9
     1     1    14     9    16     0     0     0    -2.0   56.500   -2.679     37.0    990.7    285.5      0.3     98.8
     1     1    14     9    15    23     0     1    -3.0   56.536   -2.530     19.4    998.4    285.7      0.5     98.6
     1     1    14     9    15    22     0     2    -4.0   56.587   -2.380      8.1   1003.5    285.9      0.2     98.5
     1     1    14     9    15    21     0     3    -5.0   56.656   -2.219      1.5   1009.0    286.0      0.2     98.7
     1     1    14     9    15    20     0     2    -6.0   56.732   -2.006      0.0   1016.6    286.4      0.5     98.2
     1     1    14     9    15    19     0     1    -7.0   56.794   -1.697      0.0   1017.0    286.5      0.5     97.4
     1     1    14     9    15    18     0     0    -8.0   56.839   -1.285      0.0   1017.0    286.6      0.0     95.9
     1     1    14     9    15    17     0     1    -9.0   56.880   -0.794      0.0   1018.1    286.6      0.2     95.8
     1     1    14     9    15    16     0     2   -10.0   56.926   -0.259      0.0   1019.2    286.6      0.2     96.5
     1     1    14     9    15    15     0     3   -11.0   56.968    0.312      0.0   1020.3    286.9      0.2     93.1
     1     1    14     9    15    14     0     2   -12.0   57.003    0.908      0.0   1020.2    287.1      0.2     92.9
     1     1    14     9    15    13     0     1   -13.0   57.028    1.505      0.0   1021.2    287.4      0.0     92.8
     1     1    14     9    15    12     0     0   -14.0   57.040    2.091      0.0   1023.4    287.7      0.0     91.3
     1     1    14     9    15    11     0     1   -15.0   57.049    2.691      0.0   1022.6    287.9      0.0     91.1
     1     1    14     9    15    10     0     2   -16.0   57.068    3.342      0.0   1021.7    288.2      0.0     91.4
     1     1    14     9    15     9     0     3   -17.0   57.100    4.057      0.0   1021.0    288.5      0.0     92.0
     1     1    14     9    15     8     0     2   -18.0   57.149    4.800      0.0   1022.0    288.8      0.0     90.4
     1     1    14     9    15     7     0     1   -19.0   57.217    5.524      0.0   1023.7    289.0      0.0     89.3
     1     1    14     9    15     6     0     0   -20.0   57.302    6.219      0.4   1023.6    289.2      0.0     89.5
     1     1    14     9    15     5     0     1   -21.0   57.389    6.868      2.3   1021.8    289.1      0.0     88.7
     1     1    14     9    15     4     0     2   -22.0   57.468    7.449      5.1   1021.9    289.1      0.0     89.1
     1     1    14     9    15     3     0     3   -23.0   57.541    7.958      6.5   1022.9    289.2      0.0     89.6
     1     1    14     9    15     2     0     2   -24.0   57.614    8.430      6.8   1024.8    289.4      0.0     88.3
     1     1    14     9    15     1     0     1   -25.0   57.688    8.903      6.5   1026.0    289.8      0.0     87.4
     1     1    14     9    15     0     0     0   -26.0   57.744    9.378      5.9   1026.0    289.7      0.0     86.2
     1     1    14     9    14    23     0     1   -27.0   57.775    9.831      5.3   1025.9    289.5      0.0     84.0
     1     1    14     9    14    22     0     2   -28.0   57.798   10.270      5.0   1026.7    289.6      0.0     82.8
     1     1    14     9    14    21     0     3   -29.0   57.823   10.715      5.0   1027.2    289.7      0.0     82.0
     1     1    14     9    14    20     0     2   -30.0   57.853   11.146      5.6   1026.3    289.4      0.0     80.4
     1     1    14     9    14    19     0     1   -31.0   57.886   11.516      7.0   1022.8    288.3      0.0     80.1
     1     1    14     9    14    18     0     0   -32.0   57.922   11.807      9.7   1019.1    287.5      0.0     80.0
     1     1    14     9    14    17     0     1   -33.0   57.954   12.061     14.2   1015.8    288.1      0.0     78.2
     1     1    14     9    14    16     0     2   -34.0   57.977   12.330     23.4   1011.3    289.0      0.0     76.1
     1     1    14     9    14    15     0     3   -35.0   57.990   12.639     41.6   1005.4    289.7      0.0     72.8
     1     1    14     9    14    14     0     2   -36.0   57.999   12.983     74.3    997.6    288.4      0.0     75.0
     1     1    14     9    14    13     0     1   -37.0   58.015   13.342    106.0    991.2    287.5      0.0     77.9
     1     1    14     9    14    12     0     0   -38.0   58.038   13.690    115.9    989.6    287.0      0.0     80.1
     1     1    14     9    14    11     0     1   -39.0   58.064   14.024    104.7    990.3    286.5      0.0     81.8
     1     1    14     9    14    10     0     2   -40.0   58.092   14.342     87.2    994.0    286.4      0.0     83.1
     1     1    14     9    14     9     0     3   -41.0   58.127   14.646     75.1    995.6    286.1      0.0     85.3
     1     1    14     9    14     8     0     2   -42.0   58.170   14.924     66.7    997.3    285.5      0.0     88.8
     1     1    14     9    14     7     0     1   -43.0   58.222   15.169     58.4   1000.5    284.9      0.0     92.1
     1     1    14     9    14     6     0     0   -44.0   58.282   15.377     48.3   1004.7    284.4      0.0     95.4
     1     1    14     9    14     5     0     1   -45.0   58.349   15.556     37.8   1008.3    284.4      0.0     94.6
     1     1    14     9    14     4     0     2   -46.0   58.422   15.715     28.1   1012.0    284.1      0.0     93.5
     1     1    14     9    14     3     0     3   -47.0   58.498   15.857     20.5   1015.5    283.6      0.0     91.9
     1     1    14     9    14     2     0     2   -48.0   58.570   15.989     15.7   1018.4    283.7      0.0     90.4
     1     1    14     9    14     1     0     1   -49.0   58.637   16.121     12.9   1020.5    283.9      0.0     89.0
     1     1    14     9    14     0     0     0   -50.0   58.699   16.262     11.3   1022.1    284.1      0.0     87.6
     1     1    14     9    13    23     0     1   -51.0   58.757   16.412     10.4   1023.0    284.3      0.0     87.6
     1     1    14     9    13    22     0     2   -52.0   58.810   16.568      9.8   1023.7    284.5      0.0     87.7
     1     1    14     9    13    21     0     3   -53.0   58.858   16.728      9.5   1024.5    284.6      0.0     87.9
     1     1    14     9    13    20     0     2   -54.0   58.905   16.890      9.2   1024.4    284.8      0.0     86.6
     1     1    14     9    13    19     0     1   -55.0   58.950   17.052      8.9   1023.8    284.9      0.0     86.1
     1     1    14     9    13    18     0     0   -56.0   58.994   17.217      8.6   1023.4    285.2      0.0     85.7
     1     1    14     9    13    17     0     1   -57.0   59.041   17.392      8.2   1023.7    287.0      0.0     82.5
     1     1    14     9    13    16     0     2   -58.0   59.093   17.588      7.7   1023.6    288.5      0.0     80.5
     1     1    14     9    13    15     0     3   -59.0   59.150   17.809      7.3   1023.0    289.7      0.0     79.9
     1     1    14     9    13    14     0     2   -60.0   59.215   18.039      7.1   1023.5    290.1      0.0     81.1
     1     1    14     9    13    13     0     1   -61.0   59.292   18.261      6.9   1024.8    290.4      0.0     81.6
     1     1    14     9    13    12     0     0   -62.0   59.381   18.474      6.6   1026.0    290.6      0.0     82.3
     1     1    14     9    13    11     0     1   -63.0   59.482   18.686      6.2   1026.7    289.9      0.0     84.2
     1     1    14     9    13    10     0     2   -64.0   59.595   18.912      5.8   1027.5    289.3      0.0     86.2
     1     1    14     9    13     9     0     3   -65.0   59.714   19.157      5.4   1027.8    288.9      0.0     87.2
     1     1    14     9    13     8     0     2   -66.0   59.829   19.413      5.0   1027.3    288.7      0.0     87.1
     1     1    14     9    13     7     0     1   -67.0   59.936   19.677      4.7   1027.6    288.5      0.0     87.3
     1     1    14     9    13     6     0     0   -68.0   60.037   19.963      4.6   1028.8    288.6      0.0     87.7
     1     1    14     9    13     5     0     1   -69.0   60.144   20.270      4.6   1027.6    288.6      0.0     85.3
     1     1    14     9    13     4     0     2   -70.0   60.265   20.579      4.8   1026.6    288.6      0.0     83.6
     1     1    14     9    13     3     0     3   -71.0   60.398   20.881      5.2   1026.0    288.5      0.0     82.9
     1     1    14     9    13     2     0     2   -72.0   60.534   21.167      5.8   1025.6    287.9      0.0     81.6
