     7     1
    GDAS    14     8    22     0     0
    GDAS    14     8    29     0     0
    GDAS    14     9     1     0     0
    GDAS    14     9     8     0     0
    GDAS    14     9    15     0     0
    GDAS    14     9    22     0     0
    GDAS    14     9    29     0     0
     1 BACKWARD OMEGA   
    14     9    12     2   56.467   -2.973   100.0
     4 PRESSURE AIR_TEMP RAINFALL RELHUMID
     1     1    14     9    12     2     0     2     0.0   56.467   -2.973    100.0    981.9    284.0      0.0     92.2
     1     1    14     9    12     1     0     1    -1.0   56.434   -2.895     99.9    985.2    284.7      0.0     90.5
     1     1    14     9    12     0     0     0    -2.0   56.393   -2.815     99.6    988.7    285.3      0.0     88.8
     1     1    14     9    11    23     0     1    -3.0   56.346   -2.727    100.0    992.1    285.7      0.0     87.1
     1     1    14     9    11    22     0     2    -4.0   56.290   -2.626    102.5    995.4    286.2      0.0     85.1
     1     1    14     9    11    21     0     3    -5.0   56.221   -2.513    108.2    998.3    286.5      0.0     82.6
     1     1    14     9    11    20     0     2    -6.0   56.142   -2.389    114.3   1000.4    287.0      0.0     79.8
     1     1    14     9    11    19     0     1    -7.0   56.056   -2.253    117.2   1002.8    287.3      0.0     77.2
     1     1    14     9    11    18     0     0    -8.0   55.966   -2.099    116.7   1004.1    287.3      0.0     75.3
     1     1    14     9    11    17     0     1    -9.0   55.872   -1.931    113.2   1003.7    287.2      0.0     75.2
     1     1    14     9    11    16     0     2   -10.0   55.779   -1.762    108.9   1003.4    287.2      0.0     75.3
     1     1    14     9    11    15     0     3   -11.0   55.691   -1.596    106.9   1003.7    287.3      0.0     75.6
     1     1    14     9    11    14     0     2   -12.0   55.603   -1.436    108.5   1004.9    287.0      0.0     77.3
     1     1    14     9    11    13     0     1   -13.0   55.515   -1.287    113.8   1006.3    286.7      0.0     78.8
     1     1    14     9    11    12     0     0   -14.0   55.425   -1.147    123.5   1007.6    286.4      0.0     80.1
     1     1    14     9    11    11     0     1   -15.0   55.333   -1.017    138.1   1007.8    285.9      0.0     82.6
     1     1    14     9    11    10     0     2   -16.0   55.239   -0.897    154.5   1005.2    285.6      0.0     85.0
     1     1    14     9    11     9     0     3   -17.0   55.144   -0.789    168.9   1002.9    285.3      0.0     87.6
     1     1    14     9    11     8     0     2   -18.0   55.053   -0.692    178.4   1001.3    285.1      0.0     88.4
     1     1    14     9    11     7     0     1   -19.0   54.970   -0.602    180.7   1000.5    285.0      0.0     89.1
     1     1    14     9    11     6     0     0   -20.0   54.894   -0.523    175.4   1000.4    284.9      0.0     89.8
     1     1    14     9    11     5     0     1   -21.0   54.821   -0.447    168.9   1001.3    285.1      0.0     89.1
     1     1    14     9    11     4     0     2   -22.0   54.747   -0.365    166.9   1000.9    285.2      0.0     88.4
     1     1    14     9    11     3     0     3   -23.0   54.673   -0.278    169.1   1000.0    285.2      0.0     87.6
     1     1    14     9    11     2     0     2   -24.0   54.597   -0.182    171.4    998.6    285.2      0.0     87.4
     1     1    14     9    11     1     0     1   -25.0   54.516   -0.076    169.5    998.2    285.3      0.0     87.2
     1     1    14     9    11     0     0     0   -26.0   54.453    0.052    164.7   1002.8    285.8      0.0     83.5
     1     1    14     9    10    23     0     1   -27.0   54.421    0.210    160.0   1003.6    286.0      0.0     81.0
     1     1    14     9    10    22     0     2   -28.0   54.417    0.388    157.7   1003.9    286.1      0.0     78.7
     1     1    14     9    10    21     0     3   -29.0   54.441    0.582    158.0   1003.9    286.2      0.0     76.5
     1     1    14     9    10    20     0     2   -30.0   54.484    0.770    162.4   1003.4    286.2      0.0     76.4
     1     1    14     9    10    19     0     1   -31.0   54.531    0.932    171.5   1002.2    286.2      0.0     76.3
     1     1    14     9    10    18     0     0   -32.0   54.579    1.066    184.0   1000.5    286.0      0.0     76.2
     1     1    14     9    10    17     0     1   -33.0   54.633    1.184    196.8    998.8    285.7      0.0     76.0
     1     1    14     9    10    16     0     2   -34.0   54.696    1.293    207.7    997.6    285.5      0.0     75.9
     1     1    14     9    10    15     0     3   -35.0   54.769    1.393    216.9    996.6    285.2      0.0     75.8
     1     1    14     9    10    14     0     2   -36.0   54.848    1.482    226.1    995.8    285.1      0.0     76.4
     1     1    14     9    10    13     0     1   -37.0   54.928    1.559    236.2    994.8    284.9      0.0     77.0
     1     1    14     9    10    12     0     0   -38.0   55.010    1.622    246.9    993.8    284.8      0.0     77.6
     1     1    14     9    10    11     0     1   -39.0   55.094    1.674    259.3    992.4    284.5      0.0     78.6
     1     1    14     9    10    10     0     2   -40.0   55.181    1.716    274.9    990.3    284.2      0.0     79.7
     1     1    14     9    10     9     0     3   -41.0   55.271    1.747    293.9    987.6    283.9      0.0     81.0
     1     1    14     9    10     8     0     2   -42.0   55.364    1.773    314.3    984.8    283.6      0.0     82.1
     1     1    14     9    10     7     0     1   -43.0   55.464    1.798    334.4    982.3    283.3      0.0     83.1
     1     1    14     9    10     6     0     0   -44.0   55.572    1.820    354.0    980.0    283.0      0.0     84.2
     1     1    14     9    10     5     0     1   -45.0   55.686    1.830    371.6    977.6    283.0      0.0     84.9
     1     1    14     9    10     4     0     2   -46.0   55.803    1.818    385.0    975.9    282.9      0.0     85.2
     1     1    14     9    10     3     0     3   -47.0   55.925    1.786    393.7    974.7    282.9      0.0     85.2
     1     1    14     9    10     2     0     2   -48.0   56.055    1.748    399.1    974.3    282.9      0.0     84.5
     1     1    14     9    10     1     0     1   -49.0   56.194    1.717    403.5    973.9    282.9      0.0     84.1
     1     1    14     9    10     0     0     0   -50.0   56.343    1.690    407.5    973.5    282.8      0.0     84.0
     1     1    14     9     9    23     0     1   -51.0   56.508    1.641    414.7    973.0    282.9      0.0     84.2
     1     1    14     9     9    22     0     2   -52.0   56.688    1.550    428.5    971.5    282.8      0.0     84.4
     1     1    14     9     9    21     0     3   -53.0   56.880    1.420    448.9    968.9    282.7      0.0     84.1
     1     1    14     9     9    20     0     2   -54.0   57.072    1.267    474.6    965.4    282.4      0.0     84.6
     1     1    14     9     9    19     0     1   -55.0   57.255    1.106    505.0    961.5    282.1      0.0     85.5
     1     1    14     9     9    18     0     0   -56.0   57.427    0.937    540.2    957.2    281.8      0.0     86.6
     1     1    14     9     9    17     0     1   -57.0   57.592    0.747    574.8    952.3    281.4      0.0     85.3
     1     1    14     9     9    16     0     2   -58.0   57.751    0.526    603.2    948.8    281.1      0.0     84.7
     1     1    14     9     9    15     0     3   -59.0   57.901    0.273    625.8    946.0    280.7      0.0     85.6
     1     1    14     9     9    14     0     2   -60.0   58.043    0.012    643.6    944.1    280.5      0.0     86.1
     1     1    14     9     9    13     0     1   -61.0   58.153   -0.228    666.8    942.8    280.5      0.0     77.4
     1     1    14     9     9    12     0     0   -62.0   58.237   -0.445    693.8    938.1    280.1      0.0     79.3
     1     1    14     9     9    11     0     1   -63.0   58.334   -0.678    716.4    935.9    280.0      0.0     82.0
     1     1    14     9     9    10     0     2   -64.0   58.446   -0.956    738.8    933.2    279.9      0.0     84.1
     1     1    14     9     9     9     0     3   -65.0   58.567   -1.281    760.2    930.6    279.8      0.0     84.0
     1     1    14     9     9     8     0     2   -66.0   58.685   -1.631    776.9    928.0    279.7      0.0     83.7
     1     1    14     9     9     7     0     1   -67.0   58.794   -1.987    786.2    926.8    279.5      0.0     84.2
     1     1    14     9     9     6     0     0   -68.0   58.897   -2.358    790.8    926.3    279.4      0.0     85.1
     1     1    14     9     9     5     0     1   -69.0   58.997   -2.748    794.9    926.1    279.3      0.0     86.3
     1     1    14     9     9     4     0     2   -70.0   59.092   -3.150    800.3    925.5    279.1      0.0     87.0
     1     1    14     9     9     3     0     3   -71.0   59.171   -3.554    804.7    925.0    278.9      0.0     86.9
     1     1    14     9     9     2     0     2   -72.0   59.235   -3.953    805.0    924.8    278.9      0.0     86.5
