     7     1
    GDAS    14     8    22     0     0
    GDAS    14     8    29     0     0
    GDAS    14     9     1     0     0
    GDAS    14     9     8     0     0
    GDAS    14     9    15     0     0
    GDAS    14     9    22     0     0
    GDAS    14     9    29     0     0
     1 BACKWARD OMEGA   
    14     9    21    21   56.467   -2.973   100.0
     4 PRESSURE AIR_TEMP RAINFALL RELHUMID
     1     1    14     9    21    21     0     3     0.0   56.467   -2.973    100.0    983.2    283.3      0.0     77.7
     1     1    14     9    21    20     0     2    -1.0   56.472   -3.066    102.3    981.4    283.5      0.0     76.4
     1     1    14     9    21    19     0     1    -2.0   56.477   -3.135    104.2    980.4    283.8      0.0     74.9
     1     1    14     9    21    18     0     0    -3.0   56.483   -3.178    105.3    979.7    284.1      0.0     73.3
     1     1    14     9    21    17     0     1    -4.0   56.495   -3.217    106.6    978.9    284.4      0.0     72.0
     1     1    14     9    21    16     0     2    -5.0   56.519   -3.277    107.5    977.4    284.6      0.0     70.8
     1     1    14     9    21    15     0     3    -6.0   56.553   -3.356    106.5    975.4    284.9      0.0     69.4
     1     1    14     9    21    14     0     2    -7.0   56.595   -3.439    104.8    973.3    284.4      0.0     71.0
     1     1    14     9    21    13     0     1    -8.0   56.644   -3.509    106.4    970.4    283.8      0.0     72.9
     1     1    14     9    21    12     0     0    -9.0   56.700   -3.567    113.0    966.7    283.1      0.0     75.1
     1     1    14     9    21    11     0     1   -10.0   56.767   -3.619    125.0    961.7    282.0      0.0     79.1
     1     1    14     9    21    10     0     2   -11.0   56.850   -3.671    142.4    955.5    280.7      0.0     83.4
     1     1    14     9    21     9     0     3   -12.0   56.952   -3.722    169.2    946.8    279.5      0.0     88.6
     1     1    14     9    21     8     0     2   -13.0   57.076   -3.782    204.6    942.1    279.0      0.0     91.6
     1     1    14     9    21     7     0     1   -14.0   57.219   -3.866    238.3    943.7    279.1      0.0     92.3
     1     1    14     9    21     6     0     0   -15.0   57.371   -3.977    270.3    945.9    279.3      0.0     92.8
     1     1    14     9    21     5     0     1   -16.0   57.531   -4.103    306.9    949.2    279.8      0.0     92.6
     1     1    14     9    21     4     0     2   -17.0   57.700   -4.234    353.0    950.7    280.1      0.0     92.8
     1     1    14     9    21     3     0     3   -18.0   57.883   -4.366    405.6    950.3    280.1      0.0     93.8
     1     1    14     9    21     2     0     2   -19.0   58.074   -4.512    450.5    947.3    280.0      0.0     94.6
     1     1    14     9    21     1     0     1   -20.0   58.261   -4.674    468.7    946.8    280.0      0.0     94.9
     1     1    14     9    21     0     0     0   -21.0   58.445   -4.845    456.9    951.7    280.3      0.0     94.7
     1     1    14     9    20    23     0     1   -22.0   58.633   -5.025    428.4    961.4    281.1      0.0     93.8
     1     1    14     9    20    22     0     2   -23.0   58.838   -5.204    406.5    972.3    281.9      0.0     92.6
     1     1    14     9    20    21     0     3   -24.0   59.068   -5.380    399.9    976.8    282.2      0.0     92.3
     1     1    14     9    20    20     0     2   -25.0   59.317   -5.550    403.3    975.4    282.2      0.0     92.0
     1     1    14     9    20    19     0     1   -26.0   59.579   -5.710    412.7    973.8    282.0      0.0     92.1
     1     1    14     9    20    18     0     0   -27.0   59.857   -5.871    428.7    971.5    281.8      0.0     92.5
     1     1    14     9    20    17     0     1   -28.0   60.151   -6.066    449.7    967.9    281.6      0.0     92.4
     1     1    14     9    20    16     0     2   -29.0   60.455   -6.318    473.5    964.3    281.4      0.0     91.4
     1     1    14     9    20    15     0     3   -30.0   60.768   -6.620    503.8    960.3    281.1      0.0     90.3
     1     1    14     9    20    14     0     2   -31.0   61.088   -6.953    546.8    955.0    280.7      0.0     91.8
     1     1    14     9    20    13     0     1   -32.0   61.409   -7.278    602.9    947.4    280.2      0.0     93.6
     1     1    14     9    20    12     0     0   -33.0   61.729   -7.573    662.6    939.3    279.6      0.0     94.5
     1     1    14     9    20    11     0     1   -34.0   62.048   -7.863    708.5    932.7    279.0      0.0     95.1
     1     1    14     9    20    10     0     2   -35.0   62.375   -8.174    731.0    930.3    278.7      0.0     96.0
     1     1    14     9    20     9     0     3   -36.0   62.719   -8.487    739.0    929.3    278.4      0.0     96.0
     1     1    14     9    20     8     0     2   -37.0   63.081   -8.783    742.0    928.4    278.5      0.0     95.4
     1     1    14     9    20     7     0     1   -38.0   63.457   -9.076    749.9    927.2    278.8      0.0     92.8
     1     1    14     9    20     6     0     0   -39.0   63.845   -9.373    767.3    924.1    278.9      0.3     89.0
     1     1    14     9    20     5     0     1   -40.0   64.237   -9.668    793.3    921.0    278.6      0.1     88.9
     1     1    14     9    20     4     0     2   -41.0   64.616   -9.970    824.3    917.0    278.2      0.2     87.6
     1     1    14     9    20     3     0     3   -42.0   64.968  -10.284    851.4    913.4    278.0      0.2     85.6
     1     1    14     9    20     2     0     2   -43.0   65.287  -10.595    875.4    911.0    277.9      0.2     86.8
     1     1    14     9    20     1     0     1   -44.0   65.577  -10.884    900.6    907.7    277.7      0.6     85.8
     1     1    14     9    20     0     0     0   -45.0   65.844  -11.150    929.3    904.2    277.6      0.7     84.5
     1     1    14     9    19    23     0     1   -46.0   66.083  -11.397    967.7    900.2    277.3      0.3     84.9
     1     1    14     9    19    22     0     2   -47.0   66.283  -11.608   1016.4    894.2    276.9      0.8     84.4
     1     1    14     9    19    21     0     3   -48.0   66.449  -11.759   1070.5    888.1    276.6      0.8     82.3
     1     1    14     9    19    20     0     2   -49.0   66.595  -11.861   1117.2    881.8    276.3      0.0     80.9
     1     1    14     9    19    19     0     1   -50.0   66.732  -11.938   1146.2    878.7    276.2      0.0     79.1
     1     1    14     9    19    18     0     0   -51.0   66.866  -12.002   1160.6    877.2    276.2      0.0     76.7
     1     1    14     9    19    17     0     1   -52.0   66.997  -12.065   1167.1    877.1    276.2      0.0     76.4
     1     1    14     9    19    16     0     2   -53.0   67.123  -12.112   1172.0    876.7    276.2      0.0     77.4
     1     1    14     9    19    15     0     3   -54.0   67.245  -12.129   1178.3    876.3    276.1      0.0     76.9
     1     1    14     9    19    14     0     2   -55.0   67.363  -12.101   1188.8    875.3    276.0      0.0     77.1
     1     1    14     9    19    13     0     1   -56.0   67.477  -12.017   1201.8    873.8    275.8      0.0     77.3
     1     1    14     9    19    12     0     0   -57.0   67.586  -11.884   1214.8    872.4    275.7      0.0     78.4
     1     1    14     9    19    11     0     1   -58.0   67.690  -11.696   1229.6    871.0    275.6      0.0     78.7
     1     1    14     9    19    10     0     2   -59.0   67.789  -11.446   1246.4    869.2    275.7      0.0     79.8
     1     1    14     9    19     9     0     3   -60.0   67.877  -11.137   1259.7    867.6    275.7      0.0     82.2
     1     1    14     9    19     8     0     2   -61.0   67.962  -10.769   1272.0    866.9    275.6      0.0     83.5
     1     1    14     9    19     7     0     1   -62.0   68.047  -10.345   1290.9    864.9    275.4      0.0     84.6
     1     1    14     9    19     6     0     0   -63.0   68.129   -9.865   1315.7    862.2    275.2      0.0     85.2
     1     1    14     9    19     5     0     1   -64.0   68.205   -9.368   1343.5    859.4    275.2      0.0     87.1
     1     1    14     9    19     4     0     2   -65.0   68.277   -8.894   1373.7    856.8    275.2      0.0     89.4
     1     1    14     9    19     3     0     3   -66.0   68.348   -8.446   1408.5    853.8    275.0      0.2     90.2
     1     1    14     9    19     2     0     2   -67.0   68.412   -8.036   1440.2    850.1    274.9      0.0     90.8
     1     1    14     9    19     1     0     1   -68.0   68.460   -7.668   1457.6    848.7    274.9      0.0     91.2
     1     1    14     9    19     0     0     0   -69.0   68.493   -7.341   1462.4    849.0    275.0      0.0     92.4
     1     1    14     9    18    23     0     1   -70.0   68.509   -7.050   1462.5    849.8    275.1      0.0     93.7
     1     1    14     9    18    22     0     2   -71.0   68.508   -6.796   1461.7    850.1    275.3      0.0     94.2
     1     1    14     9    18    21     0     3   -72.0   68.489   -6.573   1454.5    850.8    275.5      0.0     94.4
