     7     1
    GDAS    14     8    22     0     0
    GDAS    14     8    29     0     0
    GDAS    14     9     1     0     0
    GDAS    14     9     8     0     0
    GDAS    14     9    15     0     0
    GDAS    14     9    22     0     0
    GDAS    14     9    29     0     0
     1 BACKWARD OMEGA   
    14     9    13    17   56.467   -2.973   100.0
     4 PRESSURE AIR_TEMP RAINFALL RELHUMID
     1     1    14     9    13    17     0     1     0.0   56.467   -2.973    100.0    986.5    287.3      0.0     85.7
     1     1    14     9    13    16     0     2    -1.0   56.430   -2.819     64.7    996.8    287.7      0.0     82.1
     1     1    14     9    13    15     0     3    -2.0   56.388   -2.666     40.9   1004.3    287.9      0.0     79.4
     1     1    14     9    13    14     0     2    -3.0   56.343   -2.523     27.4   1010.4    287.9      0.0     79.3
     1     1    14     9    13    13     0     1    -4.0   56.301   -2.401     20.3   1014.6    287.7      0.0     79.7
     1     1    14     9    13    12     0     0    -5.0   56.262   -2.302     16.5   1017.5    287.6      0.0     80.6
     1     1    14     9    13    11     0     1    -6.0   56.225   -2.232     14.7   1019.2    287.2      0.0     84.1
     1     1    14     9    13    10     0     2    -7.0   56.189   -2.199     14.4   1019.6    287.0      0.0     87.3
     1     1    14     9    13     9     0     3    -8.0   56.156   -2.208     15.1   1019.3    286.9      0.0     90.6
     1     1    14     9    13     8     0     2    -9.0   56.123   -2.243     16.4   1019.0    286.5      0.0     90.9
     1     1    14     9    13     7     0     1   -10.0   56.090   -2.290     17.9   1018.7    286.1      0.0     91.5
     1     1    14     9    13     6     0     0   -11.0   56.055   -2.351     19.5   1018.2    285.5      0.0     92.4
     1     1    14     9    13     5     0     1   -12.0   56.024   -2.423     21.5   1017.1    285.5      0.0     91.4
     1     1    14     9    13     4     0     2   -13.0   55.999   -2.505     24.0   1015.8    285.5      0.0     90.5
     1     1    14     9    13     3     0     3   -14.0   55.979   -2.597     27.3   1013.8    285.4      0.0     89.5
     1     1    14     9    13     2     0     2   -15.0   55.962   -2.699     31.3   1011.3    285.3      0.0     88.5
     1     1    14     9    13     1     0     1   -16.0   55.946   -2.808     36.0   1008.9    285.3      0.0     87.4
     1     1    14     9    13     0     0     0   -17.0   55.936   -2.925     40.8   1006.6    285.4      0.0     86.4
     1     1    14     9    12    23     0     1   -18.0   55.927   -3.034     47.1   1005.5    285.8      0.0     85.0
     1     1    14     9    12    22     0     2   -19.0   55.910   -3.117     57.0   1004.6    286.4      0.0     83.3
     1     1    14     9    12    21     0     3   -20.0   55.882   -3.174     70.4   1002.8    287.0      0.0     81.6
     1     1    14     9    12    20     0     2   -21.0   55.851   -3.210     82.8   1000.4    287.5      0.0     80.5
     1     1    14     9    12    19     0     1   -22.0   55.824   -3.236     88.8    999.4    287.9      0.0     79.4
     1     1    14     9    12    18     0     0   -23.0   55.802   -3.251     88.1    999.3    288.2      0.0     78.4
     1     1    14     9    12    17     0     1   -24.0   55.781   -3.257     84.1    999.9    288.6      0.0     77.5
     1     1    14     9    12    16     0     2   -25.0   55.757   -3.255     80.0   1000.0    289.2      0.0     76.6
     1     1    14     9    12    15     0     3   -26.0   55.730   -3.245     75.7   1000.2    289.7      0.0     75.7
     1     1    14     9    12    14     0     2   -27.0   55.704   -3.236     71.2   1001.1    289.5      0.0     76.9
     1     1    14     9    12    13     0     1   -28.0   55.680   -3.240     66.8   1001.9    289.2      0.0     78.2
     1     1    14     9    12    12     0     0   -29.0   55.660   -3.255     62.8   1002.8    289.1      0.0     79.7
     1     1    14     9    12    11     0     1   -30.0   55.640   -3.263     60.1   1003.2    288.4      0.0     82.5
     1     1    14     9    12    10     0     2   -31.0   55.618   -3.242     59.7   1003.1    287.7      0.0     85.2
     1     1    14     9    12     9     0     3   -32.0   55.592   -3.192     61.9   1002.8    287.0      0.0     88.1
     1     1    14     9    12     8     0     2   -33.0   55.566   -3.127     64.9   1001.9    286.1      0.0     88.2
     1     1    14     9    12     7     0     1   -34.0   55.541   -3.064     66.4   1001.6    285.3      0.0     88.3
     1     1    14     9    12     6     0     0   -35.0   55.518   -3.002     66.4   1001.4    284.4      0.0     88.2
     1     1    14     9    12     5     0     1   -36.0   55.492   -2.936     65.8   1001.3    284.8      0.0     87.0
     1     1    14     9    12     4     0     2   -37.0   55.457   -2.862     65.1   1001.0    285.2      0.0     85.6
     1     1    14     9    12     3     0     3   -38.0   55.414   -2.781     64.7   1000.6    285.3      0.0     84.1
     1     1    14     9    12     2     0     2   -39.0   55.366   -2.702     64.3   1000.5    285.4      0.0     83.1
     1     1    14     9    12     1     0     1   -40.0   55.315   -2.629     64.1   1000.2    285.4      0.0     82.3
     1     1    14     9    12     0     0     0   -41.0   55.262   -2.561     63.7    999.7    285.5      0.0     81.7
     1     1    14     9    11    23     0     1   -42.0   55.207   -2.493     64.2    998.8    285.5      0.0     81.1
     1     1    14     9    11    22     0     2   -43.0   55.151   -2.421     66.6    997.1    285.5      0.0     80.6
     1     1    14     9    11    21     0     3   -44.0   55.094   -2.344     70.2    995.1    285.5      0.0     80.2
     1     1    14     9    11    20     0     2   -45.0   55.042   -2.263     69.8    992.7    285.9      0.0     79.3
     1     1    14     9    11    19     0     1   -46.0   54.998   -2.178     61.6    992.2    286.2      0.0     78.4
     1     1    14     9    11    18     0     0   -47.0   54.962   -2.081     48.5    992.9    286.6      0.0     77.0
     1     1    14     9    11    17     0     1   -48.0   54.932   -1.968     35.7    993.5    287.8      0.0     73.8
     1     1    14     9    11    16     0     2   -49.0   54.907   -1.847     26.8    996.8    289.2      0.0     70.6
     1     1    14     9    11    15     0     3   -50.0   54.886   -1.715     21.4    999.8    290.4      0.0     68.3
     1     1    14     9    11    14     0     2   -51.0   54.863   -1.575     18.4   1004.7    290.2      0.0     70.4
     1     1    14     9    11    13     0     1   -52.0   54.832   -1.438     16.9   1009.3    290.0      0.0     72.4
     1     1    14     9    11    12     0     0   -53.0   54.795   -1.309     16.6   1013.5    289.9      0.0     74.3
     1     1    14     9    11    11     0     1   -54.0   54.752   -1.191     17.0   1016.1    289.1      0.0     78.4
     1     1    14     9    11    10     0     2   -55.0   54.702   -1.085     17.7   1018.3    288.5      0.0     82.2
     1     1    14     9    11     9     0     3   -56.0   54.644   -0.990     18.2   1019.9    288.0      0.0     85.9
     1     1    14     9    11     8     0     2   -57.0   54.586   -0.909     18.0   1019.1    287.0      0.0     87.3
     1     1    14     9    11     7     0     1   -58.0   54.533   -0.839     17.2   1018.4    285.8      0.0     89.0
     1     1    14     9    11     6     0     0   -59.0   54.485   -0.780     16.0   1017.9    284.3      0.0     91.0
     1     1    14     9    11     5     0     1   -60.0   54.439   -0.725     15.0   1017.6    283.9      0.0     90.3
     1     1    14     9    11     4     0     2   -61.0   54.394   -0.669     14.5   1017.1    283.6      0.0     89.6
     1     1    14     9    11     3     0     3   -62.0   54.348   -0.609     14.5   1016.5    283.2      0.0     89.0
     1     1    14     9    11     2     0     2   -63.0   54.302   -0.545     14.5   1015.8    283.3      0.0     88.8
     1     1    14     9    11     1     0     1   -64.0   54.254   -0.476     13.9   1015.3    283.4      0.0     88.6
     1     1    14     9    11     0     0     0   -65.0   54.204   -0.402     12.8   1014.9    283.5      0.0     88.4
     1     1    14     9    10    23     0     1   -66.0   54.158   -0.317     11.9   1014.8    283.6      0.0     86.1
     1     1    14     9    10    22     0     2   -67.0   54.122   -0.215     11.6   1014.5    283.9      0.0     83.9
     1     1    14     9    10    21     0     3   -68.0   54.095   -0.096     12.1   1014.2    284.3      0.0     81.6
     1     1    14     9    10    20     0     2   -69.0   54.078    0.059     11.9   1021.1    288.0      0.0     77.7
     1     1    14     9    10    19     0     1   -70.0   54.071    0.236     11.0   1021.4    288.1      0.0     77.2
     1     1    14     9    10    18     0     0   -71.0   54.065    0.397     10.7   1021.4    288.2      0.0     76.8
     1     1    14     9    10    17     0     1   -72.0   54.064    0.546     10.6   1021.1    288.3      0.0     75.6
