     7     1
    GDAS    14     8    22     0     0
    GDAS    14     8    29     0     0
    GDAS    14     9     1     0     0
    GDAS    14     9     8     0     0
    GDAS    14     9    15     0     0
    GDAS    14     9    22     0     0
    GDAS    14     9    29     0     0
     1 BACKWARD OMEGA   
    14     9     1    12   56.467   -2.973   100.0
     4 PRESSURE AIR_TEMP RAINFALL RELHUMID
     1     1    14     9     1    12     0     0     0.0   56.467   -2.973    100.0    976.0    287.2      0.0     69.7
     1     1    14     9     1    11     0     1    -1.0   56.512   -3.181    113.9    970.7    286.1      0.0     73.3
     1     1    14     9     1    10     0     2    -2.0   56.544   -3.406    136.3    964.6    284.9      0.0     77.5
     1     1    14     9     1     9     0     3    -3.0   56.563   -3.647    162.4    957.6    283.7      0.0     82.0
     1     1    14     9     1     8     0     2    -4.0   56.581   -3.906    191.5    950.4    282.8      0.0     86.4
     1     1    14     9     1     7     0     1    -5.0   56.609   -4.191    222.9    945.2    282.2      0.0     90.1
     1     1    14     9     1     6     0     0    -6.0   56.644   -4.499    249.9    942.7    281.8      0.0     93.9
     1     1    14     9     1     5     0     1    -7.0   56.671   -4.841    256.9    942.4    281.7      0.1     95.4
     1     1    14     9     1     4     0     2    -8.0   56.681   -5.215    227.8    953.2    282.5      0.1     93.3
     1     1    14     9     1     3     0     3    -9.0   56.682   -5.608    166.4    972.9    283.9      0.0     90.9
     1     1    14     9     1     2     0     2   -10.0   56.677   -5.990     92.2    994.5    285.4      0.2     90.8
     1     1    14     9     1     1     0     1   -11.0   56.660   -6.358     45.0   1007.1    286.4      0.2     90.7
     1     1    14     9     1     0     0     0   -12.0   56.636   -6.774     24.8   1011.9    286.9      0.0     91.1
     1     1    14     8    31    23     0     1   -13.0   56.598   -7.261     21.8   1011.7    287.0      0.1     90.4
     1     1    14     8    31    22     0     2   -14.0   56.545   -7.790     23.4   1009.9    287.0      0.0     89.3
     1     1    14     8    31    21     0     3   -15.0   56.489   -8.332     25.1   1008.8    287.0      0.0     88.2
     1     1    14     8    31    20     0     2   -16.0   56.421   -8.888     27.7   1007.6    287.1      0.3     88.5
     1     1    14     8    31    19     0     1   -17.0   56.344   -9.468     32.3   1006.2    287.2      0.5     88.2
     1     1    14     8    31    18     0     0   -18.0   56.278  -10.082     39.1   1004.6    287.3      0.1     88.3
     1     1    14     8    31    17     0     1   -19.0   56.195  -10.718     44.4   1003.3    287.5      0.0     88.0
     1     1    14     8    31    16     0     2   -20.0   56.074  -11.373     46.4   1002.9    287.7      0.0     88.9
     1     1    14     8    31    15     0     3   -21.0   55.963  -12.082     47.2   1002.5    287.8      0.0     90.2
     1     1    14     8    31    14     0     2   -22.0   55.856  -12.819     49.4   1001.8    287.9      0.3     87.0
     1     1    14     8    31    13     0     1   -23.0   55.700  -13.552     52.6   1000.5    288.0      0.1     88.6
     1     1    14     8    31    12     0     0   -24.0   55.508  -14.315     55.2    999.7    288.0      0.1     92.2
     1     1    14     8    31    11     0     1   -25.0   55.314  -15.098     61.1    998.7    288.1      0.1     91.0
     1     1    14     8    31    10     0     2   -26.0   55.078  -15.833     67.2    997.2    288.0      0.0     89.1
     1     1    14     8    31     9     0     3   -27.0   54.761  -16.539     68.3    995.8    288.1      0.1     92.0
     1     1    14     8    31     8     0     2   -28.0   54.420  -17.252     66.4    996.6    288.3      0.3     92.3
     1     1    14     8    31     7     0     1   -29.0   54.086  -17.977     66.8    996.8    288.3      0.1     88.7
     1     1    14     8    31     6     0     0   -30.0   53.718  -18.687     70.0    995.7    288.2      0.0     90.4
     1     1    14     8    31     5     0     1   -31.0   53.331  -19.376     70.9    995.9    288.4      0.1     91.0
     1     1    14     8    31     4     0     2   -32.0   52.960  -20.085     71.7    997.1    288.4      0.0     86.6
     1     1    14     8    31     3     0     3   -33.0   52.587  -20.808     72.7    996.3    288.2      0.0     87.0
     1     1    14     8    31     2     0     2   -34.0   52.209  -21.510     70.8    997.2    288.6      0.1     89.1
     1     1    14     8    31     1     0     1   -35.0   51.841  -22.208     70.4    997.5    289.0      0.1     89.9
     1     1    14     8    31     0     0     0   -36.0   51.482  -22.915     72.9    997.1    289.0      0.0     87.7
     1     1    14     8    30    23     0     1   -37.0   51.125  -23.624     76.7    996.8    289.3      0.0     87.6
     1     1    14     8    30    22     0     2   -38.0   50.773  -24.325     79.6    996.7    289.6      0.0     88.6
     1     1    14     8    30    21     0     3   -39.0   50.431  -25.028     83.3    996.5    289.8      0.0     87.2
     1     1    14     8    30    20     0     2   -40.0   50.084  -25.710     86.5    995.4    290.0      0.0     87.4
     1     1    14     8    30    19     0     1   -41.0   49.722  -26.347     87.6    994.7    290.4      0.0     89.8
     1     1    14     8    30    18     0     0   -42.0   49.350  -26.968     87.9    994.1    291.0      0.0     92.9
     1     1    14     8    30    17     0     1   -43.0   48.978  -27.570     85.4    994.4    291.1      0.0     89.4
     1     1    14     8    30    16     0     2   -44.0   48.595  -28.113     79.2    995.1    291.6      0.0     90.6
     1     1    14     8    30    15     0     3   -45.0   48.187  -28.603     69.7    996.3    292.2      0.0     93.4
     1     1    14     8    30    14     0     2   -46.0   47.778  -29.059     60.3    998.6    292.4      0.0     93.1
     1     1    14     8    30    13     0     1   -47.0   47.377  -29.475     55.1    999.7    292.7      0.0     93.3
     1     1    14     8    30    12     0     0   -48.0   46.961  -29.849     53.8   1000.0    293.1      0.0     94.0
     1     1    14     8    30    11     0     1   -49.0   46.545  -30.199     51.3   1000.2    293.1      0.0     94.6
     1     1    14     8    30    10     0     2   -50.0   46.146  -30.534     47.5   1000.8    293.2      0.0     95.0
     1     1    14     8    30     9     0     3   -51.0   45.752  -30.836     45.6   1001.0    293.3      0.0     95.2
     1     1    14     8    30     8     0     2   -52.0   45.374  -31.120     45.9   1001.2    293.5      0.1     95.5
     1     1    14     8    30     7     0     1   -53.0   45.023  -31.406     47.6   1001.3    293.7      0.1     96.2
     1     1    14     8    30     6     0     0   -54.0   44.687  -31.688     49.8   1001.1    293.9      0.0     96.6
     1     1    14     8    30     5     0     1   -55.0   44.368  -31.966     50.8   1001.5    294.0      0.0     96.6
     1     1    14     8    30     4     0     2   -56.0   44.068  -32.240     50.8   1002.1    294.1      0.0     96.2
     1     1    14     8    30     3     0     3   -57.0   43.784  -32.504     50.4   1002.8    294.2      0.0     95.7
     1     1    14     8    30     2     0     2   -58.0   43.521  -32.758     49.2   1003.3    294.4      0.1     95.4
     1     1    14     8    30     1     0     1   -59.0   43.283  -33.016     47.6   1003.5    294.5      0.0     95.3
     1     1    14     8    30     0     0     0   -60.0   43.069  -33.275     46.8   1003.5    294.6      0.0     95.2
     1     1    14     8    29    23     0     1   -61.0   42.867  -33.526     46.7   1004.0    294.7      0.0     94.7
     1     1    14     8    29    22     0     2   -62.0   42.674  -33.764     46.1   1004.4    294.9      0.0     94.0
     1     1    14     8    29    21     0     3   -63.0   42.495  -33.996     44.0   1004.7    295.1      0.0     93.0
     1     1    14     8    29    20     0     2   -64.0   42.330  -34.218     41.6   1005.1    295.2      0.0     92.2
     1     1    14     8    29    19     0     1   -65.0   42.181  -34.430     40.1   1005.0    295.3      0.0     91.2
     1     1    14     8    29    18     0     0   -66.0   42.052  -34.641     39.7   1004.6    295.3      0.0     90.0
     1     1    14     8    29    17     0     1   -67.0   41.939  -34.835     39.7   1005.4    295.3      0.0     90.0
     1     1    14     8    29    16     0     2   -68.0   41.835  -34.997     39.7   1006.2    295.4      0.0     90.2
     1     1    14     8    29    15     0     3   -69.0   41.738  -35.128     39.7   1006.8    295.4      0.0     90.4
     1     1    14     8    29    14     0     2   -70.0   41.658  -35.234     39.7   1007.1    295.4      0.0     90.9
     1     1    14     8    29    13     0     1   -71.0   41.604  -35.319     39.7   1007.4    295.4      0.0     91.6
     1     1    14     8    29    12     0     0   -72.0   41.575  -35.384     39.7   1007.6    295.4      0.0     92.4
