     7     1
    GDAS    14     8    22     0     0
    GDAS    14     8    29     0     0
    GDAS    14     9     1     0     0
    GDAS    14     9     8     0     0
    GDAS    14     9    15     0     0
    GDAS    14     9    22     0     0
    GDAS    14     9    29     0     0
     1 BACKWARD OMEGA   
    14     9     9    12   56.467   -2.973   100.0
     4 PRESSURE AIR_TEMP RAINFALL RELHUMID
     1     1    14     9     9    12     0     0     0.0   56.467   -2.973    100.0    977.9    286.7      0.0     71.5
     1     1    14     9     9    11     0     1    -1.0   56.457   -3.028     84.5    979.2    286.3      0.0     74.7
     1     1    14     9     9    10     0     2    -2.0   56.447   -3.092     73.1    980.5    285.6      0.0     78.3
     1     1    14     9     9     9     0     3    -3.0   56.434   -3.163     64.5    981.6    284.9      0.0     81.9
     1     1    14     9     9     8     0     2    -4.0   56.422   -3.240     58.7    982.2    283.9      0.0     83.0
     1     1    14     9     9     7     0     1    -5.0   56.413   -3.325     56.2    982.0    282.9      0.0     84.5
     1     1    14     9     9     6     0     0    -6.0   56.410   -3.418     56.5    981.2    282.0      0.0     86.3
     1     1    14     9     9     5     0     1    -7.0   56.408   -3.513     56.6    980.3    282.4      0.0     85.6
     1     1    14     9     9     4     0     2    -8.0   56.401   -3.603     53.3    980.4    282.8      0.0     84.8
     1     1    14     9     9     3     0     3    -9.0   56.389   -3.689     46.8    981.0    283.0      0.0     83.9
     1     1    14     9     9     2     0     2   -10.0   56.376   -3.766     38.9    982.2    282.9      0.0     82.6
     1     1    14     9     9     1     0     1   -11.0   56.364   -3.833     31.1    983.6    282.6      0.0     81.0
     1     1    14     9     9     0     0     0   -12.0   56.352   -3.889     24.1    985.1    282.1      0.0     79.3
     1     1    14     9     8    23     0     1   -13.0   56.345   -3.941     17.7    985.9    281.6      0.0     78.4
     1     1    14     9     8    22     0     2   -14.0   56.345   -3.994     12.1    986.3    280.7      0.0     77.5
     1     1    14     9     8    21     0     3   -15.0   56.353   -4.049      7.2    986.0    280.5      0.0     77.1
     1     1    14     9     8    20     0     2   -16.0   56.363   -4.104      2.8    985.6    281.9      0.0     76.5
     1     1    14     9     8    19     0     1   -17.0   56.374   -4.157      0.0    985.3    283.1      0.0     75.7
     1     1    14     9     8    18     0     0   -18.0   56.384   -4.208      0.0    985.1    284.4      0.0     74.8
     1     1    14     9     8    17     0     1   -19.0   56.403   -4.263      0.0    984.4    285.1      0.0     73.8
     1     1    14     9     8    16     0     2   -20.0   56.437   -4.330      0.0    983.0    285.8      0.0     73.0
     1     1    14     9     8    15     0     3   -21.0   56.486   -4.407      0.0    981.3    286.3      0.0     72.1
     1     1    14     9     8    14     0     2   -22.0   56.537   -4.492      0.0    979.9    286.3      0.0     72.7
     1     1    14     9     8    13     0     1   -23.0   56.579   -4.581      0.0    979.1    286.3      0.0     73.2
     1     1    14     9     8    12     0     0   -24.0   56.612   -4.672      0.0    978.9    286.3      0.0     73.6
     1     1    14     9     8    11     0     1   -25.0   56.641   -4.755      0.0    978.2    285.4      0.0     77.9
     1     1    14     9     8    10     0     2   -26.0   56.673   -4.825      0.0    977.3    284.5      0.0     82.1
     1     1    14     9     8     9     0     3   -27.0   56.705   -4.881      0.0    976.2    283.6      0.0     86.3
     1     1    14     9     8     8     0     2   -28.0   56.738   -4.932      0.0    976.4    282.7      0.0     89.6
     1     1    14     9     8     7     0     1   -29.0   56.774   -4.982      0.0    976.7    281.8      0.0     92.8
     1     1    14     9     8     6     0     0   -30.0   56.812   -5.030      0.0    977.6    281.2      0.0     95.5
     1     1    14     9     8     5     0     1   -31.0   56.853   -5.085      0.0    978.1    281.4      0.0     95.1
     1     1    14     9     8     4     0     2   -32.0   56.894   -5.149      0.0    979.1    281.7      0.0     94.8
     1     1    14     9     8     3     0     3   -33.0   56.936   -5.222      0.0    980.4    282.0      0.0     94.4
     1     1    14     9     8     2     0     2   -34.0   56.986   -5.301      0.0    982.2    281.6      0.0     93.3
     1     1    14     9     8     1     0     1   -35.0   57.052   -5.387      0.0    985.6    281.6      0.0     91.9
     1     1    14     9     8     0     0     0   -36.0   57.140   -5.484      0.0    990.1    281.9      0.0     90.4
     1     1    14     9     7    23     0     1   -37.0   57.244   -5.594      0.0    995.7    282.7      0.0     88.2
     1     1    14     9     7    22     0     2   -38.0   57.356   -5.713      0.0   1002.0    283.6      0.0     86.3
     1     1    14     9     7    21     0     3   -39.0   57.475   -5.839      0.0   1008.9    284.5      0.0     84.5
     1     1    14     9     7    20     0     2   -40.0   57.612   -5.976      0.0   1015.5    285.7      0.0     82.0
     1     1    14     9     7    19     0     1   -41.0   57.775   -6.127      0.0   1017.3    286.1      0.0     81.0
     1     1    14     9     7    18     0     0   -42.0   57.954   -6.288      0.0   1016.9    286.2      0.0     80.7
     1     1    14     9     7    17     0     1   -43.0   58.141   -6.467      0.0   1015.4    286.3      0.0     79.7
     1     1    14     9     7    16     0     2   -44.0   58.331   -6.681      0.0   1014.6    286.4      0.0     79.2
     1     1    14     9     7    15     0     3   -45.0   58.522   -6.935      0.0   1015.2    286.5      0.0     79.5
     1     1    14     9     7    14     0     2   -46.0   58.714   -7.195      0.1   1016.7    286.4      0.0     80.6
     1     1    14     9     7    13     0     1   -47.0   58.911   -7.423      0.4   1017.7    286.3      0.0     81.3
     1     1    14     9     7    12     0     0   -48.0   59.108   -7.612      0.8   1017.7    286.2      0.0     81.8
     1     1    14     9     7    11     0     1   -49.0   59.299   -7.776      1.2   1017.5    286.0      0.0     82.5
     1     1    14     9     7    10     0     2   -50.0   59.481   -7.931      1.5   1017.3    285.9      0.0     83.0
     1     1    14     9     7     9     0     3   -51.0   59.657   -8.075      1.9   1017.2    285.7      0.0     83.5
     1     1    14     9     7     8     0     2   -52.0   59.831   -8.204      2.3   1017.9    285.8      0.0     84.3
     1     1    14     9     7     7     0     1   -53.0   60.002   -8.318      2.6   1018.7    285.7      0.0     85.0
     1     1    14     9     7     6     0     0   -54.0   60.166   -8.417      2.7   1019.5    285.7      0.0     85.7
     1     1    14     9     7     5     0     1   -55.0   60.322   -8.521      2.8   1019.5    285.6      0.0     85.6
     1     1    14     9     7     4     0     2   -56.0   60.466   -8.650      2.9   1019.6    285.5      0.0     85.7
     1     1    14     9     7     3     0     3   -57.0   60.596   -8.806      2.9   1019.7    285.4      0.0     86.0
     1     1    14     9     7     2     0     2   -58.0   60.702   -8.978      3.1   1019.5    285.4      0.0     85.9
     1     1    14     9     7     1     0     1   -59.0   60.782   -9.153      3.6   1019.3    285.4      0.0     85.5
     1     1    14     9     7     0     0     0   -60.0   60.834   -9.322      4.3   1019.2    285.4      0.0     85.3
     1     1    14     9     6    23     0     1   -61.0   60.879   -9.468      5.1   1019.5    285.4      0.0     85.2
     1     1    14     9     6    22     0     2   -62.0   60.931   -9.576      5.6   1019.7    285.4      0.0     85.0
     1     1    14     9     6    21     0     3   -63.0   60.988   -9.649      6.1   1020.0    285.4      0.0     84.8
     1     1    14     9     6    20     0     2   -64.0   61.052   -9.720      6.7   1018.7    285.3      0.0     84.5
     1     1    14     9     6    19     0     1   -65.0   61.122   -9.826      7.5   1017.6    285.2      0.0     84.2
     1     1    14     9     6    18     0     0   -66.0   61.193   -9.967      8.5   1016.4    285.2      0.0     83.8
     1     1    14     9     6    17     0     1   -67.0   61.262  -10.133      9.5   1016.6    285.2      0.0     83.4
     1     1    14     9     6    16     0     2   -68.0   61.325  -10.316     10.3   1016.8    285.2      0.0     82.5
     1     1    14     9     6    15     0     3   -69.0   61.376  -10.515     10.9   1016.9    285.2      0.0     81.2
     1     1    14     9     6    14     0     2   -70.0   61.418  -10.718     11.2   1016.9    285.1      0.0     81.9
     1     1    14     9     6    13     0     1   -71.0   61.453  -10.912     11.3   1017.1    285.2      0.0     82.2
     1     1    14     9     6    12     0     0   -72.0   61.481  -11.093     11.4   1017.2    285.2      0.0     82.1
