     7     1
    GDAS    14     8    22     0     0
    GDAS    14     8    29     0     0
    GDAS    14     9     1     0     0
    GDAS    14     9     8     0     0
    GDAS    14     9    15     0     0
    GDAS    14     9    22     0     0
    GDAS    14     9    29     0     0
     1 BACKWARD OMEGA   
    14     9    18     1   56.467   -2.973   100.0
     4 PRESSURE AIR_TEMP RAINFALL RELHUMID
     1     1    14     9    18     1     0     1     0.0   56.467   -2.973    100.0    972.5    285.8      0.0     98.9
     1     1    14     9    18     0     0     0    -1.0   56.481   -2.835     70.2    980.4    285.9      0.0     98.8
     1     1    14     9    17    23     0     1    -2.0   56.498   -2.710     49.8    985.9    286.0      0.0     98.7
     1     1    14     9    17    22     0     2    -3.0   56.511   -2.599     36.5    990.3    286.0      0.2     98.4
     1     1    14     9    17    21     0     3    -4.0   56.521   -2.497     27.7    994.5    286.1      0.0     98.1
     1     1    14     9    17    20     0     2    -5.0   56.532   -2.393     21.3    997.9    286.3      0.0     97.6
     1     1    14     9    17    19     0     1    -6.0   56.551   -2.273     16.2   1001.9    286.5      0.0     97.2
     1     1    14     9    17    18     0     0    -7.0   56.578   -2.138     12.4   1006.2    286.7      0.0     97.0
     1     1    14     9    17    17     0     1    -8.0   56.614   -2.006      9.8   1011.3    286.8      0.0     96.8
     1     1    14     9    17    16     0     2    -9.0   56.651   -1.892      8.3   1012.4    286.8      0.0     96.7
     1     1    14     9    17    15     0     3   -10.0   56.686   -1.790      7.2   1013.1    286.7      0.0     96.7
     1     1    14     9    17    14     0     2   -11.0   56.715   -1.680      6.2   1013.5    286.7      0.0     96.7
     1     1    14     9    17    13     0     1   -12.0   56.734   -1.539      5.2   1014.0    286.6      0.0     96.6
     1     1    14     9    17    12     0     0   -13.0   56.738   -1.364      4.3   1014.8    286.6      0.0     96.5
     1     1    14     9    17    11     0     1   -14.0   56.737   -1.157      3.6   1015.4    286.7      0.0     96.7
     1     1    14     9    17    10     0     2   -15.0   56.738   -0.924      3.2   1015.9    286.7      0.0     97.3
     1     1    14     9    17     9     0     3   -16.0   56.750   -0.677      2.8   1015.9    286.7      0.0     97.8
     1     1    14     9    17     8     0     2   -17.0   56.770   -0.438      2.4   1015.4    286.6      0.0     97.8
     1     1    14     9    17     7     0     1   -18.0   56.790   -0.223      2.1   1014.8    286.6      0.0     97.9
     1     1    14     9    17     6     0     0   -19.0   56.811   -0.033      2.0   1014.3    286.5      0.0     98.0
     1     1    14     9    17     5     0     1   -20.0   56.787    0.226      1.6   1017.1    287.0      0.3     95.2
     1     1    14     9    17     4     0     2   -21.0   56.720    0.589      0.8   1017.0    287.0      0.2     94.4
     1     1    14     9    17     3     0     3   -22.0   56.654    0.996      0.1   1017.1    287.1      0.2     93.4
     1     1    14     9    17     2     0     2   -23.0   56.588    1.437      0.0   1016.9    287.4      0.8     92.5
     1     1    14     9    17     1     0     1   -24.0   56.513    1.899      0.0   1016.7    287.6      0.5     90.6
     1     1    14     9    17     0     0     0   -25.0   56.433    2.388      0.0   1017.1    287.8      0.4     88.8
     1     1    14     9    16    23     0     1   -26.0   56.360    2.912      0.0   1017.4    288.1      0.0     87.1
     1     1    14     9    16    22     0     2   -27.0   56.304    3.473      0.0   1016.9    288.4      0.0     84.2
     1     1    14     9    16    21     0     3   -28.0   56.255    4.048      0.0   1016.5    288.7      0.0     80.5
     1     1    14     9    16    20     0     2   -29.0   56.215    4.616      0.0   1018.4    288.9      0.0     79.6
     1     1    14     9    16    19     0     1   -30.0   56.194    5.167      0.0   1019.1    289.2      0.0     77.3
     1     1    14     9    16    18     0     0   -31.0   56.194    5.704      0.0   1019.1    289.4      0.0     73.2
     1     1    14     9    16    17     0     1   -32.0   56.206    6.242      0.0   1018.9    289.6      0.0     72.4
     1     1    14     9    16    16     0     2   -33.0   56.218    6.781      0.0   1018.9    289.9      0.0     70.7
     1     1    14     9    16    15     0     3   -34.0   56.228    7.296      0.0   1019.1    290.0      0.0     67.7
     1     1    14     9    16    14     0     2   -35.0   56.239    7.773      0.0   1019.9    290.0      0.0     67.9
     1     1    14     9    16    13     0     1   -36.0   56.251    8.216      0.7   1019.5    290.9      0.0     67.9
     1     1    14     9    16    12     0     0   -37.0   56.257    8.620      1.9   1017.7    292.7      0.0     67.4
     1     1    14     9    16    11     0     1   -38.0   56.257    8.976      3.5   1015.7    293.3      0.0     70.3
     1     1    14     9    16    10     0     2   -39.0   56.255    9.296      4.8   1016.5    292.4      0.0     75.6
     1     1    14     9    16     9     0     3   -40.0   56.256    9.596      5.1   1017.5    291.5      0.0     80.2
     1     1    14     9    16     8     0     2   -41.0   56.256    9.878      4.5   1018.1    290.0      0.0     83.1
     1     1    14     9    16     7     0     1   -42.0   56.252   10.153      3.2   1019.0    288.8      0.0     85.0
     1     1    14     9    16     6     0     0   -43.0   56.240   10.448      1.9   1020.8    288.3      0.0     85.8
     1     1    14     9    16     5     0     1   -44.0   56.219   10.798      1.1   1022.8    289.1      0.0     83.8
     1     1    14     9    16     4     0     2   -45.0   56.197   11.202      1.0   1023.1    289.5      0.0     81.5
     1     1    14     9    16     3     0     3   -46.0   56.176   11.615      1.3   1022.6    289.2      0.0     79.4
     1     1    14     9    16     2     0     2   -47.0   56.152   12.011      1.8   1022.3    289.1      0.0     78.3
     1     1    14     9    16     1     0     1   -48.0   56.131   12.374      3.3   1020.1    287.7      0.0     79.3
     1     1    14     9    16     0     0     0   -49.0   56.123   12.694      6.8   1018.2    286.5      0.0     80.1
     1     1    14     9    15    23     0     1   -50.0   56.124   12.980     12.9   1016.5    285.5      0.0     80.6
     1     1    14     9    15    22     0     2   -51.0   56.129   13.276     22.7   1014.5    285.4      0.0     80.5
     1     1    14     9    15    21     0     3   -52.0   56.137   13.596     27.2   1013.2    285.4      0.0     80.3
     1     1    14     9    15    20     0     2   -53.0   56.151   13.906     20.2   1013.5    285.6      0.0     79.4
     1     1    14     9    15    19     0     1   -54.0   56.172   14.197     13.2   1016.5    286.3      0.0     78.1
     1     1    14     9    15    18     0     0   -55.0   56.199   14.520      9.3   1017.7    287.3      0.0     76.8
     1     1    14     9    15    17     0     1   -56.0   56.240   14.906      8.5   1018.7    288.7      0.0     73.9
     1     1    14     9    15    16     0     2   -57.0   56.292   15.341      8.7   1018.9    289.4      0.0     71.3
     1     1    14     9    15    15     0     3   -58.0   56.351   15.786      8.2   1019.4    290.0      0.0     70.2
     1     1    14     9    15    14     0     2   -59.0   56.406   16.223      6.7   1022.0    290.2      0.0     70.0
     1     1    14     9    15    13     0     1   -60.0   56.446   16.657      5.3   1025.1    290.2      0.0     69.7
     1     1    14     9    15    12     0     0   -61.0   56.468   17.102      4.6   1027.5    290.1      0.0     70.1
     1     1    14     9    15    11     0     1   -62.0   56.475   17.568      4.3   1027.5    290.0      0.0     68.3
     1     1    14     9    15    10     0     2   -63.0   56.474   18.055      4.2   1028.1    290.0      0.0     66.3
     1     1    14     9    15     9     0     3   -64.0   56.468   18.555      4.4   1028.5    290.1      0.0     65.0
     1     1    14     9    15     8     0     2   -65.0   56.462   19.057      4.7   1028.0    290.1      0.0     64.7
     1     1    14     9    15     7     0     1   -66.0   56.452   19.559      4.9   1027.5    290.2      0.0     64.4
     1     1    14     9    15     6     0     0   -67.0   56.432   20.063      5.3   1027.1    290.3      0.0     64.5
     1     1    14     9    15     5     0     1   -68.0   56.415   20.538      6.2   1027.5    290.3      0.0     63.9
     1     1    14     9    15     4     0     2   -69.0   56.411   20.956      8.0   1027.5    290.3      0.0     62.6
     1     1    14     9    15     3     0     3   -70.0   56.415   21.308     10.1   1023.5    286.7      0.0     64.1
     1     1    14     9    15     2     0     2   -71.0   56.419   21.601     13.0   1019.6    283.6      0.0     65.6
     1     1    14     9    15     1     0     1   -72.0   56.420   21.853     17.3   1016.0    281.3      0.0     66.5
