     7     1
    GDAS    14     8    22     0     0
    GDAS    14     8    29     0     0
    GDAS    14     9     1     0     0
    GDAS    14     9     8     0     0
    GDAS    14     9    15     0     0
    GDAS    14     9    22     0     0
    GDAS    14     9    29     0     0
     1 BACKWARD OMEGA   
    14     9     6    11   56.467   -2.973   100.0
     4 PRESSURE AIR_TEMP RAINFALL RELHUMID
     1     1    14     9     6    11     0     1     0.0   56.467   -2.973    100.0    972.7    284.7      0.0     77.5
     1     1    14     9     6    10     0     2    -1.0   56.446   -3.133    125.4    969.1    283.8      0.0     80.7
     1     1    14     9     6     9     0     3    -2.0   56.416   -3.282    147.4    966.3    282.9      0.0     84.2
     1     1    14     9     6     8     0     2    -3.0   56.388   -3.409    165.3    964.5    282.1      0.0     86.3
     1     1    14     9     6     7     0     1    -4.0   56.368   -3.504    181.6    962.8    281.5      0.0     88.0
     1     1    14     9     6     6     0     0    -5.0   56.354   -3.563    197.8    961.2    280.9      0.0     89.3
     1     1    14     9     6     5     0     1    -6.0   56.349   -3.601    213.7    959.3    281.2      0.0     89.6
     1     1    14     9     6     4     0     2    -7.0   56.357   -3.635    228.4    957.2    281.5      0.0     90.0
     1     1    14     9     6     3     0     3    -8.0   56.379   -3.673    241.9    954.6    281.7      0.0     90.4
     1     1    14     9     6     2     0     2    -9.0   56.414   -3.707    252.9    951.7    281.7      0.0     91.0
     1     1    14     9     6     1     0     1   -10.0   56.462   -3.730    261.4    948.7    281.7      0.0     91.3
     1     1    14     9     6     0     0     0   -11.0   56.519   -3.746    268.7    945.3    281.6      0.0     91.5
     1     1    14     9     5    23     0     1   -12.0   56.582   -3.759    274.4    941.6    281.6      0.0     91.2
     1     1    14     9     5    22     0     2   -13.0   56.646   -3.772    276.8    938.3    281.7      0.0     91.1
     1     1    14     9     5    21     0     3   -14.0   56.715   -3.778    275.9    935.3    281.8      0.0     91.2
     1     1    14     9     5    20     0     2   -15.0   56.789   -3.779    266.7    932.3    281.9      0.2     90.3
     1     1    14     9     5    19     0     1   -16.0   56.869   -3.774    244.5    931.2    282.0      0.3     89.3
     1     1    14     9     5    18     0     0   -17.0   56.955   -3.754    209.4    931.4    282.2      0.3     88.7
     1     1    14     9     5    17     0     1   -18.0   57.040   -3.736    171.8    937.0    283.0      0.0     87.7
     1     1    14     9     5    16     0     2   -19.0   57.120   -3.751    144.0    944.8    284.1      0.0     85.3
     1     1    14     9     5    15     0     3   -20.0   57.196   -3.803    129.2    949.1    284.9      0.0     82.2
     1     1    14     9     5    14     0     2   -21.0   57.263   -3.883    130.1    951.4    285.0      0.7     82.6
     1     1    14     9     5    13     0     1   -22.0   57.314   -3.980    146.1    950.6    284.7      0.7     84.0
     1     1    14     9     5    12     0     0   -23.0   57.348   -4.092    168.5    948.9    284.1      0.7     86.6
     1     1    14     9     5    11     0     1   -24.0   57.374   -4.214    190.1    948.3    283.5      0.2     88.6
     1     1    14     9     5    10     0     2   -25.0   57.399   -4.345    211.2    947.5    282.9      0.2     91.0
     1     1    14     9     5     9     0     3   -26.0   57.422   -4.478    230.6    946.7    282.5      0.2     93.9
     1     1    14     9     5     8     0     2   -27.0   57.444   -4.617    239.2    945.7    282.3      0.0     94.8
     1     1    14     9     5     7     0     1   -28.0   57.469   -4.766    224.1    947.6    282.3      0.0     95.7
     1     1    14     9     5     6     0     0   -29.0   57.503   -4.922    179.5    952.8    282.5      1.4     97.0
     1     1    14     9     5     5     0     1   -30.0   57.535   -5.080    118.0    965.3    283.4      1.0     96.8
     1     1    14     9     5     4     0     2   -31.0   57.553   -5.236     68.0    979.7    284.3      1.0     96.2
     1     1    14     9     5     3     0     3   -32.0   57.562   -5.398     37.1    989.7    284.9      1.0     96.3
     1     1    14     9     5     2     0     2   -33.0   57.558   -5.566     21.3    998.7    285.5      0.3     95.3
     1     1    14     9     5     1     0     1   -34.0   57.535   -5.737     13.2   1005.1    285.9      0.3     94.8
     1     1    14     9     5     0     0     0   -35.0   57.487   -5.909      8.6   1011.0    286.2      0.0     94.5
     1     1    14     9     4    23     0     1   -36.0   57.424   -6.072      5.3   1013.2    286.5      0.0     92.9
     1     1    14     9     4    22     0     2   -37.0   57.355   -6.223      2.0   1012.4    286.7      0.0     91.8
     1     1    14     9     4    21     0     3   -38.0   57.279   -6.367      0.0   1012.3    286.8      0.0     90.7
     1     1    14     9     4    20     0     2   -39.0   57.197   -6.516      0.0   1012.6    287.0      0.0     89.5
     1     1    14     9     4    19     0     1   -40.0   57.112   -6.678      0.0   1013.7    287.1      0.0     88.3
     1     1    14     9     4    18     0     0   -41.0   57.018   -6.856      0.0   1015.9    287.2      0.0     87.0
     1     1    14     9     4    17     0     1   -42.0   56.914   -7.045      0.0   1017.9    287.2      0.0     88.1
     1     1    14     9     4    16     0     2   -43.0   56.800   -7.235      0.3   1017.7    287.2      0.0     88.3
     1     1    14     9     4    15     0     3   -44.0   56.683   -7.426      0.4   1017.3    287.2      0.0     87.9
     1     1    14     9     4    14     0     2   -45.0   56.562   -7.606      0.4   1017.5    287.2      0.0     87.5
     1     1    14     9     4    13     0     1   -46.0   56.442   -7.759      0.4   1017.8    287.3      0.0     87.7
     1     1    14     9     4    12     0     0   -47.0   56.320   -7.892      0.3   1018.2    287.3      0.0     88.1
     1     1    14     9     4    11     0     1   -48.0   56.191   -8.001      0.2   1017.4    287.3      0.0     87.7
     1     1    14     9     4    10     0     2   -49.0   56.048   -8.081      0.3   1016.6    287.4      0.0     86.9
     1     1    14     9     4     9     0     3   -50.0   55.889   -8.121      0.5   1014.5    287.5      0.0     87.0
     1     1    14     9     4     8     0     2   -51.0   55.737   -8.127      1.3   1012.8    287.6      0.0     87.9
     1     1    14     9     4     7     0     1   -52.0   55.609   -8.110      3.0   1011.2    287.5      0.0     89.0
     1     1    14     9     4     6     0     0   -53.0   55.503   -8.070      5.9   1009.7    287.3      0.0     90.3
     1     1    14     9     4     5     0     1   -54.0   55.410   -8.015      9.8   1008.4    287.3      0.0     91.1
     1     1    14     9     4     4     0     2   -55.0   55.319   -7.948     15.2   1006.3    287.4      0.0     91.7
     1     1    14     9     4     3     0     3   -56.0   55.224   -7.875     23.4   1003.7    287.5      0.0     92.3
     1     1    14     9     4     2     0     2   -57.0   55.128   -7.791     35.4   1001.0    287.6      0.0     92.8
     1     1    14     9     4     1     0     1   -58.0   55.032   -7.696     52.5    998.2    287.8      0.0     93.3
     1     1    14     9     4     0     0     0   -59.0   54.929   -7.593     73.6    995.0    287.7      0.0     93.4
     1     1    14     9     3    23     0     1   -60.0   54.822   -7.493     93.0    992.6    287.6      0.0     92.3
     1     1    14     9     3    22     0     2   -61.0   54.718   -7.398    108.1    991.3    287.5      0.0     91.9
     1     1    14     9     3    21     0     3   -62.0   54.618   -7.308    119.5    990.5    287.4      0.0     92.0
     1     1    14     9     3    20     0     2   -63.0   54.521   -7.211    125.5    989.7    287.7      0.0     91.0
     1     1    14     9     3    19     0     1   -64.0   54.430   -7.092    124.8    989.8    288.0      0.0     90.7
     1     1    14     9     3    18     0     0   -65.0   54.345   -6.951    118.3    990.7    288.4      0.0     90.4
     1     1    14     9     3    17     0     1   -66.0   54.264   -6.801    108.8    993.1    288.4      0.0     88.4
     1     1    14     9     3    16     0     2   -67.0   54.185   -6.652     98.4    995.5    288.3      0.0     87.5
     1     1    14     9     3    15     0     3   -68.0   54.115   -6.504     87.0    998.2    288.2      0.0     87.4
     1     1    14     9     3    14     0     2   -69.0   54.056   -6.360     76.1   1001.3    288.0      0.0     87.2
     1     1    14     9     3    13     0     1   -70.0   54.011   -6.228     67.1   1004.1    287.9      0.0     86.8
     1     1    14     9     3    12     0     0   -71.0   53.979   -6.112     60.6   1006.2    287.8      0.0     86.0
     1     1    14     9     3    11     0     1   -72.0   53.959   -6.010     55.8   1007.7    287.7      0.0     84.2
