     7     1
    GDAS    14     8    22     0     0
    GDAS    14     8    29     0     0
    GDAS    14     9     1     0     0
    GDAS    14     9     8     0     0
    GDAS    14     9    15     0     0
    GDAS    14     9    22     0     0
    GDAS    14     9    29     0     0
     1 BACKWARD OMEGA   
    14     9    12    21   56.467   -2.973   100.0
     4 PRESSURE AIR_TEMP RAINFALL RELHUMID
     1     1    14     9    12    21     0     3     0.0   56.467   -2.973    100.0    983.8    286.5      0.0     87.0
     1     1    14     9    12    20     0     2    -1.0   56.415   -3.028    116.1    982.0    287.0      0.0     85.8
     1     1    14     9    12    19     0     1    -2.0   56.370   -3.057    120.4    982.7    287.3      0.0     84.4
     1     1    14     9    12    18     0     0    -3.0   56.331   -3.056    113.2    984.5    287.6      0.0     82.8
     1     1    14     9    12    17     0     1    -4.0   56.297   -3.037    101.5    987.5    288.1      0.0     80.9
     1     1    14     9    12    16     0     2    -5.0   56.263   -3.011     92.6    989.5    288.7      0.0     79.2
     1     1    14     9    12    15     0     3    -6.0   56.231   -2.978     86.5    991.4    289.2      0.0     77.7
     1     1    14     9    12    14     0     2    -7.0   56.200   -2.947     82.3    993.9    288.7      0.0     78.6
     1     1    14     9    12    13     0     1    -8.0   56.173   -2.927     79.0    995.9    288.2      0.0     79.6
     1     1    14     9    12    12     0     0    -9.0   56.152   -2.921     76.0    997.5    287.7      0.0     80.7
     1     1    14     9    12    11     0     1   -10.0   56.132   -2.910     74.8    998.4    287.1      0.0     83.8
     1     1    14     9    12    10     0     2   -11.0   56.106   -2.874     76.7    999.4    286.4      0.0     87.1
     1     1    14     9    12     9     0     3   -12.0   56.071   -2.811     81.6   1000.5    285.7      0.0     90.5
     1     1    14     9    12     8     0     2   -13.0   56.031   -2.733     87.1   1001.5    285.2      0.0     91.1
     1     1    14     9    12     7     0     1   -14.0   55.993   -2.655     90.9   1002.6    284.8      0.0     91.6
     1     1    14     9    12     6     0     0   -15.0   55.956   -2.581     92.9   1002.7    284.5      0.0     91.7
     1     1    14     9    12     5     0     1   -16.0   55.914   -2.504     93.9   1002.8    284.9      0.0     90.2
     1     1    14     9    12     4     0     2   -17.0   55.860   -2.415     94.4   1002.8    285.1      0.0     88.5
     1     1    14     9    12     3     0     3   -18.0   55.793   -2.318     94.8   1002.5    285.2      0.0     86.5
     1     1    14     9    12     2     0     2   -19.0   55.717   -2.221     95.3   1002.0    285.2      0.0     85.3
     1     1    14     9    12     1     0     1   -20.0   55.635   -2.132     95.8   1000.9    285.1      0.0     84.4
     1     1    14     9    12     0     0     0   -21.0   55.548   -2.048     95.9    999.3    284.9      0.0     84.0
     1     1    14     9    11    23     0     1   -22.0   55.457   -1.966     96.4    997.9    284.7      0.0     82.8
     1     1    14     9    11    22     0     2   -23.0   55.365   -1.882     97.9    997.1    284.9      0.0     81.4
     1     1    14     9    11    21     0     3   -24.0   55.274   -1.791     99.9    996.8    285.1      0.0     79.9
     1     1    14     9    11    20     0     2   -25.0   55.188   -1.688     99.2    997.1    285.6      0.0     78.5
     1     1    14     9    11    19     0     1   -26.0   55.111   -1.565     94.7    999.6    286.2      0.0     77.1
     1     1    14     9    11    18     0     0   -27.0   55.040   -1.414     90.5   1003.3    286.6      0.0     75.5
     1     1    14     9    11    17     0     1   -28.0   54.974   -1.239     91.6   1007.0    287.0      0.0     74.1
     1     1    14     9    11    16     0     2   -29.0   54.913   -1.043    101.0   1010.0    287.0      0.0     73.3
     1     1    14     9    11    15     0     3   -30.0   54.859   -0.831    116.9   1008.0    287.0      0.0     72.5
     1     1    14     9    11    14     0     2   -31.0   54.810   -0.628    134.9   1006.1    286.8      0.0     73.2
     1     1    14     9    11    13     0     1   -32.0   54.763   -0.454    153.6   1003.7    286.6      0.0     74.1
     1     1    14     9    11    12     0     0   -33.0   54.717   -0.310    173.2   1001.1    286.3      0.0     75.2
     1     1    14     9    11    11     0     1   -34.0   54.669   -0.187    191.1    997.8    285.8      0.0     78.8
     1     1    14     9    11    10     0     2   -35.0   54.613   -0.077    203.5    995.5    285.4      0.0     82.6
     1     1    14     9    11     9     0     3   -36.0   54.574    0.019    212.8    997.6    285.2      0.0     82.2
     1     1    14     9    11     8     0     2   -37.0   54.559    0.108    221.5    996.4    285.0      0.0     82.7
     1     1    14     9    11     7     0     1   -38.0   54.553    0.200    229.4    995.3    284.9      0.0     83.2
     1     1    14     9    11     6     0     0   -39.0   54.557    0.294    235.9    994.4    284.8      0.0     83.6
     1     1    14     9    11     5     0     1   -40.0   54.569    0.391    242.0    993.7    284.8      0.0     83.7
     1     1    14     9    11     4     0     2   -41.0   54.585    0.493    249.2    992.9    284.8      0.0     84.2
     1     1    14     9    11     3     0     3   -42.0   54.609    0.599    258.1    991.9    284.7      0.0     84.8
     1     1    14     9    11     2     0     2   -43.0   54.633    0.715    267.6    990.9    284.6      0.0     85.2
     1     1    14     9    11     1     0     1   -44.0   54.651    0.848    276.6    989.9    284.6      0.0     85.8
     1     1    14     9    11     0     0     0   -45.0   54.667    0.998    285.6    988.9    284.5      0.0     86.7
     1     1    14     9    10    23     0     1   -46.0   54.696    1.163    295.1    987.6    284.5      0.0     84.4
     1     1    14     9    10    22     0     2   -47.0   54.754    1.336    305.2    986.3    284.5      0.0     82.5
     1     1    14     9    10    21     0     3   -48.0   54.842    1.514    315.9    984.9    284.5      0.0     81.0
     1     1    14     9    10    20     0     2   -49.0   54.947    1.680    327.6    983.6    284.4      0.0     81.2
     1     1    14     9    10    19     0     1   -50.0   55.052    1.821    340.9    982.1    284.3      0.0     81.5
     1     1    14     9    10    18     0     0   -51.0   55.155    1.936    356.5    980.3    284.1      0.0     82.1
     1     1    14     9    10    17     0     1   -52.0   55.264    2.031    371.6    978.2    283.8      0.0     83.4
     1     1    14     9    10    16     0     2   -53.0   55.383    2.110    383.6    976.9    283.7      0.0     84.4
     1     1    14     9    10    15     0     3   -54.0   55.513    2.171    393.5    975.9    283.5      0.0     85.2
     1     1    14     9    10    14     0     2   -55.0   55.649    2.217    401.6    975.1    283.4      0.0     86.1
     1     1    14     9    10    13     0     1   -56.0   55.790    2.252    406.7    974.5    283.2      0.0     86.9
     1     1    14     9    10    12     0     0   -57.0   55.934    2.281    407.7    974.5    283.1      0.0     87.5
     1     1    14     9    10    11     0     1   -58.0   56.080    2.297    409.3    974.7    283.1      0.0     87.4
     1     1    14     9    10    10     0     2   -59.0   56.224    2.293    417.1    973.6    283.0      0.0     87.8
     1     1    14     9    10     9     0     3   -60.0   56.365    2.267    431.3    971.8    282.8      0.0     88.8
     1     1    14     9    10     8     0     2   -61.0   56.506    2.229    447.7    969.2    282.5      0.0     89.8
     1     1    14     9    10     7     0     1   -62.0   56.651    2.185    462.0    967.2    282.3      0.0     90.9
     1     1    14     9    10     6     0     0   -63.0   56.801    2.135    473.0    965.7    282.1      0.0     92.7
     1     1    14     9    10     5     0     1   -64.0   56.958    2.073    480.0    964.7    282.1      0.0     91.8
     1     1    14     9    10     4     0     2   -65.0   57.126    1.998    484.3    964.1    282.2      0.0     89.7
     1     1    14     9    10     3     0     3   -66.0   57.303    1.912    488.2    963.6    282.3      0.0     86.6
     1     1    14     9    10     2     0     2   -67.0   57.485    1.819    495.5    963.1    282.3      0.0     85.8
     1     1    14     9    10     1     0     1   -68.0   57.668    1.726    509.1    961.5    282.2      0.0     85.5
     1     1    14     9    10     0     0     0   -69.0   57.853    1.632    529.3    959.2    282.0      0.0     85.8
     1     1    14     9     9    23     0     1   -70.0   58.043    1.521    553.0    956.0    281.9      0.0     84.8
     1     1    14     9     9    22     0     2   -71.0   58.237    1.378    576.1    953.2    281.7      0.0     84.3
     1     1    14     9     9    21     0     3   -72.0   58.432    1.208    597.3    950.8    281.6      0.0     84.7
