     7     1
    GDAS    14     8    22     0     0
    GDAS    14     8    29     0     0
    GDAS    14     9     1     0     0
    GDAS    14     9     8     0     0
    GDAS    14     9    15     0     0
    GDAS    14     9    22     0     0
    GDAS    14     9    29     0     0
     1 BACKWARD OMEGA   
    14     9     4    12   56.467   -2.973   100.0
     4 PRESSURE AIR_TEMP RAINFALL RELHUMID
     1     1    14     9     4    12     0     0     0.0   56.467   -2.973    100.0    978.0    289.5      0.0     80.5
     1     1    14     9     4    11     0     1    -1.0   56.371   -2.910     91.8    984.4    289.2      0.0     82.2
     1     1    14     9     4    10     0     2    -2.0   56.269   -2.851     96.7    988.0    288.7      0.0     83.7
     1     1    14     9     4     9     0     3    -3.0   56.153   -2.800    114.1    990.2    288.4      0.0     84.6
     1     1    14     9     4     8     0     2    -4.0   56.018   -2.753    143.8    991.4    288.3      0.0     84.3
     1     1    14     9     4     7     0     1    -5.0   55.865   -2.705    178.4    986.4    287.9      0.0     84.8
     1     1    14     9     4     6     0     0    -6.0   55.698   -2.658    210.4    981.7    287.5      0.0     85.3
     1     1    14     9     4     5     0     1    -7.0   55.526   -2.607    239.0    977.6    287.4      0.0     84.7
     1     1    14     9     4     4     0     2    -8.0   55.357   -2.543    263.5    973.5    287.3      0.0     83.9
     1     1    14     9     4     3     0     3    -9.0   55.193   -2.462    281.2    969.0    287.0      0.0     83.0
     1     1    14     9     4     2     0     2   -10.0   55.036   -2.365    288.8    965.3    286.9      0.0     83.4
     1     1    14     9     4     1     0     1   -11.0   54.881   -2.246    284.6    964.4    286.8      0.0     84.2
     1     1    14     9     4     0     0     0   -12.0   54.730   -2.097    266.5    964.6    286.7      0.0     85.3
     1     1    14     9     3    23     0     1   -13.0   54.587   -1.917    233.9    968.5    286.8      0.0     85.2
     1     1    14     9     3    22     0     2   -14.0   54.461   -1.708    200.9    978.2    287.3      0.0     84.1
     1     1    14     9     3    21     0     3   -15.0   54.348   -1.468    183.6    986.4    287.8      0.0     82.8
     1     1    14     9     3    20     0     2   -16.0   54.246   -1.217    190.4    991.1    288.4      0.0     79.9
     1     1    14     9     3    19     0     1   -17.0   54.153   -0.973    221.6    991.6    288.9      0.0     76.6
     1     1    14     9     3    18     0     0   -18.0   54.064   -0.740    266.3    984.9    288.9      0.0     75.2
     1     1    14     9     3    17     0     1   -19.0   53.983   -0.518    317.7    978.4    288.5      0.0     75.1
     1     1    14     9     3    16     0     2   -20.0   53.914   -0.301    378.8    971.0    288.1      0.0     75.5
     1     1    14     9     3    15     0     3   -21.0   53.856   -0.083    446.0    963.4    287.5      0.0     76.3
     1     1    14     9     3    14     0     2   -22.0   53.817    0.126    478.7    962.2    286.5      0.0     80.8
     1     1    14     9     3    13     0     1   -23.0   53.796    0.315    474.3    968.5    286.8      0.0     81.0
     1     1    14     9     3    12     0     0   -24.0   53.773    0.482    477.8    968.4    286.7      0.0     81.5
     1     1    14     9     3    11     0     1   -25.0   53.744    0.639    484.2    967.5    286.6      0.0     80.9
     1     1    14     9     3    10     0     2   -26.0   53.710    0.797    489.3    967.0    286.5      0.0     80.5
     1     1    14     9     3     9     0     3   -27.0   53.671    0.962    491.4    966.9    286.4      0.0     80.0
     1     1    14     9     3     8     0     2   -28.0   53.632    1.131    492.5    967.0    286.5      0.0     78.7
     1     1    14     9     3     7     0     1   -29.0   53.594    1.298    495.7    966.5    286.5      0.0     77.5
     1     1    14     9     3     6     0     0   -30.0   53.557    1.460    501.8    965.6    286.5      0.0     76.4
     1     1    14     9     3     5     0     1   -31.0   53.519    1.621    508.4    964.5    286.5      0.0     77.3
     1     1    14     9     3     4     0     2   -32.0   53.473    1.787    513.7    963.9    286.5      0.0     78.0
     1     1    14     9     3     3     0     3   -33.0   53.426    1.957    519.1    963.3    286.6      0.0     78.3
     1     1    14     9     3     2     0     2   -34.0   53.380    2.134    526.0    962.7    286.6      0.0     77.8
     1     1    14     9     3     1     0     1   -35.0   53.335    2.318    534.1    961.8    286.6      0.0     77.6
     1     1    14     9     3     0     0     0   -36.0   53.294    2.512    541.0    961.1    286.6      0.0     77.6
     1     1    14     9     2    23     0     1   -37.0   53.257    2.723    545.7    960.4    286.7      0.0     77.1
     1     1    14     9     2    22     0     2   -38.0   53.224    2.953    551.6    960.1    286.8      0.0     75.3
     1     1    14     9     2    21     0     3   -39.0   53.196    3.196    563.2    958.8    286.8      0.0     73.9
     1     1    14     9     2    20     0     2   -40.0   53.177    3.430    579.9    956.7    286.7      0.0     75.0
     1     1    14     9     2    19     0     1   -41.0   53.172    3.634    598.5    954.5    286.6      0.0     75.7
     1     1    14     9     2    18     0     0   -42.0   53.184    3.811    617.0    952.4    286.4      0.0     75.6
     1     1    14     9     2    17     0     1   -43.0   53.210    3.967    639.7    950.3    286.2      0.0     74.8
     1     1    14     9     2    16     0     2   -44.0   53.244    4.106    672.4    946.2    285.9      0.0     74.8
     1     1    14     9     2    15     0     3   -45.0   53.285    4.229    714.5    940.8    285.5      0.0     75.9
     1     1    14     9     2    14     0     2   -46.0   53.322    4.349    756.9    935.3    285.1      0.0     78.0
     1     1    14     9     2    13     0     1   -47.0   53.349    4.483    793.6    931.6    284.7      0.0     79.8
     1     1    14     9     2    12     0     0   -48.0   53.368    4.631    827.4    928.4    284.4      0.0     81.5
     1     1    14     9     2    11     0     1   -49.0   53.395    4.777    859.2    924.6    284.1      0.0     81.2
     1     1    14     9     2    10     0     2   -50.0   53.442    4.902    886.4    921.1    283.9      0.0     78.8
     1     1    14     9     2     9     0     3   -51.0   53.508    5.006    906.6    918.3    283.7      0.0     75.3
     1     1    14     9     2     8     0     2   -52.0   53.581    5.097    922.1    916.6    283.6      0.0     76.1
     1     1    14     9     2     7     0     1   -53.0   53.649    5.185    937.8    914.7    283.5      0.0     76.2
     1     1    14     9     2     6     0     0   -54.0   53.718    5.271    956.3    912.4    283.4      0.0     76.1
     1     1    14     9     2     5     0     1   -55.0   53.792    5.358    974.2    909.8    283.3      0.0     78.3
     1     1    14     9     2     4     0     2   -56.0   53.871    5.442    987.2    908.3    283.2      0.0     79.8
     1     1    14     9     2     3     0     3   -57.0   53.959    5.525    994.9    907.3    283.2      0.0     80.5
     1     1    14     9     2     2     0     2   -58.0   54.049    5.596   1003.7    906.9    283.3      0.0     79.2
     1     1    14     9     2     1     0     1   -59.0   54.132    5.645   1020.1    904.9    283.2      0.0     77.3
     1     1    14     9     2     0     0     0   -60.0   54.206    5.669   1042.8    902.2    283.1      0.0     75.2
     1     1    14     9     1    23     0     1   -61.0   54.269    5.669   1070.9    899.0    282.8      0.0     74.5
     1     1    14     9     1    22     0     2   -62.0   54.321    5.645   1104.5    895.3    282.4      0.0     73.7
     1     1    14     9     1    21     0     3   -63.0   54.364    5.596   1143.6    891.0    282.1      0.0     72.7
     1     1    14     9     1    20     0     2   -64.0   54.398    5.532   1179.7    886.1    281.8      0.0     72.4
     1     1    14     9     1    19     0     1   -65.0   54.418    5.455   1204.1    883.1    281.6      0.0     71.8
     1     1    14     9     1    18     0     0   -66.0   54.426    5.364   1216.3    881.4    281.5      0.0     70.9
     1     1    14     9     1    17     0     1   -67.0   54.433    5.262   1225.1    881.3    281.4      0.0     70.9
     1     1    14     9     1    16     0     2   -68.0   54.449    5.162   1239.8    879.7    281.3      0.0     70.8
     1     1    14     9     1    15     0     3   -69.0   54.475    5.065   1261.4    877.3    281.1      0.0     70.5
     1     1    14     9     1    14     0     2   -70.0   54.500    4.968   1279.0    874.3    280.9      0.0     70.4
     1     1    14     9     1    13     0     1   -71.0   54.516    4.865   1282.1    874.2    280.7      0.0     71.7
     1     1    14     9     1    12     0     0   -72.0   54.523    4.751   1272.7    875.4    280.7      0.0     73.2
