     7     1
    GDAS    14     8    22     0     0
    GDAS    14     8    29     0     0
    GDAS    14     9     1     0     0
    GDAS    14     9     8     0     0
    GDAS    14     9    15     0     0
    GDAS    14     9    22     0     0
    GDAS    14     9    29     0     0
     1 BACKWARD OMEGA   
    14     9    11     7   56.467   -2.973   100.0
     4 PRESSURE AIR_TEMP RAINFALL RELHUMID
     1     1    14     9    11     7     0     1     0.0   56.467   -2.973    100.0    979.2    284.0      0.0     90.1
     1     1    14     9    11     6     0     0    -1.0   56.425   -3.022    128.4    977.2    283.3      0.0     90.9
     1     1    14     9    11     5     0     1    -2.0   56.374   -3.066    159.8    974.1    283.9      0.0     89.9
     1     1    14     9    11     4     0     2    -3.0   56.304   -3.081    187.2    973.1    284.4      0.0     88.8
     1     1    14     9    11     3     0     3    -4.0   56.213   -3.063    211.9    973.6    285.0      0.0     87.6
     1     1    14     9    11     2     0     2    -5.0   56.105   -3.019    239.0    974.9    285.3      0.0     85.9
     1     1    14     9    11     1     0     1    -6.0   55.984   -2.954    272.6    975.4    285.8      0.0     83.9
     1     1    14     9    11     0     0     0    -7.0   55.851   -2.881    308.4    971.0    285.9      0.0     82.6
     1     1    14     9    10    23     0     1    -8.0   55.719   -2.792    342.2    966.9    285.9      0.0     81.9
     1     1    14     9    10    22     0     2    -9.0   55.594   -2.671    372.5    963.4    285.7      0.0     81.6
     1     1    14     9    10    21     0     3   -10.0   55.478   -2.523    400.0    959.5    285.4      0.0     81.6
     1     1    14     9    10    20     0     2   -11.0   55.369   -2.372    420.9    955.4    285.2      0.0     82.2
     1     1    14     9    10    19     0     1   -12.0   55.265   -2.235    433.0    951.8    285.0      0.0     83.9
     1     1    14     9    10    18     0     0   -13.0   55.169   -2.109    436.1    948.7    284.7      0.0     86.1
     1     1    14     9    10    17     0     1   -14.0   55.081   -1.972    422.9    947.6    284.6      0.0     86.1
     1     1    14     9    10    16     0     2   -15.0   55.006   -1.803    393.4    954.3    284.9      0.0     82.5
     1     1    14     9    10    15     0     3   -16.0   54.946   -1.611    361.8    963.2    285.3      0.0     77.7
     1     1    14     9    10    14     0     2   -17.0   54.894   -1.419    342.0    971.1    285.5      0.0     76.0
     1     1    14     9    10    13     0     1   -18.0   54.843   -1.247    336.5    975.7    285.4      0.0     75.6
     1     1    14     9    10    12     0     0   -19.0   54.794   -1.096    339.4    978.6    285.4      0.0     75.8
     1     1    14     9    10    11     0     1   -20.0   54.745   -0.952    345.3    979.6    285.2      0.0     76.7
     1     1    14     9    10    10     0     2   -21.0   54.697   -0.799    349.9    978.2    285.1      0.0     77.9
     1     1    14     9    10     9     0     3   -22.0   54.649   -0.637    351.2    977.5    284.9      0.0     79.1
     1     1    14     9    10     8     0     2   -23.0   54.604   -0.475    348.6    977.3    284.9      0.0     78.6
     1     1    14     9    10     7     0     1   -24.0   54.564   -0.322    341.5    977.7    285.0      0.0     78.2
     1     1    14     9    10     6     0     0   -25.0   54.528   -0.179    330.0    978.7    285.0      0.0     77.8
     1     1    14     9    10     5     0     1   -26.0   54.497   -0.043    314.8    980.3    285.3      0.0     76.5
     1     1    14     9    10     4     0     2   -27.0   54.475    0.061    303.3    986.2    285.4      0.0     76.0
     1     1    14     9    10     3     0     3   -28.0   54.458    0.131    295.3    986.4    285.5      0.0     75.5
     1     1    14     9    10     2     0     2   -29.0   54.441    0.195    286.6    987.7    285.7      0.0     75.3
     1     1    14     9    10     1     0     1   -30.0   54.423    0.258    277.4    988.9    285.8      0.0     75.1
     1     1    14     9    10     0     0     0   -31.0   54.404    0.318    267.7    990.3    286.0      0.0     75.0
     1     1    14     9     9    23     0     1   -32.0   54.385    0.374    259.1    991.5    286.0      0.0     75.5
     1     1    14     9     9    22     0     2   -33.0   54.369    0.420    253.3    992.1    286.1      0.0     75.8
     1     1    14     9     9    21     0     3   -34.0   54.357    0.456    250.2    992.5    286.1      0.0     76.1
     1     1    14     9     9    20     0     2   -35.0   54.344    0.483    250.0    992.3    286.1      0.0     76.1
     1     1    14     9     9    19     0     1   -36.0   54.327    0.502    252.8    991.8    286.0      0.0     76.0
     1     1    14     9     9    18     0     0   -37.0   54.303    0.512    259.0    991.0    286.0      0.0     75.9
     1     1    14     9     9    17     0     1   -38.0   54.273    0.504    268.1    989.8    285.9      0.0     75.6
     1     1    14     9     9    16     0     2   -39.0   54.237    0.470    278.3    988.2    285.8      0.0     75.2
     1     1    14     9     9    15     0     3   -40.0   54.190    0.413    287.3    986.7    285.7      0.0     74.7
     1     1    14     9     9    14     0     2   -41.0   54.140    0.344    292.1    986.3    285.7      0.0     74.9
     1     1    14     9     9    13     0     1   -42.0   54.093    0.270    292.9    986.6    285.7      0.0     74.9
     1     1    14     9     9    12     0     0   -43.0   54.051    0.191    291.6    987.3    285.7      0.0     74.7
     1     1    14     9     9    11     0     1   -44.0   54.014    0.107    294.4    987.5    285.4      0.0     74.6
     1     1    14     9     9    10     0     2   -45.0   53.985    0.015    309.4    985.9    285.0      0.0     75.4
     1     1    14     9     9     9     0     3   -46.0   53.944   -0.053    314.1    974.8    283.7      0.0     81.5
     1     1    14     9     9     8     0     2   -47.0   53.889   -0.087    302.6    978.0    283.8      0.0     81.6
     1     1    14     9     9     7     0     1   -48.0   53.836   -0.118    290.5    979.3    283.7      0.0     82.0
     1     1    14     9     9     6     0     0   -49.0   53.785   -0.143    277.9    980.6    283.5      0.0     82.6
     1     1    14     9     9     5     0     1   -50.0   53.732   -0.155    265.1    982.3    283.7      0.0     82.3
     1     1    14     9     9     4     0     2   -51.0   53.671   -0.148    252.6    983.5    283.9      0.0     82.1
     1     1    14     9     9     3     0     3   -52.0   53.604   -0.122    241.2    984.7    284.1      0.0     81.8
     1     1    14     9     9     2     0     2   -53.0   53.534   -0.065    230.5    985.9    284.3      0.0     80.8
     1     1    14     9     9     1     0     1   -54.0   53.500    0.016    226.2    993.0    284.7      0.0     78.7
     1     1    14     9     9     0     0     0   -55.0   53.509    0.104    228.3    992.2    284.7      0.0     78.7
     1     1    14     9     8    23     0     1   -56.0   53.543    0.197    231.9    992.3    284.8      0.0     78.5
     1     1    14     9     8    22     0     2   -57.0   53.613    0.270    242.6    991.4    284.9      0.0     78.7
     1     1    14     9     8    21     0     3   -58.0   53.720    0.317    263.2    989.6    284.7      0.0     79.5
     1     1    14     9     8    20     0     2   -59.0   53.847    0.331    293.2    985.8    284.4      0.0     80.5
     1     1    14     9     8    19     0     1   -60.0   53.978    0.319    327.7    981.7    284.0      0.0     82.6
     1     1    14     9     8    18     0     0   -61.0   54.109    0.286    363.6    977.2    283.6      0.0     84.3
     1     1    14     9     8    17     0     1   -62.0   54.246    0.228    396.4    972.9    283.5      0.0     84.2
     1     1    14     9     8    16     0     2   -63.0   54.396    0.142    427.0    969.6    283.3      0.0     84.8
     1     1    14     9     8    15     0     3   -64.0   54.564    0.029    464.9    965.3    282.9      0.0     86.7
     1     1    14     9     8    14     0     2   -65.0   54.710   -0.055    506.3    957.2    283.1      0.0     80.3
     1     1    14     9     8    13     0     1   -66.0   54.823   -0.109    543.8    954.3    282.3      0.0     84.1
     1     1    14     9     8    12     0     0   -67.0   54.943   -0.203    582.4    950.7    281.5      0.0     88.1
     1     1    14     9     8    11     0     1   -68.0   55.077   -0.334    625.4    946.5    280.9      0.0     91.0
     1     1    14     9     8    10     0     2   -69.0   55.236   -0.501    674.6    939.8    280.5      0.0     92.8
     1     1    14     9     8     9     0     3   -70.0   55.428   -0.703    726.0    933.1    280.3      0.0     93.8
     1     1    14     9     8     8     0     2   -71.0   55.657   -0.921    769.1    926.7    280.0      0.3     95.2
     1     1    14     9     8     7     0     1   -72.0   55.922   -1.135    791.9    923.0    279.8      0.3     96.5
