     7     1
    GDAS    14     8    22     0     0
    GDAS    14     8    29     0     0
    GDAS    14     9     1     0     0
    GDAS    14     9     8     0     0
    GDAS    14     9    15     0     0
    GDAS    14     9    22     0     0
    GDAS    14     9    29     0     0
     1 BACKWARD OMEGA   
    14     9    20    16   56.467   -2.973   100.0
     4 PRESSURE AIR_TEMP RAINFALL RELHUMID
     1     1    14     9    20    16     0     2     0.0   56.467   -2.973    100.0    976.8    286.1      0.0     72.2
     1     1    14     9    20    15     0     3    -1.0   56.571   -3.073    112.9    970.6    286.3      0.0     70.4
     1     1    14     9    20    14     0     2    -2.0   56.681   -3.194    137.5    963.0    285.5      0.0     72.8
     1     1    14     9    20    13     0     1    -3.0   56.799   -3.329    168.8    952.5    284.4      0.0     75.3
     1     1    14     9    20    12     0     0    -4.0   56.922   -3.488    197.5    941.5    283.4      0.0     77.6
     1     1    14     9    20    11     0     1    -5.0   57.044   -3.669    222.5    934.6    282.3      0.0     82.5
     1     1    14     9    20    10     0     2    -6.0   57.150   -3.868    251.8    933.6    281.7      0.0     87.2
     1     1    14     9    20     9     0     3    -7.0   57.231   -4.078    292.7    931.3    281.1      0.0     91.4
     1     1    14     9    20     8     0     2    -8.0   57.299   -4.278    338.9    929.1    280.8      0.0     93.5
     1     1    14     9    20     7     0     1    -9.0   57.366   -4.456    379.7    927.7    280.6      0.0     94.4
     1     1    14     9    20     6     0     0   -10.0   57.433   -4.617    412.2    926.3    280.6      0.0     94.7
     1     1    14     9    20     5     0     1   -11.0   57.503   -4.780    429.9    925.6    280.9      0.0     94.8
     1     1    14     9    20     4     0     2   -12.0   57.577   -4.959    424.0    927.2    281.2      0.0     95.5
     1     1    14     9    20     3     0     3   -13.0   57.654   -5.149    401.4    937.0    281.8      0.0     95.7
     1     1    14     9    20     2     0     2   -14.0   57.735   -5.333    375.4    948.0    282.4      0.0     96.8
     1     1    14     9    20     1     0     1   -15.0   57.817   -5.497    350.8    957.9    282.9      0.0     97.4
     1     1    14     9    20     0     0     0   -16.0   57.901   -5.639    329.4    966.9    283.3      0.0     97.7
     1     1    14     9    19    23     0     1   -17.0   57.989   -5.766    306.7    974.8    283.5      0.0     96.4
     1     1    14     9    19    22     0     2   -18.0   58.083   -5.888    280.0    983.0    283.9      0.0     94.7
     1     1    14     9    19    21     0     3   -19.0   58.181   -6.010    253.3    989.4    284.3      0.0     93.0
     1     1    14     9    19    20     0     2   -20.0   58.287   -6.156    233.0    990.3    284.6      0.0     93.0
     1     1    14     9    19    19     0     1   -21.0   58.404   -6.348    225.9    989.3    284.7      0.0     93.1
     1     1    14     9    19    18     0     0   -22.0   58.527   -6.576    230.3    987.3    284.6      0.0     93.5
     1     1    14     9    19    17     0     1   -23.0   58.635   -6.813    242.3    984.8    284.5      0.1     93.1
     1     1    14     9    19    16     0     2   -24.0   58.712   -7.026    256.6    982.8    284.4      0.1     92.4
     1     1    14     9    19    15     0     3   -25.0   58.764   -7.207    267.5    981.6    284.3      0.2     91.7
     1     1    14     9    19    14     0     2   -26.0   58.805   -7.350    275.1    981.6    284.4      0.0     91.3
     1     1    14     9    19    13     0     1   -27.0   58.843   -7.440    284.8    980.8    284.4      0.0     90.8
     1     1    14     9    19    12     0     0   -28.0   58.881   -7.464    298.8    979.3    284.3      0.0     90.1
     1     1    14     9    19    11     0     1   -29.0   58.932   -7.450    315.0    977.0    284.3      0.0     90.5
     1     1    14     9    19    10     0     2   -30.0   59.007   -7.429    329.2    975.3    284.3      0.0     90.7
     1     1    14     9    19     9     0     3   -31.0   59.105   -7.405    341.6    973.7    284.2      0.0     91.6
     1     1    14     9    19     8     0     2   -32.0   59.215   -7.393    350.7    972.3    284.2      0.0     92.7
     1     1    14     9    19     7     0     1   -33.0   59.330   -7.403    353.9    971.8    284.1      0.0     93.4
     1     1    14     9    19     6     0     0   -34.0   59.450   -7.435    351.3    972.0    284.2      0.0     93.6
     1     1    14     9    19     5     0     1   -35.0   59.566   -7.476    350.2    973.0    284.2      0.0     92.8
     1     1    14     9    19     4     0     2   -36.0   59.668   -7.512    357.5    972.1    284.1      0.0     92.0
     1     1    14     9    19     3     0     3   -37.0   59.758   -7.546    373.7    970.4    283.9      0.0     91.2
     1     1    14     9    19     2     0     2   -38.0   59.840   -7.583    396.2    967.9    283.8      0.0     92.0
     1     1    14     9    19     1     0     1   -39.0   59.919   -7.628    423.1    965.4    283.6      0.0     92.9
     1     1    14     9    19     0     0     0   -40.0   59.995   -7.680    455.5    961.9    283.3      0.0     94.0
     1     1    14     9    18    23     0     1   -41.0   60.063   -7.729    486.3    957.2    283.1      0.0     94.9
     1     1    14     9    18    22     0     2   -42.0   60.123   -7.768    507.7    954.7    283.1      0.0     95.5
     1     1    14     9    18    21     0     3   -43.0   60.177   -7.796    520.5    953.3    283.1      0.0     95.9
     1     1    14     9    18    20     0     2   -44.0   60.224   -7.825    531.2    952.6    283.1      0.0     96.1
     1     1    14     9    18    19     0     1   -45.0   60.262   -7.870    544.9    950.8    283.1      0.0     96.4
     1     1    14     9    18    18     0     0   -46.0   60.292   -7.929    560.4    948.9    283.1      0.0     96.6
     1     1    14     9    18    17     0     1   -47.0   60.309   -7.978    575.5    946.8    283.0      0.0     96.3
     1     1    14     9    18    16     0     2   -48.0   60.307   -7.988    587.1    945.3    283.0      0.0     96.0
     1     1    14     9    18    15     0     3   -49.0   60.286   -7.957    594.7    944.4    283.1      0.0     95.8
     1     1    14     9    18    14     0     2   -50.0   60.266   -7.910    601.1    944.3    283.2      0.0     95.6
     1     1    14     9    18    13     0     1   -51.0   60.265   -7.880    607.4    944.0    283.3      0.0     95.3
     1     1    14     9    18    12     0     0   -52.0   60.284   -7.869    613.1    943.7    283.3      0.0     95.0
     1     1    14     9    18    11     0     1   -53.0   60.297   -7.865    619.5    942.9    283.7      0.0     95.2
     1     1    14     9    18    10     0     2   -54.0   60.284   -7.853    627.7    941.7    284.1      0.0     95.4
     1     1    14     9    18     9     0     3   -55.0   60.243   -7.834    636.9    940.4    284.5      0.0     95.6
     1     1    14     9    18     8     0     2   -56.0   60.193   -7.793    644.1    939.3    284.4      0.0     96.3
     1     1    14     9    18     7     0     1   -57.0   60.152   -7.714    647.7    939.0    284.3      0.0     97.1
     1     1    14     9    18     6     0     0   -58.0   60.118   -7.596    648.6    939.0    284.3      0.0     98.0
     1     1    14     9    18     5     0     1   -59.0   60.083   -7.460    652.6    939.3    284.5      0.0     97.2
     1     1    14     9    18     4     0     2   -60.0   60.039   -7.326    664.0    938.0    284.6      0.0     96.4
     1     1    14     9    18     3     0     3   -61.0   59.981   -7.198    680.8    936.1    284.6      0.0     95.4
     1     1    14     9    18     2     0     2   -62.0   59.919   -7.055    695.1    933.7    284.5      0.0     95.7
     1     1    14     9    18     1     0     1   -63.0   59.861   -6.868    697.2    933.3    284.5      0.0     96.1
     1     1    14     9    18     0     0     0   -64.0   59.804   -6.630    688.1    934.9    284.7      0.0     96.6
     1     1    14     9    17    23     0     1   -65.0   59.742   -6.373    678.0    937.3    284.8      0.0     95.3
     1     1    14     9    17    22     0     2   -66.0   59.680   -6.137    673.6    938.4    284.8      0.0     94.1
     1     1    14     9    17    21     0     3   -67.0   59.618   -5.927    673.0    938.8    284.8      0.0     92.9
     1     1    14     9    17    20     0     2   -68.0   59.551   -5.724    668.9    938.4    284.9      0.0     92.1
     1     1    14     9    17    19     0     1   -69.0   59.470   -5.508    658.2    939.7    285.1      0.0     91.9
     1     1    14     9    17    18     0     0   -70.0   59.378   -5.270    645.3    941.2    285.3      0.0     92.2
     1     1    14     9    17    17     0     1   -71.0   59.272   -5.014    637.3    943.0    285.5      0.0     89.8
     1     1    14     9    17    16     0     2   -72.0   59.151   -4.752    641.1    943.0    285.4      0.0     87.8
