     7     1
    GDAS    14     8    22     0     0
    GDAS    14     8    29     0     0
    GDAS    14     9     1     0     0
    GDAS    14     9     8     0     0
    GDAS    14     9    15     0     0
    GDAS    14     9    22     0     0
    GDAS    14     9    29     0     0
     1 BACKWARD OMEGA   
    14     9     3    12   56.467   -2.973   100.0
     4 PRESSURE AIR_TEMP RAINFALL RELHUMID
     1     1    14     9     3    12     0     0     0.0   56.467   -2.973    100.0    981.0    288.3      0.0     76.3
     1     1    14     9     3    11     0     1    -1.0   56.372   -2.964     99.3    984.5    288.0      0.0     78.7
     1     1    14     9     3    10     0     2    -2.0   56.281   -2.948    104.1    987.2    287.5      0.0     81.3
     1     1    14     9     3     9     0     3    -3.0   56.193   -2.929    115.4    989.3    287.0      0.0     84.0
     1     1    14     9     3     8     0     2    -4.0   56.108   -2.917    134.4    990.2    286.6      0.0     85.0
     1     1    14     9     3     7     0     1    -5.0   56.026   -2.922    160.3    989.3    286.3      0.0     85.7
     1     1    14     9     3     6     0     0    -6.0   55.944   -2.947    188.6    985.7    286.0      0.0     86.1
     1     1    14     9     3     5     0     1    -7.0   55.857   -2.973    214.0    982.1    286.0      0.0     83.7
     1     1    14     9     3     4     0     2    -8.0   55.761   -2.976    233.6    979.8    286.0      0.0     81.6
     1     1    14     9     3     3     0     3    -9.0   55.656   -2.959    246.5    978.4    285.9      0.0     79.9
     1     1    14     9     3     2     0     2   -10.0   55.550   -2.933    254.5    977.9    286.1      0.0     79.2
     1     1    14     9     3     1     0     1   -11.0   55.450   -2.906    261.0    977.3    286.2      0.0     78.8
     1     1    14     9     3     0     0     0   -12.0   55.353   -2.872    267.8    976.5    286.3      0.0     78.6
     1     1    14     9     2    23     0     1   -13.0   55.255   -2.839    271.5    975.1    286.4      0.0     77.8
     1     1    14     9     2    22     0     2   -14.0   55.157   -2.806    266.6    975.0    286.7      0.0     77.0
     1     1    14     9     2    21     0     3   -15.0   55.061   -2.763    251.7    975.9    286.9      0.0     76.4
     1     1    14     9     2    20     0     2   -16.0   54.975   -2.706    227.7    977.7    287.3      0.0     75.1
     1     1    14     9     2    19     0     1   -17.0   54.905   -2.633    197.0    980.9    287.8      0.0     73.0
     1     1    14     9     2    18     0     0   -18.0   54.852   -2.546    161.1    984.3    288.3      0.0     70.6
     1     1    14     9     2    17     0     1   -19.0   54.812   -2.451    123.5    987.8    288.8      0.0     68.7
     1     1    14     9     2    16     0     2   -20.0   54.785   -2.358     89.4    990.4    289.5      0.0     66.3
     1     1    14     9     2    15     0     3   -21.0   54.767   -2.264     62.0    992.7    290.6      0.0     63.2
     1     1    14     9     2    14     0     2   -22.0   54.754   -2.173     42.4    993.4    291.5      0.0     63.0
     1     1    14     9     2    13     0     1   -23.0   54.743   -2.093     29.7    993.3    292.4      0.0     62.8
     1     1    14     9     2    12     0     0   -24.0   54.735   -2.027     21.6    993.2    293.5      0.0     62.5
     1     1    14     9     2    11     0     1   -25.0   54.731   -1.972     16.7    994.4    292.1      0.0     66.6
     1     1    14     9     2    10     0     2   -26.0   54.735   -1.924     13.8    996.4    290.7      0.0     70.9
     1     1    14     9     2     9     0     3   -27.0   54.745   -1.886     12.2    998.0    289.3      0.0     75.1
     1     1    14     9     2     8     0     2   -28.0   54.763   -1.861     11.4    998.7    286.7      0.0     77.9
     1     1    14     9     2     7     0     1   -29.0   54.791   -1.853     10.9    999.0    284.1      0.0     80.4
     1     1    14     9     2     6     0     0   -30.0   54.828   -1.862     10.7    998.7    281.5      0.0     82.8
     1     1    14     9     2     5     0     1   -31.0   54.867   -1.889     10.6    998.2    281.0      0.0     83.3
     1     1    14     9     2     4     0     2   -32.0   54.903   -1.931     10.6    997.3    280.4      0.0     83.9
     1     1    14     9     2     3     0     3   -33.0   54.937   -1.987     10.5    996.1    279.6      0.0     84.8
     1     1    14     9     2     2     0     2   -34.0   54.971   -2.057     10.7    996.5    280.2      0.0     85.3
     1     1    14     9     2     1     0     1   -35.0   55.012   -2.139     11.1    997.5    280.9      0.0     85.5
     1     1    14     9     2     0     0     0   -36.0   55.061   -2.232     11.7    999.0    281.7      0.0     85.3
     1     1    14     9     1    23     0     1   -37.0   55.112   -2.329     12.0   1000.7    282.1      0.0     82.3
     1     1    14     9     1    22     0     2   -38.0   55.160   -2.426     11.6   1002.3    282.5      0.0     80.0
     1     1    14     9     1    21     0     3   -39.0   55.204   -2.527     10.7   1003.8    282.9      0.0     78.5
     1     1    14     9     1    20     0     2   -40.0   55.244   -2.632      9.6   1004.7    284.3      0.0     76.7
     1     1    14     9     1    19     0     1   -41.0   55.280   -2.742      8.2   1005.1    285.7      0.0     74.5
     1     1    14     9     1    18     0     0   -42.0   55.314   -2.861      6.6   1005.2    287.1      0.0     71.9
     1     1    14     9     1    17     0     1   -43.0   55.349   -2.996      3.6   1004.8    287.9      0.0     69.5
     1     1    14     9     1    16     0     2   -44.0   55.390   -3.155      0.0   1003.9    288.6      0.0     67.2
     1     1    14     9     1    15     0     3   -45.0   55.436   -3.338      0.0   1003.2    289.4      0.0     65.0
     1     1    14     9     1    14     0     2   -46.0   55.484   -3.535      0.0   1003.2    289.4      0.0     67.2
     1     1    14     9     1    13     0     1   -47.0   55.533   -3.736      3.3   1003.3    289.4      0.0     68.8
     1     1    14     9     1    12     0     0   -48.0   55.585   -3.936     11.8   1003.3    289.5      0.0     69.9
     1     1    14     9     1    11     0     1   -49.0   55.633   -4.142     28.3   1000.0    287.7      0.0     73.7
     1     1    14     9     1    10     0     2   -50.0   55.674   -4.360     46.3    996.9    286.5      0.0     76.6
     1     1    14     9     1     9     0     3   -51.0   55.709   -4.590     57.7    994.3    285.9      0.0     77.7
     1     1    14     9     1     8     0     2   -52.0   55.752   -4.824     65.1    992.1    285.5      0.0     81.8
     1     1    14     9     1     7     0     1   -53.0   55.816   -5.059     72.4    989.6    285.0      0.0     85.6
     1     1    14     9     1     6     0     0   -54.0   55.897   -5.308     77.7    991.0    284.8      0.0     86.7
     1     1    14     9     1     5     0     1   -55.0   55.974   -5.595     72.7    995.4    285.3      0.0     84.8
     1     1    14     9     1     4     0     2   -56.0   56.032   -5.916     53.3   1003.4    285.9      0.0     84.6
     1     1    14     9     1     3     0     3   -57.0   56.071   -6.256     34.2   1008.9    286.2      0.0     86.4
     1     1    14     9     1     2     0     2   -58.0   56.091   -6.631     23.6   1012.2    286.7      0.0     86.7
     1     1    14     9     1     1     0     1   -59.0   56.094   -7.063     20.6   1013.7    287.1      0.0     87.0
     1     1    14     9     1     0     0     0   -60.0   56.084   -7.545     21.6   1012.2    287.0      0.0     87.4
     1     1    14     8    31    23     0     1   -61.0   56.057   -8.052     23.6   1011.0    287.1      0.0     86.3
     1     1    14     8    31    22     0     2   -62.0   56.018   -8.571     25.5   1009.9    287.2      0.0     84.7
     1     1    14     8    31    21     0     3   -63.0   55.982   -9.100     27.5   1009.0    287.2      0.0     85.1
     1     1    14     8    31    20     0     2   -64.0   55.940   -9.643     30.6   1007.8    287.3      0.1     84.1
     1     1    14     8    31    19     0     1   -65.0   55.893  -10.211     34.9   1006.6    287.4      0.1     84.1
     1     1    14     8    31    18     0     0   -66.0   55.854  -10.814     38.5   1005.3    287.5      0.0     84.6
     1     1    14     8    31    17     0     1   -67.0   55.801  -11.450     40.9   1004.7    287.7      0.0     85.0
     1     1    14     8    31    16     0     2   -68.0   55.729  -12.134     43.9   1003.9    287.8      0.0     85.9
     1     1    14     8    31    15     0     3   -69.0   55.683  -12.869     48.1   1003.0    287.8      0.0     83.6
     1     1    14     8    31    14     0     2   -70.0   55.620  -13.620     53.4   1001.6    287.8      0.1     84.3
     1     1    14     8    31    13     0     1   -71.0   55.498  -14.387     58.0   1000.3    287.8      0.1     87.0
     1     1    14     8    31    12     0     0   -72.0   55.375  -15.218     65.8    998.6    287.7      0.0     90.1
