     7     1
    GDAS    14     8    22     0     0
    GDAS    14     8    29     0     0
    GDAS    14     9     1     0     0
    GDAS    14     9     8     0     0
    GDAS    14     9    15     0     0
    GDAS    14     9    22     0     0
    GDAS    14     9    29     0     0
     1 BACKWARD OMEGA   
    14     9     2     9   56.467   -2.973   100.0
     4 PRESSURE AIR_TEMP RAINFALL RELHUMID
     1     1    14     9     2     9     0     3     0.0   56.467   -2.973    100.0    980.8    285.3      0.0     79.6
     1     1    14     9     2     8     0     2    -1.0   56.422   -3.078    112.7    979.8    284.3      0.0     81.5
     1     1    14     9     2     7     0     1    -2.0   56.384   -3.209    132.2    978.0    283.6      0.0     83.7
     1     1    14     9     2     6     0     0    -3.0   56.352   -3.365    155.7    975.0    283.0      0.0     85.9
     1     1    14     9     2     5     0     1    -4.0   56.327   -3.540    178.5    971.7    283.2      0.0     86.0
     1     1    14     9     2     4     0     2    -5.0   56.306   -3.721    199.4    969.3    283.4      0.0     86.1
     1     1    14     9     2     3     0     3    -6.0   56.289   -3.907    222.2    966.7    283.6      0.0     86.1
     1     1    14     9     2     2     0     2    -7.0   56.275   -4.101    250.0    964.0    283.7      0.0     86.8
     1     1    14     9     2     1     0     1    -8.0   56.266   -4.306    283.1    960.4    283.7      0.0     87.8
     1     1    14     9     2     0     0     0    -9.0   56.260   -4.518    320.3    955.9    283.4      0.0     89.1
     1     1    14     9     1    23     0     1   -10.0   56.261   -4.748    358.7    950.9    283.2      0.0     91.2
     1     1    14     9     1    22     0     2   -11.0   56.269   -5.010    391.5    946.6    283.1      0.0     94.5
     1     1    14     9     1    21     0     3   -12.0   56.279   -5.319    407.4    951.0    283.5      0.0     94.4
     1     1    14     9     1    20     0     2   -13.0   56.275   -5.675    392.0    960.1    284.1      0.0     92.0
     1     1    14     9     1    19     0     1   -14.0   56.246   -6.072    344.9    973.5    285.0      0.0     89.8
     1     1    14     9     1    18     0     0   -15.0   56.191   -6.521    304.6    984.3    285.8      0.0     87.9
     1     1    14     9     1    17     0     1   -16.0   56.106   -7.034    303.1    986.8    286.2      0.0     86.6
     1     1    14     9     1    16     0     2   -17.0   55.990   -7.574    317.8    982.1    285.9      0.0     86.6
     1     1    14     9     1    15     0     3   -18.0   55.855   -8.100    326.9    978.8    285.8      0.0     87.3
     1     1    14     9     1    14     0     2   -19.0   55.716   -8.610    329.6    978.6    285.7      0.0     87.0
     1     1    14     9     1    13     0     1   -20.0   55.580   -9.112    326.4    980.5    285.9      0.0     86.2
     1     1    14     9     1    12     0     0   -21.0   55.445   -9.608    322.3    981.4    286.0      0.0     85.5
     1     1    14     9     1    11     0     1   -22.0   55.321  -10.113    323.9    981.0    286.0      0.0     83.8
     1     1    14     9     1    10     0     2   -23.0   55.216  -10.637    333.2    979.7    285.9      0.0     82.6
     1     1    14     9     1     9     0     3   -24.0   55.126  -11.170    351.2    977.5    285.8      0.0     81.0
     1     1    14     9     1     8     0     2   -25.0   55.049  -11.709    376.3    973.9    285.6      0.0     81.7
     1     1    14     9     1     7     0     1   -26.0   54.984  -12.259    403.9    970.2    285.4      0.0     82.0
     1     1    14     9     1     6     0     0   -27.0   54.932  -12.831    429.2    966.7    285.3      0.0     82.0
     1     1    14     9     1     5     0     1   -28.0   54.883  -13.443    446.8    964.1    284.9      0.0     82.8
     1     1    14     9     1     4     0     2   -29.0   54.827  -14.107    457.3    963.0    284.8      0.0     82.4
     1     1    14     9     1     3     0     3   -30.0   54.763  -14.823    462.1    962.1    284.5      0.0     84.6
     1     1    14     9     1     2     0     2   -31.0   54.683  -15.578    467.4    962.1    284.5      0.0     84.9
     1     1    14     9     1     1     0     1   -32.0   54.588  -16.353    484.2    959.5    284.3      0.0     85.1
     1     1    14     9     1     0     0     0   -33.0   54.481  -17.134    510.6    956.2    284.1      0.0     86.6
     1     1    14     8    31    23     0     1   -34.0   54.369  -17.906    539.3    952.5    283.6      0.0     87.2
     1     1    14     8    31    22     0     2   -35.0   54.261  -18.666    568.9    949.0    283.0      0.0     87.3
     1     1    14     8    31    21     0     3   -36.0   54.165  -19.425    597.5    945.4    282.5      0.0     87.4
     1     1    14     8    31    20     0     2   -37.0   54.081  -20.202    619.1    942.6    282.3      0.0     88.3
     1     1    14     8    31    19     0     1   -38.0   54.004  -21.009    635.8    940.4    282.1      0.0     88.6
     1     1    14     8    31    18     0     0   -39.0   53.931  -21.850    651.8    937.9    281.9      0.0     88.6
     1     1    14     8    31    17     0     1   -40.0   53.858  -22.718    669.9    935.6    281.6      0.0     88.2
     1     1    14     8    31    16     0     2   -41.0   53.783  -23.607    691.1    932.7    281.4      0.0     86.5
     1     1    14     8    31    15     0     3   -42.0   53.715  -24.539    705.8    930.6    281.2      0.0     83.7
     1     1    14     8    31    14     0     2   -43.0   53.669  -25.534    711.4    929.7    281.0      0.0     83.6
     1     1    14     8    31    13     0     1   -44.0   53.625  -26.558    727.3    927.9    280.8      0.0     83.5
     1     1    14     8    31    12     0     0   -45.0   53.579  -27.609    775.9    921.8    280.3      0.0     84.5
     1     1    14     8    31    11     0     1   -46.0   53.537  -28.662    829.1    915.2    279.7      0.0     85.2
     1     1    14     8    31    10     0     2   -47.0   53.502  -29.684    876.8    910.0    279.0      0.0     87.3
     1     1    14     8    31     9     0     3   -48.0   53.456  -30.664    925.9    904.0    278.3      0.0     90.3
     1     1    14     8    31     8     0     2   -49.0   53.427  -31.620    969.1    898.3    278.3      0.0     86.8
     1     1    14     8    31     7     0     1   -50.0   53.442  -32.563    999.4    894.1    278.1      0.0     85.9
     1     1    14     8    31     6     0     0   -51.0   53.461  -33.494   1014.8    892.2    277.8      0.0     87.3
     1     1    14     8    31     5     0     1   -52.0   53.505  -34.419   1030.4    889.6    277.7      0.0     84.4
     1     1    14     8    31     4     0     2   -53.0   53.608  -35.309   1046.7    887.6    277.5      0.0     80.5
     1     1    14     8    31     3     0     3   -54.0   53.722  -36.146   1075.4    884.0    277.1      0.0     79.3
     1     1    14     8    31     2     0     2   -55.0   53.836  -36.960   1101.7    880.4    276.8      0.0     83.9
     1     1    14     8    31     1     0     1   -56.0   53.986  -37.758   1136.6    876.5    276.5      0.0     81.6
     1     1    14     8    31     0     0     0   -57.0   54.151  -38.498   1193.2    870.0    276.0      0.0     82.4
     1     1    14     8    30    23     0     1   -58.0   54.330  -39.189   1256.5    861.9    275.5      0.0     82.0
     1     1    14     8    30    22     0     2   -59.0   54.551  -39.847   1307.4    855.3    275.3      0.0     78.0
     1     1    14     8    30    21     0     3   -60.0   54.798  -40.475   1346.3    850.9    275.1      0.0     73.7
     1     1    14     8    30    20     0     2   -61.0   55.057  -41.063   1379.4    846.9    275.0      0.0     70.3
     1     1    14     8    30    19     0     1   -62.0   55.329  -41.605   1408.0    842.7    274.8      0.0     70.1
     1     1    14     8    30    18     0     0   -63.0   55.601  -42.104   1431.1    840.1    274.8      0.0     65.7
     1     1    14     8    30    17     0     1   -64.0   55.854  -42.530   1455.6    837.6    274.5      0.0     66.6
     1     1    14     8    30    16     0     2   -65.0   56.097  -42.854   1490.1    834.2    274.1      0.0     67.3
     1     1    14     8    30    15     0     3   -66.0   56.351  -43.078   1538.5    828.7    273.3      0.0     72.7
     1     1    14     8    30    14     0     2   -67.0   56.617  -43.233   1599.5    822.1    272.8      0.0     74.7
     1     1    14     8    30    13     0     1   -68.0   56.886  -43.351   1669.5    814.5    272.2      0.0     75.1
     1     1    14     8    30    12     0     0   -69.0   57.162  -43.440   1738.0    806.8    271.6      0.0     75.1
     1     1    14     8    30    11     0     1   -70.0   57.441  -43.520   1789.4    800.6    271.3      0.0     78.2
     1     1    14     8    30    10     0     2   -71.0   57.712  -43.612   1826.4    797.8    271.1      0.0     80.6
     1     1    14     8    30     9     0     3   -72.0   57.972  -43.721   1874.7    794.2    270.9      0.0     80.8
