     7     1
    GDAS    14     8    22     0     0
    GDAS    14     8    29     0     0
    GDAS    14     9     1     0     0
    GDAS    14     9     8     0     0
    GDAS    14     9    15     0     0
    GDAS    14     9    22     0     0
    GDAS    14     9    29     0     0
     1 BACKWARD OMEGA   
    14     9    17    22   56.467   -2.973   100.0
     4 PRESSURE AIR_TEMP RAINFALL RELHUMID
     1     1    14     9    17    22     0     2     0.0   56.467   -2.973    100.0    973.0    285.7      0.0     98.9
     1     1    14     9    17    21     0     3    -1.0   56.479   -2.879     77.6    978.6    285.7      0.0     98.6
     1     1    14     9    17    20     0     2    -2.0   56.490   -2.786     61.3    982.6    285.9      0.0     97.8
     1     1    14     9    17    19     0     1    -3.0   56.504   -2.674     48.0    986.7    286.1      0.0     97.2
     1     1    14     9    17    18     0     0    -4.0   56.522   -2.545     36.8    990.9    286.4      0.0     96.7
     1     1    14     9    17    17     0     1    -5.0   56.549   -2.421     28.5    995.7    286.7      0.0     95.7
     1     1    14     9    17    16     0     2    -6.0   56.584   -2.322     23.2    999.5    286.8      0.0     95.1
     1     1    14     9    17    15     0     3    -7.0   56.626   -2.246     20.0   1002.6    286.9      0.0     94.9
     1     1    14     9    17    14     0     2    -8.0   56.670   -2.176     17.3   1005.2    286.8      0.0     95.1
     1     1    14     9    17    13     0     1    -9.0   56.711   -2.090     14.3   1008.8    286.7      0.0     95.7
     1     1    14     9    17    12     0     0   -10.0   56.752   -1.988     11.5   1012.8    286.5      0.0     96.5
     1     1    14     9    17    11     0     1   -11.0   56.796   -1.873      9.2   1013.2    286.5      0.0     95.7
     1     1    14     9    17    10     0     2   -12.0   56.845   -1.749      7.5   1013.4    286.6      0.0     95.2
     1     1    14     9    17     9     0     3   -13.0   56.898   -1.608      6.0   1013.7    286.6      0.0     95.0
     1     1    14     9    17     8     0     2   -14.0   56.947   -1.445      5.0   1014.3    286.5      0.3     95.1
     1     1    14     9    17     7     0     1   -15.0   56.983   -1.270      4.4   1014.5    286.4      0.3     95.8
     1     1    14     9    17     6     0     0   -16.0   57.001   -1.086      4.2   1014.3    286.4      0.3     97.1
     1     1    14     9    17     5     0     1   -17.0   57.007   -0.901      4.0   1015.2    286.4      0.2     98.3
     1     1    14     9    17     4     0     2   -18.0   57.012   -0.729      3.1   1016.2    286.5      0.2     98.7
     1     1    14     9    17     3     0     3   -19.0   57.020   -0.576      1.7   1017.1    286.5      0.2     99.0
     1     1    14     9    17     2     0     2   -20.0   57.027   -0.438      0.1   1016.9    286.5      0.0     99.3
     1     1    14     9    17     1     0     1   -21.0   57.029   -0.310      0.0   1016.7    286.6      0.0     99.7
     1     1    14     9    17     0     0     0   -22.0   57.027   -0.191      0.0   1016.5    286.7      0.0    100.0
     1     1    14     9    16    23     0     1   -23.0   57.024   -0.081      0.0   1016.1    286.6      0.0     98.7
     1     1    14     9    16    22     0     2   -24.0   56.981    0.121      0.0   1016.0    286.8      0.0     97.6
     1     1    14     9    16    21     0     3   -25.0   56.907    0.434      0.0   1016.9    286.9      0.0     97.1
     1     1    14     9    16    20     0     2   -26.0   56.829    0.763      0.0   1017.7    287.1      0.0     96.7
     1     1    14     9    16    19     0     1   -27.0   56.731    1.102      0.0   1018.1    287.2      0.0     96.4
     1     1    14     9    16    18     0     0   -28.0   56.621    1.460      0.0   1017.6    287.4      0.0     96.0
     1     1    14     9    16    17     0     1   -29.0   56.512    1.840      0.0   1017.5    287.5      0.0     95.9
     1     1    14     9    16    16     0     2   -30.0   56.411    2.255      0.0   1017.7    287.7      0.0     96.0
     1     1    14     9    16    15     0     3   -31.0   56.314    2.705      0.0   1018.1    287.9      0.9     96.7
     1     1    14     9    16    14     0     2   -32.0   56.213    3.187      0.0   1018.1    288.1      0.0     96.4
     1     1    14     9    16    13     0     1   -33.0   56.113    3.682      0.0   1017.9    288.4      0.3     96.0
     1     1    14     9    16    12     0     0   -34.0   56.016    4.180      0.0   1017.5    288.8      0.3     96.2
     1     1    14     9    16    11     0     1   -35.0   55.923    4.696      0.0   1017.6    289.1      0.5     94.6
     1     1    14     9    16    10     0     2   -36.0   55.837    5.237      0.0   1018.4    289.3      0.6     93.4
     1     1    14     9    16     9     0     3   -37.0   55.750    5.791      0.0   1020.0    289.6      0.0     92.7
     1     1    14     9    16     8     0     2   -38.0   55.662    6.349      0.0   1020.0    289.7      0.0     91.9
     1     1    14     9    16     7     0     1   -39.0   55.578    6.915      0.0   1019.4    289.8      0.0     91.8
     1     1    14     9    16     6     0     0   -40.0   55.504    7.478      0.0   1019.7    289.9      0.0     93.2
     1     1    14     9    16     5     0     1   -41.0   55.453    8.019      0.5   1020.2    289.9      0.0     93.4
     1     1    14     9    16     4     0     2   -42.0   55.431    8.482      2.1   1017.9    288.4      0.0     95.1
     1     1    14     9    16     3     0     3   -43.0   55.434    8.847      4.7   1016.6    287.1      0.0     96.8
     1     1    14     9    16     2     0     2   -44.0   55.452    9.158      7.6   1016.2    287.1      0.0     96.9
     1     1    14     9    16     1     0     1   -45.0   55.476    9.454      9.4   1016.6    287.8      0.0     95.7
     1     1    14     9    16     0     0     0   -46.0   55.495    9.757      9.6   1017.0    288.4      0.0     94.6
     1     1    14     9    15    23     0     1   -47.0   55.505   10.081      8.3   1018.2    289.0      0.0     92.3
     1     1    14     9    15    22     0     2   -48.0   55.499   10.454      6.7   1019.9    289.4      0.0     90.4
     1     1    14     9    15    21     0     3   -49.0   55.480   10.898      6.0   1021.8    289.8      0.0     88.9
     1     1    14     9    15    20     0     2   -50.0   55.463   11.378      5.8   1021.4    289.6      0.0     87.0
     1     1    14     9    15    19     0     1   -51.0   55.458   11.840      5.4   1021.0    289.4      0.0     85.8
     1     1    14     9    15    18     0     0   -52.0   55.468   12.295      5.4   1020.6    289.3      0.0     84.7
     1     1    14     9    15    17     0     1   -53.0   55.495   12.774      6.9   1019.4    289.8      0.0     82.1
     1     1    14     9    15    16     0     2   -54.0   55.533   13.266      9.3   1018.9    290.4      0.0     79.6
     1     1    14     9    15    15     0     3   -55.0   55.583   13.752      9.6   1019.1    291.0      0.0     77.6
     1     1    14     9    15    14     0     2   -56.0   55.639   14.226      8.0   1020.2    291.1      0.0     77.5
     1     1    14     9    15    13     0     1   -57.0   55.698   14.705      6.4   1023.2    291.0      0.0     77.5
     1     1    14     9    15    12     0     0   -58.0   55.759   15.207      6.0   1026.5    290.6      0.0     77.8
     1     1    14     9    15    11     0     1   -59.0   55.817   15.736      6.0   1026.0    290.5      0.0     78.2
     1     1    14     9    15    10     0     2   -60.0   55.861   16.293      6.0   1025.4    290.4      0.0     77.3
     1     1    14     9    15     9     0     3   -61.0   55.881   16.859      6.0   1024.6    290.1      0.0     75.2
     1     1    14     9    15     8     0     2   -62.0   55.883   17.417      6.1   1026.1    290.1      0.0     74.6
     1     1    14     9    15     7     0     1   -63.0   55.882   17.962      6.1   1026.9    290.2      0.0     74.1
     1     1    14     9    15     6     0     0   -64.0   55.876   18.505      6.1   1026.7    290.2      0.0     73.4
     1     1    14     9    15     5     0     1   -65.0   55.869   19.047      6.1   1026.7    290.2      0.0     72.2
     1     1    14     9    15     4     0     2   -66.0   55.864   19.573      6.1   1026.5    290.3      0.0     70.6
     1     1    14     9    15     3     0     3   -67.0   55.862   20.074      6.3   1026.4    290.4      0.0     68.7
     1     1    14     9    15     2     0     2   -68.0   55.860   20.540      7.0   1026.2    290.2      0.0     65.6
     1     1    14     9    15     1     0     1   -69.0   55.860   20.962      8.4   1026.0    290.0      0.0     63.0
     1     1    14     9    15     0     0     0   -70.0   55.861   21.327     10.0   1021.3    286.9      0.0     64.9
     1     1    14     9    14    23     0     1   -71.0   55.870   21.635     12.3   1017.0    284.6      0.0     66.7
     1     1    14     9    14    22     0     2   -72.0   55.887   21.898     15.8   1012.9    283.1      0.0     68.6
