     7     1
    GDAS    14     8    22     0     0
    GDAS    14     8    29     0     0
    GDAS    14     9     1     0     0
    GDAS    14     9     8     0     0
    GDAS    14     9    15     0     0
    GDAS    14     9    22     0     0
    GDAS    14     9    29     0     0
     1 BACKWARD OMEGA   
    14     9    15     5   56.467   -2.973   100.0
     4 PRESSURE AIR_TEMP RAINFALL RELHUMID
     1     1    14     9    15     5     0     1     0.0   56.467   -2.973    100.0    981.9    283.2      0.0     99.1
     1     1    14     9    15     4     0     2    -1.0   56.558   -2.755     58.3    992.6    283.7      0.0     97.4
     1     1    14     9    15     3     0     3    -2.0   56.645   -2.557     34.0    999.8    284.1      0.0     95.3
     1     1    14     9    15     2     0     2    -3.0   56.729   -2.360     20.1   1007.5    284.7      0.0     93.6
     1     1    14     9    15     1     0     1    -4.0   56.810   -2.148     12.1   1016.3    285.5      0.0     91.7
     1     1    14     9    15     0     0     0    -5.0   56.885   -1.913      7.6   1022.7    286.1      0.0     89.7
     1     1    14     9    14    23     0     1    -6.0   56.954   -1.651      5.1   1024.1    286.1      0.0     87.1
     1     1    14     9    14    22     0     2    -7.0   57.021   -1.363      3.7   1025.6    286.2      0.0     84.7
     1     1    14     9    14    21     0     3    -8.0   57.087   -1.046      3.5   1027.2    286.4      0.0     82.8
     1     1    14     9    14    20     0     2    -9.0   57.148   -0.715      3.9   1027.6    286.4      0.0     82.4
     1     1    14     9    14    19     0     1   -10.0   57.198   -0.389      4.1   1027.9    286.5      0.0     82.4
     1     1    14     9    14    18     0     0   -11.0   57.237   -0.072      4.2   1028.1    286.6      0.0     82.5
     1     1    14     9    14    17     0     1   -12.0   57.286    0.248      4.3   1027.0    286.7      0.0     80.0
     1     1    14     9    14    16     0     2   -13.0   57.353    0.571      4.5   1026.6    286.9      0.0     79.7
     1     1    14     9    14    15     0     3   -14.0   57.436    0.887      4.6   1026.8    286.9      0.0     79.8
     1     1    14     9    14    14     0     2   -15.0   57.525    1.190      4.8   1028.1    287.0      0.0     79.4
     1     1    14     9    14    13     0     1   -16.0   57.611    1.473      5.2   1029.2    287.1      0.0     79.4
     1     1    14     9    14    12     0     0   -17.0   57.694    1.733      5.8   1030.0    287.2      0.0     79.6
     1     1    14     9    14    11     0     1   -18.0   57.778    1.977      6.5   1030.0    287.2      0.0     81.7
     1     1    14     9    14    10     0     2   -19.0   57.865    2.219      7.2   1029.7    287.3      0.0     84.3
     1     1    14     9    14     9     0     3   -20.0   57.952    2.462      7.8   1029.0    287.5      0.0     87.2
     1     1    14     9    14     8     0     2   -21.0   58.048    2.700      8.4   1028.3    287.5      0.0     87.5
     1     1    14     9    14     7     0     1   -22.0   58.157    2.926      8.8   1028.0    287.5      0.0     87.0
     1     1    14     9    14     6     0     0   -23.0   58.277    3.136      9.0   1028.0    287.6      0.0     86.3
     1     1    14     9    14     5     0     1   -24.0   58.403    3.316      9.2   1028.2    287.7      0.0     84.6
     1     1    14     9    14     4     0     2   -25.0   58.534    3.454      9.5   1028.4    287.8      0.0     82.6
     1     1    14     9    14     3     0     3   -26.0   58.672    3.550      9.8   1028.6    287.9      0.0     80.4
     1     1    14     9    14     2     0     2   -27.0   58.807    3.618     10.3   1029.7    287.9      0.0     79.5
     1     1    14     9    14     1     0     1   -28.0   58.926    3.675     10.8   1030.9    287.9      0.0     78.4
     1     1    14     9    14     0     0     0   -29.0   59.029    3.728     11.4   1032.2    287.9      0.0     77.3
     1     1    14     9    13    23     0     1   -30.0   59.124    3.768     12.1   1030.9    287.9      0.0     77.1
     1     1    14     9    13    22     0     2   -31.0   59.219    3.786     12.9   1029.7    287.9      0.0     77.1
     1     1    14     9    13    21     0     3   -32.0   59.310    3.784     13.7   1028.8    287.9      0.0     77.2
     1     1    14     9    13    20     0     2   -33.0   59.394    3.767     14.6   1028.9    287.8      0.0     77.4
     1     1    14     9    13    19     0     1   -34.0   59.465    3.743     15.3   1029.1    287.7      0.0     77.6
     1     1    14     9    13    18     0     0   -35.0   59.527    3.710     15.9   1029.3    287.7      0.0     77.8
     1     1    14     9    13    17     0     1   -36.0   59.579    3.666     16.4   1029.4    287.6      0.0     78.0
     1     1    14     9    13    16     0     2   -37.0   59.620    3.608     17.1   1029.4    287.6      0.0     78.2
     1     1    14     9    13    15     0     3   -38.0   59.647    3.536     17.9   1029.4    287.5      0.0     78.3
     1     1    14     9    13    14     0     2   -39.0   59.658    3.455     19.0   1029.6    287.5      0.0     79.1
     1     1    14     9    13    13     0     1   -40.0   59.652    3.373     20.5   1029.8    287.4      0.0     79.8
     1     1    14     9    13    12     0     0   -41.0   59.632    3.294     22.6   1029.8    287.4      0.0     80.4
     1     1    14     9    13    11     0     1   -42.0   59.598    3.232     24.9   1028.1    287.4      0.0     80.9
     1     1    14     9    13    10     0     2   -43.0   59.556    3.199     26.8   1026.6    287.3      0.0     81.3
     1     1    14     9    13     9     0     3   -44.0   59.509    3.195     28.3   1025.1    287.3      0.0     81.6
     1     1    14     9    13     8     0     2   -45.0   59.469    3.201     29.7   1025.3    287.3      0.0     82.1
     1     1    14     9    13     7     0     1   -46.0   59.441    3.194     31.4   1025.4    287.3      0.0     82.6
     1     1    14     9    13     6     0     0   -47.0   59.425    3.175     33.2   1025.6    287.2      0.0     83.3
     1     1    14     9    13     5     0     1   -48.0   59.407    3.143     34.8   1025.1    287.2      0.0     82.4
     1     1    14     9    13     4     0     2   -49.0   59.375    3.100     35.8   1024.7    287.2      0.0     81.4
     1     1    14     9    13     3     0     3   -50.0   59.330    3.047     36.2   1024.4    287.2      0.0     80.3
     1     1    14     9    13     2     0     2   -51.0   59.280    2.985     36.6   1024.5    287.2      0.0     80.9
     1     1    14     9    13     1     0     1   -52.0   59.231    2.915     37.7   1024.6    287.2      0.0     81.3
     1     1    14     9    13     0     0     0   -53.0   59.181    2.838     39.6   1024.7    287.1      0.0     81.6
     1     1    14     9    12    23     0     1   -54.0   59.134    2.764     41.5   1023.7    287.1      0.0     80.8
     1     1    14     9    12    22     0     2   -55.0   59.090    2.699     42.7   1022.7    287.1      0.0     80.2
     1     1    14     9    12    21     0     3   -56.0   59.049    2.640     43.0   1021.7    287.1      0.0     79.7
     1     1    14     9    12    20     0     2   -57.0   59.016    2.573     43.0   1021.9    287.1      0.0     79.7
     1     1    14     9    12    19     0     1   -58.0   58.993    2.488     43.0   1022.1    287.1      0.0     79.6
     1     1    14     9    12    18     0     0   -59.0   58.979    2.385     43.1   1022.2    287.1      0.0     79.5
     1     1    14     9    12    17     0     1   -60.0   58.967    2.270     43.4   1021.5    287.1      0.0     79.3
     1     1    14     9    12    16     0     2   -61.0   58.951    2.149     44.4   1020.6    287.0      0.0     79.2
     1     1    14     9    12    15     0     3   -62.0   58.930    2.023     46.1   1019.7    286.9      0.0     79.1
     1     1    14     9    12    14     0     2   -63.0   58.902    1.900     47.8   1019.8    286.8      0.0     79.8
     1     1    14     9    12    13     0     1   -64.0   58.868    1.785     48.7   1020.1    286.7      0.0     80.4
     1     1    14     9    12    12     0     0   -65.0   58.829    1.676     49.0   1020.5    286.7      0.0     81.1
     1     1    14     9    12    11     0     1   -66.0   58.787    1.577     49.2   1020.6    286.7      0.0     82.3
     1     1    14     9    12    10     0     2   -67.0   58.742    1.491     49.6   1020.5    286.7      0.0     83.7
     1     1    14     9    12     9     0     3   -68.0   58.695    1.419     50.3   1020.4    286.7      0.0     85.2
     1     1    14     9    12     8     0     2   -69.0   58.649    1.347     50.9   1020.2    286.7      0.0     85.6
     1     1    14     9    12     7     0     1   -70.0   58.607    1.264     51.1   1020.2    286.7      0.0     86.0
     1     1    14     9    12     6     0     0   -71.0   58.568    1.169     51.2   1020.1    286.6      0.0     86.3
     1     1    14     9    12     5     0     1   -72.0   58.524    1.072     51.4   1019.9    286.5      0.0     86.7
