     7     1
    GDAS    14     8    22     0     0
    GDAS    14     8    29     0     0
    GDAS    14     9     1     0     0
    GDAS    14     9     8     0     0
    GDAS    14     9    15     0     0
    GDAS    14     9    22     0     0
    GDAS    14     9    29     0     0
     1 BACKWARD OMEGA   
    14     9     7     4   56.467   -2.973   100.0
     4 PRESSURE AIR_TEMP RAINFALL RELHUMID
     1     1    14     9     7     4     0     2     0.0   56.467   -2.973    100.0    971.9    281.2      0.0     89.8
     1     1    14     9     7     3     0     3    -1.0   56.597   -3.228    165.5    957.7    280.4      0.0     90.4
     1     1    14     9     7     2     0     2    -2.0   56.768   -3.490    234.1    938.4    279.6      0.0     92.7
     1     1    14     9     7     1     0     1    -3.0   56.970   -3.765    279.6    918.7    278.4      0.0     96.5
     1     1    14     9     7     0     0     0    -4.0   57.174   -4.043    294.8    921.5    278.6      0.0     96.4
     1     1    14     9     6    23     0     1    -5.0   57.355   -4.315    298.9    932.9    279.6      0.0     95.2
     1     1    14     9     6    22     0     2    -6.0   57.514   -4.582    295.7    938.4    280.1      0.1     94.7
     1     1    14     9     6    21     0     3    -7.0   57.656   -4.846    269.7    943.6    280.6      0.1     94.6
     1     1    14     9     6    20     0     2    -8.0   57.794   -5.092    212.9    954.2    281.3      0.4     93.3
     1     1    14     9     6    19     0     1    -9.0   57.949   -5.301    139.0    974.6    282.8      0.4     89.2
     1     1    14     9     6    18     0     0   -10.0   58.131   -5.467     76.4    992.6    284.2      0.4     85.7
     1     1    14     9     6    17     0     1   -11.0   58.336   -5.602     40.7   1004.1    285.2      0.0     82.8
     1     1    14     9     6    16     0     2   -12.0   58.563   -5.718     23.6   1009.9    285.7      0.0     81.0
     1     1    14     9     6    15     0     3   -13.0   58.812   -5.801     16.1   1012.1    286.0      0.0     80.4
     1     1    14     9     6    14     0     2   -14.0   59.085   -5.859     13.3   1012.9    286.1      0.0     80.9
     1     1    14     9     6    13     0     1   -15.0   59.365   -5.896     12.7   1012.8    286.0      0.0     81.4
     1     1    14     9     6    12     0     0   -16.0   59.633   -5.880     12.5   1013.0    285.9      0.0     81.8
     1     1    14     9     6    11     0     1   -17.0   59.885   -5.790     12.2   1012.4    285.8      0.0     82.2
     1     1    14     9     6    10     0     2   -18.0   60.124   -5.642     11.4   1012.2    285.7      0.0     82.5
     1     1    14     9     6     9     0     3   -19.0   60.346   -5.455     10.7   1012.6    285.7      0.0     82.3
     1     1    14     9     6     8     0     2   -20.0   60.543   -5.255     10.2   1013.0    285.5      0.5     82.6
     1     1    14     9     6     7     0     1   -21.0   60.709   -5.060      9.7   1012.7    285.4      0.6     82.7
     1     1    14     9     6     6     0     0   -22.0   60.838   -4.860      9.1   1012.0    285.4      0.6     83.0
     1     1    14     9     6     5     0     1   -23.0   60.939   -4.643      8.1   1012.2    285.4      0.4     82.3
     1     1    14     9     6     4     0     2   -24.0   61.012   -4.386      6.7   1012.5    285.4      0.0     81.8
     1     1    14     9     6     3     0     3   -25.0   61.031   -4.064      5.4   1012.7    285.5      0.0     81.9
     1     1    14     9     6     2     0     2   -26.0   60.999   -3.730      4.5   1012.0    285.6      0.0     84.6
     1     1    14     9     6     1     0     1   -27.0   60.962   -3.476      4.0   1011.8    285.7      0.2     86.7
     1     1    14     9     6     0     0     0   -28.0   60.930   -3.314      3.6   1012.1    285.8      0.2     88.3
     1     1    14     9     5    23     0     1   -29.0   60.888   -3.232      3.3   1011.7    285.8      0.1     87.1
     1     1    14     9     5    22     0     2   -30.0   60.826   -3.235      3.2   1011.2    285.8      0.1     85.7
     1     1    14     9     5    21     0     3   -31.0   60.750   -3.332      3.1   1010.7    285.7      0.2     84.6
     1     1    14     9     5    20     0     2   -32.0   60.668   -3.499      3.1   1010.7    285.7      0.0     84.6
     1     1    14     9     5    19     0     1   -33.0   60.583   -3.712      3.1   1010.5    285.7      0.0     84.8
     1     1    14     9     5    18     0     0   -34.0   60.504   -3.974      3.1   1010.1    285.7      0.0     85.5
     1     1    14     9     5    17     0     1   -35.0   60.440   -4.282      3.0   1010.7    285.7      0.1     84.9
     1     1    14     9     5    16     0     2   -36.0   60.397   -4.624      2.5   1011.4    285.7      0.0     84.6
     1     1    14     9     5    15     0     3   -37.0   60.390   -4.985      1.7   1012.1    285.7      0.0     84.8
     1     1    14     9     5    14     0     2   -38.0   60.401   -5.373      0.9   1012.3    285.6      0.0     86.5
     1     1    14     9     5    13     0     1   -39.0   60.407   -5.818      0.4   1012.4    285.5      0.0     87.6
     1     1    14     9     5    12     0     0   -40.0   60.425   -6.320      0.0   1012.6    285.4      0.0     88.4
     1     1    14     9     5    11     0     1   -41.0   60.473   -6.840      0.0   1012.8    285.4      0.0     86.0
     1     1    14     9     5    10     0     2   -42.0   60.538   -7.332      0.0   1013.0    285.5      0.5     85.0
     1     1    14     9     5     9     0     3   -43.0   60.609   -7.793      0.0   1013.2    285.5      0.1     86.3
     1     1    14     9     5     8     0     2   -44.0   60.692   -8.247      0.0   1013.1    285.4      0.0     87.9
     1     1    14     9     5     7     0     1   -45.0   60.790   -8.729      0.0   1013.0    285.4      0.0     88.3
     1     1    14     9     5     6     0     0   -46.0   60.909   -9.263      0.1   1013.0    285.3      0.0     87.9
     1     1    14     9     5     5     0     1   -47.0   61.060   -9.818      0.1   1012.8    285.3      0.0     86.6
     1     1    14     9     5     4     0     2   -48.0   61.245  -10.320      0.0   1012.5    285.3      0.0     86.5
     1     1    14     9     5     3     0     3   -49.0   61.470  -10.758      0.0   1012.4    285.2      0.1     87.7
     1     1    14     9     5     2     0     2   -50.0   61.733  -11.144      0.0   1012.8    285.0      0.0     88.3
     1     1    14     9     5     1     0     1   -51.0   62.010  -11.476      0.0   1012.7    284.9      0.0     89.4
     1     1    14     9     5     0     0     0   -52.0   62.306  -11.702      0.0   1012.7    284.7      0.0     90.2
     1     1    14     9     4    23     0     1   -53.0   62.618  -11.772      0.0   1012.1    284.4      1.3     90.5
     1     1    14     9     4    22     0     2   -54.0   62.930  -11.677      0.0   1011.9    284.2      1.3     93.0
     1     1    14     9     4    21     0     3   -55.0   63.204  -11.465      0.0   1011.3    284.2      0.6     93.9
     1     1    14     9     4    20     0     2   -56.0   63.423  -11.222      0.0   1011.3    284.0      0.6     93.7
     1     1    14     9     4    19     0     1   -57.0   63.604  -10.964      0.0   1011.9    283.8      0.0     94.4
     1     1    14     9     4    18     0     0   -58.0   63.754  -10.672      0.0   1012.6    283.6      0.0     95.7
     1     1    14     9     4    17     0     1   -59.0   63.873  -10.339      0.0   1012.3    283.6      0.8     95.8
     1     1    14     9     4    16     0     2   -60.0   63.957   -9.963      0.0   1011.6    283.6      0.8     95.7
     1     1    14     9     4    15     0     3   -61.0   64.007   -9.569      0.0   1012.2    283.6      0.8     95.0
     1     1    14     9     4    14     0     2   -62.0   64.036   -9.212      0.3   1013.8    283.6      0.0     93.8
     1     1    14     9     4    13     0     1   -63.0   64.062   -8.929      0.9   1014.2    283.6      0.0     93.2
     1     1    14     9     4    12     0     0   -64.0   64.090   -8.708      1.8   1014.1    283.6      0.0     92.7
     1     1    14     9     4    11     0     1   -65.0   64.108   -8.542      2.6   1014.6    283.6      0.0     90.3
     1     1    14     9     4    10     0     2   -66.0   64.101   -8.424      3.2   1015.1    283.7      0.0     87.8
     1     1    14     9     4     9     0     3   -67.0   64.071   -8.345      3.8   1015.5    283.7      0.0     85.2
     1     1    14     9     4     8     0     2   -68.0   64.023   -8.301      4.6   1014.7    283.7      0.0     85.9
     1     1    14     9     4     7     0     1   -69.0   63.964   -8.301      5.6   1013.7    283.8      0.0     87.0
     1     1    14     9     4     6     0     0   -70.0   63.892   -8.348      6.6   1012.9    283.8      0.0     88.3
     1     1    14     9     4     5     0     1   -71.0   63.804   -8.438      7.4   1012.9    283.8      0.2     89.1
     1     1    14     9     4     4     0     2   -72.0   63.701   -8.565      7.9   1012.7    283.8      0.0     89.5
