     7     1
    GDAS    14     8    22     0     0
    GDAS    14     8    29     0     0
    GDAS    14     9     1     0     0
    GDAS    14     9     8     0     0
    GDAS    14     9    15     0     0
    GDAS    14     9    22     0     0
    GDAS    14     9    29     0     0
     1 BACKWARD OMEGA   
    14     9    17     7   56.467   -2.973   100.0
     4 PRESSURE AIR_TEMP RAINFALL RELHUMID
     1     1    14     9    17     7     0     1     0.0   56.467   -2.973    100.0    974.3    283.1      0.0     86.6
     1     1    14     9    17     6     0     0    -1.0   56.501   -2.894    103.3    975.4    282.6      0.0     86.4
     1     1    14     9    17     5     0     1    -2.0   56.539   -2.830    109.5    975.9    282.8      0.0     87.7
     1     1    14     9    17     4     0     2    -3.0   56.578   -2.796    121.9    974.9    283.1      0.0     88.8
     1     1    14     9    17     3     0     3    -4.0   56.612   -2.791    143.9    972.4    283.4      0.0     89.8
     1     1    14     9    17     2     0     2    -5.0   56.635   -2.795    173.9    967.6    283.5      0.0     90.2
     1     1    14     9    17     1     0     1    -6.0   56.645   -2.792    207.6    963.6    283.5      0.0     90.8
     1     1    14     9    17     0     0     0    -7.0   56.645   -2.782    245.0    960.1    283.5      0.0     91.4
     1     1    14     9    16    23     0     1    -8.0   56.630   -2.753    281.6    956.8    283.7      0.0     91.8
     1     1    14     9    16    22     0     2    -9.0   56.600   -2.694    312.6    955.8    283.9      0.0     92.2
     1     1    14     9    16    21     0     3   -10.0   56.556   -2.610    340.9    956.3    284.1      0.0     92.6
     1     1    14     9    16    20     0     2   -11.0   56.504   -2.520    369.4    956.6    284.3      0.0     92.4
     1     1    14     9    16    19     0     1   -12.0   56.449   -2.442    397.8    956.2    284.3      0.0     92.4
     1     1    14     9    16    18     0     0   -13.0   56.390   -2.378    423.9    955.6    284.3      0.0     92.6
     1     1    14     9    16    17     0     1   -14.0   56.322   -2.308    447.9    955.0    284.3      0.0     93.2
     1     1    14     9    16    16     0     2   -15.0   56.243   -2.214    472.6    954.8    284.3      0.0     93.9
     1     1    14     9    16    15     0     3   -16.0   56.150   -2.098    503.9    953.7    284.1      0.0     94.7
     1     1    14     9    16    14     0     2   -17.0   56.046   -1.977    537.5    950.4    283.9      0.0     95.7
     1     1    14     9    16    13     0     1   -18.0   55.939   -1.864    562.0    946.6    283.8      0.0     96.2
     1     1    14     9    16    12     0     0   -19.0   55.829   -1.758    575.1    944.2    283.8      0.0     96.3
     1     1    14     9    16    11     0     1   -20.0   55.725   -1.645    585.2    943.3    283.7      0.0     96.0
     1     1    14     9    16    10     0     2   -21.0   55.632   -1.515    600.3    942.0    283.6      0.0     95.7
     1     1    14     9    16     9     0     3   -22.0   55.553   -1.371    620.4    940.9    283.6      0.0     95.6
     1     1    14     9    16     8     0     2   -23.0   55.480   -1.223    639.2    939.6    283.6      0.0     95.2
     1     1    14     9    16     7     0     1   -24.0   55.410   -1.079    649.1    940.3    283.8      0.0     94.8
     1     1    14     9    16     6     0     0   -25.0   55.339   -0.935    648.4    941.5    283.9      0.0     94.5
     1     1    14     9    16     5     0     1   -26.0   55.262   -0.801    646.2    942.9    284.3      0.0     91.8
     1     1    14     9    16     4     0     2   -27.0   55.178   -0.688    653.4    942.0    284.5      0.0     88.8
     1     1    14     9    16     3     0     3   -28.0   55.086   -0.593    671.3    939.9    284.6      0.0     85.9
     1     1    14     9    16     2     0     2   -29.0   54.989   -0.494    697.0    936.5    284.3      0.0     86.8
     1     1    14     9    16     1     0     1   -30.0   54.889   -0.373    726.1    932.5    284.0      0.0     88.2
     1     1    14     9    16     0     0     0   -31.0   54.784   -0.239    758.5    928.2    283.8      0.0     89.4
     1     1    14     9    15    23     0     1   -32.0   54.681   -0.099    790.8    923.5    283.5      0.0     90.2
     1     1    14     9    15    22     0     2   -33.0   54.561    0.054    797.8    922.8    284.0      0.0     81.3
     1     1    14     9    15    21     0     3   -34.0   54.418    0.234    776.0    927.5    284.4      0.0     78.5
     1     1    14     9    15    20     0     2   -35.0   54.280    0.428    759.2    930.4    284.6      0.0     78.2
     1     1    14     9    15    19     0     1   -36.0   54.158    0.625    755.0    930.4    284.6      0.0     77.4
     1     1    14     9    15    18     0     0   -37.0   54.049    0.825    756.2    929.7    284.5      0.0     75.7
     1     1    14     9    15    17     0     1   -38.0   53.945    1.025    760.8    929.4    284.7      0.0     74.0
     1     1    14     9    15    16     0     2   -39.0   53.841    1.218    769.6    928.3    284.9      0.0     74.9
     1     1    14     9    15    15     0     3   -40.0   53.734    1.401    780.9    926.9    284.9      0.0     75.6
     1     1    14     9    15    14     0     2   -41.0   53.626    1.573    791.0    925.8    284.8      0.0     77.1
     1     1    14     9    15    13     0     1   -42.0   53.525    1.737    797.9    925.6    284.6      0.0     77.7
     1     1    14     9    15    12     0     0   -43.0   53.426    1.893    805.4    925.2    284.5      0.0     77.7
     1     1    14     9    15    11     0     1   -44.0   53.324    2.050    816.2    924.1    284.5      0.0     77.1
     1     1    14     9    15    10     0     2   -45.0   53.214    2.214    832.5    922.3    284.4      0.0     77.6
     1     1    14     9    15     9     0     3   -46.0   53.094    2.382    856.9    919.8    284.2      0.0     77.9
     1     1    14     9    15     8     0     2   -47.0   52.973    2.551    886.1    916.2    283.9      0.0     79.7
     1     1    14     9    15     7     0     1   -48.0   52.861    2.722    912.6    913.0    283.6      0.0     80.6
     1     1    14     9    15     6     0     0   -49.0   52.754    2.895    936.5    910.6    283.4      0.0     80.8
     1     1    14     9    15     5     0     1   -50.0   52.654    3.065    950.1    907.8    283.3      0.0     80.8
     1     1    14     9    15     4     0     2   -51.0   52.567    3.229    944.9    908.3    283.4      0.0     80.8
     1     1    14     9    15     3     0     3   -52.0   52.485    3.383    925.7    910.7    283.5      0.0     80.2
     1     1    14     9    15     2     0     2   -53.0   52.415    3.538    905.6    914.5    283.8      0.0     80.8
     1     1    14     9    15     1     0     1   -54.0   52.366    3.707    892.5    916.3    283.9      0.0     81.5
     1     1    14     9    15     0     0     0   -55.0   52.332    3.884    883.4    917.5    284.0      0.0     82.2
     1     1    14     9    14    23     0     1   -56.0   52.307    4.051    882.8    918.5    284.2      0.0     81.2
     1     1    14     9    14    22     0     2   -57.0   52.285    4.193    897.3    917.2    284.2      0.0     80.3
     1     1    14     9    14    21     0     3   -58.0   52.268    4.305    928.0    913.9    284.1      0.0     79.4
     1     1    14     9    14    20     0     2   -59.0   52.260    4.411    964.2    908.7    283.8      0.0     80.9
     1     1    14     9    14    19     0     1   -60.0   52.260    4.533    993.8    905.3    283.5      0.0     82.6
     1     1    14     9    14    18     0     0   -61.0   52.267    4.672   1013.3    903.0    283.2      0.0     84.5
     1     1    14     9    14    17     0     1   -62.0   52.291    4.822   1017.4    902.4    283.2      0.0     84.8
     1     1    14     9    14    16     0     2   -63.0   52.346    4.977   1003.1    904.1    283.3      0.0     85.8
     1     1    14     9    14    15     0     3   -64.0   52.439    5.133    979.3    907.5    283.5      0.0     87.2
     1     1    14     9    14    14     0     2   -65.0   52.551    5.291    964.3    910.7    283.4      0.0     88.8
     1     1    14     9    14    13     0     1   -66.0   52.666    5.456    961.5    911.0    283.1      0.0     90.4
     1     1    14     9    14    12     0     0   -67.0   52.788    5.626    961.4    911.1    282.8      0.0     92.5
     1     1    14     9    14    11     0     1   -68.0   52.926    5.814    956.2    911.8    282.8      0.0     92.0
     1     1    14     9    14    10     0     2   -69.0   53.088    6.033    939.2    913.9    282.8      0.0     91.0
     1     1    14     9    14     9     0     3   -70.0   53.268    6.283    924.5    917.3    282.7      0.0     91.3
     1     1    14     9    14     8     0     2   -71.0   53.455    6.556    918.1    917.3    282.6      0.0     91.6
     1     1    14     9    14     7     0     1   -72.0   53.649    6.840    907.7    918.1    282.5      0.0     91.7
