     7     1
    GDAS    14     8    22     0     0
    GDAS    14     8    29     0     0
    GDAS    14     9     1     0     0
    GDAS    14     9     8     0     0
    GDAS    14     9    15     0     0
    GDAS    14     9    22     0     0
    GDAS    14     9    29     0     0
     1 BACKWARD OMEGA   
    14     9    23    19   56.467   -2.973   100.0
     4 PRESSURE AIR_TEMP RAINFALL RELHUMID
     1     1    14     9    23    19     0     1     0.0   56.467   -2.973    100.0    968.7    283.3      0.0     85.1
     1     1    14     9    23    18     0     0    -1.0   56.351   -3.245    142.1    966.9    283.6      0.0     82.3
     1     1    14     9    23    17     0     1    -2.0   56.240   -3.533    181.9    964.7    283.6      0.0     80.6
     1     1    14     9    23    16     0     2    -3.0   56.138   -3.809    216.2    964.9    283.6      0.0     78.7
     1     1    14     9    23    15     0     3    -4.0   56.038   -4.070    242.8    966.3    283.7      0.0     76.9
     1     1    14     9    23    14     0     2    -5.0   55.946   -4.306    251.1    966.0    283.4      0.0     78.9
     1     1    14     9    23    13     0     1    -6.0   55.866   -4.505    239.4    967.9    283.4      0.0     79.4
     1     1    14     9    23    12     0     0    -7.0   55.801   -4.673    217.3    971.3    283.7      0.0     78.9
     1     1    14     9    23    11     0     1    -8.0   55.750   -4.826    195.1    974.8    283.7      0.0     79.7
     1     1    14     9    23    10     0     2    -9.0   55.711   -4.976    179.5    977.2    283.7      0.0     80.0
     1     1    14     9    23     9     0     3   -10.0   55.681   -5.126    174.1    980.3    283.7      0.0     80.4
     1     1    14     9    23     8     0     2   -11.0   55.661   -5.293    176.2    981.7    283.7      0.0     81.2
     1     1    14     9    23     7     0     1   -12.0   55.655   -5.484    178.4    983.6    283.8      0.0     81.0
     1     1    14     9    23     6     0     0   -13.0   55.664   -5.693    177.2    986.0    284.0      0.0     79.8
     1     1    14     9    23     5     0     1   -14.0   55.677   -5.925    167.4    989.7    284.5      0.0     78.7
     1     1    14     9    23     4     0     2   -15.0   55.688   -6.196    150.6    993.9    285.0      0.0     77.4
     1     1    14     9    23     3     0     3   -16.0   55.696   -6.511    135.7    997.0    285.3      0.0     75.9
     1     1    14     9    23     2     0     2   -17.0   55.698   -6.849    126.9    999.1    285.6      0.0     76.5
     1     1    14     9    23     1     0     1   -18.0   55.696   -7.187    120.7   1000.3    285.8      0.0     76.3
     1     1    14     9    23     0     0     0   -19.0   55.699   -7.515    112.2   1001.7    286.1      0.0     75.5
     1     1    14     9    22    23     0     1   -20.0   55.710   -7.843     99.6   1003.4    286.3      0.0     75.4
     1     1    14     9    22    22     0     2   -21.0   55.728   -8.182     84.1   1006.7    286.7      0.0     74.1
     1     1    14     9    22    21     0     3   -22.0   55.756   -8.533     71.4   1010.6    287.1      0.0     72.2
     1     1    14     9    22    20     0     2   -23.0   55.785   -8.898     64.3   1013.2    287.4      0.7     72.8
     1     1    14     9    22    19     0     1   -24.0   55.805   -9.280     60.7   1014.0    287.5      1.1     73.1
     1     1    14     9    22    18     0     0   -25.0   55.818   -9.689     58.9   1014.5    287.5      0.2     72.1
     1     1    14     9    22    17     0     1   -26.0   55.833  -10.101     59.2   1014.7    287.5      0.2     71.6
     1     1    14     9    22    16     0     2   -27.0   55.852  -10.496     60.6   1014.5    287.5      0.3     70.5
     1     1    14     9    22    15     0     3   -28.0   55.858  -10.893     61.8   1014.5    287.5      0.0     67.6
     1     1    14     9    22    14     0     2   -29.0   55.856  -11.286     62.8   1015.0    287.4      0.2     68.6
     1     1    14     9    22    13     0     1   -30.0   55.862  -11.659     64.1   1015.3    287.4      0.0     68.5
     1     1    14     9    22    12     0     0   -31.0   55.871  -12.013     65.5   1015.6    287.3      0.0     66.6
     1     1    14     9    22    11     0     1   -32.0   55.883  -12.358     67.4   1015.4    287.3      0.0     67.6
     1     1    14     9    22    10     0     2   -33.0   55.900  -12.706     71.2   1014.9    287.2      0.0     67.8
     1     1    14     9    22     9     0     3   -34.0   55.922  -13.057     78.4   1013.9    287.0      0.0     67.4
     1     1    14     9    22     8     0     2   -35.0   55.941  -13.417     87.3   1011.7    286.8      0.3     67.8
     1     1    14     9    22     7     0     1   -36.0   55.955  -13.788     95.6   1010.1    286.6      0.0     67.4
     1     1    14     9    22     6     0     0   -37.0   55.965  -14.170    102.5   1008.7    286.4      0.0     66.7
     1     1    14     9    22     5     0     1   -38.0   55.973  -14.573    107.2   1008.4    286.4      0.0     67.0
     1     1    14     9    22     4     0     2   -39.0   55.980  -15.003    109.0   1008.3    286.3      0.0     66.1
     1     1    14     9    22     3     0     3   -40.0   55.987  -15.459    109.1   1008.7    286.4      0.0     65.7
     1     1    14     9    22     2     0     2   -41.0   55.996  -15.929    109.9   1008.7    286.5      0.1     65.8
     1     1    14     9    22     1     0     1   -42.0   56.007  -16.409    112.4   1008.4    286.4      0.1     65.2
     1     1    14     9    22     0     0     0   -43.0   56.022  -16.899    116.4   1007.9    286.3      0.0     63.5
     1     1    14     9    21    23     0     1   -44.0   56.038  -17.399    122.1   1006.7    286.3      0.0     65.0
     1     1    14     9    21    22     0     2   -45.0   56.054  -17.902    129.5   1005.5    286.2      0.0     64.9
     1     1    14     9    21    21     0     3   -46.0   56.075  -18.406    138.9   1004.2    286.1      0.0     64.0
     1     1    14     9    21    20     0     2   -47.0   56.092  -18.936    149.9   1002.1    285.9      0.1     65.2
     1     1    14     9    21    19     0     1   -48.0   56.099  -19.527    161.8    999.9    285.7      0.2     65.9
     1     1    14     9    21    18     0     0   -49.0   56.104  -20.186    175.1    997.7    285.4      0.2     64.2
     1     1    14     9    21    17     0     1   -50.0   56.092  -20.903    189.7    994.8    285.0      0.2     66.5
     1     1    14     9    21    16     0     2   -51.0   56.061  -21.653    207.9    992.0    284.6      0.0     68.4
     1     1    14     9    21    15     0     3   -52.0   56.029  -22.419    230.8    988.2    284.1      0.0     67.9
     1     1    14     9    21    14     0     2   -53.0   55.977  -23.183    255.2    984.4    283.9      0.2     70.0
     1     1    14     9    21    13     0     1   -54.0   55.912  -23.977    277.9    980.3    283.2      0.5     71.6
     1     1    14     9    21    12     0     0   -55.0   55.845  -24.811    296.7    976.9    282.7      1.1     72.2
     1     1    14     9    21    11     0     1   -56.0   55.772  -25.678    314.5    973.4    282.4      1.5     75.0
     1     1    14     9    21    10     0     2   -57.0   55.763  -26.575    344.2    968.1    281.6      1.2     76.8
     1     1    14     9    21     9     0     3   -58.0   55.780  -27.455    368.0    963.8    281.2      1.3     76.0
     1     1    14     9    21     8     0     2   -59.0   55.779  -28.340    368.3    962.6    281.2      3.6     77.1
     1     1    14     9    21     7     0     1   -60.0   55.788  -29.283    375.5    960.9    280.5      4.6     77.9
     1     1    14     9    21     6     0     0   -61.0   55.783  -30.224    407.2    956.4    279.9      3.6     78.5
     1     1    14     9    21     5     0     1   -62.0   55.766  -31.113    440.8    951.5    279.3      2.0     79.3
     1     1    14     9    21     4     0     2   -63.0   55.745  -31.950    463.7    947.3    278.9      1.1     81.7
     1     1    14     9    21     3     0     3   -64.0   55.722  -32.751    459.9    946.5    279.1      0.8     81.1
     1     1    14     9    21     2     0     2   -65.0   55.717  -33.589    450.8    948.6    278.9      2.9     80.3
     1     1    14     9    21     1     0     1   -66.0   55.706  -34.449    479.7    943.5    278.3      2.9     82.1
     1     1    14     9    21     0     0     0   -67.0   55.668  -35.267    484.4    942.6    278.5      2.3     80.8
     1     1    14     9    20    23     0     1   -68.0   55.635  -36.089    483.4    943.0    278.4      1.6     78.4
     1     1    14     9    20    22     0     2   -69.0   55.608  -36.912    491.9    940.7    278.5      0.3     77.7
     1     1    14     9    20    21     0     3   -70.0   55.587  -37.735    496.9    940.6    278.7      0.0     77.6
     1     1    14     9    20    20     0     2   -71.0   55.563  -38.570    524.9    936.5    278.1      0.3     76.7
     1     1    14     9    20    19     0     1   -72.0   55.499  -39.375    550.2    932.6    277.8      0.3     77.5
