     7     1
    GDAS    14     8    22     0     0
    GDAS    14     8    29     0     0
    GDAS    14     9     1     0     0
    GDAS    14     9     8     0     0
    GDAS    14     9    15     0     0
    GDAS    14     9    22     0     0
    GDAS    14     9    29     0     0
     1 BACKWARD OMEGA   
    14     9    11     4   56.467   -2.973   100.0
     4 PRESSURE AIR_TEMP RAINFALL RELHUMID
     1     1    14     9    11     4     0     2     0.0   56.467   -2.973    100.0    979.1    283.8      0.0     90.5
     1     1    14     9    11     3     0     3    -1.0   56.381   -2.971    124.0    979.3    284.4      0.0     89.6
     1     1    14     9    11     2     0     2    -2.0   56.279   -2.946    148.9    980.8    284.7      0.0     88.0
     1     1    14     9    11     1     0     1    -3.0   56.163   -2.903    177.6    981.7    285.1      0.0     86.0
     1     1    14     9    11     0     0     0    -4.0   56.034   -2.840    211.3    982.5    285.6      0.0     83.7
     1     1    14     9    10    23     0     1    -5.0   55.897   -2.743    246.5    979.7    285.9      0.0     81.4
     1     1    14     9    10    22     0     2    -6.0   55.762   -2.606    277.5    976.1    285.8      0.0     80.0
     1     1    14     9    10    21     0     3    -7.0   55.634   -2.438    302.1    972.4    285.6      0.0     79.4
     1     1    14     9    10    20     0     2    -8.0   55.516   -2.264    316.9    968.8    285.5      0.0     79.6
     1     1    14     9    10    19     0     1    -9.0   55.408   -2.099    319.6    966.3    285.3      0.0     80.5
     1     1    14     9    10    18     0     0   -10.0   55.311   -1.931    310.8    966.4    285.3      0.0     81.0
     1     1    14     9    10    17     0     1   -11.0   55.228   -1.749    294.1    970.9    285.5      0.0     78.7
     1     1    14     9    10    16     0     2   -12.0   55.156   -1.547    276.3    977.2    285.7      0.0     76.2
     1     1    14     9    10    15     0     3   -13.0   55.096   -1.328    266.4    983.7    285.8      0.0     74.1
     1     1    14     9    10    14     0     2   -14.0   55.044   -1.107    273.3    988.8    285.6      0.0     74.5
     1     1    14     9    10    13     0     1   -15.0   54.997   -0.907    293.5    988.3    285.3      0.0     75.6
     1     1    14     9    10    12     0     0   -16.0   54.953   -0.734    314.7    984.7    285.2      0.0     76.7
     1     1    14     9    10    11     0     1   -17.0   54.908   -0.576    330.6    982.2    285.0      0.0     77.6
     1     1    14     9    10    10     0     2   -18.0   54.861   -0.414    341.1    980.5    284.9      0.0     78.6
     1     1    14     9    10     9     0     3   -19.0   54.813   -0.246    347.1    979.3    284.8      0.0     79.7
     1     1    14     9    10     8     0     2   -20.0   54.768   -0.078    348.9    978.6    284.7      0.0     79.1
     1     1    14     9    10     7     0     1   -21.0   54.743    0.060    351.2    980.6    284.2      0.0     78.1
     1     1    14     9    10     6     0     0   -22.0   54.740    0.168    354.2    979.7    284.1      0.0     78.8
     1     1    14     9    10     5     0     1   -23.0   54.743    0.263    355.8    979.6    284.2      0.0     78.4
     1     1    14     9    10     4     0     2   -24.0   54.749    0.342    357.3    979.3    284.3      0.0     78.1
     1     1    14     9    10     3     0     3   -25.0   54.755    0.408    358.0    979.0    284.4      0.0     77.9
     1     1    14     9    10     2     0     2   -26.0   54.764    0.465    358.2    979.1    284.5      0.0     78.0
     1     1    14     9    10     1     0     1   -27.0   54.777    0.519    358.3    979.2    284.5      0.0     78.2
     1     1    14     9    10     0     0     0   -28.0   54.793    0.572    357.9    979.3    284.5      0.0     78.5
     1     1    14     9     9    23     0     1   -29.0   54.818    0.616    357.4    979.4    284.5      0.0     79.4
     1     1    14     9     9    22     0     2   -30.0   54.858    0.642    357.6    979.4    284.4      0.0     80.3
     1     1    14     9     9    21     0     3   -31.0   54.915    0.651    358.4    979.4    284.4      0.0     81.2
     1     1    14     9     9    20     0     2   -32.0   54.981    0.644    359.3    979.0    284.4      0.0     81.5
     1     1    14     9     9    19     0     1   -33.0   55.044    0.619    360.4    978.7    284.4      0.0     81.3
     1     1    14     9     9    18     0     0   -34.0   55.105    0.577    362.8    978.3    284.4      0.0     80.9
     1     1    14     9     9    17     0     1   -35.0   55.157    0.509    372.2    977.6    284.2      0.0     80.6
     1     1    14     9     9    16     0     2   -36.0   55.197    0.409    394.6    974.9    284.0      0.0     80.1
     1     1    14     9     9    15     0     3   -37.0   55.221    0.279    431.3    970.8    283.8      0.0     79.5
     1     1    14     9     9    14     0     2   -38.0   55.232    0.132    476.8    964.6    283.3      0.0     80.7
     1     1    14     9     9    13     0     1   -39.0   55.216    0.020    518.8    959.3    282.9      0.0     82.1
     1     1    14     9     9    12     0     0   -40.0   55.196   -0.098    567.7    954.8    282.9      0.0     80.9
     1     1    14     9     9    11     0     1   -41.0   55.151   -0.179    617.9    949.2    282.4      0.0     81.6
     1     1    14     9     9    10     0     2   -42.0   55.109   -0.264    666.1    943.5    281.9      0.0     82.2
     1     1    14     9     9     9     0     3   -43.0   55.070   -0.348    712.0    938.2    281.4      0.0     82.8
     1     1    14     9     9     8     0     2   -44.0   55.041   -0.429    747.4    932.9    281.1      0.0     84.4
     1     1    14     9     9     7     0     1   -45.0   55.029   -0.511    763.3    930.8    280.9      0.0     85.5
     1     1    14     9     9     6     0     0   -46.0   55.033   -0.595    759.1    931.0    280.8      0.0     86.0
     1     1    14     9     9     5     0     1   -47.0   55.048   -0.689    747.3    933.8    281.2      0.0     84.7
     1     1    14     9     9     4     0     2   -48.0   55.068   -0.798    740.4    934.5    281.4      0.0     83.8
     1     1    14     9     9     3     0     3   -49.0   55.092   -0.925    738.3    934.7    281.5      0.0     83.2
     1     1    14     9     9     2     0     2   -50.0   55.128   -1.062    740.4    933.2    281.4      0.0     82.9
     1     1    14     9     9     1     0     1   -51.0   55.178   -1.202    745.5    929.6    281.3      0.0     83.5
     1     1    14     9     9     0     0     0   -52.0   55.236   -1.340    752.0    926.3    281.1      0.0     84.5
     1     1    14     9     8    23     0     1   -53.0   55.292   -1.479    762.0    923.2    281.0      0.0     85.4
     1     1    14     9     8    22     0     2   -54.0   55.340   -1.623    777.5    919.2    280.8      0.0     86.3
     1     1    14     9     8    21     0     3   -55.0   55.381   -1.772    797.5    915.0    280.7      0.0     87.2
     1     1    14     9     8    20     0     2   -56.0   55.411   -1.921    815.6    910.4    280.3      0.0     88.6
     1     1    14     9     8    19     0     1   -57.0   55.434   -2.063    826.6    908.5    280.1      0.0     89.4
     1     1    14     9     8    18     0     0   -58.0   55.452   -2.194    830.8    908.4    280.0      0.0     89.7
     1     1    14     9     8    17     0     1   -59.0   55.479   -2.315    823.4    909.1    280.2      0.0     89.5
     1     1    14     9     8    16     0     2   -60.0   55.523   -2.433    802.9    912.0    280.5      0.0     88.5
     1     1    14     9     8    15     0     3   -61.0   55.584   -2.558    774.3    915.7    280.8      0.0     87.3
     1     1    14     9     8    14     0     2   -62.0   55.647   -2.687    747.7    919.6    280.7      0.0     86.6
     1     1    14     9     8    13     0     1   -63.0   55.693   -2.815    730.1    921.2    280.5      0.0     86.6
     1     1    14     9     8    12     0     0   -64.0   55.717   -2.943    721.0    921.6    280.1      0.0     86.7
     1     1    14     9     8    11     0     1   -65.0   55.742   -3.053    716.9    921.0    279.9      0.0     86.1
     1     1    14     9     8    10     0     2   -66.0   55.797   -3.134    714.6    920.9    279.8      0.0     85.7
     1     1    14     9     8     9     0     3   -67.0   55.887   -3.191    714.2    920.7    279.5      0.0     85.7
     1     1    14     9     8     8     0     2   -68.0   56.008   -3.226    713.3    920.1    279.4      0.0     86.3
     1     1    14     9     8     7     0     1   -69.0   56.161   -3.252    726.6    914.6    279.1      0.0     87.0
     1     1    14     9     8     6     0     0   -70.0   56.358   -3.281    775.1    901.8    278.5      0.0     88.4
     1     1    14     9     8     5     0     1   -71.0   56.622   -3.344    872.6    882.0    277.9      0.0     89.1
     1     1    14     9     8     4     0     2   -72.0   56.951   -3.466   1047.2    850.4    277.4      0.0     86.1
