     7     1
    GDAS    14     8    22     0     0
    GDAS    14     8    29     0     0
    GDAS    14     9     1     0     0
    GDAS    14     9     8     0     0
    GDAS    14     9    15     0     0
    GDAS    14     9    22     0     0
    GDAS    14     9    29     0     0
     1 BACKWARD OMEGA   
    14     9    11    22   56.467   -2.973   100.0
     4 PRESSURE AIR_TEMP RAINFALL RELHUMID
     1     1    14     9    11    22     0     2     0.0   56.467   -2.973    100.0    981.9    285.7      0.0     89.8
     1     1    14     9    11    21     0     3    -1.0   56.433   -2.872    101.3    985.5    286.1      0.0     88.1
     1     1    14     9    11    20     0     2    -2.0   56.392   -2.768    101.9    988.7    286.7      0.0     85.3
     1     1    14     9    11    19     0     1    -3.0   56.345   -2.666     99.5    992.3    287.1      0.0     82.7
     1     1    14     9    11    18     0     0    -4.0   56.294   -2.559     94.1    996.3    287.5      0.0     80.2
     1     1    14     9    11    17     0     1    -5.0   56.234   -2.443     87.5   1000.6    287.7      0.0     78.0
     1     1    14     9    11    16     0     2    -6.0   56.161   -2.314     81.6   1004.5    287.8      0.0     76.3
     1     1    14     9    11    15     0     3    -7.0   56.081   -2.165     76.5   1007.6    287.6      0.0     75.3
     1     1    14     9    11    14     0     2    -8.0   55.994   -1.995     72.3   1010.8    287.0      0.0     77.0
     1     1    14     9    11    13     0     1    -9.0   55.904   -1.832     69.1   1010.9    287.0      0.0     78.8
     1     1    14     9    11    12     0     0   -10.0   55.812   -1.693     66.8   1011.3    287.1      0.0     80.2
     1     1    14     9    11    11     0     1   -11.0   55.719   -1.574     66.1   1010.8    287.0      0.0     82.4
     1     1    14     9    11    10     0     2   -12.0   55.624   -1.474     67.7   1010.0    286.7      0.0     84.7
     1     1    14     9    11     9     0     3   -13.0   55.527   -1.389     70.7   1009.2    286.4      0.0     87.2
     1     1    14     9    11     8     0     2   -14.0   55.431   -1.314     73.5   1009.1    286.1      0.0     88.0
     1     1    14     9    11     7     0     1   -15.0   55.339   -1.243     74.4   1009.6    285.8      0.0     88.8
     1     1    14     9    11     6     0     0   -16.0   55.252   -1.179     73.1   1010.6    285.7      0.0     89.6
     1     1    14     9    11     5     0     1   -17.0   55.166   -1.113     71.5   1012.2    286.0      0.0     88.8
     1     1    14     9    11     4     0     2   -18.0   55.077   -1.039     71.7   1013.7    286.4      0.0     87.9
     1     1    14     9    11     3     0     3   -19.0   54.987   -0.959     73.9   1014.1    286.6      0.0     87.0
     1     1    14     9    11     2     0     2   -20.0   54.897   -0.872     76.4   1012.7    286.3      0.0     87.0
     1     1    14     9    11     1     0     1   -21.0   54.806   -0.777     77.1   1011.7    286.0      0.0     86.9
     1     1    14     9    11     0     0     0   -22.0   54.714   -0.673     75.7   1011.0    285.8      0.0     86.8
     1     1    14     9    10    23     0     1   -23.0   54.628   -0.551     74.0   1010.8    285.8      0.0     84.6
     1     1    14     9    10    22     0     2   -24.0   54.552   -0.403     74.3   1010.2    285.8      0.0     82.3
     1     1    14     9    10    21     0     3   -25.0   54.485   -0.228     77.2   1009.3    286.0      0.0     80.0
     1     1    14     9    10    20     0     2   -26.0   54.425   -0.035     82.2   1007.9    286.5      0.0     77.9
     1     1    14     9    10    19     0     1   -27.0   54.387    0.156     84.4   1011.6    287.1      0.0     77.2
     1     1    14     9    10    18     0     0   -28.0   54.372    0.332     84.5   1012.1    287.2      0.0     76.9
     1     1    14     9    10    17     0     1   -29.0   54.368    0.491     86.0   1011.9    287.2      0.0     75.7
     1     1    14     9    10    16     0     2   -30.0   54.379    0.636     88.1   1011.7    287.2      0.0     74.9
     1     1    14     9    10    15     0     3   -31.0   54.403    0.770     90.3   1011.6    287.1      0.0     74.2
     1     1    14     9    10    14     0     2   -32.0   54.434    0.891     94.0   1011.6    287.0      0.0     74.6
     1     1    14     9    10    13     0     1   -33.0   54.463    0.998    100.8   1011.0    286.9      0.0     75.1
     1     1    14     9    10    12     0     0   -34.0   54.492    1.093    110.3   1010.0    286.7      0.0     75.5
     1     1    14     9    10    11     0     1   -35.0   54.526    1.181    121.0   1008.5    286.5      0.0     75.7
     1     1    14     9    10    10     0     2   -36.0   54.570    1.268    132.4   1007.1    286.3      0.0     76.0
     1     1    14     9    10     9     0     3   -37.0   54.623    1.350    145.4   1005.5    285.9      0.0     76.4
     1     1    14     9    10     8     0     2   -38.0   54.685    1.426    159.3   1003.3    285.6      0.0     77.2
     1     1    14     9    10     7     0     1   -39.0   54.755    1.496    173.2   1001.4    285.3      0.0     77.8
     1     1    14     9    10     6     0     0   -40.0   54.833    1.563    187.2    999.6    285.0      0.0     78.4
     1     1    14     9    10     5     0     1   -41.0   54.918    1.617    201.5    997.8    284.9      0.0     78.5
     1     1    14     9    10     4     0     2   -42.0   55.004    1.648    215.7    996.0    284.8      0.0     78.5
     1     1    14     9    10     3     0     3   -43.0   55.090    1.656    228.8    994.3    284.8      0.0     78.6
     1     1    14     9    10     2     0     2   -44.0   55.179    1.653    239.0    993.2    284.7      0.0     79.0
     1     1    14     9    10     1     0     1   -45.0   55.276    1.652    246.0    992.5    284.6      0.0     79.1
     1     1    14     9    10     0     0     0   -46.0   55.381    1.653    250.2    992.1    284.6      0.0     79.0
     1     1    14     9     9    23     0     1   -47.0   55.501    1.638    253.4    991.9    284.6      0.0     78.9
     1     1    14     9     9    22     0     2   -48.0   55.640    1.587    257.5    991.5    284.6      0.0     78.6
     1     1    14     9     9    21     0     3   -49.0   55.797    1.501    263.4    990.8    284.6      0.0     78.3
     1     1    14     9     9    20     0     2   -50.0   55.965    1.389    274.0    989.6    284.5      0.0     78.3
     1     1    14     9     9    19     0     1   -51.0   56.133    1.264    291.7    987.1    284.3      0.0     79.2
     1     1    14     9     9    18     0     0   -52.0   56.295    1.130    316.2    983.8    284.1      0.0     80.5
     1     1    14     9     9    17     0     1   -53.0   56.449    0.971    341.1    979.8    283.7      0.0     81.3
     1     1    14     9     9    16     0     2   -54.0   56.591    0.773    360.4    977.2    283.4      0.0     81.1
     1     1    14     9     9    15     0     3   -55.0   56.718    0.540    375.0    975.3    283.1      0.0     80.8
     1     1    14     9     9    14     0     2   -56.0   56.836    0.296    389.9    974.2    282.9      0.0     81.6
     1     1    14     9     9    13     0     1   -57.0   56.957    0.064    409.8    972.3    282.6      0.0     82.3
     1     1    14     9     9    12     0     0   -58.0   57.044   -0.122    435.1    970.0    282.4      0.0     82.2
     1     1    14     9     9    11     0     1   -59.0   57.104   -0.286    460.9    966.2    282.1      0.0     82.3
     1     1    14     9     9    10     0     2   -60.0   57.182   -0.492    483.8    963.3    281.9      0.0     82.7
     1     1    14     9     9     9     0     3   -61.0   57.279   -0.739    504.4    960.8    281.8      0.0     83.6
     1     1    14     9     9     8     0     2   -62.0   57.394   -1.014    524.2    958.2    281.6      0.0     85.1
     1     1    14     9     9     7     0     1   -63.0   57.517   -1.294    540.4    955.6    281.4      0.0     85.4
     1     1    14     9     9     6     0     0   -64.0   57.641   -1.573    548.6    954.2    281.3      0.0     85.4
     1     1    14     9     9     5     0     1   -65.0   57.769   -1.868    553.0    954.4    281.3      0.0     86.0
     1     1    14     9     9     4     0     2   -66.0   57.900   -2.192    564.1    953.4    281.1      0.0     86.8
     1     1    14     9     9     3     0     3   -67.0   58.031   -2.536    591.7    953.1    280.9      0.0     86.8
     1     1    14     9     9     2     0     2   -68.0   58.154   -2.885    631.8    948.8    280.8      0.0     85.5
     1     1    14     9     9     1     0     1   -69.0   58.266   -3.235    670.4    940.4    280.3      0.0     85.8
     1     1    14     9     9     0     0     0   -70.0   58.368   -3.592    702.0    932.5    279.8      0.0     86.4
     1     1    14     9     8    23     0     1   -71.0   58.459   -3.962    726.0    926.8    279.4      0.0     87.2
     1     1    14     9     8    22     0     2   -72.0   58.528   -4.345    742.9    922.7    279.0      0.0     88.3
