     7     1
    GDAS    14     8    22     0     0
    GDAS    14     8    29     0     0
    GDAS    14     9     1     0     0
    GDAS    14     9     8     0     0
    GDAS    14     9    15     0     0
    GDAS    14     9    22     0     0
    GDAS    14     9    29     0     0
     1 BACKWARD OMEGA   
    14     9    15    13   56.467   -2.973   100.0
     4 PRESSURE AIR_TEMP RAINFALL RELHUMID
     1     1    14     9    15    13     0     1     0.0   56.467   -2.973    100.0    978.9    284.6      0.2     98.6
     1     1    14     9    15    12     0     0    -1.0   56.595   -2.817     53.1    988.4    284.9      0.0     98.1
     1     1    14     9    15    11     0     1    -2.0   56.716   -2.667     29.0    993.2    285.1      0.0     97.7
     1     1    14     9    15    10     0     2    -3.0   56.838   -2.514     17.1    998.1    285.3      0.0     97.0
     1     1    14     9    15     9     0     3    -4.0   56.971   -2.353     10.6   1003.9    285.7      0.0     95.8
     1     1    14     9    15     8     0     2    -5.0   57.106   -2.167      7.0   1014.7    285.9      0.0     94.2
     1     1    14     9    15     7     0     1    -6.0   57.237   -1.930      4.0   1023.1    286.2      0.0     91.7
     1     1    14     9    15     6     0     0    -7.0   57.359   -1.634      1.7   1024.4    286.2      0.0     89.2
     1     1    14     9    15     5     0     1    -8.0   57.472   -1.288      0.3   1024.8    286.4      0.0     86.0
     1     1    14     9    15     4     0     2    -9.0   57.577   -0.914      0.0   1025.2    286.5      0.0     82.9
     1     1    14     9    15     3     0     3   -10.0   57.664   -0.543      0.0   1025.6    286.4      0.0     80.7
     1     1    14     9    15     2     0     2   -11.0   57.733   -0.186      0.0   1026.0    286.4      0.0     80.2
     1     1    14     9    15     1     0     1   -12.0   57.805    0.176      0.0   1026.3    286.7      0.0     79.9
     1     1    14     9    15     0     0     0   -13.0   57.888    0.535      0.0   1026.3    286.8      0.0     78.6
     1     1    14     9    14    23     0     1   -14.0   57.968    0.871      0.0   1026.7    286.9      0.0     77.4
     1     1    14     9    14    22     0     2   -15.0   58.048    1.184      0.3   1027.0    287.0      0.0     76.1
     1     1    14     9    14    21     0     3   -16.0   58.131    1.470      0.7   1027.4    287.1      0.0     74.7
     1     1    14     9    14    20     0     2   -17.0   58.216    1.735      1.1   1027.6    287.3      0.0     75.4
     1     1    14     9    14    19     0     1   -18.0   58.300    1.982      1.4   1027.9    287.4      0.0     75.8
     1     1    14     9    14    18     0     0   -19.0   58.385    2.206      1.5   1028.2    287.4      0.0     76.6
     1     1    14     9    14    17     0     1   -20.0   58.476    2.406      1.6   1028.4    287.4      0.0     78.4
     1     1    14     9    14    16     0     2   -21.0   58.576    2.576      1.9   1028.7    287.4      0.0     80.1
     1     1    14     9    14    15     0     3   -22.0   58.681    2.715      2.4   1029.0    287.5      0.0     81.6
     1     1    14     9    14    14     0     2   -23.0   58.786    2.824      3.1   1029.4    287.5      0.0     82.4
     1     1    14     9    14    13     0     1   -24.0   58.882    2.912      3.6   1029.7    287.5      0.0     83.2
     1     1    14     9    14    12     0     0   -25.0   58.972    2.984      4.0   1030.0    287.5      0.0     83.9
     1     1    14     9    14    11     0     1   -26.0   59.057    3.050      4.3   1030.3    287.6      0.0     84.3
     1     1    14     9    14    10     0     2   -27.0   59.143    3.121      4.4   1030.6    287.7      0.0     84.6
     1     1    14     9    14     9     0     3   -28.0   59.228    3.196      4.5   1030.8    287.8      0.0     84.9
     1     1    14     9    14     8     0     2   -29.0   59.313    3.269      4.6   1029.7    287.7      0.0     85.1
     1     1    14     9    14     7     0     1   -30.0   59.398    3.338      4.8   1028.8    287.7      0.0     85.4
     1     1    14     9    14     6     0     0   -31.0   59.482    3.403      5.2   1028.0    287.7      0.0     85.7
     1     1    14     9    14     5     0     1   -32.0   59.569    3.451      5.7   1028.2    287.7      0.0     84.1
     1     1    14     9    14     4     0     2   -33.0   59.660    3.467      6.3   1028.4    287.7      0.0     82.3
     1     1    14     9    14     3     0     3   -34.0   59.753    3.453      6.9   1028.6    287.6      0.0     80.5
     1     1    14     9    14     2     0     2   -35.0   59.837    3.421      7.5   1028.9    287.6      0.0     80.0
     1     1    14     9    14     1     0     1   -36.0   59.899    3.388      8.0   1029.0    287.6      0.0     79.4
     1     1    14     9    14     0     0     0   -37.0   59.944    3.356      8.3   1029.0    287.6      0.0     78.9
     1     1    14     9    13    23     0     1   -38.0   59.976    3.320      8.5   1029.1    287.7      0.0     79.3
     1     1    14     9    13    22     0     2   -39.0   60.000    3.271      8.7   1029.3    287.7      0.0     79.7
     1     1    14     9    13    21     0     3   -40.0   60.015    3.212      8.8   1029.5    287.7      0.0     80.1
     1     1    14     9    13    20     0     2   -41.0   60.022    3.144      8.9   1029.8    287.6      0.0     80.4
     1     1    14     9    13    19     0     1   -42.0   60.019    3.066      8.8   1030.1    287.5      0.0     80.7
     1     1    14     9    13    18     0     0   -43.0   60.006    2.978      8.6   1030.4    287.3      0.0     81.1
     1     1    14     9    13    17     0     1   -44.0   59.980    2.875      8.3   1030.6    287.3      0.0     81.0
     1     1    14     9    13    16     0     2   -45.0   59.937    2.756      8.2   1030.7    287.3      0.0     80.7
     1     1    14     9    13    15     0     3   -46.0   59.875    2.625      8.3   1030.9    287.3      0.0     80.2
     1     1    14     9    13    14     0     2   -47.0   59.800    2.495      8.5   1031.2    287.4      0.0     80.6
     1     1    14     9    13    13     0     1   -48.0   59.717    2.376      8.8   1031.6    287.4      0.0     80.9
     1     1    14     9    13    12     0     0   -49.0   59.627    2.269      9.2   1032.0    287.3      0.0     81.0
     1     1    14     9    13    11     0     1   -50.0   59.529    2.178      9.6   1030.6    287.3      0.0     81.1
     1     1    14     9    13    10     0     2   -51.0   59.422    2.110      9.9   1029.2    287.2      0.0     81.5
     1     1    14     9    13     9     0     3   -52.0   59.309    2.066     10.2   1027.8    287.0      0.0     82.1
     1     1    14     9    13     8     0     2   -53.0   59.197    2.038     10.4   1028.1    287.1      0.0     81.8
     1     1    14     9    13     7     0     1   -54.0   59.093    2.019     10.6   1028.5    287.1      0.0     81.4
     1     1    14     9    13     6     0     0   -55.0   58.996    2.005     10.6   1028.8    287.1      0.0     81.0
     1     1    14     9    13     5     0     1   -56.0   58.902    1.988     10.8   1028.6    287.1      0.0     80.0
     1     1    14     9    13     4     0     2   -57.0   58.810    1.960     11.2   1028.3    287.1      0.0     79.2
     1     1    14     9    13     3     0     3   -58.0   58.718    1.921     12.1   1027.9    287.1      0.0     78.6
     1     1    14     9    13     2     0     2   -59.0   58.629    1.879     13.1   1027.9    287.1      0.0     78.1
     1     1    14     9    13     1     0     1   -60.0   58.543    1.840     14.2   1028.0    287.1      0.0     77.7
     1     1    14     9    13     0     0     0   -61.0   58.462    1.803     15.1   1028.1    287.1      0.0     77.2
     1     1    14     9    12    23     0     1   -62.0   58.383    1.768     16.1   1026.9    287.1      0.0     77.7
     1     1    14     9    12    22     0     2   -63.0   58.307    1.733     17.0   1025.7    287.2      0.0     78.4
     1     1    14     9    12    21     0     3   -64.0   58.231    1.699     18.0   1024.6    287.2      0.0     79.2
     1     1    14     9    12    20     0     2   -65.0   58.160    1.664     18.9   1024.6    287.2      0.0     79.0
     1     1    14     9    12    19     0     1   -66.0   58.100    1.632     19.5   1024.8    287.2      0.0     78.7
     1     1    14     9    12    18     0     0   -67.0   58.050    1.603     19.7   1025.0    287.2      0.0     78.3
     1     1    14     9    12    17     0     1   -68.0   58.003    1.569     19.9   1024.2    287.1      0.0     79.4
     1     1    14     9    12    16     0     2   -69.0   57.952    1.522     20.4   1023.3    287.1      0.0     80.5
     1     1    14     9    12    15     0     3   -70.0   57.896    1.461     21.3   1022.5    287.1      0.0     81.8
     1     1    14     9    12    14     0     2   -71.0   57.838    1.398     22.3   1023.7    287.1      0.0     81.8
     1     1    14     9    12    13     0     1   -72.0   57.783    1.341     22.8   1024.9    287.0      0.0     81.8
