     7     1
    GDAS    14     8    22     0     0
    GDAS    14     8    29     0     0
    GDAS    14     9     1     0     0
    GDAS    14     9     8     0     0
    GDAS    14     9    15     0     0
    GDAS    14     9    22     0     0
    GDAS    14     9    29     0     0
     1 BACKWARD OMEGA   
    14     9    12     3   56.467   -2.973   100.0
     4 PRESSURE AIR_TEMP RAINFALL RELHUMID
     1     1    14     9    12     3     0     3     0.0   56.467   -2.973    100.0    981.8    283.6      0.0     93.0
     1     1    14     9    12     2     0     2    -1.0   56.435   -2.894     99.9    985.1    284.3      0.0     91.4
     1     1    14     9    12     1     0     1    -2.0   56.397   -2.813     99.6    988.6    284.9      0.0     89.7
     1     1    14     9    12     0     0     0    -3.0   56.351   -2.729     99.1    992.1    285.4      0.0     87.9
     1     1    14     9    11    23     0     1    -4.0   56.297   -2.636     99.6    995.4    285.9      0.0     86.1
     1     1    14     9    11    22     0     2    -5.0   56.232   -2.532    102.6    998.5    286.3      0.0     83.9
     1     1    14     9    11    21     0     3    -6.0   56.153   -2.414    109.2   1001.1    286.6      0.0     81.2
     1     1    14     9    11    20     0     2    -7.0   56.063   -2.284    116.5   1002.6    287.0      0.0     78.4
     1     1    14     9    11    19     0     1    -8.0   55.967   -2.139    120.1   1003.5    287.1      0.0     76.3
     1     1    14     9    11    18     0     0    -9.0   55.869   -1.979    118.6   1002.8    287.1      0.0     75.3
     1     1    14     9    11    17     0     1   -10.0   55.774   -1.814    113.8   1002.7    287.1      0.0     75.4
     1     1    14     9    11    16     0     2   -11.0   55.684   -1.651    110.2   1003.0    287.2      0.0     75.4
     1     1    14     9    11    15     0     3   -12.0   55.599   -1.486    110.1   1003.6    287.2      0.0     75.7
     1     1    14     9    11    14     0     2   -13.0   55.513   -1.324    114.7   1005.1    286.8      0.0     77.4
     1     1    14     9    11    13     0     1   -14.0   55.426   -1.170    124.5   1006.6    286.5      0.0     78.9
     1     1    14     9    11    12     0     0   -15.0   55.338   -1.024    140.8   1007.9    286.0      0.0     80.3
     1     1    14     9    11    11     0     1   -16.0   55.250   -0.890    161.5   1004.8    285.7      0.0     82.4
     1     1    14     9    11    10     0     2   -17.0   55.160   -0.769    181.7   1001.6    285.3      0.0     84.9
     1     1    14     9    11     9     0     3   -18.0   55.069   -0.661    198.7    999.1    285.0      0.0     87.8
     1     1    14     9    11     8     0     2   -19.0   54.981   -0.562    209.8    997.2    284.8      0.0     88.4
     1     1    14     9    11     7     0     1   -20.0   54.901   -0.472    212.2    996.0    284.6      0.0     88.9
     1     1    14     9    11     6     0     0   -21.0   54.829   -0.392    206.3    996.0    284.5      0.0     89.7
     1     1    14     9    11     5     0     1   -22.0   54.759   -0.314    199.1    997.0    284.8      0.0     89.0
     1     1    14     9    11     4     0     2   -23.0   54.689   -0.232    196.8    996.7    284.9      0.0     88.2
     1     1    14     9    11     3     0     3   -24.0   54.619   -0.143    198.9    995.8    285.0      0.0     87.4
     1     1    14     9    11     2     0     2   -25.0   54.546   -0.047    201.0    994.5    285.0      0.0     87.1
     1     1    14     9    11     1     0     1   -26.0   54.494    0.070    199.5    998.4    285.4      0.0     84.1
     1     1    14     9    11     0     0     0   -27.0   54.462    0.211    196.3    999.0    285.5      0.0     83.7
     1     1    14     9    10    23     0     1   -28.0   54.442    0.369    194.0    999.4    285.6      0.0     81.2
     1     1    14     9    10    22     0     2   -29.0   54.449    0.546    194.9    999.3    285.7      0.0     79.0
     1     1    14     9    10    21     0     3   -30.0   54.487    0.738    199.3    998.7    285.7      0.0     77.0
     1     1    14     9    10    20     0     2   -31.0   54.543    0.922    208.3    997.8    285.7      0.0     77.0
     1     1    14     9    10    19     0     1   -32.0   54.602    1.078    221.2    996.2    285.5      0.0     77.1
     1     1    14     9    10    18     0     0   -33.0   54.662    1.209    235.9    994.5    285.4      0.0     77.1
     1     1    14     9    10    17     0     1   -34.0   54.726    1.323    250.2    992.8    285.1      0.0     77.0
     1     1    14     9    10    16     0     2   -35.0   54.800    1.429    262.6    991.6    284.8      0.0     77.0
     1     1    14     9    10    15     0     3   -36.0   54.882    1.526    273.5    990.2    284.6      0.0     77.3
     1     1    14     9    10    14     0     2   -37.0   54.970    1.611    284.3    989.1    284.4      0.0     78.0
     1     1    14     9    10    13     0     1   -38.0   55.061    1.684    295.9    987.8    284.2      0.0     79.1
     1     1    14     9    10    12     0     0   -39.0   55.154    1.742    307.7    986.4    284.1      0.0     80.2
     1     1    14     9    10    11     0     1   -40.0   55.249    1.787    321.0    984.7    283.8      0.0     81.4
     1     1    14     9    10    10     0     2   -41.0   55.347    1.822    337.2    982.5    283.6      0.0     82.6
     1     1    14     9    10     9     0     3   -42.0   55.445    1.846    356.2    980.0    283.3      0.0     83.8
     1     1    14     9    10     8     0     2   -43.0   55.546    1.864    376.7    977.5    283.0      0.0     85.0
     1     1    14     9    10     7     0     1   -44.0   55.654    1.881    397.0    975.2    282.8      0.0     86.1
     1     1    14     9    10     6     0     0   -45.0   55.768    1.896    417.6    972.9    282.5      0.0     87.4
     1     1    14     9    10     5     0     1   -46.0   55.890    1.898    435.9    970.3    282.4      0.0     88.0
     1     1    14     9    10     4     0     2   -47.0   56.016    1.881    449.2    968.5    282.4      0.0     87.8
     1     1    14     9    10     3     0     3   -48.0   56.150    1.843    457.8    967.3    282.4      0.0     87.0
     1     1    14     9    10     2     0     2   -49.0   56.292    1.798    464.6    966.7    282.4      0.0     86.2
     1     1    14     9    10     1     0     1   -50.0   56.444    1.758    471.9    965.9    282.3      0.0     86.0
     1     1    14     9    10     0     0     0   -51.0   56.607    1.721    480.5    964.9    282.2      0.0     86.3
     1     1    14     9     9    23     0     1   -52.0   56.785    1.664    493.1    963.6    282.2      0.0     86.3
     1     1    14     9     9    22     0     2   -53.0   56.977    1.566    512.0    961.2    282.1      0.0     86.2
     1     1    14     9     9    21     0     3   -54.0   57.178    1.433    535.9    958.2    281.9      0.0     85.7
     1     1    14     9     9    20     0     2   -55.0   57.378    1.277    563.5    954.9    281.7      0.0     86.1
     1     1    14     9     9    19     0     1   -56.0   57.568    1.109    595.0    951.2    281.4      0.0     87.2
     1     1    14     9     9    18     0     0   -57.0   57.748    0.932    631.0    947.1    281.1      0.0     88.5
     1     1    14     9     9    17     0     1   -58.0   57.920    0.737    666.3    941.8    280.7      0.0     85.6
     1     1    14     9     9    16     0     2   -59.0   58.085    0.516    695.9    937.9    280.4      0.0     84.0
     1     1    14     9     9    15     0     3   -60.0   58.238    0.273    720.7    934.6    280.1      0.0     83.9
     1     1    14     9     9    14     0     2   -61.0   58.381    0.026    741.5    932.3    279.9      0.0     83.9
     1     1    14     9     9    13     0     1   -62.0   58.490   -0.206    762.6    930.7    279.8      0.0     78.4
     1     1    14     9     9    12     0     0   -63.0   58.574   -0.425    781.8    927.8    279.5      0.0     80.4
     1     1    14     9     9    11     0     1   -64.0   58.670   -0.662    796.1    926.6    279.5      0.0     82.3
     1     1    14     9     9    10     0     2   -65.0   58.781   -0.949    809.0    925.0    279.5      0.0     83.9
     1     1    14     9     9     9     0     3   -66.0   58.900   -1.289    820.9    923.7    279.5      0.0     84.5
     1     1    14     9     9     8     0     2   -67.0   59.013   -1.657    831.6    922.1    279.3      0.0     85.0
     1     1    14     9     9     7     0     1   -68.0   59.115   -2.030    839.7    921.0    279.2      0.0     85.3
     1     1    14     9     9     6     0     0   -69.0   59.204   -2.411    846.3    919.9    279.1      0.0     85.4
     1     1    14     9     9     5     0     1   -70.0   59.287   -2.800    853.2    919.6    279.0      0.0     86.0
     1     1    14     9     9     4     0     2   -71.0   59.364   -3.194    862.8    918.6    278.8      0.0     86.7
     1     1    14     9     9     3     0     3   -72.0   59.432   -3.587    874.8    917.5    278.5      0.0     86.4
