     7     1
    GDAS    14     8    22     0     0
    GDAS    14     8    29     0     0
    GDAS    14     9     1     0     0
    GDAS    14     9     8     0     0
    GDAS    14     9    15     0     0
    GDAS    14     9    22     0     0
    GDAS    14     9    29     0     0
     1 BACKWARD OMEGA   
    14     9    18     9   56.467   -2.973   100.0
     4 PRESSURE AIR_TEMP RAINFALL RELHUMID
     1     1    14     9    18     9     0     3     0.0   56.467   -2.973    100.0    972.0    286.4      0.3     97.7
     1     1    14     9    18     8     0     2    -1.0   56.442   -2.797     69.1    982.5    286.5      0.3     97.3
     1     1    14     9    18     7     0     1    -2.0   56.413   -2.624     48.8    989.7    286.5      0.3     97.1
     1     1    14     9    18     6     0     0    -3.0   56.381   -2.449     35.0    996.1    286.6      0.0     96.9
     1     1    14     9    18     5     0     1    -4.0   56.345   -2.264     25.4   1002.2    286.7      0.0     96.8
     1     1    14     9    18     4     0     2    -5.0   56.303   -2.064     18.7   1007.9    286.9      0.0     97.0
     1     1    14     9    18     3     0     3    -6.0   56.255   -1.846     14.5   1010.6    286.8      0.0     97.4
     1     1    14     9    18     2     0     2    -7.0   56.210   -1.617     12.0   1012.0    286.8      0.0     97.4
     1     1    14     9    18     1     0     1    -8.0   56.173   -1.381     10.7   1013.3    286.9      0.0     97.4
     1     1    14     9    18     0     0     0    -9.0   56.140   -1.134     10.3   1014.5    286.9      0.0     97.4
     1     1    14     9    17    23     0     1   -10.0   56.105   -0.878     10.8   1014.9    287.0      0.0     96.8
     1     1    14     9    17    22     0     2   -11.0   56.070   -0.622     11.6   1014.6    286.9      0.0     96.4
     1     1    14     9    17    21     0     3   -12.0   56.039   -0.374     12.8   1014.4    286.9      0.0     96.0
     1     1    14     9    17    20     0     2   -13.0   56.021   -0.145     14.1   1014.1    287.0      0.2     96.0
     1     1    14     9    17    19     0     1   -14.0   55.987    0.104     14.6   1013.7    287.2      0.2     96.3
     1     1    14     9    17    18     0     0   -15.0   55.928    0.393     14.3   1013.9    287.2      0.2     96.3
     1     1    14     9    17    17     0     1   -16.0   55.862    0.699     14.1   1013.7    287.4      0.0     96.2
     1     1    14     9    17    16     0     2   -17.0   55.782    1.033     14.0   1013.5    287.6      0.0     95.8
     1     1    14     9    17    15     0     3   -18.0   55.695    1.392     14.1   1013.3    287.7      0.0     95.4
     1     1    14     9    17    14     0     2   -19.0   55.610    1.760     14.4   1013.5    287.9      0.7     95.6
     1     1    14     9    17    13     0     1   -20.0   55.527    2.130     14.5   1013.8    288.0      0.8     95.7
     1     1    14     9    17    12     0     0   -21.0   55.440    2.502     13.9   1013.9    288.2      1.0     95.7
     1     1    14     9    17    11     0     1   -22.0   55.346    2.877     12.6   1013.5    288.4      1.1     95.3
     1     1    14     9    17    10     0     2   -23.0   55.239    3.259     11.4   1013.6    288.6      1.2     94.8
     1     1    14     9    17     9     0     3   -24.0   55.112    3.646     10.4   1014.6    288.9      0.5     95.0
     1     1    14     9    17     8     0     2   -25.0   54.980    4.049      9.6   1015.2    289.3      0.0     94.8
     1     1    14     9    17     7     0     1   -26.0   54.867    4.483      8.8   1014.6    289.5      0.0     93.7
     1     1    14     9    17     6     0     0   -27.0   54.773    4.946      8.2   1014.2    289.5      0.5     93.1
     1     1    14     9    17     5     0     1   -28.0   54.684    5.424      7.8   1014.3    289.8      0.5     91.0
     1     1    14     9    17     4     0     2   -29.0   54.590    5.900      7.3   1014.9    290.1      0.6     89.6
     1     1    14     9    17     3     0     3   -30.0   54.491    6.367      6.6   1015.1    290.2      0.5     86.8
     1     1    14     9    17     2     0     2   -31.0   54.393    6.836      5.9   1015.2    290.3      1.9     83.0
     1     1    14     9    17     1     0     1   -32.0   54.307    7.317      5.5   1016.0    290.4      2.0     81.3
     1     1    14     9    17     0     0     0   -33.0   54.237    7.807      5.5   1016.5    290.4      0.0     80.2
     1     1    14     9    16    23     0     1   -34.0   54.187    8.269      6.0   1016.3    290.0      0.1     79.3
     1     1    14     9    16    22     0     2   -35.0   54.156    8.664      6.9   1015.8    289.6      0.0     78.5
     1     1    14     9    16    21     0     3   -36.0   54.141    8.995      8.4   1015.3    289.5      0.0     77.9
     1     1    14     9    16    20     0     2   -37.0   54.138    9.289     10.1   1015.3    289.8      0.0     76.1
     1     1    14     9    16    19     0     1   -38.0   54.147    9.568     11.2   1015.2    290.1      0.0     74.6
     1     1    14     9    16    18     0     0   -39.0   54.164    9.841     11.5   1015.2    290.3      0.0     73.4
     1     1    14     9    16    17     0     1   -40.0   54.180   10.122     11.3   1015.1    291.8      0.0     68.0
     1     1    14     9    16    16     0     2   -41.0   54.183   10.420     10.4   1015.0    293.2      0.0     62.1
     1     1    14     9    16    15     0     3   -42.0   54.177   10.734      8.7   1014.8    294.7      0.0     56.4
     1     1    14     9    16    14     0     2   -43.0   54.165   11.053      6.1   1015.8    295.0      0.0     56.4
     1     1    14     9    16    13     0     1   -44.0   54.152   11.365      3.5   1016.8    295.7      0.0     57.0
     1     1    14     9    16    12     0     0   -45.0   54.137   11.666      1.5   1017.8    296.7      0.0     57.1
     1     1    14     9    16    11     0     1   -46.0   54.122   11.964      0.3   1017.9    296.2      0.0     59.8
     1     1    14     9    16    10     0     2   -47.0   54.111   12.266      0.0   1018.0    295.2      0.0     62.6
     1     1    14     9    16     9     0     3   -48.0   54.105   12.570      0.0   1018.2    294.3      0.0     65.2
     1     1    14     9    16     8     0     2   -49.0   54.100   12.861      0.0   1017.9    292.6      0.0     68.2
     1     1    14     9    16     7     0     1   -50.0   54.095   13.133      0.0   1018.1    290.7      0.0     70.4
     1     1    14     9    16     6     0     0   -51.0   54.087   13.407      0.0   1018.7    289.3      0.0     71.6
     1     1    14     9    16     5     0     1   -52.0   54.069   13.703      0.0   1020.0    289.4      0.0     69.1
     1     1    14     9    16     4     0     2   -53.0   54.033   14.024      0.0   1021.4    289.7      0.0     66.4
     1     1    14     9    16     3     0     3   -54.0   53.984   14.335      0.3   1020.4    289.2      0.0     63.8
     1     1    14     9    16     2     0     2   -55.0   53.934   14.622      1.3   1018.9    288.8      0.0     63.2
     1     1    14     9    16     1     0     1   -56.0   53.886   14.897      2.8   1017.6    288.6      0.0     62.9
     1     1    14     9    16     0     0     0   -57.0   53.838   15.160      4.9   1016.5    288.4      0.0     63.2
     1     1    14     9    15    23     0     1   -58.0   53.797   15.415      7.4   1015.5    288.4      0.0     63.1
     1     1    14     9    15    22     0     2   -59.0   53.773   15.664     10.2   1014.8    288.5      0.0     63.3
     1     1    14     9    15    21     0     3   -60.0   53.765   15.912     13.9   1013.8    288.6      0.0     64.0
     1     1    14     9    15    20     0     2   -61.0   53.768   16.168     19.0   1011.0    289.2      0.0     62.9
     1     1    14     9    15    19     0     1   -62.0   53.781   16.436     24.7   1007.6    289.9      0.0     62.6
     1     1    14     9    15    18     0     0   -63.0   53.804   16.723     29.4   1004.2    290.6      0.0     63.0
     1     1    14     9    15    17     0     1   -64.0   53.829   17.019     31.4   1001.1    292.4      0.0     58.4
     1     1    14     9    15    16     0     2   -65.0   53.849   17.305     30.3   1000.7    294.0      0.0     53.3
     1     1    14     9    15    15     0     3   -66.0   53.870   17.577     26.4   1000.5    295.7      0.0     49.0
     1     1    14     9    15    14     0     2   -67.0   53.889   17.840     21.2   1001.4    296.0      0.0     49.0
     1     1    14     9    15    13     0     1   -68.0   53.901   18.089     16.6   1003.7    296.8      0.0     48.6
     1     1    14     9    15    12     0     0   -69.0   53.908   18.319     13.4   1008.4    298.0      0.0     48.0
     1     1    14     9    15    11     0     1   -70.0   53.912   18.532     11.2   1011.7    297.3      0.0     52.9
     1     1    14     9    15    10     0     2   -71.0   53.918   18.728      9.6   1015.0    296.5      0.0     57.4
     1     1    14     9    15     9     0     3   -72.0   53.920   18.912      8.4   1018.3    295.7      0.0     61.5
