     7     1
    GDAS    14     8    22     0     0
    GDAS    14     8    29     0     0
    GDAS    14     9     1     0     0
    GDAS    14     9     8     0     0
    GDAS    14     9    15     0     0
    GDAS    14     9    22     0     0
    GDAS    14     9    29     0     0
     1 BACKWARD OMEGA   
    14     9     8     2   56.467   -2.973   100.0
     4 PRESSURE AIR_TEMP RAINFALL RELHUMID
     1     1    14     9     8     2     0     2     0.0   56.467   -2.973    100.0    973.4    281.2      0.0     89.0
     1     1    14     9     8     1     0     1    -1.0   56.621   -3.295    193.8    956.2    280.7      0.0     90.6
     1     1    14     9     8     0     0     0    -2.0   56.882   -3.645    319.8    924.4    279.1      0.0     95.6
     1     1    14     9     7    23     0     1    -3.0   57.226   -4.008    428.9    909.4    278.1      0.0     96.8
     1     1    14     9     7    22     0     2    -4.0   57.566   -4.385    500.3    919.3    278.8      0.0     95.3
     1     1    14     9     7    21     0     3    -5.0   57.879   -4.771    509.9    920.2    278.9      0.0     96.6
     1     1    14     9     7    20     0     2    -6.0   58.159   -5.132    431.9    938.9    280.0      0.0     96.4
     1     1    14     9     7    19     0     1    -7.0   58.421   -5.438    341.8    969.9    282.1      0.0     90.6
     1     1    14     9     7    18     0     0    -8.0   58.702   -5.702    296.5    982.5    283.1      0.0     87.0
     1     1    14     9     7    17     0     1    -9.0   59.005   -5.976    282.9    985.2    283.2      0.0     86.7
     1     1    14     9     7    16     0     2   -10.0   59.306   -6.284    280.1    984.2    283.0      0.0     87.2
     1     1    14     9     7    15     0     3   -11.0   59.586   -6.620    279.3    984.4    282.9      0.0     88.1
     1     1    14     9     7    14     0     2   -12.0   59.845   -6.947    281.8    984.5    282.7      0.0     89.4
     1     1    14     9     7    13     0     1   -13.0   60.085   -7.224    287.0    983.7    282.5      0.0     90.4
     1     1    14     9     7    12     0     0   -14.0   60.302   -7.456    292.0    983.1    282.3      0.0     91.5
     1     1    14     9     7    11     0     1   -15.0   60.500   -7.663    297.1    982.7    282.3      0.0     91.9
     1     1    14     9     7    10     0     2   -16.0   60.687   -7.871    304.6    982.0    282.2      0.0     92.5
     1     1    14     9     7     9     0     3   -17.0   60.868   -8.079    318.0    980.7    282.1      0.0     93.3
     1     1    14     9     7     8     0     2   -18.0   61.042   -8.281    333.3    978.2    281.9      0.0     93.8
     1     1    14     9     7     7     0     1   -19.0   61.204   -8.478    343.7    976.9    281.8      0.0     94.2
     1     1    14     9     7     6     0     0   -20.0   61.356   -8.672    349.0    976.4    281.8      0.0     95.1
     1     1    14     9     7     5     0     1   -21.0   61.492   -8.889    350.6    976.4    281.9      0.0     94.7
     1     1    14     9     7     4     0     2   -22.0   61.607   -9.160    351.3    976.5    282.0      0.0     94.5
     1     1    14     9     7     3     0     3   -23.0   61.703   -9.483    355.1    976.3    282.1      0.0     94.3
     1     1    14     9     7     2     0     2   -24.0   61.779   -9.832    361.9    975.4    282.1      0.0     94.3
     1     1    14     9     7     1     0     1   -25.0   61.829  -10.178    364.6    974.7    282.0      0.0     94.5
     1     1    14     9     7     0     0     0   -26.0   61.860  -10.523    359.4    975.5    282.1      0.0     93.7
     1     1    14     9     6    23     0     1   -27.0   61.889  -10.866    351.8    977.0    282.4      0.0     93.0
     1     1    14     9     6    22     0     2   -28.0   61.931  -11.213    347.1    977.7    282.6      0.0     92.9
     1     1    14     9     6    21     0     3   -29.0   61.985  -11.572    345.6    977.8    282.7      0.0     92.2
     1     1    14     9     6    20     0     2   -30.0   62.045  -11.973    345.5    977.2    282.8      0.0     91.4
     1     1    14     9     6    19     0     1   -31.0   62.104  -12.443    345.3    976.8    282.8      0.0     91.0
     1     1    14     9     6    18     0     0   -32.0   62.157  -12.991    345.1    976.5    282.8      0.0     89.6
     1     1    14     9     6    17     0     1   -33.0   62.194  -13.591    347.8    976.5    282.7      0.0     90.2
     1     1    14     9     6    16     0     2   -34.0   62.214  -14.203    354.8    975.6    282.6      0.0     89.8
     1     1    14     9     6    15     0     3   -35.0   62.225  -14.827    363.2    974.6    282.6      0.0     90.2
     1     1    14     9     6    14     0     2   -36.0   62.227  -15.468    369.3    973.6    282.5      0.0     89.8
     1     1    14     9     6    13     0     1   -37.0   62.219  -16.123    372.7    973.4    282.4      0.0     90.2
     1     1    14     9     6    12     0     0   -38.0   62.190  -16.770    377.6    973.2    282.4      0.0     91.2
     1     1    14     9     6    11     0     1   -39.0   62.148  -17.380    387.0    972.4    282.4      0.0     90.9
     1     1    14     9     6    10     0     2   -40.0   62.100  -17.933    395.0    971.0    282.3      0.0     91.5
     1     1    14     9     6     9     0     3   -41.0   62.039  -18.437    393.1    971.0    282.2      0.0     92.9
     1     1    14     9     6     8     0     2   -42.0   61.965  -18.937    382.1    972.4    282.3      0.0     93.4
     1     1    14     9     6     7     0     1   -43.0   61.879  -19.465    370.0    974.1    282.4      0.0     93.0
     1     1    14     9     6     6     0     0   -44.0   61.779  -20.021    360.1    974.6    282.5      0.0     93.0
     1     1    14     9     6     5     0     1   -45.0   61.654  -20.600    351.8    975.8    282.4      0.0     91.2
     1     1    14     9     6     4     0     2   -46.0   61.488  -21.188    347.5    976.5    282.4      0.0     89.7
     1     1    14     9     6     3     0     3   -47.0   61.273  -21.783    349.8    976.5    282.3      0.0     89.0
     1     1    14     9     6     2     0     2   -48.0   61.021  -22.359    358.3    975.5    282.2      0.0     89.4
     1     1    14     9     6     1     0     1   -49.0   60.747  -22.882    368.6    974.4    282.2      0.0     90.1
     1     1    14     9     6     0     0     0   -50.0   60.458  -23.351    377.7    973.8    282.2      0.0     90.0
     1     1    14     9     5    23     0     1   -51.0   60.174  -23.791    383.9    973.3    282.4      0.0     89.0
     1     1    14     9     5    22     0     2   -52.0   59.903  -24.223    385.5    973.4    282.7      0.0     87.1
     1     1    14     9     5    21     0     3   -53.0   59.639  -24.654    385.3    974.0    282.9      0.0     84.1
     1     1    14     9     5    20     0     2   -54.0   59.373  -25.093    386.5    973.9    282.9      0.0     83.7
     1     1    14     9     5    19     0     1   -55.0   59.097  -25.540    392.5    973.5    282.9      0.0     83.9
     1     1    14     9     5    18     0     0   -56.0   58.812  -25.988    403.9    972.1    282.8      0.0     84.0
     1     1    14     9     5    17     0     1   -57.0   58.522  -26.415    415.0    971.0    282.6      0.0     85.3
     1     1    14     9     5    16     0     2   -58.0   58.230  -26.806    421.8    970.7    282.5      0.0     86.5
     1     1    14     9     5    15     0     3   -59.0   57.934  -27.165    424.5    970.8    282.5      0.0     87.6
     1     1    14     9     5    14     0     2   -60.0   57.639  -27.498    425.6    971.2    282.4      0.0     87.9
     1     1    14     9     5    13     0     1   -61.0   57.352  -27.811    426.9    971.5    282.4      0.0     88.6
     1     1    14     9     5    12     0     0   -62.0   57.069  -28.108    427.6    971.7    282.3      0.0     90.1
     1     1    14     9     5    11     0     1   -63.0   56.788  -28.385    429.7    972.0    282.3      0.0     89.6
     1     1    14     9     5    10     0     2   -64.0   56.506  -28.640    436.0    971.4    282.2      0.0     88.7
     1     1    14     9     5     9     0     3   -65.0   56.222  -28.871    446.3    970.3    282.1      0.0     87.6
     1     1    14     9     5     8     0     2   -66.0   55.947  -29.080    455.9    968.5    282.0      0.0     87.4
     1     1    14     9     5     7     0     1   -67.0   55.691  -29.272    460.5    967.7    282.0      0.0     86.9
     1     1    14     9     5     6     0     0   -68.0   55.453  -29.447    460.4    967.6    282.0      0.0     85.9
     1     1    14     9     5     5     0     1   -69.0   55.229  -29.616    458.3    968.5    282.0      0.0     84.9
     1     1    14     9     5     4     0     2   -70.0   55.015  -29.794    456.5    969.2    281.9      0.0     84.8
     1     1    14     9     5     3     0     3   -71.0   54.811  -29.979    455.8    969.7    281.8      0.0     84.7
     1     1    14     9     5     2     0     2   -72.0   54.620  -30.156    456.0    969.6    281.8      0.0     83.8
