     7     1
    GDAS    14     8    22     0     0
    GDAS    14     8    29     0     0
    GDAS    14     9     1     0     0
    GDAS    14     9     8     0     0
    GDAS    14     9    15     0     0
    GDAS    14     9    22     0     0
    GDAS    14     9    29     0     0
     1 BACKWARD OMEGA   
    14     9    20     0   56.467   -2.973   100.0
     4 PRESSURE AIR_TEMP RAINFALL RELHUMID
     1     1    14     9    20     0     0     0     0.0   56.467   -2.973    100.0    972.6    284.5      0.0     87.3
     1     1    14     9    19    23     0     1    -1.0   56.519   -3.002    106.2    970.0    284.5      0.0     87.4
     1     1    14     9    19    22     0     2    -2.0   56.571   -3.041    116.0    967.1    284.6      0.0     87.4
     1     1    14     9    19    21     0     3    -3.0   56.625   -3.088    129.1    963.6    284.8      0.0     87.3
     1     1    14     9    19    20     0     2    -4.0   56.676   -3.135    141.3    958.9    285.1      0.0     87.2
     1     1    14     9    19    19     0     1    -5.0   56.716   -3.179    147.4    955.6    285.3      0.0     86.7
     1     1    14     9    19    18     0     0    -6.0   56.741   -3.222    146.0    953.9    285.6      0.0     85.6
     1     1    14     9    19    17     0     1    -7.0   56.752   -3.260    137.2    954.0    286.1      0.0     83.9
     1     1    14     9    19    16     0     2    -8.0   56.750   -3.288    123.2    955.2    286.7      0.0     82.1
     1     1    14     9    19    15     0     3    -9.0   56.737   -3.307    106.9    957.1    287.7      0.0     80.0
     1     1    14     9    19    14     0     2   -10.0   56.717   -3.316     93.3    959.7    287.7      0.0     80.4
     1     1    14     9    19    13     0     1   -11.0   56.694   -3.311     84.8    961.4    287.6      0.0     81.1
     1     1    14     9    19    12     0     0   -12.0   56.670   -3.294     80.1    963.0    287.4      0.0     82.0
     1     1    14     9    19    11     0     1   -13.0   56.644   -3.266     77.7    964.5    286.7      0.0     85.6
     1     1    14     9    19    10     0     2   -14.0   56.620   -3.231     76.4    966.0    286.0      0.0     89.2
     1     1    14     9    19     9     0     3   -15.0   56.598   -3.190     75.7    967.3    285.3      0.0     92.8
     1     1    14     9    19     8     0     2   -16.0   56.577   -3.141     75.7    968.6    284.8      0.0     93.9
     1     1    14     9    19     7     0     1   -17.0   56.556   -3.081     77.0    969.7    284.4      0.0     95.0
     1     1    14     9    19     6     0     0   -18.0   56.536   -3.009     79.6    970.7    284.0      0.0     95.9
     1     1    14     9    19     5     0     1   -19.0   56.517   -2.927     81.0    973.4    284.3      0.0     96.5
     1     1    14     9    19     4     0     2   -20.0   56.501   -2.834     79.2    977.0    284.7      0.0     97.2
     1     1    14     9    19     3     0     3   -21.0   56.488   -2.734     75.1    981.0    285.1      0.0     97.8
     1     1    14     9    19     2     0     2   -22.0   56.474   -2.623     69.1    985.4    285.4      0.0     97.3
     1     1    14     9    19     1     0     1   -23.0   56.457   -2.501     61.5    990.5    285.7      0.0     96.8
     1     1    14     9    19     0     0     0   -24.0   56.436   -2.366     53.0    995.9    286.0      0.0     96.3
     1     1    14     9    18    23     0     1   -25.0   56.412   -2.218     44.9   1001.1    286.3      0.0     95.8
     1     1    14     9    18    22     0     2   -26.0   56.385   -2.060     38.4   1006.1    286.5      0.0     95.3
     1     1    14     9    18    21     0     3   -27.0   56.351   -1.885     34.0   1008.7    286.6      0.0     95.0
     1     1    14     9    18    20     0     2   -28.0   56.312   -1.685     31.2   1009.4    286.7      0.0     94.6
     1     1    14     9    18    19     0     1   -29.0   56.272   -1.457     29.5   1009.8    286.7      0.0     94.1
     1     1    14     9    18    18     0     0   -30.0   56.228   -1.208     29.5   1009.7    286.8      0.0     93.6
     1     1    14     9    18    17     0     1   -31.0   56.178   -0.948     31.3   1009.6    286.9      0.0     93.3
     1     1    14     9    18    16     0     2   -32.0   56.121   -0.692     33.1   1009.3    287.0      0.0     93.3
     1     1    14     9    18    15     0     3   -33.0   56.059   -0.446     33.8   1009.1    287.2      0.0     93.5
     1     1    14     9    18    14     0     2   -34.0   55.989   -0.194     33.2   1009.4    287.1      0.0     93.3
     1     1    14     9    18    13     0     1   -35.0   55.920    0.131     32.0   1009.9    287.2      0.0     90.0
     1     1    14     9    18    12     0     0   -36.0   55.859    0.535     31.7   1010.3    287.4      0.0     89.2
     1     1    14     9    18    11     0     1   -37.0   55.803    0.961     31.9   1010.4    287.6      0.0     88.7
     1     1    14     9    18    10     0     2   -38.0   55.761    1.406     31.9   1010.7    287.7      0.0     88.1
     1     1    14     9    18     9     0     3   -39.0   55.739    1.879     31.9   1010.9    287.9      0.0     86.9
     1     1    14     9    18     8     0     2   -40.0   55.730    2.369     31.6   1011.0    288.1      0.0     86.0
     1     1    14     9    18     7     0     1   -41.0   55.729    2.858     31.0   1011.4    288.3      0.0     85.2
     1     1    14     9    18     6     0     0   -42.0   55.741    3.346     30.5   1011.7    288.5      0.0     84.4
     1     1    14     9    18     5     0     1   -43.0   55.756    3.841     30.3   1011.8    288.7      0.0     82.6
     1     1    14     9    18     4     0     2   -44.0   55.768    4.356     30.1   1011.8    288.8      0.0     80.8
     1     1    14     9    18     3     0     3   -45.0   55.775    4.890     30.0   1011.9    289.0      0.0     79.0
     1     1    14     9    18     2     0     2   -46.0   55.777    5.436     30.0   1012.0    289.2      0.0     76.4
     1     1    14     9    18     1     0     1   -47.0   55.776    5.989     30.1   1012.2    289.4      0.0     74.1
     1     1    14     9    18     0     0     0   -48.0   55.763    6.547     30.1   1012.4    289.5      0.0     71.3
     1     1    14     9    17    23     0     1   -49.0   55.740    7.103     30.4   1013.2    289.6      0.0     70.5
     1     1    14     9    17    22     0     2   -50.0   55.716    7.635     33.0   1013.9    289.6      0.0     70.1
     1     1    14     9    17    21     0     3   -51.0   55.695    8.129     39.6   1013.2    289.2      0.0     69.3
     1     1    14     9    17    20     0     2   -52.0   55.686    8.574     51.2   1009.5    288.4      0.0     72.0
     1     1    14     9    17    19     0     1   -53.0   55.695    8.981     69.2   1004.8    288.1      0.0     73.6
     1     1    14     9    17    18     0     0   -54.0   55.709    9.400     83.9   1002.7    288.8      0.0     71.9
     1     1    14     9    17    17     0     1   -55.0   55.721    9.806     79.7   1004.4    289.7      0.0     69.7
     1     1    14     9    17    16     0     2   -56.0   55.729   10.167     67.5   1008.3    290.4      0.0     67.6
     1     1    14     9    17    15     0     3   -57.0   55.738   10.495     58.7   1011.1    290.7      0.0     65.3
     1     1    14     9    17    14     0     2   -58.0   55.748   10.806     55.5   1012.8    290.2      0.0     68.4
     1     1    14     9    17    13     0     1   -59.0   55.752   11.103     56.1   1014.1    290.0      0.0     71.1
     1     1    14     9    17    12     0     0   -60.0   55.742   11.381     57.3   1014.1    290.2      0.0     71.4
     1     1    14     9    17    11     0     1   -61.0   55.720   11.653     56.9   1013.9    290.2      0.0     73.3
     1     1    14     9    17    10     0     2   -62.0   55.689   11.934     54.8   1014.0    290.1      0.0     76.3
     1     1    14     9    17     9     0     3   -63.0   55.650   12.229     53.0   1013.4    290.2      0.0     79.1
     1     1    14     9    17     8     0     2   -64.0   55.605   12.536     54.2   1012.4    289.7      0.0     79.9
     1     1    14     9    17     7     0     1   -65.0   55.558   12.846     59.8   1011.0    288.6      0.0     82.1
     1     1    14     9    17     6     0     0   -66.0   55.508   13.158     68.5   1009.1    287.6      0.0     85.0
     1     1    14     9    17     5     0     1   -67.0   55.457   13.474     72.8   1008.8    287.8      0.0     82.2
     1     1    14     9    17     4     0     2   -68.0   55.411   13.786     67.4   1010.1    288.0      0.0     79.3
     1     1    14     9    17     3     0     3   -69.0   55.371   14.082     56.2   1012.6    288.3      0.0     76.1
     1     1    14     9    17     2     0     2   -70.0   55.327   14.376     45.6   1015.3    288.8      0.0     73.3
     1     1    14     9    17     1     0     1   -71.0   55.266   14.690     38.5   1017.0    289.4      0.0     70.0
     1     1    14     9    17     0     0     0   -72.0   55.178   15.024     33.6   1018.0    289.9      0.0     66.3
