     7     1
    GDAS    14     8    22     0     0
    GDAS    14     8    29     0     0
    GDAS    14     9     1     0     0
    GDAS    14     9     8     0     0
    GDAS    14     9    15     0     0
    GDAS    14     9    22     0     0
    GDAS    14     9    29     0     0
     1 BACKWARD OMEGA   
    14     9    19    18   56.467   -2.973   100.0
     4 PRESSURE AIR_TEMP RAINFALL RELHUMID
     1     1    14     9    19    18     0     0     0.0   56.467   -2.973    100.0    971.4    285.4      0.0     83.6
     1     1    14     9    19    17     0     1    -1.0   56.470   -3.017    104.3    969.6    286.0      0.0     82.9
     1     1    14     9    19    16     0     2    -2.0   56.465   -3.038    102.7    969.8    286.7      0.0     81.9
     1     1    14     9    19    15     0     3    -3.0   56.454   -3.037     95.8    970.9    287.5      0.0     80.9
     1     1    14     9    19    14     0     2    -4.0   56.440   -3.016     88.1    972.8    287.3      0.0     81.8
     1     1    14     9    19    13     0     1    -5.0   56.427   -2.983     82.7    974.4    287.1      0.0     83.0
     1     1    14     9    19    12     0     0    -6.0   56.418   -2.938     79.1    976.3    286.9      0.0     84.3
     1     1    14     9    19    11     0     1    -7.0   56.413   -2.883     75.6    978.3    286.4      0.0     87.5
     1     1    14     9    19    10     0     2    -8.0   56.414   -2.823     71.1    980.6    286.1      0.0     90.3
     1     1    14     9    19     9     0     3    -9.0   56.419   -2.756     65.6    983.1    285.8      0.0     93.0
     1     1    14     9    19     8     0     2   -10.0   56.427   -2.680     60.2    985.8    285.6      0.0     93.4
     1     1    14     9    19     7     0     1   -11.0   56.436   -2.595     55.5    988.6    285.4      0.0     93.7
     1     1    14     9    19     6     0     0   -12.0   56.447   -2.501     51.2    991.3    285.2      0.0     93.9
     1     1    14     9    19     5     0     1   -13.0   56.458   -2.401     46.5    994.4    285.5      0.0     94.6
     1     1    14     9    19     4     0     2   -14.0   56.466   -2.297     41.5    997.8    285.8      0.0     95.3
     1     1    14     9    19     3     0     3   -15.0   56.470   -2.188     36.6   1001.5    286.2      0.0     96.1
     1     1    14     9    19     2     0     2   -16.0   56.469   -2.070     31.6   1005.6    286.5      0.0     95.7
     1     1    14     9    19     1     0     1   -17.0   56.462   -1.937     26.5   1008.7    286.6      0.0     95.4
     1     1    14     9    19     0     0     0   -18.0   56.448   -1.784     22.1   1010.0    286.7      0.0     95.4
     1     1    14     9    18    23     0     1   -19.0   56.426   -1.608     19.2   1011.3    286.7      0.0     95.2
     1     1    14     9    18    22     0     2   -20.0   56.396   -1.405     17.9   1012.4    286.7      0.0     95.1
     1     1    14     9    18    21     0     3   -21.0   56.355   -1.165     17.7   1013.5    286.8      0.0     95.2
     1     1    14     9    18    20     0     2   -22.0   56.306   -0.895     18.5   1013.1    286.8      0.0     94.5
     1     1    14     9    18    19     0     1   -23.0   56.257   -0.620     20.0   1011.9    286.8      0.0     94.0
     1     1    14     9    18    18     0     0   -24.0   56.208   -0.351     22.2   1010.7    286.7      0.0     93.5
     1     1    14     9    18    17     0     1   -25.0   56.157   -0.088     24.4   1010.3    286.9      0.0     93.5
     1     1    14     9    18    16     0     2   -26.0   56.109    0.201     24.2   1010.1    287.2      0.0     92.8
     1     1    14     9    18    15     0     3   -27.0   56.076    0.539     22.2   1010.7    287.4      0.0     92.1
     1     1    14     9    18    14     0     2   -28.0   56.049    0.913     21.2   1011.2    287.5      0.0     91.0
     1     1    14     9    18    13     0     1   -29.0   56.020    1.315     21.2   1011.3    287.5      0.0     90.0
     1     1    14     9    18    12     0     0   -30.0   55.982    1.728     21.2   1011.6    287.7      0.0     88.9
     1     1    14     9    18    11     0     1   -31.0   55.950    2.160     21.2   1011.9    287.9      0.0     88.0
     1     1    14     9    18    10     0     2   -32.0   55.938    2.623     21.2   1012.1    288.1      0.0     86.6
     1     1    14     9    18     9     0     3   -33.0   55.942    3.116     21.2   1012.4    288.4      0.0     84.6
     1     1    14     9    18     8     0     2   -34.0   55.956    3.622     21.1   1012.6    288.6      0.0     83.5
     1     1    14     9    18     7     0     1   -35.0   55.979    4.126     21.1   1012.8    288.8      0.0     82.3
     1     1    14     9    18     6     0     0   -36.0   56.010    4.635     20.5   1013.1    288.9      0.0     80.4
     1     1    14     9    18     5     0     1   -37.0   56.042    5.160     19.6   1013.3    289.1      0.0     78.6
     1     1    14     9    18     4     0     2   -38.0   56.073    5.704     19.2   1013.6    289.2      0.0     76.2
     1     1    14     9    18     3     0     3   -39.0   56.106    6.257     19.3   1013.7    289.3      0.0     73.8
     1     1    14     9    18     2     0     2   -40.0   56.133    6.806     19.4   1013.9    289.4      0.0     72.2
     1     1    14     9    18     1     0     1   -41.0   56.144    7.333     20.3   1014.1    289.5      0.0     71.6
     1     1    14     9    18     0     0     0   -42.0   56.148    7.821     23.8   1014.0    289.5      0.0     70.3
     1     1    14     9    17    23     0     1   -43.0   56.148    8.256     31.0   1012.8    288.4      0.0     73.6
     1     1    14     9    17    22     0     2   -44.0   56.147    8.641     42.9   1010.0    287.2      0.0     76.9
     1     1    14     9    17    21     0     3   -45.0   56.146    8.990     60.6   1006.4    286.6      0.0     78.9
     1     1    14     9    17    20     0     2   -46.0   56.144    9.349     75.9   1004.0    287.6      0.0     75.7
     1     1    14     9    17    19     0     1   -47.0   56.145    9.714     73.7   1005.0    288.1      0.0     74.6
     1     1    14     9    17    18     0     0   -48.0   56.154   10.047     59.8   1008.8    288.2      0.0     74.3
     1     1    14     9    17    17     0     1   -49.0   56.165   10.343     47.6   1012.2    289.3      0.0     70.3
     1     1    14     9    17    16     0     2   -50.0   56.176   10.623     41.8   1013.5    289.9      0.0     68.7
     1     1    14     9    17    15     0     3   -51.0   56.196   10.883     40.3   1014.6    289.9      0.0     69.7
     1     1    14     9    17    14     0     2   -52.0   56.215   11.126     41.4   1015.5    289.7      0.0     72.6
     1     1    14     9    17    13     0     1   -53.0   56.216   11.358     42.6   1015.8    289.8      0.0     73.2
     1     1    14     9    17    12     0     0   -54.0   56.196   11.574     42.8   1016.5    290.0      0.0     73.3
     1     1    14     9    17    11     0     1   -55.0   56.164   11.792     42.2   1016.4    289.9      0.0     74.6
     1     1    14     9    17    10     0     2   -56.0   56.128   12.030     41.3   1016.0    289.9      0.0     77.6
     1     1    14     9    17     9     0     3   -57.0   56.093   12.291     42.4   1014.3    290.2      0.0     80.5
     1     1    14     9    17     8     0     2   -58.0   56.060   12.559     47.9   1012.1    289.4      0.0     82.4
     1     1    14     9    17     7     0     1   -59.0   56.032   12.821     61.0   1009.3    287.7      0.0     87.2
     1     1    14     9    17     6     0     0   -60.0   56.008   13.097     86.1   1004.7    285.5      0.0     94.4
     1     1    14     9    17     5     0     1   -61.0   55.990   13.417    109.8   1000.5    285.5      0.0     93.1
     1     1    14     9    17     4     0     2   -62.0   55.990   13.764    105.2   1000.4    285.6      0.0     92.7
     1     1    14     9    17     3     0     3   -63.0   56.019   14.091     78.5   1004.8    285.5      0.0     92.2
     1     1    14     9    17     2     0     2   -64.0   56.057   14.384     55.8   1011.7    286.1      0.0     89.3
     1     1    14     9    17     1     0     1   -65.0   56.082   14.675     42.8   1014.9    287.1      0.0     86.4
     1     1    14     9    17     0     0     0   -66.0   56.097   14.986     35.3   1018.1    288.3      0.0     83.5
     1     1    14     9    16    23     0     1   -67.0   56.097   15.317     30.5   1018.8    288.6      0.0     80.7
     1     1    14     9    16    22     0     2   -68.0   56.081   15.659     26.4   1019.7    289.0      0.0     77.7
     1     1    14     9    16    21     0     3   -69.0   56.052   16.013     23.1   1020.6    289.4      0.0     74.5
     1     1    14     9    16    20     0     2   -70.0   56.017   16.386     21.0   1021.4    289.8      0.0     73.4
     1     1    14     9    16    19     0     1   -71.0   55.980   16.784     20.1   1021.6    289.8      0.0     73.0
     1     1    14     9    16    18     0     0   -72.0   55.942   17.206     20.0   1021.5    289.7      0.0     72.5
