     7     1
    GDAS    14     8    22     0     0
    GDAS    14     8    29     0     0
    GDAS    14     9     1     0     0
    GDAS    14     9     8     0     0
    GDAS    14     9    15     0     0
    GDAS    14     9    22     0     0
    GDAS    14     9    29     0     0
     1 BACKWARD OMEGA   
    14     9     3    17   56.467   -2.973   100.0
     4 PRESSURE AIR_TEMP RAINFALL RELHUMID
     1     1    14     9     3    17     0     1     0.0   56.467   -2.973    100.0    979.2    288.0      0.0     79.5
     1     1    14     9     3    16     0     2    -1.0   56.363   -2.900     95.1    985.2    288.5      0.0     76.0
     1     1    14     9     3    15     0     3    -2.0   56.259   -2.814     91.6    990.7    288.8      0.0     73.4
     1     1    14     9     3    14     0     2    -3.0   56.158   -2.724     91.6    996.1    288.8      0.0     73.7
     1     1    14     9     3    13     0     1    -4.0   56.062   -2.642     95.8    999.4    288.6      0.0     74.7
     1     1    14     9     3    12     0     0    -5.0   55.969   -2.574    101.6   1000.8    288.5      0.0     76.1
     1     1    14     9     3    11     0     1    -6.0   55.876   -2.519    108.0    999.8    288.0      0.0     79.1
     1     1    14     9     3    10     0     2    -7.0   55.779   -2.473    116.3    998.3    287.5      0.0     82.0
     1     1    14     9     3     9     0     3    -8.0   55.680   -2.438    127.5    996.3    286.9      0.0     85.0
     1     1    14     9     3     8     0     2    -9.0   55.581   -2.416    141.9    993.3    286.6      0.0     86.1
     1     1    14     9     3     7     0     1   -10.0   55.483   -2.412    159.1    989.5    286.3      0.0     86.8
     1     1    14     9     3     6     0     0   -11.0   55.386   -2.428    179.3    985.5    286.0      0.0     87.4
     1     1    14     9     3     5     0     1   -12.0   55.286   -2.455    198.9    981.5    285.8      0.0     85.9
     1     1    14     9     3     4     0     2   -13.0   55.182   -2.475    213.7    978.6    285.6      0.0     84.8
     1     1    14     9     3     3     0     3   -14.0   55.075   -2.490    222.2    976.4    285.4      0.0     84.2
     1     1    14     9     3     2     0     2   -15.0   54.967   -2.494    226.9    975.7    285.5      0.0     84.2
     1     1    14     9     3     1     0     1   -16.0   54.861   -2.479    229.8    975.8    285.6      0.0     83.5
     1     1    14     9     3     0     0     0   -17.0   54.757   -2.439    230.0    975.8    285.6      0.0     83.3
     1     1    14     9     2    23     0     1   -18.0   54.657   -2.375    222.1    975.5    285.9      0.0     82.0
     1     1    14     9     2    22     0     2   -19.0   54.565   -2.284    201.1    976.4    286.1      0.0     81.4
     1     1    14     9     2    21     0     3   -20.0   54.483   -2.163    167.4    978.0    286.2      0.0     81.3
     1     1    14     9     2    20     0     2   -21.0   54.415   -2.018    124.2    980.3    286.5      0.0     79.9
     1     1    14     9     2    19     0     1   -22.0   54.365   -1.871     87.9    988.0    287.1      0.0     76.9
     1     1    14     9     2    18     0     0   -23.0   54.330   -1.729     65.1    994.1    288.0      0.0     73.8
     1     1    14     9     2    17     0     1   -24.0   54.309   -1.592     52.1    998.3    288.9      0.0     71.2
     1     1    14     9     2    16     0     2   -25.0   54.299   -1.456     45.7   1001.8    289.9      0.0     68.6
     1     1    14     9     2    15     0     3   -26.0   54.302   -1.317     43.7   1005.2    290.9      0.0     66.3
     1     1    14     9     2    14     0     2   -27.0   54.315   -1.180     45.6   1008.6    291.1      0.0     68.0
     1     1    14     9     2    13     0     1   -28.0   54.337   -1.060     50.7   1011.5    291.0      0.0     69.8
     1     1    14     9     2    12     0     0   -29.0   54.367   -0.958     57.5   1012.6    290.7      0.0     71.3
     1     1    14     9     2    11     0     1   -30.0   54.405   -0.877     65.7   1011.9    289.4      0.0     74.7
     1     1    14     9     2    10     0     2   -31.0   54.453   -0.817     76.1   1010.9    288.2      0.0     78.2
     1     1    14     9     2     9     0     3   -32.0   54.511   -0.779     88.7   1009.8    287.1      0.0     81.6
     1     1    14     9     2     8     0     2   -33.0   54.580   -0.754    102.5   1008.3    286.3      0.0     82.9
     1     1    14     9     2     7     0     1   -34.0   54.664   -0.732    115.4   1007.2    285.7      0.0     84.0
     1     1    14     9     2     6     0     0   -35.0   54.760   -0.714    124.1   1006.6    285.5      0.0     84.7
     1     1    14     9     2     5     0     1   -36.0   54.864   -0.705    126.3   1007.1    285.8      0.0     83.5
     1     1    14     9     2     4     0     2   -37.0   54.967   -0.709    122.2   1008.4    286.1      0.0     82.3
     1     1    14     9     2     3     0     3   -38.0   55.068   -0.725    114.5   1009.7    286.3      0.0     80.5
     1     1    14     9     2     2     0     2   -39.0   55.167   -0.755    106.3   1010.4    286.6      0.0     77.9
     1     1    14     9     2     1     0     1   -40.0   55.269   -0.800     99.4   1010.9    286.7      0.0     75.7
     1     1    14     9     2     0     0     0   -41.0   55.373   -0.857     94.6   1011.1    286.9      0.0     74.0
     1     1    14     9     1    23     0     1   -42.0   55.479   -0.912     93.0   1011.1    286.8      0.0     72.2
     1     1    14     9     1    22     0     2   -43.0   55.584   -0.956     95.2   1010.5    286.8      0.0     71.3
     1     1    14     9     1    21     0     3   -44.0   55.693   -0.992    101.0   1009.4    286.7      0.0     71.3
     1     1    14     9     1    20     0     2   -45.0   55.802   -1.040    110.5   1007.5    286.7      0.0     73.1
     1     1    14     9     1    19     0     1   -46.0   55.906   -1.129    123.5   1005.2    286.8      0.0     73.9
     1     1    14     9     1    18     0     0   -47.0   56.003   -1.269    141.0   1002.9    287.0      0.0     73.2
     1     1    14     9     1    17     0     1   -48.0   56.084   -1.434    162.4    998.9    287.0      0.0     73.5
     1     1    14     9     1    16     0     2   -49.0   56.151   -1.593    184.5    995.1    286.9      0.0     73.6
     1     1    14     9     1    15     0     3   -50.0   56.210   -1.744    204.2    991.9    286.8      0.0     73.7
     1     1    14     9     1    14     0     2   -51.0   56.269   -1.892    219.2    989.7    286.7      0.0     74.0
     1     1    14     9     1    13     0     1   -52.0   56.333   -2.043    228.0    987.4    286.5      0.0     74.4
     1     1    14     9     1    12     0     0   -53.0   56.405   -2.197    232.7    983.2    286.2      0.0     75.7
     1     1    14     9     1    11     0     1   -54.0   56.478   -2.361    238.6    977.3    285.7      0.0     77.9
     1     1    14     9     1    10     0     2   -55.0   56.544   -2.542    251.3    969.4    284.9      0.0     80.4
     1     1    14     9     1     9     0     3   -56.0   56.603   -2.743    274.6    958.8    283.8      0.0     83.1
     1     1    14     9     1     8     0     2   -57.0   56.661   -2.979    319.6    944.3    282.9      0.0     85.4
     1     1    14     9     1     7     0     1   -58.0   56.731   -3.264    396.9    928.6    281.7      0.0     88.7
     1     1    14     9     1     6     0     0   -59.0   56.808   -3.595    499.8    908.8    280.0      0.0     92.0
     1     1    14     9     1     5     0     1   -60.0   56.863   -3.981    596.2    887.3    278.3      0.0     95.6
     1     1    14     9     1     4     0     2   -61.0   56.885   -4.445    648.9    885.0    278.4      0.0     95.7
     1     1    14     9     1     3     0     3   -62.0   56.891   -4.976    640.2    893.0    278.8      0.1     95.7
     1     1    14     9     1     2     0     2   -63.0   56.888   -5.530    566.8    919.0    280.6      0.2     93.5
     1     1    14     9     1     1     0     1   -64.0   56.886   -6.081    439.1    951.0    282.4      0.2     92.3
     1     1    14     9     1     0     0     0   -65.0   56.879   -6.656    337.9    976.2    284.5      0.0     90.6
     1     1    14     8    31    23     0     1   -66.0   56.855   -7.321    316.9    979.2    285.0      0.1     88.4
     1     1    14     8    31    22     0     2   -67.0   56.814   -8.057    329.6    973.7    284.6      0.0     86.1
     1     1    14     8    31    21     0     3   -68.0   56.769   -8.820    351.5    970.2    284.4      0.0     85.8
     1     1    14     8    31    20     0     2   -69.0   56.720   -9.608    378.2    966.1    284.3      0.1     85.8
     1     1    14     8    31    19     0     1   -70.0   56.678  -10.443    401.9    962.6    284.1      0.1     86.4
     1     1    14     8    31    18     0     0   -71.0   56.653  -11.347    420.3    959.6    283.8      0.0     85.6
     1     1    14     8    31    17     0     1   -72.0   56.608  -12.327    435.6    957.3    283.8      0.0     86.2
