     7     1
    GDAS    14     8    22     0     0
    GDAS    14     8    29     0     0
    GDAS    14     9     1     0     0
    GDAS    14     9     8     0     0
    GDAS    14     9    15     0     0
    GDAS    14     9    22     0     0
    GDAS    14     9    29     0     0
     1 BACKWARD OMEGA   
    14     9     6     9   56.467   -2.973   100.0
     4 PRESSURE AIR_TEMP RAINFALL RELHUMID
     1     1    14     9     6     9     0     3     0.0   56.467   -2.973    100.0    972.7    283.7      0.0     82.5
     1     1    14     9     6     8     0     2    -1.0   56.431   -3.089    125.7    970.1    282.7      0.0     84.9
     1     1    14     9     6     7     0     1    -2.0   56.405   -3.180    154.1    967.0    281.9      0.0     86.8
     1     1    14     9     6     6     0     0    -3.0   56.388   -3.242    183.5    963.5    281.2      0.0     87.9
     1     1    14     9     6     5     0     1    -4.0   56.384   -3.284    213.2    960.0    281.3      0.0     88.0
     1     1    14     9     6     4     0     2    -5.0   56.395   -3.326    243.5    956.2    281.4      0.0     88.2
     1     1    14     9     6     3     0     3    -6.0   56.422   -3.373    275.9    951.2    281.4      0.0     88.4
     1     1    14     9     6     2     0     2    -7.0   56.466   -3.422    308.0    945.0    281.2      0.0     89.2
     1     1    14     9     6     1     0     1    -8.0   56.524   -3.469    337.5    939.1    281.0      0.0     90.0
     1     1    14     9     6     0     0     0    -9.0   56.590   -3.515    364.8    933.1    280.7      0.0     90.7
     1     1    14     9     5    23     0     1   -10.0   56.658   -3.563    386.7    927.1    280.6      0.0     91.5
     1     1    14     9     5    22     0     2   -11.0   56.728   -3.608    399.9    922.4    280.5      0.0     92.4
     1     1    14     9     5    21     0     3   -12.0   56.805   -3.641    405.1    918.3    280.5      0.0     93.5
     1     1    14     9     5    20     0     2   -13.0   56.891   -3.663    397.3    914.5    280.4      0.2     93.2
     1     1    14     9     5    19     0     1   -14.0   56.983   -3.672    369.3    913.1    280.5      0.3     92.5
     1     1    14     9     5    18     0     0   -15.0   57.080   -3.669    327.8    921.6    281.3      0.3     90.4
     1     1    14     9     5    17     0     1   -16.0   57.171   -3.685    287.5    931.7    282.3      0.0     87.8
     1     1    14     9     5    16     0     2   -17.0   57.254   -3.744    258.6    938.4    283.1      0.0     84.9
     1     1    14     9     5    15     0     3   -18.0   57.334   -3.843    244.7    942.1    283.8      0.0     81.5
     1     1    14     9     5    14     0     2   -19.0   57.403   -3.976    252.9    943.2    283.7      0.7     81.7
     1     1    14     9     5    13     0     1   -20.0   57.455   -4.131    273.6    942.2    283.0      0.7     84.0
     1     1    14     9     5    12     0     0   -21.0   57.491   -4.298    288.4    941.8    282.5      0.7     86.4
     1     1    14     9     5    11     0     1   -22.0   57.519   -4.468    296.5    942.2    282.2      0.0     88.6
     1     1    14     9     5    10     0     2   -23.0   57.544   -4.636    299.7    942.3    281.9      0.0     91.2
     1     1    14     9     5     9     0     3   -24.0   57.563   -4.794    296.0    942.9    281.6      0.0     94.0
     1     1    14     9     5     8     0     2   -25.0   57.585   -4.948    272.3    944.0    281.5      0.9     95.0
     1     1    14     9     5     7     0     1   -26.0   57.623   -5.108    222.6    954.8    282.1      1.1     94.8
     1     1    14     9     5     6     0     0   -27.0   57.687   -5.269    163.5    969.3    282.9      1.4     93.9
     1     1    14     9     5     5     0     1   -28.0   57.757   -5.438    107.8    984.0    284.1      1.0     92.7
     1     1    14     9     5     4     0     2   -29.0   57.817   -5.629     66.1    998.2    285.1      0.3     92.4
     1     1    14     9     5     3     0     3   -30.0   57.876   -5.854     40.3   1010.5    285.9      0.4     92.7
     1     1    14     9     5     2     0     2   -31.0   57.923   -6.105     28.2   1016.9    286.2      0.3     92.3
     1     1    14     9     5     1     0     1   -32.0   57.940   -6.354     23.9   1014.3    286.1      0.3     92.9
     1     1    14     9     5     0     0     0   -33.0   57.943   -6.596     21.5   1011.7    286.2      1.3     95.1
     1     1    14     9     4    23     0     1   -34.0   57.939   -6.834     18.8   1009.3    286.2      0.4     95.2
     1     1    14     9     4    22     0     2   -35.0   57.923   -7.075     15.7   1008.9    286.3      0.4     95.8
     1     1    14     9     4    21     0     3   -36.0   57.889   -7.317     13.1   1011.5    286.5      0.4     96.1
     1     1    14     9     4    20     0     2   -37.0   57.845   -7.561     11.4   1014.0    286.6      0.0     94.8
     1     1    14     9     4    19     0     1   -38.0   57.784   -7.821     10.3   1016.2    286.7      0.0     94.4
     1     1    14     9     4    18     0     0   -39.0   57.701   -8.107      9.4   1017.3    286.7      0.0     94.5
     1     1    14     9     4    17     0     1   -40.0   57.600   -8.406      8.8   1016.0    286.8      0.2     92.8
     1     1    14     9     4    16     0     2   -41.0   57.482   -8.712      8.4   1015.1    286.9      0.0     91.7
     1     1    14     9     4    15     0     3   -42.0   57.332   -9.030      8.0   1014.5    287.0      0.0     90.1
     1     1    14     9     4    14     0     2   -43.0   57.153   -9.344      7.6   1015.2    287.1      0.0     88.7
     1     1    14     9     4    13     0     1   -44.0   56.948   -9.637      7.3   1015.4    287.2      0.3     87.6
     1     1    14     9     4    12     0     0   -45.0   56.714   -9.908      6.9   1015.7    287.3      0.3     85.8
     1     1    14     9     4    11     0     1   -46.0   56.476  -10.129      6.6   1016.1    287.5      0.0     84.3
     1     1    14     9     4    10     0     2   -47.0   56.245  -10.291      6.6   1016.2    287.6      0.0     82.5
     1     1    14     9     4     9     0     3   -48.0   56.008  -10.411      7.0   1015.7    287.8      0.0     79.7
     1     1    14     9     4     8     0     2   -49.0   55.772  -10.498      7.4   1015.7    287.8      0.0     80.8
     1     1    14     9     4     7     0     1   -50.0   55.551  -10.554      7.7   1015.6    287.8      0.0     80.4
     1     1    14     9     4     6     0     0   -51.0   55.345  -10.578      7.8   1015.6    287.8      0.0     78.7
     1     1    14     9     4     5     0     1   -52.0   55.151  -10.586      7.8   1015.8    287.9      0.0     77.6
     1     1    14     9     4     4     0     2   -53.0   54.966  -10.594      7.8   1016.0    288.0      0.0     76.6
     1     1    14     9     4     3     0     3   -54.0   54.787  -10.599      7.9   1015.9    288.0      0.0     75.9
     1     1    14     9     4     2     0     2   -55.0   54.614  -10.591      8.3   1015.8    288.0      0.0     75.2
     1     1    14     9     4     1     0     1   -56.0   54.449  -10.560      8.9   1015.6    288.1      0.0     74.4
     1     1    14     9     4     0     0     0   -57.0   54.295  -10.513      9.7   1015.3    288.1      0.0     73.4
     1     1    14     9     3    23     0     1   -58.0   54.164  -10.464     10.8   1014.7    288.0      0.0     72.2
     1     1    14     9     3    22     0     2   -59.0   54.070  -10.427     12.2   1014.1    287.9      0.0     71.1
     1     1    14     9     3    21     0     3   -60.0   54.008  -10.406     13.6   1013.6    287.8      0.0     70.2
     1     1    14     9     3    20     0     2   -61.0   53.958  -10.395     15.1   1013.5    288.0      0.0     69.5
     1     1    14     9     3    19     0     1   -62.0   53.904  -10.386     16.5   1013.5    288.1      0.0     68.8
     1     1    14     9     3    18     0     0   -63.0   53.847  -10.377     17.9   1013.4    288.2      0.0     68.0
     1     1    14     9     3    17     0     1   -64.0   53.786  -10.360     19.4   1013.4    288.2      0.0     68.1
     1     1    14     9     3    16     0     2   -65.0   53.724  -10.326     20.9   1013.3    288.2      0.0     68.2
     1     1    14     9     3    15     0     3   -66.0   53.661  -10.280     22.8   1013.1    288.2      0.0     68.2
     1     1    14     9     3    14     0     2   -67.0   53.600  -10.223     25.3   1013.8    288.2      0.0     69.4
     1     1    14     9     3    13     0     1   -68.0   53.540  -10.157     28.7   1014.6    288.1      0.0     70.7
     1     1    14     9     3    12     0     0   -69.0   53.482  -10.082     33.7   1015.3    288.0      0.0     72.3
     1     1    14     9     3    11     0     1   -70.0   53.424   -9.999     39.5   1015.2    287.9      0.0     73.8
     1     1    14     9     3    10     0     2   -71.0   53.364   -9.906     44.6   1014.2    287.9      0.0     75.8
     1     1    14     9     3     9     0     3   -72.0   53.300   -9.804     47.9   1013.5    287.7      0.0     78.6
