     7     1
    GDAS    14     8    22     0     0
    GDAS    14     8    29     0     0
    GDAS    14     9     1     0     0
    GDAS    14     9     8     0     0
    GDAS    14     9    15     0     0
    GDAS    14     9    22     0     0
    GDAS    14     9    29     0     0
     1 BACKWARD OMEGA   
    14     9     7     1   56.467   -2.973   100.0
     4 PRESSURE AIR_TEMP RAINFALL RELHUMID
     1     1    14     9     7     1     0     1     0.0   56.467   -2.973    100.0    971.8    281.1      0.0     89.4
     1     1    14     9     7     0     0     0    -1.0   56.584   -3.204    163.2    959.2    280.6      0.0     90.5
     1     1    14     9     6    23     0     1    -2.0   56.732   -3.476    233.2    940.3    280.0      0.0     91.1
     1     1    14     9     6    22     0     2    -3.0   56.902   -3.802    272.3    921.4    278.9      0.0     93.8
     1     1    14     9     6    21     0     3    -4.0   57.064   -4.164    257.8    920.9    278.9      0.0     95.7
     1     1    14     9     6    20     0     2    -5.0   57.184   -4.499    224.1    937.2    280.1      0.2     93.7
     1     1    14     9     6    19     0     1    -6.0   57.276   -4.792    190.6    945.0    280.8      0.3     92.0
     1     1    14     9     6    18     0     0    -7.0   57.364   -5.058    142.4    955.3    281.7      0.3     89.1
     1     1    14     9     6    17     0     1    -8.0   57.468   -5.306     85.5    973.8    283.2      0.0     84.1
     1     1    14     9     6    16     0     2    -9.0   57.595   -5.550     41.7    991.7    284.8      0.0     80.2
     1     1    14     9     6    15     0     3   -10.0   57.745   -5.807     16.8   1006.7    285.9      0.0     76.9
     1     1    14     9     6    14     0     2   -11.0   57.922   -6.070      5.8   1015.8    286.3      0.0     75.7
     1     1    14     9     6    13     0     1   -12.0   58.122   -6.313      2.3   1014.6    286.6      0.0     75.9
     1     1    14     9     6    12     0     0   -13.0   58.350   -6.534      0.8   1013.2    286.9      0.2     76.8
     1     1    14     9     6    11     0     1   -14.0   58.606   -6.744      0.2   1012.8    286.5      0.0     78.2
     1     1    14     9     6    10     0     2   -15.0   58.880   -6.940      0.0   1013.9    286.1      0.0     78.5
     1     1    14     9     6     9     0     3   -16.0   59.162   -7.106      0.0   1015.3    285.9      0.0     78.8
     1     1    14     9     6     8     0     2   -17.0   59.453   -7.229      0.1   1014.5    285.8      0.2     80.3
     1     1    14     9     6     7     0     1   -18.0   59.759   -7.309      0.1   1014.0    285.7      0.0     80.9
     1     1    14     9     6     6     0     0   -19.0   60.073   -7.354      0.0   1013.6    285.5      0.0     81.0
     1     1    14     9     6     5     0     1   -20.0   60.392   -7.379      0.1   1013.9    285.4      0.0     82.9
     1     1    14     9     6     4     0     2   -21.0   60.714   -7.398      0.5   1013.7    285.3      0.0     83.7
     1     1    14     9     6     3     0     3   -22.0   61.031   -7.413      1.3   1013.0    285.2      0.0     83.6
     1     1    14     9     6     2     0     2   -23.0   61.325   -7.426      2.3   1012.9    285.0      0.0     87.1
     1     1    14     9     6     1     0     1   -24.0   61.584   -7.432      3.2   1012.9    284.8      0.0     89.6
     1     1    14     9     6     0     0     0   -25.0   61.810   -7.421      3.8   1012.8    284.6      0.0     91.4
     1     1    14     9     5    23     0     1   -26.0   62.022   -7.383      4.5   1011.4    284.4      0.0     92.2
     1     1    14     9     5    22     0     2   -27.0   62.238   -7.299      5.0   1010.7    284.3      0.0     93.0
     1     1    14     9     5    21     0     3   -28.0   62.461   -7.161      5.4   1010.5    284.2      0.0     93.8
     1     1    14     9     5    20     0     2   -29.0   62.685   -6.964      5.7   1011.6    284.1      0.5     94.8
     1     1    14     9     5    19     0     1   -30.0   62.906   -6.712      6.1   1013.3    284.2      0.7     95.1
     1     1    14     9     5    18     0     0   -31.0   63.115   -6.408      6.6   1013.8    284.3      0.0     94.9
     1     1    14     9     5    17     0     1   -32.0   63.314   -6.091      6.9   1013.0    284.3      0.0     94.6
     1     1    14     9     5    16     0     2   -33.0   63.519   -5.794      6.9   1012.5    284.3      0.7     94.5
     1     1    14     9     5    15     0     3   -34.0   63.748   -5.491      6.7   1012.7    284.3      1.3     95.6
     1     1    14     9     5    14     0     2   -35.0   64.001   -5.119      5.9   1013.3    284.3      0.0     96.9
     1     1    14     9     5    13     0     1   -36.0   64.240   -4.686      4.9   1012.7    284.3      0.0     95.4
     1     1    14     9     5    12     0     0   -37.0   64.445   -4.236      4.1   1012.6    284.5      0.0     95.2
     1     1    14     9     5    11     0     1   -38.0   64.627   -3.784      3.5   1012.7    284.6      0.0     94.5
     1     1    14     9     5    10     0     2   -39.0   64.788   -3.352      3.1   1012.7    284.7      0.0     93.8
     1     1    14     9     5     9     0     3   -40.0   64.923   -2.949      2.9   1012.9    284.8      0.0     93.2
     1     1    14     9     5     8     0     2   -41.0   65.028   -2.582      3.0   1013.1    285.0      0.0     92.4
     1     1    14     9     5     7     0     1   -42.0   65.101   -2.256      3.2   1013.1    285.1      0.0     91.7
     1     1    14     9     5     6     0     0   -43.0   65.146   -1.974      3.2   1013.0    285.2      0.0     91.6
     1     1    14     9     5     5     0     1   -44.0   65.166   -1.741      3.0   1013.0    285.2      0.0     91.0
     1     1    14     9     5     4     0     2   -45.0   65.165   -1.558      2.8   1013.0    285.3      0.0     90.5
     1     1    14     9     5     3     0     3   -46.0   65.145   -1.431      2.6   1013.0    285.2      0.0     89.8
     1     1    14     9     5     2     0     2   -47.0   65.097   -1.380      2.7   1013.0    285.3      0.7     89.9
     1     1    14     9     5     1     0     1   -48.0   65.006   -1.431      3.1   1012.9    285.3      0.7     90.0
     1     1    14     9     5     0     0     0   -49.0   64.881   -1.560      3.8   1012.9    285.2      1.0     90.9
     1     1    14     9     4    23     0     1   -50.0   64.751   -1.695      4.2   1012.9    285.3      0.7     91.9
     1     1    14     9     4    22     0     2   -51.0   64.619   -1.827      4.3   1013.0    285.3      0.7     92.4
     1     1    14     9     4    21     0     3   -52.0   64.475   -1.978      4.0   1013.0    285.3      0.7     92.4
     1     1    14     9     4    20     0     2   -53.0   64.319   -2.154      3.9   1013.3    285.3      0.7     91.5
     1     1    14     9     4    19     0     1   -54.0   64.149   -2.359      4.4   1013.5    285.2      0.7     90.3
     1     1    14     9     4    18     0     0   -55.0   63.940   -2.608      5.4   1013.7    285.2      0.7     89.6
     1     1    14     9     4    17     0     1   -56.0   63.717   -2.869      6.4   1014.0    285.1      0.5     92.3
     1     1    14     9     4    16     0     2   -57.0   63.511   -3.113      6.9   1014.2    285.1      0.5     93.8
     1     1    14     9     4    15     0     3   -58.0   63.315   -3.342      7.3   1014.5    285.1      1.0     94.3
     1     1    14     9     4    14     0     2   -59.0   63.116   -3.562      7.8   1014.4    285.1      0.0     93.4
     1     1    14     9     4    13     0     1   -60.0   62.906   -3.780      8.7   1014.6    285.2      0.0     92.4
     1     1    14     9     4    12     0     0   -61.0   62.692   -3.999      9.6   1015.5    285.2      0.0     91.7
     1     1    14     9     4    11     0     1   -62.0   62.477   -4.200     10.4   1015.7    285.1      0.0     91.9
     1     1    14     9     4    10     0     2   -63.0   62.254   -4.363     11.1   1015.6    285.1      0.0     91.9
     1     1    14     9     4     9     0     3   -64.0   62.017   -4.493     11.6   1015.4    285.3      0.0     91.5
     1     1    14     9     4     8     0     2   -65.0   61.777   -4.596     11.8   1015.5    285.3      0.7     91.7
     1     1    14     9     4     7     0     1   -66.0   61.548   -4.678     12.0   1015.7    285.4      0.7     91.4
     1     1    14     9     4     6     0     0   -67.0   61.326   -4.738     12.1   1016.0    285.4      0.0     90.6
     1     1    14     9     4     5     0     1   -68.0   61.109   -4.808     12.1   1016.2    285.5      0.0     89.3
     1     1    14     9     4     4     0     2   -69.0   60.896   -4.914     12.0   1016.4    285.6      0.0     88.3
     1     1    14     9     4     3     0     3   -70.0   60.691   -5.042     12.0   1017.1    285.7      0.0     87.6
     1     1    14     9     4     2     0     2   -71.0   60.492   -5.177     11.8   1017.8    285.7      0.0     87.0
     1     1    14     9     4     1     0     1   -72.0   60.294   -5.313     11.4   1018.7    285.7      0.0     85.8
