     7     1
    GDAS    14     8    22     0     0
    GDAS    14     8    29     0     0
    GDAS    14     9     1     0     0
    GDAS    14     9     8     0     0
    GDAS    14     9    15     0     0
    GDAS    14     9    22     0     0
    GDAS    14     9    29     0     0
     1 BACKWARD OMEGA   
    14     9    20    20   56.467   -2.973   100.0
     4 PRESSURE AIR_TEMP RAINFALL RELHUMID
     1     1    14     9    20    20     0     2     0.0   56.467   -2.973    100.0    978.6    284.0      0.0     80.7
     1     1    14     9    20    19     0     1    -1.0   56.600   -3.059    114.5    971.9    283.8      0.0     80.9
     1     1    14     9    20    18     0     0    -2.0   56.751   -3.163    148.4    961.4    283.5      0.0     81.3
     1     1    14     9    20    17     0     1    -3.0   56.929   -3.305    197.7    946.1    282.9      0.0     81.2
     1     1    14     9    20    16     0     2    -4.0   57.123   -3.503    249.3    939.2    282.8      0.0     79.7
     1     1    14     9    20    15     0     3    -5.0   57.305   -3.749    292.2    938.6    283.0      0.0     78.6
     1     1    14     9    20    14     0     2    -6.0   57.465   -4.030    338.9    938.1    282.4      0.0     82.4
     1     1    14     9    20    13     0     1    -7.0   57.604   -4.319    380.0    937.4    281.9      0.0     87.7
     1     1    14     9    20    12     0     0    -8.0   57.724   -4.599    388.1    938.1    281.5      0.1     91.5
     1     1    14     9    20    11     0     1    -9.0   57.822   -4.877    354.6    940.8    281.3      0.0     95.0
     1     1    14     9    20    10     0     2   -10.0   57.896   -5.156    294.0    954.5    281.9      0.0     95.5
     1     1    14     9    20     9     0     3   -11.0   57.954   -5.434    233.0    973.7    283.1      0.0     93.3
     1     1    14     9    20     8     0     2   -12.0   58.006   -5.708    182.7    990.1    284.1      0.0     91.3
     1     1    14     9    20     7     0     1   -13.0   58.054   -5.977    144.8   1004.3    285.1      0.0     89.8
     1     1    14     9    20     6     0     0   -14.0   58.102   -6.246    120.7   1004.6    285.2      0.0     90.6
     1     1    14     9    20     5     0     1   -15.0   58.163   -6.524    107.1   1002.9    285.2      0.0     91.2
     1     1    14     9    20     4     0     2   -16.0   58.242   -6.822     99.3   1001.5    285.2      0.0     91.3
     1     1    14     9    20     3     0     3   -17.0   58.330   -7.159     96.5   1001.6    285.4      0.0     91.0
     1     1    14     9    20     2     0     2   -18.0   58.423   -7.537     96.0   1003.7    285.6      0.0     90.9
     1     1    14     9    20     1     0     1   -19.0   58.516   -7.946     95.9   1005.5    285.7      0.0     91.0
     1     1    14     9    20     0     0     0   -20.0   58.589   -8.385     95.9   1005.8    285.8      0.0     91.8
     1     1    14     9    19    23     0     1   -21.0   58.650   -8.845     95.9   1005.8    285.8      0.0     91.7
     1     1    14     9    19    22     0     2   -22.0   58.717   -9.317     95.9   1005.7    285.8      0.0     91.1
     1     1    14     9    19    21     0     3   -23.0   58.788   -9.795     95.9   1005.6    285.7      0.0     90.4
     1     1    14     9    19    20     0     2   -24.0   58.867  -10.289     96.3   1005.3    285.7      0.0     90.2
     1     1    14     9    19    19     0     1   -25.0   58.958  -10.819     99.8   1004.8    285.8      0.0     89.4
     1     1    14     9    19    18     0     0   -26.0   59.058  -11.396    108.7   1003.4    285.8      0.0     87.4
     1     1    14     9    19    17     0     1   -27.0   59.154  -12.005    118.6   1001.4    285.7      0.0     87.1
     1     1    14     9    19    16     0     2   -28.0   59.246  -12.620    124.3   1000.7    285.5      0.0     87.9
     1     1    14     9    19    15     0     3   -29.0   59.331  -13.238    126.2   1000.4    285.4      0.0     88.2
     1     1    14     9    19    14     0     2   -30.0   59.414  -13.861    126.4   1000.3    285.4      0.1     88.4
     1     1    14     9    19    13     0     1   -31.0   59.502  -14.493    126.7   1000.2    285.3      0.2     88.8
     1     1    14     9    19    12     0     0   -32.0   59.591  -15.138    126.9    999.9    285.2      0.1     88.5
     1     1    14     9    19    11     0     1   -33.0   59.680  -15.789    126.9    999.8    285.1      0.0     88.4
     1     1    14     9    19    10     0     2   -34.0   59.765  -16.435    127.4    999.7    285.0      0.0     89.7
     1     1    14     9    19     9     0     3   -35.0   59.834  -17.090    129.8    999.5    284.8      0.0     91.2
     1     1    14     9    19     8     0     2   -36.0   59.894  -17.744    136.0    998.8    284.7      0.0     91.2
     1     1    14     9    19     7     0     1   -37.0   59.953  -18.370    140.8    997.2    284.6      0.0     90.9
     1     1    14     9    19     6     0     0   -38.0   60.005  -18.961    141.3    997.1    284.7      0.0     89.8
     1     1    14     9    19     5     0     1   -39.0   60.058  -19.562    142.2    997.3    284.5      0.0     88.4
     1     1    14     9    19     4     0     2   -40.0   60.111  -20.213    145.4    997.0    284.3      0.0     87.9
     1     1    14     9    19     3     0     3   -41.0   60.147  -20.914    151.2    996.5    283.9      0.2     85.7
     1     1    14     9    19     2     0     2   -42.0   60.167  -21.621    157.7    995.4    283.9      0.0     86.0
     1     1    14     9    19     1     0     1   -43.0   60.181  -22.305    164.4    995.0    283.7      0.0     87.4
     1     1    14     9    19     0     0     0   -44.0   60.196  -22.982    174.3    993.9    283.5      0.0     88.2
     1     1    14     9    18    23     0     1   -45.0   60.212  -23.646    184.3    991.9    283.3      0.0     89.2
     1     1    14     9    18    22     0     2   -46.0   60.227  -24.304    191.1    990.9    283.1      0.0     89.6
     1     1    14     9    18    21     0     3   -47.0   60.228  -24.960    196.9    990.0    282.9      0.0     90.2
     1     1    14     9    18    20     0     2   -48.0   60.223  -25.627    202.4    989.1    282.7      0.0     91.0
     1     1    14     9    18    19     0     1   -49.0   60.219  -26.316    207.3    988.3    282.6      0.0     91.0
     1     1    14     9    18    18     0     0   -50.0   60.191  -27.025    210.5    987.4    282.5      0.0     92.5
     1     1    14     9    18    17     0     1   -51.0   60.141  -27.734    213.2    987.1    282.4      0.0     92.4
     1     1    14     9    18    16     0     2   -52.0   60.070  -28.418    218.8    986.1    282.2      0.0     91.5
     1     1    14     9    18    15     0     3   -53.0   59.959  -29.085    226.0    984.7    282.1      0.0     93.0
     1     1    14     9    18    14     0     2   -54.0   59.845  -29.730    231.4    984.1    282.0      0.0     93.8
     1     1    14     9    18    13     0     1   -55.0   59.753  -30.348    233.0    984.0    282.0      0.0     93.1
     1     1    14     9    18    12     0     0   -56.0   59.656  -30.935    229.3    984.0    282.1      0.0     92.6
     1     1    14     9    18    11     0     1   -57.0   59.569  -31.503    223.9    985.4    282.0      0.0     90.9
     1     1    14     9    18    10     0     2   -58.0   59.506  -32.075    222.2    985.6    281.9      0.0     89.5
     1     1    14     9    18     9     0     3   -59.0   59.449  -32.634    227.0    985.5    281.7      0.0     88.9
     1     1    14     9    18     8     0     2   -60.0   59.404  -33.160    238.1    983.7    281.7      0.0     89.3
     1     1    14     9    18     7     0     1   -61.0   59.376  -33.637    248.3    981.8    281.6      0.0     89.7
     1     1    14     9    18     6     0     0   -62.0   59.360  -34.048    252.4    981.0    281.5      0.0     89.9
     1     1    14     9    18     5     0     1   -63.0   59.364  -34.367    255.7    981.5    281.2      0.0     90.9
     1     1    14     9    18     4     0     2   -64.0   59.397  -34.576    263.0    980.6    280.8      0.0     92.0
     1     1    14     9    18     3     0     3   -65.0   59.448  -34.684    272.3    979.4    280.4      0.0     92.9
     1     1    14     9    18     2     0     2   -66.0   59.514  -34.705    278.8    978.0    280.2      0.1     94.2
     1     1    14     9    18     1     0     1   -67.0   59.602  -34.649    277.5    978.2    280.1      0.1     95.7
     1     1    14     9    18     0     0     0   -68.0   59.714  -34.509    266.6    979.5    280.1      0.1     97.2
     1     1    14     9    17    23     0     1   -69.0   59.837  -34.273    250.4    983.0    280.2      0.0     94.4
     1     1    14     9    17    22     0     2   -70.0   59.957  -33.941    237.4    985.7    280.1      0.0     91.4
     1     1    14     9    17    21     0     3   -71.0   60.092  -33.512    233.2    987.6    279.9      0.0     88.1
     1     1    14     9    17    20     0     2   -72.0   60.258  -33.013    235.2    986.6    279.9      0.0     87.6
