     7     1
    GDAS    14     8    22     0     0
    GDAS    14     8    29     0     0
    GDAS    14     9     1     0     0
    GDAS    14     9     8     0     0
    GDAS    14     9    15     0     0
    GDAS    14     9    22     0     0
    GDAS    14     9    29     0     0
     1 BACKWARD OMEGA   
    14     9     2     0   56.467   -2.973   100.0
     4 PRESSURE AIR_TEMP RAINFALL RELHUMID
     1     1    14     9     2     0     0     0     0.0   56.467   -2.973    100.0    979.6    283.3      0.0     83.1
     1     1    14     9     1    23     0     1    -1.0   56.460   -3.146    113.3    976.1    283.6      0.0     82.7
     1     1    14     9     1    22     0     2    -2.0   56.454   -3.335    126.6    973.3    284.0      0.0     82.7
     1     1    14     9     1    21     0     3    -3.0   56.451   -3.540    143.2    970.2    284.2      0.0     83.2
     1     1    14     9     1    20     0     2    -4.0   56.451   -3.766    167.4    965.1    284.6      0.0     82.5
     1     1    14     9     1    19     0     1    -5.0   56.455   -4.022    201.6    958.8    284.6      0.0     82.5
     1     1    14     9     1    18     0     0    -6.0   56.456   -4.310    233.7    954.8    284.4      0.0     83.8
     1     1    14     9     1    17     0     1    -7.0   56.448   -4.616    247.3    954.4    284.2      0.0     85.9
     1     1    14     9     1    16     0     2    -8.0   56.424   -4.932    240.9    957.0    284.1      0.0     88.7
     1     1    14     9     1    15     0     3    -9.0   56.380   -5.258    216.6    967.4    284.7      0.0     88.7
     1     1    14     9     1    14     0     2   -10.0   56.315   -5.586    180.2    981.5    285.5      0.0     87.4
     1     1    14     9     1    13     0     1   -11.0   56.230   -5.901    142.6    995.4    286.2      0.0     87.0
     1     1    14     9     1    12     0     0   -12.0   56.132   -6.211    115.2   1002.9    286.6      0.0     86.5
     1     1    14     9     1    11     0     1   -13.0   56.028   -6.545    102.2   1005.5    286.8      0.0     83.4
     1     1    14     9     1    10     0     2   -14.0   55.917   -6.916    101.3   1005.3    286.7      0.0     82.2
     1     1    14     9     1     9     0     3   -15.0   55.803   -7.304    107.5   1002.1    286.5      0.0     82.3
     1     1    14     9     1     8     0     2   -16.0   55.695   -7.692    111.9    999.4    286.3      0.0     82.9
     1     1    14     9     1     7     0     1   -17.0   55.598   -8.074    108.1    998.3    286.2      0.0     83.3
     1     1    14     9     1     6     0     0   -18.0   55.506   -8.452     98.1   1001.0    286.5      0.0     82.2
     1     1    14     9     1     5     0     1   -19.0   55.421   -8.843     86.8   1005.2    286.9      0.0     80.0
     1     1    14     9     1     4     0     2   -20.0   55.346   -9.256     76.9   1008.1    287.2      0.0     78.9
     1     1    14     9     1     3     0     3   -21.0   55.277   -9.680     70.6   1009.2    287.2      0.0     79.3
     1     1    14     9     1     2     0     2   -22.0   55.210  -10.120     68.8   1009.0    287.4      0.0     77.7
     1     1    14     9     1     1     0     1   -23.0   55.142  -10.584     69.6   1007.9    287.4      0.0     75.9
     1     1    14     9     1     0     0     0   -24.0   55.074  -11.067     70.4   1007.2    287.5      0.0     74.6
     1     1    14     8    31    23     0     1   -25.0   55.010  -11.562     70.7   1007.1    287.6      0.0     74.0
     1     1    14     8    31    22     0     2   -26.0   54.958  -12.069     70.8   1007.0    287.7      0.0     72.3
     1     1    14     8    31    21     0     3   -27.0   54.919  -12.591     70.9   1006.9    287.8      0.0     71.9
     1     1    14     8    31    20     0     2   -28.0   54.889  -13.145     72.7   1005.9    287.7      0.0     73.0
     1     1    14     8    31    19     0     1   -29.0   54.857  -13.745     76.3   1004.3    287.7      0.0     72.8
     1     1    14     8    31    18     0     0   -30.0   54.825  -14.395     80.7   1002.9    287.6      0.0     71.8
     1     1    14     8    31    17     0     1   -31.0   54.795  -15.091     88.4   1001.4    287.5      0.0     71.8
     1     1    14     8    31    16     0     2   -32.0   54.763  -15.835     96.0    999.4    287.3      0.0     71.7
     1     1    14     8    31    15     0     3   -33.0   54.721  -16.621    100.7    998.6    287.2      0.0     71.9
     1     1    14     8    31    14     0     2   -34.0   54.677  -17.438    108.7    997.0    286.9      0.1     74.8
     1     1    14     8    31    13     0     1   -35.0   54.631  -18.283    118.6    995.2    286.7      0.1     75.1
     1     1    14     8    31    12     0     0   -36.0   54.569  -19.163    129.5    993.4    286.6      0.1     73.6
     1     1    14     8    31    11     0     1   -37.0   54.499  -20.073    141.1    991.2    286.5      0.0     75.4
     1     1    14     8    31    10     0     2   -38.0   54.451  -21.009    152.3    988.8    286.4      0.0     73.9
     1     1    14     8    31     9     0     3   -39.0   54.423  -21.979    163.4    986.5    286.0      0.0     72.9
     1     1    14     8    31     8     0     2   -40.0   54.410  -22.985    175.2    983.3    285.8      0.0     76.2
     1     1    14     8    31     7     0     1   -41.0   54.441  -24.036    188.5    980.2    285.4      0.0     76.5
     1     1    14     8    31     6     0     0   -42.0   54.492  -25.120    204.9    976.8    285.2      0.0     76.6
     1     1    14     8    31     5     0     1   -43.0   54.554  -26.251    221.6    973.2    284.8      0.0     78.7
     1     1    14     8    31     4     0     2   -44.0   54.653  -27.442    245.1    969.4    284.3      0.0     79.3
     1     1    14     8    31     3     0     3   -45.0   54.787  -28.646    263.8    965.8    284.0      0.0     77.1
     1     1    14     8    31     2     0     2   -46.0   54.989  -29.868    273.7    962.6    283.9      0.3     79.0
     1     1    14     8    31     1     0     1   -47.0   55.308  -31.122    292.1    958.4    283.4      0.3     77.7
     1     1    14     8    31     0     0     0   -48.0   55.669  -32.335    311.4    954.7    282.9      1.4     77.8
     1     1    14     8    30    23     0     1   -49.0   56.070  -33.427    325.2    951.6    282.3      0.6     80.6
     1     1    14     8    30    22     0     2   -50.0   56.529  -34.374    349.6    948.0    281.4      0.6     82.9
     1     1    14     8    30    21     0     3   -51.0   56.992  -35.154    379.8    944.2    280.7      0.0     81.0
     1     1    14     8    30    20     0     2   -52.0   57.424  -35.762    394.7    942.7    280.3      0.2     86.2
     1     1    14     8    30    19     0     1   -53.0   57.799  -36.228    399.7    943.2    280.1      0.0     87.0
     1     1    14     8    30    18     0     0   -54.0   58.110  -36.564    407.5    942.5    279.9      0.0     88.2
     1     1    14     8    30    17     0     1   -55.0   58.324  -36.809    411.2    942.3    279.7      0.0     88.9
     1     1    14     8    30    16     0     2   -56.0   58.428  -37.024    406.7    943.9    279.7      0.0     88.9
     1     1    14     8    30    15     0     3   -57.0   58.448  -37.229    402.8    945.5    279.7      0.0     88.3
     1     1    14     8    30    14     0     2   -58.0   58.431  -37.433    403.4    946.1    279.6      0.0     89.5
     1     1    14     8    30    13     0     1   -59.0   58.407  -37.643    406.0    946.5    279.6      0.0     90.7
     1     1    14     8    30    12     0     0   -60.0   58.382  -37.851    406.4    947.0    279.5      0.0     91.8
     1     1    14     8    30    11     0     1   -61.0   58.368  -38.101    407.9    947.5    279.5      0.0     92.0
     1     1    14     8    30    10     0     2   -62.0   58.394  -38.441    414.9    946.7    279.4      0.0     92.4
     1     1    14     8    30     9     0     3   -63.0   58.474  -38.864    426.4    945.4    279.3      0.0     92.9
     1     1    14     8    30     8     0     2   -64.0   58.615  -39.367    438.2    943.4    279.1      0.1     94.2
     1     1    14     8    30     7     0     1   -65.0   58.840  -39.943    444.6    942.4    278.9      0.1     95.7
     1     1    14     8    30     6     0     0   -66.0   59.185  -40.531    447.2    942.1    278.8      0.1     96.5
     1     1    14     8    30     5     0     1   -67.0   59.634  -40.983    438.8    941.4    278.7      0.0     97.1
     1     1    14     8    30     4     0     2   -68.0   60.162  -41.215    407.1    943.5    278.8      0.0     96.5
     1     1    14     8    30     3     0     3   -69.0   60.722  -41.208    358.6    950.0    279.2      0.5     97.1
     1     1    14     8    30     2     0     2   -70.0   61.283  -40.945    288.0    957.4    279.6      1.3     97.9
     1     1    14     8    30     1     0     1   -71.0   61.806  -40.434    219.2    968.5    280.5      0.4     95.4
     1     1    14     8    30     0     0     0   -72.0   62.224  -39.760    171.4    975.0    281.2      0.4     91.7
