     7     1
    GDAS    14     8    22     0     0
    GDAS    14     8    29     0     0
    GDAS    14     9     1     0     0
    GDAS    14     9     8     0     0
    GDAS    14     9    15     0     0
    GDAS    14     9    22     0     0
    GDAS    14     9    29     0     0
     1 BACKWARD OMEGA   
    14     9    19    17   56.467   -2.973   100.0
     4 PRESSURE AIR_TEMP RAINFALL RELHUMID
     1     1    14     9    19    17     0     1     0.0   56.467   -2.973    100.0    971.4    286.0      0.0     82.8
     1     1    14     9    19    16     0     2    -1.0   56.462   -2.994     98.5    970.7    286.7      0.0     81.9
     1     1    14     9    19    15     0     3    -2.0   56.451   -2.991     91.6    972.0    287.5      0.0     80.9
     1     1    14     9    19    14     0     2    -3.0   56.438   -2.969     84.1    974.3    287.3      0.0     81.9
     1     1    14     9    19    13     0     1    -4.0   56.427   -2.935     79.0    976.1    287.1      0.0     83.1
     1     1    14     9    19    12     0     0    -5.0   56.421   -2.890     75.4    977.9    286.9      0.0     84.4
     1     1    14     9    19    11     0     1    -6.0   56.419   -2.837     72.1    979.8    286.5      0.0     87.5
     1     1    14     9    19    10     0     2    -7.0   56.422   -2.777     67.6    982.1    286.2      0.0     90.3
     1     1    14     9    19     9     0     3    -8.0   56.429   -2.710     62.2    984.6    285.9      0.0     92.9
     1     1    14     9    19     8     0     2    -9.0   56.438   -2.635     56.9    987.3    285.7      0.0     93.3
     1     1    14     9    19     7     0     1   -10.0   56.449   -2.550     52.2    989.9    285.4      0.0     93.6
     1     1    14     9    19     6     0     0   -11.0   56.461   -2.457     47.8    992.5    285.2      0.0     93.7
     1     1    14     9    19     5     0     1   -12.0   56.472   -2.358     43.2    995.7    285.5      0.0     94.5
     1     1    14     9    19     4     0     2   -13.0   56.481   -2.256     38.4    999.2    285.9      0.0     95.2
     1     1    14     9    19     3     0     3   -14.0   56.486   -2.148     33.8   1002.9    286.3      0.0     96.0
     1     1    14     9    19     2     0     2   -15.0   56.485   -2.031     29.1   1007.0    286.5      0.0     95.6
     1     1    14     9    19     1     0     1   -16.0   56.478   -1.898     24.4   1009.1    286.6      0.0     95.4
     1     1    14     9    19     0     0     0   -17.0   56.463   -1.743     20.6   1010.4    286.7      0.0     95.3
     1     1    14     9    18    23     0     1   -18.0   56.441   -1.565     18.1   1011.7    286.7      0.0     95.2
     1     1    14     9    18    22     0     2   -19.0   56.410   -1.358     17.0   1012.8    286.7      0.0     95.1
     1     1    14     9    18    21     0     3   -20.0   56.367   -1.114     16.9   1013.8    286.8      0.0     95.2
     1     1    14     9    18    20     0     2   -21.0   56.318   -0.842     17.8   1013.2    286.8      0.0     94.5
     1     1    14     9    18    19     0     1   -22.0   56.268   -0.568     19.2   1012.0    286.8      0.0     93.9
     1     1    14     9    18    18     0     0   -23.0   56.219   -0.299     21.3   1010.9    286.7      0.0     93.5
     1     1    14     9    18    17     0     1   -24.0   56.167   -0.036     23.4   1010.4    286.8      0.0     93.4
     1     1    14     9    18    16     0     2   -25.0   56.121    0.254     23.2   1010.3    287.2      0.0     92.7
     1     1    14     9    18    15     0     3   -26.0   56.089    0.596     21.5   1010.8    287.4      0.0     92.0
     1     1    14     9    18    14     0     2   -27.0   56.064    0.973     20.7   1011.3    287.5      0.0     91.0
     1     1    14     9    18    13     0     1   -28.0   56.035    1.376     20.7   1011.5    287.6      0.0     90.0
     1     1    14     9    18    12     0     0   -29.0   55.998    1.790     20.7   1011.7    287.7      0.0     88.8
     1     1    14     9    18    11     0     1   -30.0   55.967    2.223     20.7   1011.9    287.9      0.0     87.9
     1     1    14     9    18    10     0     2   -31.0   55.956    2.687     20.7   1012.2    288.2      0.0     86.5
     1     1    14     9    18     9     0     3   -32.0   55.960    3.181     20.7   1012.5    288.4      0.0     84.4
     1     1    14     9    18     8     0     2   -33.0   55.976    3.688     20.7   1012.7    288.6      0.0     83.3
     1     1    14     9    18     7     0     1   -34.0   55.999    4.194     20.6   1012.9    288.8      0.0     82.0
     1     1    14     9    18     6     0     0   -35.0   56.031    4.705     20.0   1013.2    289.0      0.0     80.4
     1     1    14     9    18     5     0     1   -36.0   56.064    5.232     19.1   1013.5    289.1      0.0     78.6
     1     1    14     9    18     4     0     2   -37.0   56.096    5.776     18.8   1013.7    289.2      0.0     76.1
     1     1    14     9    18     3     0     3   -38.0   56.130    6.329     18.8   1013.8    289.3      0.0     74.0
     1     1    14     9    18     2     0     2   -39.0   56.156    6.876     19.0   1014.1    289.4      0.0     72.3
     1     1    14     9    18     1     0     1   -40.0   56.168    7.397     20.0   1014.3    289.5      0.0     72.2
     1     1    14     9    18     0     0     0   -41.0   56.173    7.877     23.7   1014.1    289.5      0.0     70.9
     1     1    14     9    17    23     0     1   -42.0   56.175    8.305     31.2   1012.6    288.3      0.0     74.5
     1     1    14     9    17    22     0     2   -43.0   56.175    8.683     43.0   1009.9    287.2      0.0     77.7
     1     1    14     9    17    21     0     3   -44.0   56.174    9.028     59.7   1006.6    286.7      0.0     79.1
     1     1    14     9    17    20     0     2   -45.0   56.172    9.382     73.0   1004.6    287.6      0.0     76.0
     1     1    14     9    17    19     0     1   -46.0   56.173    9.738     70.0   1005.8    288.0      0.0     75.0
     1     1    14     9    17    18     0     0   -47.0   56.182   10.061     57.1   1009.5    288.1      0.0     74.7
     1     1    14     9    17    17     0     1   -48.0   56.193   10.353     46.1   1012.4    289.3      0.0     70.7
     1     1    14     9    17    16     0     2   -49.0   56.204   10.630     40.9   1013.7    289.9      0.0     69.3
     1     1    14     9    17    15     0     3   -50.0   56.226   10.887     39.7   1014.8    289.8      0.0     70.4
     1     1    14     9    17    14     0     2   -51.0   56.247   11.127     41.1   1015.6    289.7      0.0     73.3
     1     1    14     9    17    13     0     1   -52.0   56.249   11.358     42.5   1015.9    289.8      0.0     73.8
     1     1    14     9    17    12     0     0   -53.0   56.229   11.573     42.9   1016.5    290.0      0.0     73.9
     1     1    14     9    17    11     0     1   -54.0   56.198   11.789     42.4   1016.4    289.9      0.0     75.1
     1     1    14     9    17    10     0     2   -55.0   56.162   12.027     41.8   1016.0    289.8      0.0     77.9
     1     1    14     9    17     9     0     3   -56.0   56.127   12.288     43.0   1014.2    290.1      0.0     80.7
     1     1    14     9    17     8     0     2   -57.0   56.095   12.557     48.9   1011.9    289.3      0.0     82.6
     1     1    14     9    17     7     0     1   -58.0   56.066   12.822     62.6   1008.8    287.6      0.0     87.3
     1     1    14     9    17     6     0     0   -59.0   56.042   13.101     88.4   1004.1    285.4      0.0     94.4
     1     1    14     9    17     5     0     1   -60.0   56.023   13.425    112.4    999.9    285.4      0.0     93.3
     1     1    14     9    17     4     0     2   -61.0   56.024   13.775    107.1    999.9    285.5      0.0     92.9
     1     1    14     9    17     3     0     3   -62.0   56.053   14.103     80.5   1004.4    285.4      0.0     92.2
     1     1    14     9    17     2     0     2   -63.0   56.089   14.398     58.1   1011.1    286.0      0.0     89.4
     1     1    14     9    17     1     0     1   -64.0   56.114   14.691     45.2   1014.1    286.9      0.0     86.6
     1     1    14     9    17     0     0     0   -65.0   56.127   15.000     38.0   1017.1    288.1      0.0     83.8
     1     1    14     9    16    23     0     1   -66.0   56.126   15.329     33.2   1017.8    288.4      0.0     81.0
     1     1    14     9    16    22     0     2   -67.0   56.111   15.667     28.8   1019.0    288.7      0.0     78.0
     1     1    14     9    16    21     0     3   -68.0   56.082   16.016     25.1   1020.0    289.2      0.0     74.8
     1     1    14     9    16    20     0     2   -69.0   56.047   16.383     22.7   1021.0    289.6      0.0     73.7
     1     1    14     9    16    19     0     1   -70.0   56.010   16.778     21.6   1021.4    289.8      0.0     73.2
     1     1    14     9    16    18     0     0   -71.0   55.972   17.200     21.4   1021.4    289.7      0.0     72.8
     1     1    14     9    16    17     0     1   -72.0   55.938   17.620     21.5   1021.0    289.7      0.0     72.2
