     7     1
    GDAS    14     8    22     0     0
    GDAS    14     8    29     0     0
    GDAS    14     9     1     0     0
    GDAS    14     9     8     0     0
    GDAS    14     9    15     0     0
    GDAS    14     9    22     0     0
    GDAS    14     9    29     0     0
     1 BACKWARD OMEGA   
    14     9     1     6   56.467   -2.973   100.0
     4 PRESSURE AIR_TEMP RAINFALL RELHUMID
     1     1    14     9     1     6     0     0     0.0   56.467   -2.973    100.0    973.2    283.8      0.0     93.0
     1     1    14     9     1     5     0     1    -1.0   56.510   -3.231    151.9    964.2    283.6      0.0     93.6
     1     1    14     9     1     4     0     2    -2.0   56.525   -3.552    210.1    952.2    283.3      0.0     94.1
     1     1    14     9     1     3     0     3    -3.0   56.515   -3.938    250.2    943.5    282.8      0.0     95.6
     1     1    14     9     1     2     0     2    -4.0   56.487   -4.347    261.0    944.5    283.0      0.2     95.8
     1     1    14     9     1     1     0     1    -5.0   56.452   -4.751    241.7    949.2    283.5      0.9     96.4
     1     1    14     9     1     0     0     0    -6.0   56.423   -5.146    190.5    959.9    284.3      0.9     97.2
     1     1    14     8    31    23     0     1    -7.0   56.378   -5.500    121.2    979.5    285.2      0.1     96.8
     1     1    14     8    31    22     0     2    -8.0   56.298   -5.794     67.5    996.4    286.1      0.1     96.5
     1     1    14     8    31    21     0     3    -9.0   56.188   -6.081     37.3   1004.6    286.8      0.2     96.7
     1     1    14     8    31    20     0     2   -10.0   56.053   -6.358     24.3   1007.8    286.8      0.4     94.0
     1     1    14     8    31    19     0     1   -11.0   55.876   -6.558     20.9   1007.0    286.9      0.4     91.9
     1     1    14     8    31    18     0     0   -12.0   55.643   -6.657     22.4   1004.0    287.0      0.3     90.7
     1     1    14     8    31    17     0     1   -13.0   55.396   -6.674     31.1   1000.0    287.4      0.1     87.3
     1     1    14     8    31    16     0     2   -14.0   55.164   -6.662     50.4    995.4    287.9      0.1     84.0
     1     1    14     8    31    15     0     3   -15.0   54.933   -6.647     82.1    990.0    288.4      0.1     80.5
     1     1    14     8    31    14     0     2   -16.0   54.706   -6.660    114.8    986.3    288.4      0.0     77.9
     1     1    14     8    31    13     0     1   -17.0   54.503   -6.719    135.3    985.0    288.1      0.0     76.4
     1     1    14     8    31    12     0     0   -18.0   54.327   -6.831    147.0    984.0    287.7      0.0     75.5
     1     1    14     8    31    11     0     1   -19.0   54.172   -6.977    159.7    982.6    286.5      0.0     79.7
     1     1    14     8    31    10     0     2   -20.0   54.026   -7.131    173.6    980.3    285.0      0.0     84.7
     1     1    14     8    31     9     0     3   -21.0   53.885   -7.279    181.2    979.5    283.9      0.0     88.0
     1     1    14     8    31     8     0     2   -22.0   53.752   -7.423    184.2    979.6    283.5      0.0     87.7
     1     1    14     8    31     7     0     1   -23.0   53.631   -7.575    185.1    979.9    283.2      0.0     87.0
     1     1    14     8    31     6     0     0   -24.0   53.519   -7.739    187.3    980.1    282.8      0.0     85.6
     1     1    14     8    31     5     0     1   -25.0   53.420   -7.918    193.0    979.6    283.1      0.0     85.5
     1     1    14     8    31     4     0     2   -26.0   53.344   -8.110    202.4    979.6    283.5      0.0     86.2
     1     1    14     8    31     3     0     3   -27.0   53.288   -8.315    215.1    979.9    283.9      0.0     86.3
     1     1    14     8    31     2     0     2   -28.0   53.247   -8.546    230.3    980.1    284.2      0.0     85.4
     1     1    14     8    31     1     0     1   -29.0   53.215   -8.811    246.7    980.4    284.5      0.0     84.7
     1     1    14     8    31     0     0     0   -30.0   53.188   -9.098    260.0    981.1    284.8      0.0     84.0
     1     1    14     8    30    23     0     1   -31.0   53.163   -9.389    266.4    982.4    285.2      0.0     81.8
     1     1    14     8    30    22     0     2   -32.0   53.142   -9.672    266.0    984.8    285.5      0.0     80.3
     1     1    14     8    30    21     0     3   -33.0   53.135   -9.943    261.5    987.7    285.9      0.0     79.1
     1     1    14     8    30    20     0     2   -34.0   53.147  -10.209    258.3    988.7    286.1      0.0     77.6
     1     1    14     8    30    19     0     1   -35.0   53.180  -10.477    261.1    988.2    286.2      0.0     76.7
     1     1    14     8    30    18     0     0   -36.0   53.238  -10.755    270.3    986.9    286.1      0.0     76.2
     1     1    14     8    30    17     0     1   -37.0   53.309  -11.061    284.1    984.9    285.9      0.0     76.3
     1     1    14     8    30    16     0     2   -38.0   53.375  -11.408    295.6    982.7    285.5      0.0     76.7
     1     1    14     8    30    15     0     3   -39.0   53.435  -11.792    299.5    982.1    285.3      0.0     77.0
     1     1    14     8    30    14     0     2   -40.0   53.489  -12.197    299.8    982.6    285.3      0.0     76.6
     1     1    14     8    30    13     0     1   -41.0   53.539  -12.604    302.2    982.5    285.2      0.0     76.4
     1     1    14     8    30    12     0     0   -42.0   53.593  -13.007    308.2    981.8    285.1      0.0     76.6
     1     1    14     8    30    11     0     1   -43.0   53.651  -13.407    316.8    980.1    285.0      0.0     76.1
     1     1    14     8    30    10     0     2   -44.0   53.711  -13.806    327.0    978.5    284.8      0.0     76.0
     1     1    14     8    30     9     0     3   -45.0   53.784  -14.213    339.3    976.6    284.6      0.0     76.4
     1     1    14     8    30     8     0     2   -46.0   53.870  -14.631    353.9    974.6    284.4      0.0     76.8
     1     1    14     8    30     7     0     1   -47.0   53.965  -15.062    369.2    972.4    284.2      0.0     77.3
     1     1    14     8    30     6     0     0   -48.0   54.069  -15.510    382.8    970.3    283.9      0.0     77.3
     1     1    14     8    30     5     0     1   -49.0   54.173  -15.973    395.6    968.6    283.7      0.0     75.6
     1     1    14     8    30     4     0     2   -50.0   54.268  -16.446    410.1    966.6    283.4      0.0     74.1
     1     1    14     8    30     3     0     3   -51.0   54.353  -16.928    425.4    964.4    283.2      0.0     72.3
     1     1    14     8    30     2     0     2   -52.0   54.439  -17.406    442.4    962.5    282.9      0.1     72.9
     1     1    14     8    30     1     0     1   -53.0   54.536  -17.867    460.8    959.7    282.7      0.1     72.8
     1     1    14     8    30     0     0     0   -54.0   54.650  -18.318    477.0    957.5    282.5      0.1     72.5
     1     1    14     8    29    23     0     1   -55.0   54.780  -18.775    494.7    955.6    282.4      0.1     73.9
     1     1    14     8    29    22     0     2   -56.0   54.926  -19.252    517.2    952.6    282.2      0.1     75.1
     1     1    14     8    29    21     0     3   -57.0   55.087  -19.748    543.4    949.4    282.0      0.0     75.8
     1     1    14     8    29    20     0     2   -58.0   55.258  -20.265    570.2    945.2    281.7      0.0     77.4
     1     1    14     8    29    19     0     1   -59.0   55.432  -20.806    590.4    941.8    281.4      0.0     78.0
     1     1    14     8    29    18     0     0   -60.0   55.609  -21.377    600.3    940.0    281.2      0.0     77.6
     1     1    14     8    29    17     0     1   -61.0   55.782  -21.994    599.7    939.6    281.1      0.0     77.0
     1     1    14     8    29    16     0     2   -62.0   55.936  -22.658    601.2    940.2    281.0      0.0     76.0
     1     1    14     8    29    15     0     3   -63.0   56.060  -23.352    621.7    938.0    280.7      0.0     75.3
     1     1    14     8    29    14     0     2   -64.0   56.166  -24.051    662.7    932.4    280.1      0.0     76.7
     1     1    14     8    29    13     0     1   -65.0   56.271  -24.745    709.2    925.0    279.4      0.0     78.9
     1     1    14     8    29    12     0     0   -66.0   56.370  -25.442    747.5    919.9    278.9      0.0     80.1
     1     1    14     8    29    11     0     1   -67.0   56.455  -26.153    776.7    916.2    278.6      0.0     81.5
     1     1    14     8    29    10     0     2   -68.0   56.512  -26.891    795.2    913.4    278.5      0.0     82.1
     1     1    14     8    29     9     0     3   -69.0   56.537  -27.660    811.2    912.3    278.4      0.0     81.2
     1     1    14     8    29     8     0     2   -70.0   56.535  -28.458    846.4    907.5    278.0      0.0     81.9
     1     1    14     8    29     7     0     1   -71.0   56.515  -29.268    893.4    901.4    277.5      0.0     83.3
     1     1    14     8    29     6     0     0   -72.0   56.471  -30.090    934.5    896.0    277.0      0.0     85.9
