     7     1
    GDAS    14     8    22     0     0
    GDAS    14     8    29     0     0
    GDAS    14     9     1     0     0
    GDAS    14     9     8     0     0
    GDAS    14     9    15     0     0
    GDAS    14     9    22     0     0
    GDAS    14     9    29     0     0
     1 BACKWARD OMEGA   
    14     9    12    14   56.467   -2.973   100.0
     4 PRESSURE AIR_TEMP RAINFALL RELHUMID
     1     1    14     9    12    14     0     2     0.0   56.467   -2.973    100.0    982.4    288.2      0.0     79.9
     1     1    14     9    12    13     0     1    -1.0   56.424   -2.970     91.3    985.4    287.8      0.0     80.5
     1     1    14     9    12    12     0     0    -2.0   56.388   -2.978     84.2    987.7    287.3      0.0     81.3
     1     1    14     9    12    11     0     1    -3.0   56.356   -2.981     79.9    989.1    286.9      0.0     84.0
     1     1    14     9    12    10     0     2    -4.0   56.323   -2.961     79.7    990.4    286.3      0.0     86.9
     1     1    14     9    12     9     0     3    -5.0   56.286   -2.917     83.3    991.9    285.7      0.0     90.0
     1     1    14     9    12     8     0     2    -6.0   56.248   -2.860     89.0    993.4    284.9      0.0     90.7
     1     1    14     9    12     7     0     1    -7.0   56.213   -2.803     94.9    994.7    284.4      0.0     91.3
     1     1    14     9    12     6     0     0    -8.0   56.181   -2.747    100.6    995.8    283.9      0.0     91.7
     1     1    14     9    12     5     0     1    -9.0   56.148   -2.682    104.9    996.9    284.4      0.0     90.9
     1     1    14     9    12     4     0     2   -10.0   56.105   -2.594    106.9    998.9    285.0      0.0     89.8
     1     1    14     9    12     3     0     3   -11.0   56.051   -2.485    107.3   1001.3    285.5      0.0     88.1
     1     1    14     9    12     2     0     2   -12.0   55.983   -2.365    107.3   1003.5    285.8      0.0     86.3
     1     1    14     9    12     1     0     1   -13.0   55.904   -2.249    107.3   1003.6    285.8      0.0     84.7
     1     1    14     9    12     0     0     0   -14.0   55.817   -2.142    107.2   1003.1    285.7      0.0     83.5
     1     1    14     9    11    23     0     1   -15.0   55.721   -2.039    108.1   1001.7    285.6      0.0     81.9
     1     1    14     9    11    22     0     2   -16.0   55.618   -1.937    110.9   1000.0    285.5      0.0     80.4
     1     1    14     9    11    21     0     3   -17.0   55.514   -1.833    115.0    998.7    285.6      0.0     78.9
     1     1    14     9    11    20     0     2   -18.0   55.415   -1.720    116.5    998.0    285.9      0.0     77.9
     1     1    14     9    11    19     0     1   -19.0   55.325   -1.591    113.7    999.3    286.3      0.0     76.9
     1     1    14     9    11    18     0     0   -20.0   55.243   -1.442    110.3   1001.9    286.6      0.0     75.7
     1     1    14     9    11    17     0     1   -21.0   55.167   -1.274    111.7   1004.7    286.8      0.0     74.9
     1     1    14     9    11    16     0     2   -22.0   55.095   -1.086    122.4   1007.4    286.6      0.0     74.9
     1     1    14     9    11    15     0     3   -23.0   55.029   -0.872    143.5   1006.8    286.3      0.0     75.2
     1     1    14     9    11    14     0     2   -24.0   54.968   -0.662    170.8   1002.9    286.1      0.0     75.8
     1     1    14     9    11    13     0     1   -25.0   54.910   -0.484    200.6    999.0    285.9      0.0     76.4
     1     1    14     9    11    12     0     0   -26.0   54.854   -0.337    233.0    995.1    285.6      0.0     77.5
     1     1    14     9    11    11     0     1   -27.0   54.796   -0.212    263.8    990.4    285.1      0.0     80.6
     1     1    14     9    11    10     0     2   -28.0   54.732   -0.101    287.4    986.5    284.6      0.0     84.0
     1     1    14     9    11     9     0     3   -29.0   54.686   -0.001    303.4    983.9    284.1      0.0     87.6
     1     1    14     9    11     8     0     2   -30.0   54.643    0.096    314.8    985.3    284.1      0.0     84.9
     1     1    14     9    11     7     0     1   -31.0   54.634    0.194    324.8    983.7    283.9      0.0     85.3
     1     1    14     9    11     6     0     0   -32.0   54.637    0.295    332.1    982.7    283.8      0.0     85.6
     1     1    14     9    11     5     0     1   -33.0   54.648    0.398    339.2    982.1    283.9      0.0     85.8
     1     1    14     9    11     4     0     2   -34.0   54.663    0.503    349.5    980.9    283.8      0.0     86.4
     1     1    14     9    11     3     0     3   -35.0   54.685    0.610    363.8    979.2    283.7      0.0     87.5
     1     1    14     9    11     2     0     2   -36.0   54.706    0.725    379.6    977.3    283.6      0.0     88.6
     1     1    14     9    11     1     0     1   -37.0   54.722    0.858    394.3    975.9    283.4      0.0     90.0
     1     1    14     9    11     0     0     0   -38.0   54.735    1.009    408.7    974.5    283.3      0.0     91.8
     1     1    14     9    10    23     0     1   -39.0   54.761    1.176    423.1    972.9    283.3      0.0     88.9
     1     1    14     9    10    22     0     2   -40.0   54.819    1.353    438.1    971.1    283.3      0.0     86.5
     1     1    14     9    10    21     0     3   -41.0   54.909    1.536    454.4    969.1    283.2      0.0     84.5
     1     1    14     9    10    20     0     2   -42.0   55.016    1.707    471.8    966.8    283.0      0.0     85.0
     1     1    14     9    10    19     0     1   -43.0   55.125    1.852    489.5    964.7    282.9      0.0     85.4
     1     1    14     9    10    18     0     0   -44.0   55.235    1.972    507.8    962.6    282.7      0.0     86.1
     1     1    14     9    10    17     0     1   -45.0   55.349    2.075    524.8    960.4    282.4      0.0     87.0
     1     1    14     9    10    16     0     2   -46.0   55.472    2.165    539.3    958.7    282.3      0.0     87.9
     1     1    14     9    10    15     0     3   -47.0   55.605    2.238    552.0    957.3    282.1      0.0     89.0
     1     1    14     9    10    14     0     2   -48.0   55.745    2.300    561.7    956.1    281.9      0.0     90.0
     1     1    14     9    10    13     0     1   -49.0   55.896    2.356    566.3    955.6    281.8      0.0     91.3
     1     1    14     9    10    12     0     0   -50.0   56.058    2.405    565.2    955.8    281.7      0.0     91.7
     1     1    14     9    10    11     0     1   -51.0   56.224    2.437    567.0    956.3    281.8      0.0     89.7
     1     1    14     9    10    10     0     2   -52.0   56.386    2.441    579.2    954.6    281.7      0.0     88.8
     1     1    14     9    10     9     0     3   -53.0   56.543    2.421    600.9    951.9    281.6      0.0     88.6
     1     1    14     9    10     8     0     2   -54.0   56.699    2.387    626.4    948.5    281.3      0.0     89.0
     1     1    14     9    10     7     0     1   -55.0   56.862    2.350    649.1    945.6    281.0      0.0     89.0
     1     1    14     9    10     6     0     0   -56.0   57.031    2.308    668.1    943.2    280.8      0.0     89.3
     1     1    14     9    10     5     0     1   -57.0   57.208    2.257    684.1    941.2    281.0      0.0     84.9
     1     1    14     9    10     4     0     2   -58.0   57.395    2.194    698.8    939.4    281.1      0.0     80.8
     1     1    14     9    10     3     0     3   -59.0   57.591    2.119    713.5    937.6    281.2      0.0     76.7
     1     1    14     9    10     2     0     2   -60.0   57.793    2.036    731.4    935.8    281.1      0.0     75.7
     1     1    14     9    10     1     0     1   -61.0   57.997    1.950    755.3    933.1    281.0      0.0     74.6
     1     1    14     9    10     0     0     0   -62.0   58.198    1.861    785.4    929.8    280.8      0.0     74.0
     1     1    14     9     9    23     0     1   -63.0   58.396    1.757    818.3    925.6    280.6      0.0     73.1
     1     1    14     9     9    22     0     2   -64.0   58.597    1.628    849.0    922.1    280.4      0.0     72.3
     1     1    14     9     9    21     0     3   -65.0   58.801    1.478    876.8    919.1    280.2      0.0     71.0
     1     1    14     9     9    20     0     2   -66.0   59.001    1.307    903.7    915.9    280.0      0.0     71.3
     1     1    14     9     9    19     0     1   -67.0   59.186    1.114    931.6    912.4    279.7      0.0     72.4
     1     1    14     9     9    18     0     0   -68.0   59.358    0.904    959.5    908.9    279.4      0.0     73.5
     1     1    14     9     9    17     0     1   -69.0   59.510    0.686    988.9    905.3    279.2      0.0     75.1
     1     1    14     9     9    16     0     2   -70.0   59.640    0.468   1019.9    901.2    278.9      0.0     78.0
     1     1    14     9     9    15     0     3   -71.0   59.752    0.249   1049.9    897.4    278.6      0.0     82.0
     1     1    14     9     9    14     0     2   -72.0   59.856    0.036   1076.3    894.3    278.3      0.0     82.2
