     7     1
    GDAS    14     8    22     0     0
    GDAS    14     8    29     0     0
    GDAS    14     9     1     0     0
    GDAS    14     9     8     0     0
    GDAS    14     9    15     0     0
    GDAS    14     9    22     0     0
    GDAS    14     9    29     0     0
     1 BACKWARD OMEGA   
    14     9    14     5   56.467   -2.973   100.0
     4 PRESSURE AIR_TEMP RAINFALL RELHUMID
     1     1    14     9    14     5     0     1     0.0   56.467   -2.973    100.0    986.2    282.6      0.0     94.1
     1     1    14     9    14     4     0     2    -1.0   56.425   -2.852     86.2    992.6    283.1      0.0     93.1
     1     1    14     9    14     3     0     3    -2.0   56.388   -2.727     74.4    998.6    283.5      0.0     91.9
     1     1    14     9    14     2     0     2    -3.0   56.348   -2.594     64.4   1004.4    284.2      0.0     90.1
     1     1    14     9    14     1     0     1    -4.0   56.302   -2.450     55.9   1010.0    284.8      0.0     87.9
     1     1    14     9    14     0     0     0    -5.0   56.244   -2.295     49.1   1014.7    285.3      0.0     85.2
     1     1    14     9    13    23     0     1    -6.0   56.177   -2.128     43.5   1018.9    286.0      0.0     82.5
     1     1    14     9    13    22     0     2    -7.0   56.101   -1.949     39.2   1021.8    286.4      0.0     79.5
     1     1    14     9    13    21     0     3    -8.0   56.020   -1.754     36.8   1022.8    286.6      0.0     77.2
     1     1    14     9    13    20     0     2    -9.0   55.942   -1.552     35.8   1023.0    286.5      0.0     77.2
     1     1    14     9    13    19     0     1   -10.0   55.869   -1.352     35.3   1023.7    286.5      0.0     77.2
     1     1    14     9    13    18     0     0   -11.0   55.796   -1.161     36.0   1025.1    286.6      0.0     77.1
     1     1    14     9    13    17     0     1   -12.0   55.724   -0.977     38.8   1025.6    286.7      0.0     77.2
     1     1    14     9    13    16     0     2   -13.0   55.655   -0.796     44.0   1024.5    286.8      0.0     77.1
     1     1    14     9    13    15     0     3   -14.0   55.589   -0.612     50.8   1023.5    286.8      0.0     76.8
     1     1    14     9    13    14     0     2   -15.0   55.525   -0.436     58.7   1022.5    286.8      0.0     76.9
     1     1    14     9    13    13     0     1   -16.0   55.462   -0.280     67.2   1021.2    286.8      0.0     77.0
     1     1    14     9    13    12     0     0   -17.0   55.399   -0.145     76.3   1019.8    286.8      0.0     77.0
     1     1    14     9    13    11     0     1   -18.0   55.336   -0.035     85.8   1018.4    286.7      0.0     78.9
     1     1    14     9    13    10     0     2   -19.0   55.289    0.060     92.7   1017.1    286.6      0.0     87.3
     1     1    14     9    13     9     0     3   -20.0   55.254    0.151     96.7   1016.6    286.7      0.0     89.2
     1     1    14     9    13     8     0     2   -21.0   55.216    0.246    100.0   1016.5    286.7      0.0     89.0
     1     1    14     9    13     7     0     1   -22.0   55.176    0.348    102.6   1016.4    286.7      0.0     89.0
     1     1    14     9    13     6     0     0   -23.0   55.133    0.457    104.7   1016.3    286.7      0.0     89.2
     1     1    14     9    13     5     0     1   -24.0   55.095    0.565    105.7   1015.8    286.7      0.0     89.0
     1     1    14     9    13     4     0     2   -25.0   55.069    0.663    105.5   1015.6    286.7      0.0     88.7
     1     1    14     9    13     3     0     3   -26.0   55.054    0.751    104.6   1015.4    286.7      0.0     88.3
     1     1    14     9    13     2     0     2   -27.0   55.041    0.833    103.7   1015.1    286.8      0.0     87.8
     1     1    14     9    13     1     0     1   -28.0   55.024    0.914    103.3   1014.7    286.8      0.0     87.4
     1     1    14     9    13     0     0     0   -29.0   55.002    0.993    103.2   1014.3    286.9      0.0     87.0
     1     1    14     9    12    23     0     1   -30.0   54.983    1.085    104.4   1014.3    287.0      0.0     87.6
     1     1    14     9    12    22     0     2   -31.0   54.973    1.205    107.8   1014.0    287.1      0.0     88.2
     1     1    14     9    12    21     0     3   -32.0   54.971    1.354    113.7   1013.4    287.3      0.0     88.7
     1     1    14     9    12    20     0     2   -33.0   54.980    1.519    120.0   1012.6    287.2      0.0     89.2
     1     1    14     9    12    19     0     1   -34.0   55.004    1.693    123.9   1012.2    287.2      0.0     89.6
     1     1    14     9    12    18     0     0   -35.0   55.041    1.875    125.3   1012.1    287.3      0.0     89.7
     1     1    14     9    12    17     0     1   -36.0   55.088    2.054    125.3   1011.7    287.3      0.0     89.0
     1     1    14     9    12    16     0     2   -37.0   55.141    2.215    125.3   1011.2    287.4      0.0     88.0
     1     1    14     9    12    15     0     3   -38.0   55.201    2.357    125.3   1010.7    287.4      0.0     87.1
     1     1    14     9    12    14     0     2   -39.0   55.263    2.488    125.3   1011.0    287.4      0.0     87.2
     1     1    14     9    12    13     0     1   -40.0   55.323    2.620    125.3   1011.2    287.3      0.0     87.3
     1     1    14     9    12    12     0     0   -41.0   55.383    2.756    125.3   1011.4    287.3      0.0     87.3
     1     1    14     9    12    11     0     1   -42.0   55.447    2.899    126.3   1011.3    287.4      0.0     87.5
     1     1    14     9    12    10     0     2   -43.0   55.518    3.048    129.5   1011.0    287.4      0.0     87.7
     1     1    14     9    12     9     0     3   -44.0   55.596    3.197    134.9   1010.5    287.3      0.0     88.0
     1     1    14     9    12     8     0     2   -45.0   55.677    3.334    140.5   1009.6    287.3      0.0     88.4
     1     1    14     9    12     7     0     1   -46.0   55.757    3.453    144.0   1009.1    287.2      0.0     88.7
     1     1    14     9    12     6     0     0   -47.0   55.836    3.558    145.2   1008.9    287.2      0.0     89.0
     1     1    14     9    12     5     0     1   -48.0   55.912    3.660    145.3   1008.4    287.3      0.0     88.6
     1     1    14     9    12     4     0     2   -49.0   55.980    3.771    145.3   1007.9    287.4      0.0     88.4
     1     1    14     9    12     3     0     3   -50.0   56.041    3.889    145.2   1007.3    287.5      0.0     88.1
     1     1    14     9    12     2     0     2   -51.0   56.096    4.010    145.1   1007.9    287.5      0.0     87.2
     1     1    14     9    12     1     0     1   -52.0   56.147    4.134    145.0   1008.4    287.5      0.0     86.6
     1     1    14     9    12     0     0     0   -53.0   56.195    4.260    145.0   1008.8    287.5      0.0     86.0
     1     1    14     9    11    23     0     1   -54.0   56.248    4.385    145.0   1008.3    287.7      0.0     85.5
     1     1    14     9    11    22     0     2   -55.0   56.311    4.503    145.0   1007.9    287.8      0.0     85.0
     1     1    14     9    11    21     0     3   -56.0   56.380    4.612    145.1   1007.4    287.9      0.0     84.4
     1     1    14     9    11    20     0     2   -57.0   56.451    4.709    145.2   1007.3    288.0      0.0     83.7
     1     1    14     9    11    19     0     1   -58.0   56.517    4.795    145.3   1007.1    288.1      0.0     83.1
     1     1    14     9    11    18     0     0   -59.0   56.575    4.871    145.4   1006.9    288.1      0.0     82.5
     1     1    14     9    11    17     0     1   -60.0   56.625    4.957    144.5   1006.6    288.2      0.0     82.3
     1     1    14     9    11    16     0     2   -61.0   56.669    5.073    141.7   1006.7    288.4      0.0     82.1
     1     1    14     9    11    15     0     3   -62.0   56.706    5.222    137.3   1007.0    288.5      0.0     81.9
     1     1    14     9    11    14     0     2   -63.0   56.743    5.397    132.1   1007.8    288.5      0.0     81.6
     1     1    14     9    11    13     0     1   -64.0   56.783    5.592    127.0   1008.6    288.6      0.0     81.6
     1     1    14     9    11    12     0     0   -65.0   56.825    5.811    122.0   1009.6    288.7      0.0     81.9
     1     1    14     9    11    11     0     1   -66.0   56.871    6.051    118.0   1009.7    288.7      0.0     81.9
     1     1    14     9    11    10     0     2   -67.0   56.927    6.299    116.0   1009.0    288.7      0.0     82.1
     1     1    14     9    11     9     0     3   -68.0   56.994    6.552    115.6   1008.3    288.7      0.0     82.6
     1     1    14     9    11     8     0     2   -69.0   57.066    6.814    116.2   1007.8    288.7      0.0     81.6
     1     1    14     9    11     7     0     1   -70.0   57.141    7.085    119.1   1006.8    288.6      0.0     80.8
     1     1    14     9    11     6     0     0   -71.0   57.218    7.361    126.0   1005.6    288.3      0.0     80.7
     1     1    14     9    11     5     0     1   -72.0   57.301    7.633    136.9   1004.3    288.2      0.0     80.0
