     7     1
    GDAS    14     8    22     0     0
    GDAS    14     8    29     0     0
    GDAS    14     9     1     0     0
    GDAS    14     9     8     0     0
    GDAS    14     9    15     0     0
    GDAS    14     9    22     0     0
    GDAS    14     9    29     0     0
     1 BACKWARD OMEGA   
    14     9    14    16   56.467   -2.973   100.0
     4 PRESSURE AIR_TEMP RAINFALL RELHUMID
     1     1    14     9    14    16     0     2     0.0   56.467   -2.973    100.0    984.6    285.2      0.0     89.2
     1     1    14     9    14    15     0     3    -1.0   56.468   -2.730     52.9    998.5    286.2      0.0     86.0
     1     1    14     9    14    14     0     2    -2.0   56.476   -2.511     27.6   1009.5    286.5      0.0     87.5
     1     1    14     9    14    13     0     1    -3.0   56.490   -2.311     15.6   1016.3    286.6      0.0     89.4
     1     1    14     9    14    12     0     0    -4.0   56.506   -2.124     10.6   1022.3    286.7      0.0     91.3
     1     1    14     9    14    11     0     1    -5.0   56.522   -1.943      8.6   1025.9    286.7      0.0     91.2
     1     1    14     9    14    10     0     2    -6.0   56.536   -1.757      7.5   1025.9    286.6      0.0     91.1
     1     1    14     9    14     9     0     3    -7.0   56.547   -1.567      6.8   1026.0    286.6      0.0     91.7
     1     1    14     9    14     8     0     2    -8.0   56.558   -1.376      6.4   1026.7    286.5      0.0     91.7
     1     1    14     9    14     7     0     1    -9.0   56.570   -1.185      6.1   1027.3    286.5      0.0     91.3
     1     1    14     9    14     6     0     0   -10.0   56.585   -0.992      5.8   1028.0    286.6      0.0     90.5
     1     1    14     9    14     5     0     1   -11.0   56.597   -0.804      5.6   1028.2    286.5      0.0     90.1
     1     1    14     9    14     4     0     2   -12.0   56.604   -0.624      5.3   1028.4    286.5      0.0     89.7
     1     1    14     9    14     3     0     3   -13.0   56.606   -0.453      5.0   1028.6    286.5      0.0     89.4
     1     1    14     9    14     2     0     2   -14.0   56.601   -0.283      4.8   1028.6    286.6      0.0     87.4
     1     1    14     9    14     1     0     1   -15.0   56.588   -0.105      4.8   1028.7    286.6      0.0     85.4
     1     1    14     9    14     0     0     0   -16.0   56.589    0.087      4.9   1028.8    286.9      0.0     90.3
     1     1    14     9    13    23     0     1   -17.0   56.611    0.293      5.1   1029.0    287.0      0.0     87.6
     1     1    14     9    13    22     0     2   -18.0   56.640    0.505      5.3   1029.3    287.1      0.0     85.6
     1     1    14     9    13    21     0     3   -19.0   56.683    0.719      5.7   1029.5    287.1      0.0     84.2
     1     1    14     9    13    20     0     2   -20.0   56.736    0.923      6.1   1029.8    287.2      0.0     83.1
     1     1    14     9    13    19     0     1   -21.0   56.788    1.110      6.6   1030.1    287.4      0.0     81.5
     1     1    14     9    13    18     0     0   -22.0   56.839    1.280      7.1   1030.4    287.5      0.0     80.6
     1     1    14     9    13    17     0     1   -23.0   56.893    1.436      7.5   1030.4    287.5      0.0     81.2
     1     1    14     9    13    16     0     2   -24.0   56.958    1.583      7.8   1030.6    287.6      0.0     81.4
     1     1    14     9    13    15     0     3   -25.0   57.036    1.723      8.1   1030.8    287.7      0.0     81.3
     1     1    14     9    13    14     0     2   -26.0   57.118    1.846      8.5   1030.1    287.6      0.0     80.8
     1     1    14     9    13    13     0     1   -27.0   57.187    1.944      9.0   1029.5    287.4      0.0     79.8
     1     1    14     9    13    12     0     0   -28.0   57.243    2.019      9.8   1029.1    287.3      0.0     78.7
     1     1    14     9    13    11     0     1   -29.0   57.288    2.083     10.6   1028.7    287.4      0.0     79.4
     1     1    14     9    13    10     0     2   -30.0   57.327    2.149     11.5   1028.0    287.5      0.0     80.0
     1     1    14     9    13     9     0     3   -31.0   57.361    2.218     12.6   1027.3    287.6      0.0     80.6
     1     1    14     9    13     8     0     2   -32.0   57.391    2.289     13.6   1027.5    287.6      0.0     80.6
     1     1    14     9    13     7     0     1   -33.0   57.418    2.359     14.2   1027.7    287.6      0.0     80.4
     1     1    14     9    13     6     0     0   -34.0   57.443    2.427     14.4   1028.1    287.6      0.0     80.1
     1     1    14     9    13     5     0     1   -35.0   57.470    2.490     14.5   1027.9    287.6      0.0     80.0
     1     1    14     9    13     4     0     2   -36.0   57.498    2.546     15.1   1027.6    287.6      0.0     79.7
     1     1    14     9    13     3     0     3   -37.0   57.528    2.592     16.3   1027.1    287.6      0.0     79.3
     1     1    14     9    13     2     0     2   -38.0   57.554    2.627     17.9   1027.2    287.6      0.0     79.1
     1     1    14     9    13     1     0     1   -39.0   57.573    2.653     19.3   1027.3    287.6      0.0     79.0
     1     1    14     9    13     0     0     0   -40.0   57.585    2.669     20.7   1027.5    287.6      0.0     79.0
     1     1    14     9    12    23     0     1   -41.0   57.591    2.675     21.9   1026.2    287.6      0.0     79.1
     1     1    14     9    12    22     0     2   -42.0   57.594    2.671     22.9   1025.0    287.6      0.0     79.3
     1     1    14     9    12    21     0     3   -43.0   57.593    2.658     23.6   1023.8    287.6      0.0     79.4
     1     1    14     9    12    20     0     2   -44.0   57.592    2.637     24.1   1024.0    287.6      0.0     79.4
     1     1    14     9    12    19     0     1   -45.0   57.599    2.610     24.4   1024.1    287.6      0.0     79.3
     1     1    14     9    12    18     0     0   -46.0   57.611    2.575     24.6   1024.4    287.5      0.0     79.2
     1     1    14     9    12    17     0     1   -47.0   57.626    2.530     24.8   1024.0    287.5      0.0     79.4
     1     1    14     9    12    16     0     2   -48.0   57.637    2.470     25.4   1023.5    287.4      0.0     79.8
     1     1    14     9    12    15     0     3   -49.0   57.645    2.396     26.5   1022.9    287.3      0.0     80.2
     1     1    14     9    12    14     0     2   -50.0   57.649    2.318     27.6   1023.4    287.3      0.0     80.0
     1     1    14     9    12    13     0     1   -51.0   57.649    2.247     28.3   1024.1    287.3      0.0     79.8
     1     1    14     9    12    12     0     0   -52.0   57.646    2.182     28.5   1024.9    287.3      0.0     79.6
     1     1    14     9    12    11     0     1   -53.0   57.636    2.123     28.6   1024.3    287.3      0.0     80.9
     1     1    14     9    12    10     0     2   -54.0   57.614    2.070     29.0   1023.4    287.3      0.0     82.3
     1     1    14     9    12     9     0     3   -55.0   57.580    2.027     29.6   1022.5    287.3      0.0     83.5
     1     1    14     9    12     8     0     2   -56.0   57.543    1.984     30.4   1022.3    287.2      0.0     83.4
     1     1    14     9    12     7     0     1   -57.0   57.513    1.935     31.3   1022.2    287.1      0.0     83.4
     1     1    14     9    12     6     0     0   -58.0   57.489    1.879     32.5   1022.0    287.1      0.0     83.4
     1     1    14     9    12     5     0     1   -59.0   57.468    1.829     33.8   1022.2    287.1      0.0     83.9
     1     1    14     9    12     4     0     2   -60.0   57.449    1.796     35.1   1022.3    287.1      0.0     84.4
     1     1    14     9    12     3     0     3   -61.0   57.432    1.781     36.2   1022.5    287.1      0.0     84.8
     1     1    14     9    12     2     0     2   -62.0   57.412    1.771     37.0   1022.3    287.0      0.0     84.4
     1     1    14     9    12     1     0     1   -63.0   57.381    1.755     37.5   1022.2    287.0      0.0     84.1
     1     1    14     9    12     0     0     0   -64.0   57.338    1.735     37.7   1022.1    287.0      0.0     83.8
     1     1    14     9    11    23     0     1   -65.0   57.292    1.724     38.1   1022.1    287.1      0.0     82.2
     1     1    14     9    11    22     0     2   -66.0   57.257    1.735     39.3   1021.9    287.2      0.0     80.6
     1     1    14     9    11    21     0     3   -67.0   57.232    1.765     41.4   1021.7    287.3      0.0     78.9
     1     1    14     9    11    20     0     2   -68.0   57.214    1.797     43.6   1021.2    287.3      0.0     79.1
     1     1    14     9    11    19     0     1   -69.0   57.199    1.814     45.1   1021.0    287.2      0.0     79.4
     1     1    14     9    11    18     0     0   -70.0   57.185    1.815     45.7   1020.8    287.2      0.0     79.7
     1     1    14     9    11    17     0     1   -71.0   57.171    1.812     46.3   1019.8    287.2      0.0     79.9
     1     1    14     9    11    16     0     2   -72.0   57.158    1.815     48.1   1018.6    287.2      0.0     80.0
