     7     1
    GDAS    14     8    22     0     0
    GDAS    14     8    29     0     0
    GDAS    14     9     1     0     0
    GDAS    14     9     8     0     0
    GDAS    14     9    15     0     0
    GDAS    14     9    22     0     0
    GDAS    14     9    29     0     0
     1 BACKWARD OMEGA   
    14     9    15    21   56.467   -2.973   100.0
     4 PRESSURE AIR_TEMP RAINFALL RELHUMID
     1     1    14     9    15    21     0     3     0.0   56.467   -2.973    100.0    977.0    285.0      0.5     99.5
     1     1    14     9    15    20     0     2    -1.0   56.549   -2.795     52.2    987.0    285.3      1.4     99.3
     1     1    14     9    15    19     0     1    -2.0   56.612   -2.595     26.0    995.8    285.6      1.4     98.9
     1     1    14     9    15    18     0     0    -3.0   56.661   -2.328      9.2   1004.1    286.0      0.5     98.3
     1     1    14     9    15    17     0     1    -4.0   56.715   -2.000      1.7   1016.2    286.6      0.3     98.1
     1     1    14     9    15    16     0     2    -5.0   56.782   -1.619      0.0   1017.4    286.6      0.3     97.9
     1     1    14     9    15    15     0     3    -6.0   56.847   -1.160      0.0   1019.3    286.7      0.2     97.6
     1     1    14     9    15    14     0     2    -7.0   56.913   -0.632      0.0   1019.9    286.7      0.2     97.4
     1     1    14     9    15    13     0     1    -8.0   56.999   -0.101      0.0   1019.9    286.7      0.2     97.7
     1     1    14     9    15    12     0     0    -9.0   57.072    0.436      0.0   1019.9    286.9      0.2     96.7
     1     1    14     9    15    11     0     1   -10.0   57.116    0.997      0.0   1020.4    287.1      0.0     96.2
     1     1    14     9    15    10     0     2   -11.0   57.157    1.579      0.0   1021.5    287.4      0.0     95.9
     1     1    14     9    15     9     0     3   -12.0   57.195    2.181      0.0   1021.4    287.6      0.0     96.6
     1     1    14     9    15     8     0     2   -13.0   57.234    2.794      0.0   1022.3    287.8      0.0     95.2
     1     1    14     9    15     7     0     1   -14.0   57.274    3.400      0.0   1023.2    288.1      0.0     94.6
     1     1    14     9    15     6     0     0   -15.0   57.312    4.007      0.0   1024.2    288.3      0.0     94.4
     1     1    14     9    15     5     0     1   -16.0   57.348    4.630      0.0   1024.3    288.6      0.0     92.4
     1     1    14     9    15     4     0     2   -17.0   57.386    5.279      0.0   1024.5    288.9      0.0     90.6
     1     1    14     9    15     3     0     3   -18.0   57.420    5.940      0.0   1024.6    289.2      0.0     89.4
     1     1    14     9    15     2     0     2   -19.0   57.464    6.574      0.9   1023.4    289.1      0.3     88.4
     1     1    14     9    15     1     0     1   -20.0   57.531    7.155      3.3   1022.2    289.0      0.0     88.1
     1     1    14     9    15     0     0     0   -21.0   57.616    7.690      5.3   1024.7    289.2      0.0     88.2
     1     1    14     9    14    23     0     1   -22.0   57.711    8.184      5.9   1025.5    289.3      0.0     86.1
     1     1    14     9    14    22     0     2   -23.0   57.804    8.657      5.8   1025.8    289.6      0.0     83.8
     1     1    14     9    14    21     0     3   -24.0   57.887    9.129      5.4   1026.9    289.8      0.0     82.4
     1     1    14     9    14    20     0     2   -25.0   57.964    9.594      5.0   1027.5    289.9      0.0     80.0
     1     1    14     9    14    19     0     1   -26.0   58.035   10.046      4.9   1027.8    289.9      0.0     77.5
     1     1    14     9    14    18     0     0   -27.0   58.100   10.474      5.0   1027.9    289.9      0.0     74.9
     1     1    14     9    14    17     0     1   -28.0   58.160   10.868      5.3   1028.1    289.7      0.0     73.5
     1     1    14     9    14    16     0     2   -29.0   58.211   11.224      6.1   1025.2    289.6      0.0     71.7
     1     1    14     9    14    15     0     3   -30.0   58.251   11.547      7.6   1020.9    290.4      0.0     69.4
     1     1    14     9    14    14     0     2   -31.0   58.283   11.845      9.5   1017.2    291.1      0.0     69.8
     1     1    14     9    14    13     0     1   -32.0   58.312   12.123     12.2   1014.4    291.5      0.0     70.3
     1     1    14     9    14    12     0     0   -33.0   58.343   12.395     16.6   1012.8    291.1      0.0     71.8
     1     1    14     9    14    11     0     1   -34.0   58.378   12.665     24.0   1011.1    289.6      0.0     75.8
     1     1    14     9    14    10     0     2   -35.0   58.416   12.936     35.1   1009.4    288.2      0.0     79.8
     1     1    14     9    14     9     0     3   -36.0   58.457   13.205     46.6   1007.8    287.3      0.0     82.9
     1     1    14     9    14     8     0     2   -37.0   58.496   13.463     52.3   1007.4    286.5      0.0     86.8
     1     1    14     9    14     7     0     1   -38.0   58.533   13.706     51.4   1008.1    285.9      0.0     90.5
     1     1    14     9    14     6     0     0   -39.0   58.568   13.934     47.1   1009.3    285.3      0.0     94.3
     1     1    14     9    14     5     0     1   -40.0   58.608   14.151     42.2   1009.5    285.2      0.0     92.4
     1     1    14     9    14     4     0     2   -41.0   58.660   14.358     37.6   1009.8    284.8      0.0     90.8
     1     1    14     9    14     3     0     3   -42.0   58.722   14.552     32.9   1010.4    284.2      0.0     89.3
     1     1    14     9    14     2     0     2   -43.0   58.786   14.733     28.4   1011.7    283.9      0.0     88.3
     1     1    14     9    14     1     0     1   -44.0   58.846   14.901     24.5   1012.7    283.5      0.0     87.7
     1     1    14     9    14     0     0     0   -45.0   58.903   15.060     21.2   1014.2    283.4      0.0     86.9
     1     1    14     9    13    23     0     1   -46.0   58.953   15.212     18.9   1016.3    283.6      0.0     84.6
     1     1    14     9    13    22     0     2   -47.0   58.990   15.357     17.5   1017.7    283.9      0.0     83.0
     1     1    14     9    13    21     0     3   -48.0   59.015   15.499     16.5   1018.1    284.3      0.0     82.3
     1     1    14     9    13    20     0     2   -49.0   59.037   15.639     15.7   1018.4    284.7      0.0     78.8
     1     1    14     9    13    19     0     1   -50.0   59.063   15.778     14.7   1019.0    285.0      0.0     75.5
     1     1    14     9    13    18     0     0   -51.0   59.094   15.918     13.7   1020.1    285.4      0.0     72.3
     1     1    14     9    13    17     0     1   -52.0   59.128   16.058     12.8   1019.8    287.3      0.0     69.3
     1     1    14     9    13    16     0     2   -53.0   59.162   16.199     12.1   1019.2    289.2      0.0     66.3
     1     1    14     9    13    15     0     3   -54.0   59.197   16.345     11.2   1019.1    291.2      0.0     63.2
     1     1    14     9    13    14     0     2   -55.0   59.236   16.492     10.4   1020.1    291.7      0.0     63.8
     1     1    14     9    13    13     0     1   -56.0   59.282   16.637      9.5   1021.0    292.1      0.0     64.2
     1     1    14     9    13    12     0     0   -57.0   59.334   16.776      8.7   1021.6    292.6      0.0     64.3
     1     1    14     9    13    11     0     1   -58.0   59.395   16.908      8.0   1021.9    292.1      0.0     68.2
     1     1    14     9    13    10     0     2   -59.0   59.470   17.033      7.6   1022.1    291.6      0.0     71.7
     1     1    14     9    13     9     0     3   -60.0   59.557   17.154      7.4   1021.9    291.0      0.0     75.4
     1     1    14     9    13     8     0     2   -61.0   59.649   17.262      7.3   1021.9    289.1      0.0     79.5
     1     1    14     9    13     7     0     1   -62.0   59.734   17.345      7.1   1022.2    287.3      0.0     83.2
     1     1    14     9    13     6     0     0   -63.0   59.810   17.399      7.0   1022.6    285.4      0.0     86.8
     1     1    14     9    13     5     0     1   -64.0   59.882   17.443      6.8   1022.5    284.4      0.0     85.8
     1     1    14     9    13     4     0     2   -65.0   59.955   17.497      6.6   1022.5    283.3      0.0     84.5
     1     1    14     9    13     3     0     3   -66.0   60.030   17.563      6.4   1022.7    282.3      0.0     82.8
     1     1    14     9    13     2     0     2   -67.0   60.111   17.645      6.1   1023.7    282.9      0.0     83.0
     1     1    14     9    13     1     0     1   -68.0   60.197   17.738      5.9   1024.7    283.5      0.0     83.1
     1     1    14     9    13     0     0     0   -69.0   60.288   17.842      5.8   1025.8    284.2      0.0     83.2
     1     1    14     9    12    23     0     1   -70.0   60.379   17.941      5.7   1025.5    284.9      0.0     82.4
     1     1    14     9    12    22     0     2   -71.0   60.465   18.027      5.5   1025.0    285.6      0.0     81.5
     1     1    14     9    12    21     0     3   -72.0   60.548   18.098      5.5   1024.3    286.3      0.0     80.5
