     7     1
    GDAS    14     8    22     0     0
    GDAS    14     8    29     0     0
    GDAS    14     9     1     0     0
    GDAS    14     9     8     0     0
    GDAS    14     9    15     0     0
    GDAS    14     9    22     0     0
    GDAS    14     9    29     0     0
     1 BACKWARD OMEGA   
    14     9    13     3   56.467   -2.973   100.0
     4 PRESSURE AIR_TEMP RAINFALL RELHUMID
     1     1    14     9    13     3     0     3     0.0   56.467   -2.973    100.0    983.9    285.6      0.0     93.9
     1     1    14     9    13     2     0     2    -1.0   56.448   -3.098    119.6    980.9    285.8      0.0     93.3
     1     1    14     9    13     1     0     1    -2.0   56.430   -3.227    138.3    978.7    286.1      0.0     92.7
     1     1    14     9    13     0     0     0    -3.0   56.411   -3.361    153.8    976.3    286.1      0.0     92.6
     1     1    14     9    12    23     0     1    -4.0   56.389   -3.490    166.7    974.8    286.3      0.0     91.7
     1     1    14     9    12    22     0     2    -5.0   56.362   -3.604    179.1    973.6    286.5      0.0     90.7
     1     1    14     9    12    21     0     3    -6.0   56.333   -3.704    191.5    972.8    286.8      0.0     89.7
     1     1    14     9    12    20     0     2    -7.0   56.307   -3.795    198.9    971.7    286.9      0.0     89.0
     1     1    14     9    12    19     0     1    -8.0   56.287   -3.889    196.2    972.3    287.2      0.0     88.2
     1     1    14     9    12    18     0     0    -9.0   56.273   -3.992    184.5    973.6    287.5      0.0     87.3
     1     1    14     9    12    17     0     1   -10.0   56.257   -4.092    170.6    976.5    287.8      0.0     85.7
     1     1    14     9    12    16     0     2   -11.0   56.230   -4.173    159.9    978.7    288.0      0.0     84.4
     1     1    14     9    12    15     0     3   -12.0   56.194   -4.236    151.4    981.1    288.2      0.0     83.4
     1     1    14     9    12    14     0     2   -13.0   56.152   -4.281    144.4    984.1    287.7      0.0     84.5
     1     1    14     9    12    13     0     1   -14.0   56.107   -4.313    138.4    987.0    287.3      0.0     85.6
     1     1    14     9    12    12     0     0   -15.0   56.059   -4.331    132.9    989.7    286.9      0.0     86.5
     1     1    14     9    12    11     0     1   -16.0   56.021   -4.322    130.6    991.7    286.6      0.0     87.7
     1     1    14     9    12    10     0     2   -17.0   56.002   -4.276    134.6    992.3    286.1      0.0     88.9
     1     1    14     9    12     9     0     3   -18.0   56.002   -4.192    144.5    991.6    285.5      0.0     90.1
     1     1    14     9    12     8     0     2   -19.0   56.016   -4.087    155.2    989.5    285.0      0.0     91.0
     1     1    14     9    12     7     0     1   -20.0   56.035   -3.977    162.2    988.1    284.5      0.0     91.8
     1     1    14     9    12     6     0     0   -21.0   56.057   -3.866    166.4    986.5    284.1      0.0     92.4
     1     1    14     9    12     5     0     1   -22.0   56.074   -3.756    170.5    985.2    284.7      0.0     91.9
     1     1    14     9    12     4     0     2   -23.0   56.083   -3.643    174.7    984.1    285.3      0.0     91.4
     1     1    14     9    12     3     0     3   -24.0   56.084   -3.522    178.0    983.5    285.8      0.0     91.0
     1     1    14     9    12     2     0     2   -25.0   56.078   -3.397    179.7    983.9    286.0      0.0     89.4
     1     1    14     9    12     1     0     1   -26.0   56.066   -3.277    180.0    984.7    286.4      0.0     87.9
     1     1    14     9    12     0     0     0   -27.0   56.047   -3.160    179.6    985.7    286.7      0.0     86.4
     1     1    14     9    11    23     0     1   -28.0   56.021   -3.037    182.5    986.7    286.9      0.0     85.3
     1     1    14     9    11    22     0     2   -29.0   55.984   -2.902    192.7    987.2    287.1      0.0     83.6
     1     1    14     9    11    21     0     3   -30.0   55.933   -2.760    209.8    986.4    287.2      0.0     81.4
     1     1    14     9    11    20     0     2   -31.0   55.876   -2.630    224.6    984.3    287.5      0.0     79.3
     1     1    14     9    11    19     0     1   -32.0   55.821   -2.521    228.6    984.0    287.6      0.0     77.9
     1     1    14     9    11    18     0     0   -33.0   55.768   -2.425    222.0    984.5    287.8      0.0     76.7
     1     1    14     9    11    17     0     1   -34.0   55.713   -2.326    209.5    986.1    287.8      0.0     75.9
     1     1    14     9    11    16     0     2   -35.0   55.652   -2.215    194.6    987.1    287.8      0.0     74.9
     1     1    14     9    11    15     0     3   -36.0   55.590   -2.089    176.3    988.2    287.9      0.0     73.6
     1     1    14     9    11    14     0     2   -37.0   55.525   -1.952    155.7    990.7    287.8      0.0     74.8
     1     1    14     9    11    13     0     1   -38.0   55.458   -1.817    137.3    994.5    287.6      0.0     76.4
     1     1    14     9    11    12     0     0   -39.0   55.390   -1.690    123.7    997.5    287.6      0.0     77.9
     1     1    14     9    11    11     0     1   -40.0   55.320   -1.575    116.3    999.3    287.0      0.0     81.2
     1     1    14     9    11    10     0     2   -41.0   55.245   -1.474    114.7   1000.2    286.4      0.0     84.5
     1     1    14     9    11     9     0     3   -42.0   55.166   -1.384    116.5   1000.8    285.9      0.0     87.9
     1     1    14     9    11     8     0     2   -43.0   55.086   -1.303    118.6   1001.5    285.5      0.0     88.8
     1     1    14     9    11     7     0     1   -44.0   55.009   -1.227    118.3   1002.8    285.3      0.0     89.8
     1     1    14     9    11     6     0     0   -45.0   54.935   -1.159    114.5   1004.3    285.1      0.0     90.6
     1     1    14     9    11     5     0     1   -46.0   54.862   -1.091    110.4   1006.3    285.4      0.0     89.6
     1     1    14     9    11     4     0     2   -47.0   54.787   -1.016    109.2   1007.8    285.5      0.0     88.6
     1     1    14     9    11     3     0     3   -48.0   54.712   -0.933    111.0   1007.2    285.5      0.0     87.8
     1     1    14     9    11     2     0     2   -49.0   54.635   -0.842    113.0   1006.0    285.5      0.0     87.7
     1     1    14     9    11     1     0     1   -50.0   54.556   -0.741    111.9   1005.5    285.4      0.0     87.6
     1     1    14     9    11     0     0     0   -51.0   54.473   -0.631    107.4   1005.3    285.4      0.0     87.5
     1     1    14     9    10    23     0     1   -52.0   54.394   -0.502    102.9   1005.5    285.5      0.0     85.3
     1     1    14     9    10    22     0     2   -53.0   54.324   -0.346    102.2   1005.0    285.7      0.0     83.1
     1     1    14     9    10    21     0     3   -54.0   54.263   -0.161    106.0   1004.1    286.0      0.0     80.9
     1     1    14     9    10    20     0     2   -55.0   54.227    0.040    105.3   1008.8    286.8      0.0     77.5
     1     1    14     9    10    19     0     1   -56.0   54.217    0.232    100.2   1010.3    287.1      0.0     77.1
     1     1    14     9    10    18     0     0   -57.0   54.210    0.404     98.9   1010.4    287.2      0.0     76.7
     1     1    14     9    10    17     0     1   -58.0   54.212    0.559     99.9   1010.1    287.2      0.0     75.6
     1     1    14     9    10    16     0     2   -59.0   54.228    0.703    101.6   1010.0    287.1      0.0     74.9
     1     1    14     9    10    15     0     3   -60.0   54.257    0.836    103.6   1009.8    287.0      0.0     74.4
     1     1    14     9    10    14     0     2   -61.0   54.291    0.958    107.8   1009.8    286.9      0.0     74.8
     1     1    14     9    10    13     0     1   -62.0   54.325    1.067    115.5   1009.0    286.7      0.0     75.2
     1     1    14     9    10    12     0     0   -63.0   54.357    1.163    125.4   1008.1    286.6      0.0     75.5
     1     1    14     9    10    11     0     1   -64.0   54.396    1.251    136.3   1006.8    286.4      0.0     75.6
     1     1    14     9    10    10     0     2   -65.0   54.445    1.337    147.8   1005.2    286.1      0.0     75.9
     1     1    14     9    10     9     0     3   -66.0   54.504    1.418    161.0   1003.3    285.8      0.0     76.4
     1     1    14     9    10     8     0     2   -67.0   54.570    1.491    175.3   1001.2    285.5      0.0     77.1
     1     1    14     9    10     7     0     1   -68.0   54.644    1.557    189.4    999.4    285.2      0.0     77.8
     1     1    14     9    10     6     0     0   -69.0   54.727    1.620    203.8    997.7    284.9      0.0     78.4
     1     1    14     9    10     5     0     1   -70.0   54.814    1.670    218.2    995.8    284.8      0.0     78.6
     1     1    14     9    10     4     0     2   -71.0   54.902    1.697    232.3    994.2    284.7      0.0     78.6
     1     1    14     9    10     3     0     3   -72.0   54.988    1.703    246.2    992.5    284.6      0.0     78.5
