     7     1
    GDAS    14     8    22     0     0
    GDAS    14     8    29     0     0
    GDAS    14     9     1     0     0
    GDAS    14     9     8     0     0
    GDAS    14     9    15     0     0
    GDAS    14     9    22     0     0
    GDAS    14     9    29     0     0
     1 BACKWARD OMEGA   
    14     9    13    23   56.467   -2.973   100.0
     4 PRESSURE AIR_TEMP RAINFALL RELHUMID
     1     1    14     9    13    23     0     1     0.0   56.467   -2.973    100.0    987.1    284.1      0.0     92.0
     1     1    14     9    13    22     0     2    -1.0   56.413   -2.805     78.8    995.8    284.8      0.0     89.7
     1     1    14     9    13    21     0     3    -2.0   56.360   -2.633     58.3   1004.8    285.4      0.0     87.1
     1     1    14     9    13    20     0     2    -3.0   56.303   -2.459     43.7   1011.7    286.0      0.0     84.1
     1     1    14     9    13    19     0     1    -4.0   56.239   -2.281     35.6   1017.1    286.4      0.0     81.3
     1     1    14     9    13    18     0     0    -5.0   56.166   -2.093     31.9   1021.5    286.5      0.0     78.9
     1     1    14     9    13    17     0     1    -6.0   56.086   -1.894     31.2   1023.5    286.5      0.0     77.3
     1     1    14     9    13    16     0     2    -7.0   56.007   -1.693     32.4   1023.7    286.6      0.0     76.6
     1     1    14     9    13    15     0     3    -8.0   55.929   -1.498     34.1   1022.5    286.7      0.0     76.5
     1     1    14     9    13    14     0     2    -9.0   55.853   -1.326     35.5   1022.3    286.8      0.0     77.3
     1     1    14     9    13    13     0     1   -10.0   55.777   -1.183     37.3   1022.8    286.9      0.0     77.9
     1     1    14     9    13    12     0     0   -11.0   55.699   -1.063     40.1   1023.5    286.9      0.0     78.3
     1     1    14     9    13    11     0     1   -12.0   55.620   -0.966     43.8   1023.6    286.8      0.0     80.2
     1     1    14     9    13    10     0     2   -13.0   55.540   -0.892     47.4   1023.1    286.7      0.0     82.0
     1     1    14     9    13     9     0     3   -14.0   55.462   -0.844     50.4   1022.7    286.6      0.0     83.8
     1     1    14     9    13     8     0     2   -15.0   55.384   -0.809     52.8   1022.7    286.7      0.0     83.4
     1     1    14     9    13     7     0     1   -16.0   55.306   -0.775     54.2   1022.9    286.7      0.0     83.0
     1     1    14     9    13     6     0     0   -17.0   55.230   -0.744     54.5   1023.2    286.7      0.0     82.7
     1     1    14     9    13     5     0     1   -18.0   55.157   -0.726     54.2   1022.8    286.8      0.0     82.4
     1     1    14     9    13     4     0     2   -19.0   55.091   -0.731     54.1   1022.6    286.8      0.0     82.2
     1     1    14     9    13     3     0     3   -20.0   55.032   -0.763     54.1   1022.4    286.9      0.0     82.0
     1     1    14     9    13     2     0     2   -21.0   54.973   -0.811     54.2   1022.6    286.8      0.0     81.8
     1     1    14     9    13     1     0     1   -22.0   54.906   -0.858     54.6   1022.3    286.5      0.0     81.8
     1     1    14     9    13     0     0     0   -23.0   54.833   -0.899     55.2   1021.9    286.3      0.0     81.8
     1     1    14     9    12    23     0     1   -24.0   54.756   -0.911     57.4   1020.3    286.1      0.0     82.7
     1     1    14     9    12    22     0     2   -25.0   54.678   -0.872     63.1   1017.9    286.0      0.0     83.5
     1     1    14     9    12    21     0     3   -26.0   54.599   -0.785     73.9   1015.1    286.1      0.0     84.2
     1     1    14     9    12    20     0     2   -27.0   54.524   -0.664     90.2   1012.3    286.4      0.0     81.8
     1     1    14     9    12    19     0     1   -28.0   54.457   -0.523    111.0   1009.4    286.9      0.0     79.1
     1     1    14     9    12    18     0     0   -29.0   54.396   -0.363    136.6   1006.0    287.5      0.0     76.0
     1     1    14     9    12    17     0     1   -30.0   54.340   -0.194    165.6   1001.4    287.6      0.0     74.3
     1     1    14     9    12    16     0     2   -31.0   54.287   -0.031    196.0    996.9    287.7      0.0     72.8
     1     1    14     9    12    15     0     3   -32.0   54.265    0.141    208.2    998.5    286.5      0.0     86.4
     1     1    14     9    12    14     0     2   -33.0   54.276    0.315    205.0   1001.5    286.5      0.0     87.7
     1     1    14     9    12    13     0     1   -34.0   54.291    0.478    205.0   1001.7    286.5      0.0     89.1
     1     1    14     9    12    12     0     0   -35.0   54.309    0.633    205.8   1001.8    286.4      0.0     90.4
     1     1    14     9    12    11     0     1   -36.0   54.332    0.792    206.1   1001.5    286.4      0.0     91.2
     1     1    14     9    12    10     0     2   -37.0   54.362    0.971    206.0   1001.4    286.5      0.0     91.4
     1     1    14     9    12     9     0     3   -38.0   54.401    1.175    206.7   1001.1    286.6      0.0     90.7
     1     1    14     9    12     8     0     2   -39.0   54.445    1.379    209.6   1000.8    286.5      0.0     91.2
     1     1    14     9    12     7     0     1   -40.0   54.490    1.561    213.6   1000.1    286.5      0.0     91.6
     1     1    14     9    12     6     0     0   -41.0   54.535    1.720    216.7    999.6    286.4      0.0     92.2
     1     1    14     9    12     5     0     1   -42.0   54.579    1.866    218.1    999.0    286.5      0.0     91.8
     1     1    14     9    12     4     0     2   -43.0   54.621    2.013    218.5    998.5    286.6      0.0     91.8
     1     1    14     9    12     3     0     3   -44.0   54.659    2.161    218.8    998.1    286.7      0.0     91.4
     1     1    14     9    12     2     0     2   -45.0   54.691    2.311    219.2    998.3    286.8      0.0     91.0
     1     1    14     9    12     1     0     1   -46.0   54.716    2.469    219.0    998.5    286.8      0.0     90.5
     1     1    14     9    12     0     0     0   -47.0   54.735    2.635    217.5    998.9    286.9      0.0     89.8
     1     1    14     9    11    23     0     1   -48.0   54.762    2.817    216.2    999.0    287.1      0.0     89.0
     1     1    14     9    11    22     0     2   -49.0   54.809    3.018    216.3    998.6    287.2      0.0     88.5
     1     1    14     9    11    21     0     3   -50.0   54.874    3.234    217.7    998.2    287.3      0.0     87.6
     1     1    14     9    11    20     0     2   -51.0   54.952    3.445    219.8    997.7    287.3      0.0     87.2
     1     1    14     9    11    19     0     1   -52.0   55.041    3.635    221.0    997.4    287.3      0.0     86.7
     1     1    14     9    11    18     0     0   -53.0   55.137    3.808    221.7    997.3    287.4      0.0     86.1
     1     1    14     9    11    17     0     1   -54.0   55.238    3.974    220.5    996.9    287.5      0.0     85.4
     1     1    14     9    11    16     0     2   -55.0   55.337    4.141    216.2    997.1    287.6      0.0     84.8
     1     1    14     9    11    15     0     3   -56.0   55.433    4.315    209.0    997.6    287.7      0.0     84.2
     1     1    14     9    11    14     0     2   -57.0   55.524    4.501    201.2    998.8    287.8      0.0     84.0
     1     1    14     9    11    13     0     1   -58.0   55.612    4.697    194.6    999.7    287.9      0.0     83.7
     1     1    14     9    11    12     0     0   -59.0   55.699    4.904    189.0   1000.4    288.0      0.0     83.5
     1     1    14     9    11    11     0     1   -60.0   55.787    5.123    184.7   1000.6    288.1      0.0     82.8
     1     1    14     9    11    10     0     2   -61.0   55.875    5.352    182.0   1000.7    288.2      0.0     82.2
     1     1    14     9    11     9     0     3   -62.0   55.964    5.593    181.1   1000.5    288.3      0.0     81.8
     1     1    14     9    11     8     0     2   -63.0   56.057    5.845    180.8   1000.1    288.2      0.0     81.6
     1     1    14     9    11     7     0     1   -64.0   56.155    6.111    180.4   1000.1    288.2      0.0     81.3
     1     1    14     9    11     6     0     0   -65.0   56.257    6.393    179.9    999.9    288.2      0.0     81.1
     1     1    14     9    11     5     0     1   -66.0   56.362    6.691    180.1    999.9    288.2      0.0     80.5
     1     1    14     9    11     4     0     2   -67.0   56.471    7.005    182.0    999.6    288.2      0.0     80.0
     1     1    14     9    11     3     0     3   -68.0   56.587    7.325    188.1    999.0    288.2      0.0     80.2
     1     1    14     9    11     2     0     2   -69.0   56.706    7.645    197.6    997.5    288.0      0.0     80.4
     1     1    14     9    11     1     0     1   -70.0   56.833    7.969    206.0    996.4    288.0      0.0     79.8
     1     1    14     9    11     0     0     0   -71.0   56.966    8.301    212.0    995.7    288.1      0.0     78.9
     1     1    14     9    10    23     0     1   -72.0   57.103    8.634    217.9    995.0    288.1      0.0     77.6
