     7     1
    GDAS    14     8    22     0     0
    GDAS    14     8    29     0     0
    GDAS    14     9     1     0     0
    GDAS    14     9     8     0     0
    GDAS    14     9    15     0     0
    GDAS    14     9    22     0     0
    GDAS    14     9    29     0     0
     1 BACKWARD OMEGA   
    14     9    11    19   56.467   -2.973   100.0
     4 PRESSURE AIR_TEMP RAINFALL RELHUMID
     1     1    14     9    11    19     0     1     0.0   56.467   -2.973    100.0    980.6    287.0      0.0     86.6
     1     1    14     9    11    18     0     0    -1.0   56.442   -2.888     91.2    984.1    287.5      0.0     84.3
     1     1    14     9    11    17     0     1    -2.0   56.408   -2.804     80.7    988.8    288.0      0.0     81.3
     1     1    14     9    11    16     0     2    -3.0   56.361   -2.717     70.1    993.6    288.4      0.0     78.5
     1     1    14     9    11    15     0     3    -4.0   56.303   -2.625     60.5    998.4    288.7      0.0     76.2
     1     1    14     9    11    14     0     2    -5.0   56.238   -2.528     53.3   1003.3    288.3      0.0     77.7
     1     1    14     9    11    13     0     1    -6.0   56.169   -2.427     49.0   1007.2    287.8      0.0     79.4
     1     1    14     9    11    12     0     0    -7.0   56.096   -2.322     46.4   1010.7    287.4      0.0     81.3
     1     1    14     9    11    11     0     1    -8.0   56.018   -2.221     45.8   1012.7    286.8      0.0     83.2
     1     1    14     9    11    10     0     2    -9.0   55.936   -2.135     47.3   1012.2    286.6      0.0     85.2
     1     1    14     9    11     9     0     3   -10.0   55.851   -2.071     50.4   1010.5    286.3      0.0     87.6
     1     1    14     9    11     8     0     2   -11.0   55.762   -2.025     53.4   1008.2    286.0      0.0     88.5
     1     1    14     9    11     7     0     1   -12.0   55.672   -1.990     54.7   1005.9    285.4      0.0     89.6
     1     1    14     9    11     6     0     0   -13.0   55.583   -1.967     55.0   1003.9    284.6      0.0     91.0
     1     1    14     9    11     5     0     1   -14.0   55.490   -1.941     55.4   1002.1    284.3      0.0     90.8
     1     1    14     9    11     4     0     2   -15.0   55.394   -1.898     56.7   1000.3    284.2      0.0     90.7
     1     1    14     9    11     3     0     3   -16.0   55.293   -1.841     59.1    998.8    284.1      0.0     90.5
     1     1    14     9    11     2     0     2   -17.0   55.194   -1.778     61.8    997.7    284.0      0.0     90.3
     1     1    14     9    11     1     0     1   -18.0   55.096   -1.712     63.7    997.1    284.1      0.0     90.2
     1     1    14     9    11     0     0     0   -19.0   55.001   -1.641     64.4    997.3    284.2      0.0     90.2
     1     1    14     9    10    23     0     1   -20.0   54.911   -1.549     63.1    999.3    284.7      0.0     88.2
     1     1    14     9    10    22     0     2   -21.0   54.832   -1.423     60.1   1002.8    285.3      0.0     85.6
     1     1    14     9    10    21     0     3   -22.0   54.761   -1.262     57.6   1007.2    285.8      0.0     82.1
     1     1    14     9    10    20     0     2   -23.0   54.696   -1.077     58.0   1011.6    286.4      0.0     78.6
     1     1    14     9    10    19     0     1   -24.0   54.636   -0.880     61.8   1012.4    286.9      0.0     76.1
     1     1    14     9    10    18     0     0   -25.0   54.580   -0.673     68.1   1010.7    287.3      0.0     74.1
     1     1    14     9    10    17     0     1   -26.0   54.530   -0.462     75.4   1009.5    287.7      0.0     72.2
     1     1    14     9    10    16     0     2   -27.0   54.485   -0.252     83.2   1008.3    288.0      0.0     70.1
     1     1    14     9    10    15     0     3   -28.0   54.447   -0.047     91.4   1007.1    288.3      0.0     68.1
     1     1    14     9    10    14     0     2   -29.0   54.419    0.130     94.8   1010.5    287.0      0.0     74.8
     1     1    14     9    10    13     0     1   -30.0   54.397    0.273     93.7   1011.5    287.0      0.0     75.3
     1     1    14     9    10    12     0     0   -31.0   54.375    0.400     94.4   1011.6    287.0      0.0     75.8
     1     1    14     9    10    11     0     1   -32.0   54.358    0.522     96.8   1011.1    287.0      0.0     75.7
     1     1    14     9    10    10     0     2   -33.0   54.355    0.645    101.0   1010.4    286.9      0.0     75.9
     1     1    14     9    10     9     0     3   -34.0   54.365    0.772    107.1   1009.6    286.8      0.0     76.1
     1     1    14     9    10     8     0     2   -35.0   54.384    0.893    114.4   1008.5    286.6      0.0     76.9
     1     1    14     9    10     7     0     1   -36.0   54.408    1.003    121.5   1007.6    286.4      0.0     77.7
     1     1    14     9    10     6     0     0   -37.0   54.439    1.103    127.7   1006.8    286.3      0.0     78.2
     1     1    14     9    10     5     0     1   -38.0   54.475    1.189    132.3   1006.3    286.3      0.0     78.3
     1     1    14     9    10     4     0     2   -39.0   54.513    1.255    134.9   1006.0    286.3      0.0     78.3
     1     1    14     9    10     3     0     3   -40.0   54.551    1.301    135.5   1005.9    286.4      0.0     78.4
     1     1    14     9    10     2     0     2   -41.0   54.590    1.337    135.1   1006.1    286.4      0.0     78.5
     1     1    14     9    10     1     0     1   -42.0   54.634    1.371    134.6   1006.2    286.4      0.0     78.7
     1     1    14     9    10     0     0     0   -43.0   54.683    1.402    133.6   1006.2    286.3      0.0     78.9
     1     1    14     9     9    23     0     1   -44.0   54.744    1.421    132.7   1006.4    286.4      0.0     78.9
     1     1    14     9     9    22     0     2   -45.0   54.823    1.416    132.3   1006.4    286.4      0.0     79.1
     1     1    14     9     9    21     0     3   -46.0   54.920    1.387    132.1   1006.3    286.4      0.0     79.5
     1     1    14     9     9    20     0     2   -47.0   55.027    1.337    132.2   1006.1    286.3      0.0     80.6
     1     1    14     9     9    19     0     1   -48.0   55.137    1.273    132.8   1005.9    286.3      0.0     81.0
     1     1    14     9     9    18     0     0   -49.0   55.247    1.195    135.0   1005.5    286.2      0.0     81.1
     1     1    14     9     9    17     0     1   -50.0   55.352    1.090    140.2   1005.0    286.0      0.0     80.6
     1     1    14     9     9    16     0     2   -51.0   55.446    0.945    149.2   1003.7    285.8      0.0     80.4
     1     1    14     9     9    15     0     3   -52.0   55.526    0.769    161.9   1001.8    285.6      0.0     79.9
     1     1    14     9     9    14     0     2   -53.0   55.594    0.584    176.1    999.7    285.4      0.0     80.5
     1     1    14     9     9    13     0     1   -54.0   55.659    0.405    188.4    998.2    285.2      0.0     81.5
     1     1    14     9     9    12     0     0   -55.0   55.718    0.226    198.0    997.2    285.1      0.0     82.6
     1     1    14     9     9    11     0     1   -56.0   55.772    0.048    205.1    996.4    284.9      0.0     82.3
     1     1    14     9     9    10     0     2   -57.0   55.790   -0.083    212.8    996.1    284.9      0.0     79.5
     1     1    14     9     9     9     0     3   -58.0   55.770   -0.178    221.0    994.8    284.7      0.0     79.7
     1     1    14     9     9     8     0     2   -59.0   55.756   -0.279    226.9    994.0    284.6      0.0     79.8
     1     1    14     9     9     7     0     1   -60.0   55.763   -0.370    230.5    993.2    284.6      0.0     80.0
     1     1    14     9     9     6     0     0   -61.0   55.790   -0.448    231.7    992.8    284.5      0.0     80.2
     1     1    14     9     9     5     0     1   -62.0   55.834   -0.536    232.0    992.9    284.6      0.0     79.5
     1     1    14     9     9     4     0     2   -63.0   55.890   -0.661    232.7    992.8    284.7      0.0     78.9
     1     1    14     9     9     3     0     3   -64.0   55.965   -0.825    233.3    992.6    284.8      0.0     78.5
     1     1    14     9     9     2     0     2   -65.0   56.055   -1.018    232.2    992.6    284.8      0.0     78.4
     1     1    14     9     9     1     0     1   -66.0   56.143   -1.216    229.2    992.5    284.8      0.0     77.8
     1     1    14     9     9     0     0     0   -67.0   56.220   -1.405    226.4    992.5    284.8      0.0     77.3
     1     1    14     9     8    23     0     1   -68.0   56.285   -1.586    228.0    992.1    284.9      0.0     76.3
     1     1    14     9     8    22     0     2   -69.0   56.336   -1.760    237.4    990.7    285.0      0.0     75.5
     1     1    14     9     8    21     0     3   -70.0   56.376   -1.927    256.5    988.5    285.1      0.0     74.8
     1     1    14     9     8    20     0     2   -71.0   56.417   -2.082    281.3    982.6    284.8      0.0     75.4
     1     1    14     9     8    19     0     1   -72.0   56.471   -2.222    305.9    975.3    284.4      0.0     76.6
