     7     1
    GDAS    14     8    22     0     0
    GDAS    14     8    29     0     0
    GDAS    14     9     1     0     0
    GDAS    14     9     8     0     0
    GDAS    14     9    15     0     0
    GDAS    14     9    22     0     0
    GDAS    14     9    29     0     0
     1 BACKWARD OMEGA   
    14     9    16    16   56.467   -2.973   100.0
     4 PRESSURE AIR_TEMP RAINFALL RELHUMID
     1     1    14     9    16    16     0     2     0.0   56.467   -2.973    100.0    974.7    286.3      0.0     88.7
     1     1    14     9    16    15     0     3    -1.0   56.404   -2.818     87.7    982.3    287.0      0.0     86.7
     1     1    14     9    16    14     0     2    -2.0   56.343   -2.667     80.1    989.0    286.9      0.0     87.9
     1     1    14     9    16    13     0     1    -3.0   56.286   -2.533     77.8    993.4    286.8      0.0     89.0
     1     1    14     9    16    12     0     0    -4.0   56.228   -2.417     79.1    996.6    286.8      0.0     90.0
     1     1    14     9    16    11     0     1    -5.0   56.167   -2.307     82.7    998.9    286.6      0.0     91.1
     1     1    14     9    16    10     0     2    -6.0   56.102   -2.189     88.7   1000.7    286.4      0.0     92.2
     1     1    14     9    16     9     0     3    -7.0   56.033   -2.064     98.2   1001.6    286.3      0.0     93.2
     1     1    14     9    16     8     0     2    -8.0   55.965   -1.939    107.5   1000.1    286.2      0.0     94.3
     1     1    14     9    16     7     0     1    -9.0   55.901   -1.823    111.6    998.8    286.1      0.0     95.4
     1     1    14     9    16     6     0     0   -10.0   55.843   -1.714    110.7    998.5    286.1      0.0     96.2
     1     1    14     9    16     5     0     1   -11.0   55.784   -1.617    108.5    999.0    286.3      0.0     95.8
     1     1    14     9    16     4     0     2   -12.0   55.722   -1.537    108.0    999.0    286.4      0.0     95.3
     1     1    14     9    16     3     0     3   -13.0   55.656   -1.473    109.3    998.8    286.5      0.0     94.6
     1     1    14     9    16     2     0     2   -14.0   55.593   -1.405    109.6    998.8    286.6      0.0     94.6
     1     1    14     9    16     1     0     1   -15.0   55.539   -1.318    107.1   1000.0    286.7      0.0     94.5
     1     1    14     9    16     0     0     0   -16.0   55.488   -1.214    104.4   1001.9    286.8      0.0     94.3
     1     1    14     9    15    23     0     1   -17.0   55.437   -1.104    105.1   1003.7    287.0      0.0     93.8
     1     1    14     9    15    22     0     2   -18.0   55.382   -0.999    111.4   1004.8    287.1      0.0     93.3
     1     1    14     9    15    21     0     3   -19.0   55.325   -0.898    122.1   1003.5    287.2      0.0     93.3
     1     1    14     9    15    20     0     2   -20.0   55.280   -0.776    132.7   1001.9    287.1      0.0     94.1
     1     1    14     9    15    19     0     1   -21.0   55.258   -0.614    139.8   1000.9    287.1      0.0     94.6
     1     1    14     9    15    18     0     0   -22.0   55.259   -0.411    142.5   1000.4    287.0      0.0     95.2
     1     1    14     9    15    17     0     1   -23.0   55.281   -0.193    142.8   1000.8    287.0      0.0     95.8
     1     1    14     9    15    16     0     2   -24.0   55.280    0.048    138.7   1000.7    288.1      0.0     87.4
     1     1    14     9    15    15     0     3   -25.0   55.243    0.294    128.3   1002.1    288.4      0.0     84.4
     1     1    14     9    15    14     0     2   -26.0   55.211    0.544    118.4   1004.1    288.3      0.0     84.9
     1     1    14     9    15    13     0     1   -27.0   55.182    0.824    112.5   1005.3    288.3      0.0     85.4
     1     1    14     9    15    12     0     0   -28.0   55.165    1.138    110.0   1006.1    288.4      0.0     86.3
     1     1    14     9    15    11     0     1   -29.0   55.156    1.468    108.6   1005.9    288.5      0.0     85.3
     1     1    14     9    15    10     0     2   -30.0   55.147    1.803    104.9   1005.9    288.7      0.1     83.0
     1     1    14     9    15     9     0     3   -31.0   55.138    2.155     96.2   1006.5    288.8      0.0     80.2
     1     1    14     9    15     8     0     2   -32.0   55.134    2.521     86.0   1008.5    288.8      0.0     82.9
     1     1    14     9    15     7     0     1   -33.0   55.130    2.903     78.3   1009.9    288.9      0.0     84.8
     1     1    14     9    15     6     0     0   -34.0   55.120    3.301     73.9   1011.1    289.0      0.0     88.1
     1     1    14     9    15     5     0     1   -35.0   55.118    3.727     71.9   1011.1    289.1      0.0     88.8
     1     1    14     9    15     4     0     2   -36.0   55.112    4.195     69.5   1011.3    289.3      0.0     87.5
     1     1    14     9    15     3     0     3   -37.0   55.063    4.696     65.6   1011.8    289.5      0.0     85.8
     1     1    14     9    15     2     0     2   -38.0   54.989    5.211     61.6   1012.5    289.7      0.2     88.5
     1     1    14     9    15     1     0     1   -39.0   54.941    5.732     57.4   1013.0    289.8      0.0     90.5
     1     1    14     9    15     0     0     0   -40.0   54.917    6.255     51.8   1014.3    289.9      0.0     90.4
     1     1    14     9    14    23     0     1   -41.0   54.903    6.794     45.1   1016.0    290.1      0.3     92.1
     1     1    14     9    14    22     0     2   -42.0   54.893    7.365     39.5   1016.4    290.1      0.3     93.1
     1     1    14     9    14    21     0     3   -43.0   54.882    7.946     35.7   1016.2    290.2      0.0     92.8
     1     1    14     9    14    20     0     2   -44.0   54.895    8.465     35.9   1016.3    289.7      2.7     94.4
     1     1    14     9    14    19     0     1   -45.0   54.947    8.883     42.4   1015.4    289.2      0.3     96.6
     1     1    14     9    14    18     0     0   -46.0   55.026    9.255     52.0   1014.3    289.2      0.3     97.0
     1     1    14     9    14    17     0     1   -47.0   55.110    9.645     57.1   1013.2    289.6      0.0     94.4
     1     1    14     9    14    16     0     2   -48.0   55.187   10.074     53.8   1014.7    290.0      0.0     92.3
     1     1    14     9    14    15     0     3   -49.0   55.266   10.511     49.4   1016.4    290.0      0.3     90.6
     1     1    14     9    14    14     0     2   -50.0   55.352   10.929     48.3   1017.9    289.9      0.3     90.4
     1     1    14     9    14    13     0     1   -51.0   55.440   11.326     48.2   1018.1    289.9      0.3     89.7
     1     1    14     9    14    12     0     0   -52.0   55.513   11.704     46.4   1018.2    290.0      0.0     89.4
     1     1    14     9    14    11     0     1   -53.0   55.576   12.085     42.5   1017.6    290.1      0.1     88.4
     1     1    14     9    14    10     0     2   -54.0   55.645   12.505     42.1   1016.3    290.4      0.0     88.4
     1     1    14     9    14     9     0     3   -55.0   55.724   12.986     54.5   1012.6    290.3      0.0     89.5
     1     1    14     9    14     8     0     2   -56.0   55.825   13.512     66.2   1008.1    288.8      0.0     91.4
     1     1    14     9    14     7     0     1   -57.0   55.952   13.983     49.1   1009.1    287.8      0.0     94.1
     1     1    14     9    14     6     0     0   -58.0   56.093   14.368     33.6   1015.3    287.8      0.0     95.1
     1     1    14     9    14     5     0     1   -59.0   56.255   14.774     30.4   1014.6    288.4      0.0     93.6
     1     1    14     9    14     4     0     2   -60.0   56.426   15.208     34.8   1011.8    288.2      0.0     93.6
     1     1    14     9    14     3     0     3   -61.0   56.591   15.618     35.5   1010.7    287.7      0.0     93.9
     1     1    14     9    14     2     0     2   -62.0   56.745   15.963     26.2   1012.5    287.3      0.0     94.1
     1     1    14     9    14     1     0     1   -63.0   56.884   16.254     17.0   1016.2    287.6      0.0     92.6
     1     1    14     9    14     0     0     0   -64.0   57.014   16.537     11.4   1019.3    288.1      0.0     90.8
     1     1    14     9    13    23     0     1   -65.0   57.148   16.854      8.4   1023.8    288.9      0.0     89.9
     1     1    14     9    13    22     0     2   -66.0   57.291   17.226      7.0   1026.3    289.3      0.0     89.8
     1     1    14     9    13    21     0     3   -67.0   57.437   17.633      6.6   1026.2    289.4      0.0     90.4
     1     1    14     9    13    20     0     2   -68.0   57.582   18.057      6.9   1025.8    289.4      0.0     90.6
     1     1    14     9    13    19     0     1   -69.0   57.728   18.477      7.3   1026.1    289.4      0.0     90.6
     1     1    14     9    13    18     0     0   -70.0   57.877   18.877      7.2   1026.4    289.4      0.0     91.8
     1     1    14     9    13    17     0     1   -71.0   58.026   19.251      7.0   1026.6    289.4      0.0     91.2
     1     1    14     9    13    16     0     2   -72.0   58.174   19.597      7.0   1026.8    289.5      0.0     89.8
