     7     1
    GDAS    14     8    22     0     0
    GDAS    14     8    29     0     0
    GDAS    14     9     1     0     0
    GDAS    14     9     8     0     0
    GDAS    14     9    15     0     0
    GDAS    14     9    22     0     0
    GDAS    14     9    29     0     0
     1 BACKWARD OMEGA   
    14     9    21    18   56.467   -2.973   100.0
     4 PRESSURE AIR_TEMP RAINFALL RELHUMID
     1     1    14     9    21    18     0     0     0.0   56.467   -2.973    100.0    983.2    284.2      0.0     73.0
     1     1    14     9    21    17     0     1    -1.0   56.480   -3.006    106.9    981.4    284.4      0.0     72.0
     1     1    14     9    21    16     0     2    -2.0   56.506   -3.060    115.7    979.1    284.6      0.0     70.9
     1     1    14     9    21    15     0     3    -3.0   56.544   -3.138    125.1    976.0    284.7      0.0     69.9
     1     1    14     9    21    14     0     2    -4.0   56.594   -3.224    135.2    972.4    284.0      0.0     71.8
     1     1    14     9    21    13     0     1    -5.0   56.655   -3.303    149.5    967.7    283.2      0.0     74.2
     1     1    14     9    21    12     0     0    -6.0   56.725   -3.375    171.8    961.4    282.3      0.0     77.2
     1     1    14     9    21    11     0     1    -7.0   56.809   -3.448    205.0    953.1    281.1      0.0     81.9
     1     1    14     9    21    10     0     2    -8.0   56.917   -3.527    253.2    942.4    279.7      0.0     87.3
     1     1    14     9    21     9     0     3    -9.0   57.052   -3.606    322.4    932.2    278.3      0.0     92.8
     1     1    14     9    21     8     0     2   -10.0   57.213   -3.693    401.8    928.2    278.0      0.0     94.3
     1     1    14     9    21     7     0     1   -11.0   57.393   -3.797    473.0    926.6    278.1      0.0     92.7
     1     1    14     9    21     6     0     0   -12.0   57.587   -3.920    538.5    926.7    278.2      0.0     91.9
     1     1    14     9    21     5     0     1   -13.0   57.793   -4.053    606.4    927.8    278.5      0.0     92.2
     1     1    14     9    21     4     0     2   -14.0   58.010   -4.187    678.5    926.9    278.4      0.0     94.3
     1     1    14     9    21     3     0     3   -15.0   58.232   -4.309    742.3    920.6    278.2      0.0     95.0
     1     1    14     9    21     2     0     2   -16.0   58.451   -4.424    785.8    918.5    278.1      0.0     96.0
     1     1    14     9    21     1     0     1   -17.0   58.664   -4.546    801.1    920.4    278.1      0.0     97.0
     1     1    14     9    21     0     0     0   -18.0   58.873   -4.672    785.9    926.7    278.4      0.0     97.8
     1     1    14     9    20    23     0     1   -19.0   59.089   -4.809    756.7    934.9    279.1      0.0     96.7
     1     1    14     9    20    22     0     2   -20.0   59.327   -4.958    736.7    937.7    279.4      0.0     95.6
     1     1    14     9    20    21     0     3   -21.0   59.594   -5.109    735.1    937.6    279.6      0.0     93.9
     1     1    14     9    20    20     0     2   -22.0   59.880   -5.261    752.2    935.0    279.5      0.0     92.3
     1     1    14     9    20    19     0     1   -23.0   60.178   -5.423    781.7    930.4    279.3      0.0     90.6
     1     1    14     9    20    18     0     0   -24.0   60.494   -5.601    816.0    925.8    279.1      0.0     88.8
     1     1    14     9    20    17     0     1   -25.0   60.825   -5.810    852.1    921.1    278.8      0.0     88.1
     1     1    14     9    20    16     0     2   -26.0   61.159   -6.066    893.3    916.3    278.4      0.0     87.7
     1     1    14     9    20    15     0     3   -27.0   61.496   -6.370    949.7    908.9    277.9      0.0     88.0
     1     1    14     9    20    14     0     2   -28.0   61.837   -6.687   1030.2    898.4    277.4      0.0     88.8
     1     1    14     9    20    13     0     1   -29.0   62.187   -6.983   1123.0    885.7    276.9      0.0     87.8
     1     1    14     9    20    12     0     0   -30.0   62.554   -7.249   1190.9    877.0    276.5      0.0     85.6
     1     1    14     9    20    11     0     1   -31.0   62.929   -7.507   1214.5    875.3    276.5      0.0     85.6
     1     1    14     9    20    10     0     2   -32.0   63.309   -7.781   1222.2    876.4    276.6      0.0     84.5
     1     1    14     9    20     9     0     3   -33.0   63.708   -8.062   1242.6    874.1    276.5      0.0     78.5
     1     1    14     9    20     8     0     2   -34.0   64.117   -8.334   1279.0    868.9    276.4      0.3     78.8
     1     1    14     9    20     7     0     1   -35.0   64.520   -8.612   1319.2    862.8    276.0      0.3     79.7
     1     1    14     9    20     6     0     0   -36.0   64.920   -8.911   1351.0    858.2    275.7      0.3     75.9
     1     1    14     9    20     5     0     1   -37.0   65.304   -9.225   1375.2    856.1    275.5      0.2     79.6
     1     1    14     9    20     4     0     2   -38.0   65.649   -9.559   1397.1    853.6    275.3      0.0     80.2
     1     1    14     9    20     3     0     3   -39.0   65.952   -9.913   1423.4    851.5    275.3      0.0     75.2
     1     1    14     9    20     2     0     2   -40.0   66.213  -10.279   1447.7    847.4    275.0      0.3     76.6
     1     1    14     9    20     1     0     1   -41.0   66.437  -10.630   1463.7    846.1    274.8      0.6     77.1
     1     1    14     9    20     0     0     0   -42.0   66.630  -10.935   1482.7    844.5    274.6      0.0     74.8
     1     1    14     9    19    23     0     1   -43.0   66.796  -11.188   1509.5    841.5    274.4      0.0     74.4
     1     1    14     9    19    22     0     2   -44.0   66.942  -11.397   1542.2    837.9    274.3      0.0     73.0
     1     1    14     9    19    21     0     3   -45.0   67.071  -11.541   1577.9    833.9    274.1      0.0     72.4
     1     1    14     9    19    20     0     2   -46.0   67.193  -11.641   1606.8    829.8    273.8      0.0     72.0
     1     1    14     9    19    19     0     1   -47.0   67.315  -11.732   1621.4    828.3    273.8      0.0     70.9
     1     1    14     9    19    18     0     0   -48.0   67.438  -11.815   1624.2    828.0    273.8      0.0     69.3
     1     1    14     9    19    17     0     1   -49.0   67.562  -11.890   1623.0    828.8    273.8      0.0     68.7
     1     1    14     9    19    16     0     2   -50.0   67.687  -11.960   1625.6    828.8    273.8      0.0     67.1
     1     1    14     9    19    15     0     3   -51.0   67.815  -12.028   1635.9    828.0    273.7      0.0     64.9
     1     1    14     9    19    14     0     2   -52.0   67.941  -12.091   1653.2    826.1    273.5      0.0     65.6
     1     1    14     9    19    13     0     1   -53.0   68.056  -12.144   1673.9    824.0    273.2      0.0     67.0
     1     1    14     9    19    12     0     0   -54.0   68.161  -12.180   1697.0    821.8    272.9      0.0     68.2
     1     1    14     9    19    11     0     1   -55.0   68.252  -12.185   1723.6    819.5    272.7      0.0     66.8
     1     1    14     9    19    10     0     2   -56.0   68.329  -12.150   1755.0    816.5    272.6      0.0     65.6
     1     1    14     9    19     9     0     3   -57.0   68.391  -12.089   1791.8    813.2    272.4      0.0     64.7
     1     1    14     9    19     8     0     2   -58.0   68.448  -12.017   1829.8    809.0    272.2      0.0     63.8
     1     1    14     9    19     7     0     1   -59.0   68.508  -11.945   1863.6    805.5    272.1      0.0     63.1
     1     1    14     9    19     6     0     0   -60.0   68.572  -11.869   1892.3    802.5    271.9      0.0     62.3
     1     1    14     9    19     5     0     1   -61.0   68.635  -11.812   1920.4    800.5    271.9      0.0     64.4
     1     1    14     9    19     4     0     2   -62.0   68.693  -11.804   1953.1    797.7    271.8      0.0     67.2
     1     1    14     9    19     3     0     3   -63.0   68.746  -11.856   1991.0    794.3    271.7      0.0     70.7
     1     1    14     9    19     2     0     2   -64.0   68.791  -11.954   2031.1    790.4    271.3      0.0     71.9
     1     1    14     9    19     1     0     1   -65.0   68.825  -12.076   2070.8    786.9    271.1      0.0     73.3
     1     1    14     9    19     0     0     0   -66.0   68.848  -12.218   2111.4    783.3    270.8      0.0     74.8
     1     1    14     9    18    23     0     1   -67.0   68.864  -12.407   2154.3    779.4    270.7      0.0     76.3
     1     1    14     9    18    22     0     2   -68.0   68.873  -12.674   2199.9    775.1    270.6      0.0     78.0
     1     1    14     9    18    21     0     3   -69.0   68.876  -13.028   2246.0    770.8    270.6      0.0     80.0
     1     1    14     9    18    20     0     2   -70.0   68.866  -13.440   2288.9    766.4    270.2      0.0     80.7
     1     1    14     9    18    19     0     1   -71.0   68.840  -13.870   2327.6    762.9    270.0      0.0     81.0
     1     1    14     9    18    18     0     0   -72.0   68.798  -14.298   2361.4    759.5    269.7      0.0     81.3
