     7     1
    GDAS    14     8    22     0     0
    GDAS    14     8    29     0     0
    GDAS    14     9     1     0     0
    GDAS    14     9     8     0     0
    GDAS    14     9    15     0     0
    GDAS    14     9    22     0     0
    GDAS    14     9    29     0     0
     1 BACKWARD OMEGA   
    14     9    12    15   56.467   -2.973   100.0
     4 PRESSURE AIR_TEMP RAINFALL RELHUMID
     1     1    14     9    12    15     0     3     0.0   56.467   -2.973    100.0    981.9    288.9      0.0     79.0
     1     1    14     9    12    14     0     2    -1.0   56.420   -2.956     90.6    985.6    288.4      0.0     79.5
     1     1    14     9    12    13     0     1    -2.0   56.379   -2.949     83.2    988.4    287.9      0.0     80.2
     1     1    14     9    12    12     0     0    -3.0   56.346   -2.953     77.0    990.6    287.5      0.0     81.0
     1     1    14     9    12    11     0     1    -4.0   56.316   -2.952     73.3    992.0    287.0      0.0     83.8
     1     1    14     9    12    10     0     2    -5.0   56.284   -2.928     73.3    993.3    286.4      0.0     86.9
     1     1    14     9    12     9     0     3    -6.0   56.247   -2.880     76.9    994.8    285.8      0.0     90.1
     1     1    14     9    12     8     0     2    -7.0   56.208   -2.819     82.1    996.1    285.0      0.0     90.8
     1     1    14     9    12     7     0     1    -8.0   56.172   -2.758     87.1    997.5    284.5      0.0     91.3
     1     1    14     9    12     6     0     0    -9.0   56.139   -2.698     91.3    998.7    284.1      0.0     91.7
     1     1    14     9    12     5     0     1   -10.0   56.104   -2.629     94.3   1000.0    284.6      0.0     90.8
     1     1    14     9    12     4     0     2   -11.0   56.058   -2.538     95.6   1002.0    285.1      0.0     89.5
     1     1    14     9    12     3     0     3   -12.0   56.000   -2.426     95.9   1004.2    285.6      0.0     87.7
     1     1    14     9    12     2     0     2   -13.0   55.928   -2.308     96.0   1004.7    285.7      0.0     85.9
     1     1    14     9    12     1     0     1   -14.0   55.846   -2.199     96.1   1004.5    285.7      0.0     84.5
     1     1    14     9    12     0     0     0   -15.0   55.757   -2.098     96.0   1003.6    285.5      0.0     83.6
     1     1    14     9    11    23     0     1   -16.0   55.661   -2.000     96.8   1002.0    285.3      0.0     82.2
     1     1    14     9    11    22     0     2   -17.0   55.561   -1.903     99.0   1000.6    285.3      0.0     80.7
     1     1    14     9    11    21     0     3   -18.0   55.460   -1.803    102.3    999.6    285.4      0.0     79.2
     1     1    14     9    11    20     0     2   -19.0   55.364   -1.693    103.3    999.2    285.9      0.0     78.1
     1     1    14     9    11    19     0     1   -20.0   55.278   -1.566    100.7   1000.8    286.3      0.0     76.9
     1     1    14     9    11    18     0     0   -21.0   55.198   -1.416     97.9   1003.6    286.6      0.0     75.6
     1     1    14     9    11    17     0     1   -22.0   55.125   -1.245    100.0   1006.6    286.9      0.0     74.8
     1     1    14     9    11    16     0     2   -23.0   55.055   -1.052    111.1   1009.5    286.7      0.0     74.8
     1     1    14     9    11    15     0     3   -24.0   54.992   -0.834    131.5   1007.8    286.4      0.0     74.9
     1     1    14     9    11    14     0     2   -25.0   54.934   -0.621    156.0   1004.5    286.3      0.0     75.2
     1     1    14     9    11    13     0     1   -26.0   54.878   -0.443    182.3   1001.0    286.1      0.0     75.9
     1     1    14     9    11    12     0     0   -27.0   54.825   -0.295    210.6    997.4    285.8      0.0     77.0
     1     1    14     9    11    11     0     1   -28.0   54.769   -0.169    237.5    993.2    285.3      0.0     80.2
     1     1    14     9    11    10     0     2   -29.0   54.707   -0.057    257.6    990.1    284.8      0.0     83.7
     1     1    14     9    11     9     0     3   -30.0   54.663    0.042    271.5    990.6    284.5      0.0     83.6
     1     1    14     9    11     8     0     2   -31.0   54.644    0.135    281.9    989.3    284.4      0.0     84.1
     1     1    14     9    11     7     0     1   -32.0   54.637    0.231    291.2    987.9    284.3      0.0     84.5
     1     1    14     9    11     6     0     0   -33.0   54.641    0.330    298.3    986.8    284.1      0.0     84.8
     1     1    14     9    11     5     0     1   -34.0   54.652    0.431    305.2    986.2    284.2      0.0     85.1
     1     1    14     9    11     4     0     2   -35.0   54.669    0.535    314.7    985.0    284.1      0.0     85.7
     1     1    14     9    11     3     0     3   -36.0   54.691    0.642    327.5    983.5    284.0      0.0     86.7
     1     1    14     9    11     2     0     2   -37.0   54.714    0.757    341.8    981.6    283.9      0.0     87.7
     1     1    14     9    11     1     0     1   -38.0   54.732    0.890    355.1    980.3    283.8      0.0     89.0
     1     1    14     9    11     0     0     0   -39.0   54.747    1.042    367.6    979.0    283.7      0.0     90.3
     1     1    14     9    10    23     0     1   -40.0   54.775    1.208    379.7    977.6    283.7      0.0     87.6
     1     1    14     9    10    22     0     2   -41.0   54.835    1.383    392.4    976.2    283.7      0.0     85.4
     1     1    14     9    10    21     0     3   -42.0   54.926    1.564    406.2    974.7    283.6      0.0     83.9
     1     1    14     9    10    20     0     2   -43.0   55.034    1.733    421.6    973.0    283.5      0.0     84.2
     1     1    14     9    10    19     0     1   -44.0   55.143    1.875    438.2    971.1    283.4      0.0     84.6
     1     1    14     9    10    18     0     0   -45.0   55.252    1.991    455.9    968.9    283.2      0.0     85.3
     1     1    14     9    10    17     0     1   -46.0   55.365    2.088    472.0    966.6    282.9      0.0     86.2
     1     1    14     9    10    16     0     2   -47.0   55.490    2.171    485.1    965.1    282.8      0.0     87.0
     1     1    14     9    10    15     0     3   -48.0   55.623    2.237    496.3    963.7    282.6      0.0     88.0
     1     1    14     9    10    14     0     2   -49.0   55.765    2.290    504.8    962.7    282.4      0.0     88.9
     1     1    14     9    10    13     0     1   -50.0   55.915    2.336    508.8    962.2    282.3      0.0     89.9
     1     1    14     9    10    12     0     0   -51.0   56.072    2.376    507.7    962.5    282.2      0.0     90.0
     1     1    14     9    10    11     0     1   -52.0   56.233    2.398    509.0    962.9    282.2      0.0     88.7
     1     1    14     9    10    10     0     2   -53.0   56.391    2.395    519.5    961.4    282.2      0.0     88.4
     1     1    14     9    10     9     0     3   -54.0   56.544    2.369    538.5    958.9    282.0      0.0     88.5
     1     1    14     9    10     8     0     2   -55.0   56.697    2.330    560.6    955.7    281.7      0.0     89.0
     1     1    14     9    10     7     0     1   -56.0   56.855    2.286    580.1    953.4    281.4      0.0     90.2
     1     1    14     9    10     6     0     0   -57.0   57.018    2.237    596.3    951.4    281.2      0.0     92.1
     1     1    14     9    10     5     0     1   -58.0   57.189    2.177    609.8    949.9    281.3      0.0     88.7
     1     1    14     9    10     4     0     2   -59.0   57.370    2.106    621.9    948.5    281.3      0.0     85.4
     1     1    14     9    10     3     0     3   -60.0   57.561    2.021    633.4    947.2    281.4      0.0     81.9
     1     1    14     9    10     2     0     2   -61.0   57.757    1.929    648.2    945.8    281.4      0.0     80.7
     1     1    14     9    10     1     0     1   -62.0   57.952    1.834    669.4    943.2    281.2      0.0     79.6
     1     1    14     9    10     0     0     0   -63.0   58.145    1.736    696.5    939.9    281.1      0.0     78.8
     1     1    14     9     9    23     0     1   -64.0   58.336    1.624    726.4    936.0    280.9      0.0     77.2
     1     1    14     9     9    22     0     2   -65.0   58.529    1.487    754.8    932.6    280.8      0.0     76.4
     1     1    14     9     9    21     0     3   -66.0   58.725    1.326    780.7    929.6    280.6      0.0     75.6
     1     1    14     9     9    20     0     2   -67.0   58.918    1.143    805.3    926.7    280.4      0.0     75.1
     1     1    14     9     9    19     0     1   -68.0   59.097    0.938    829.9    923.8    280.2      0.0     75.2
     1     1    14     9     9    18     0     0   -69.0   59.262    0.714    855.5    920.9    279.9      0.0     75.8
     1     1    14     9     9    17     0     1   -70.0   59.406    0.481    883.9    917.5    279.7      0.0     76.8
     1     1    14     9     9    16     0     2   -71.0   59.527    0.244    914.2    913.3    279.3      0.0     79.2
     1     1    14     9     9    15     0     3   -72.0   59.630    0.004    943.1    909.3    279.0      0.0     82.8
