     7     1
    GDAS    14     8    22     0     0
    GDAS    14     8    29     0     0
    GDAS    14     9     1     0     0
    GDAS    14     9     8     0     0
    GDAS    14     9    15     0     0
    GDAS    14     9    22     0     0
    GDAS    14     9    29     0     0
     1 BACKWARD OMEGA   
    14     9    10    11   56.467   -2.973   100.0
     4 PRESSURE AIR_TEMP RAINFALL RELHUMID
     1     1    14     9    10    11     0     1     0.0   56.467   -2.973    100.0    979.2    286.8      0.0     75.1
     1     1    14     9    10    10     0     2    -1.0   56.397   -2.904    101.7    983.5    286.0      0.0     78.3
     1     1    14     9    10     9     0     3    -2.0   56.319   -2.822    109.1    987.1    285.2      0.0     81.6
     1     1    14     9    10     8     0     2    -3.0   56.238   -2.729    120.3    989.8    284.8      0.0     81.5
     1     1    14     9    10     7     0     1    -4.0   56.158   -2.628    131.6    992.2    284.7      0.0     81.1
     1     1    14     9    10     6     0     0    -5.0   56.081   -2.517    138.8    994.4    284.6      0.0     80.6
     1     1    14     9    10     5     0     1    -6.0   56.007   -2.395    140.2    996.8    285.0      0.0     79.7
     1     1    14     9    10     4     0     2    -7.0   55.935   -2.274    136.5    997.6    285.3      0.0     79.1
     1     1    14     9    10     3     0     3    -8.0   55.866   -2.162    129.6    998.1    285.4      0.0     78.6
     1     1    14     9    10     2     0     2    -9.0   55.800   -2.054    120.3    998.6    285.4      0.0     78.1
     1     1    14     9    10     1     0     1   -10.0   55.736   -1.943    109.8    999.3    285.4      0.0     77.6
     1     1    14     9    10     0     0     0   -11.0   55.677   -1.827    100.0   1000.5    285.5      0.0     77.0
     1     1    14     9     9    23     0     1   -12.0   55.626   -1.707     91.7   1002.0    285.6      0.0     76.8
     1     1    14     9     9    22     0     2   -13.0   55.586   -1.585     85.5   1003.7    285.8      0.0     76.4
     1     1    14     9     9    21     0     3   -14.0   55.556   -1.461     82.4   1005.5    286.0      0.0     76.0
     1     1    14     9     9    20     0     2   -15.0   55.534   -1.330     83.0   1006.9    286.2      0.0     75.1
     1     1    14     9     9    19     0     1   -16.0   55.517   -1.188     88.4   1008.1    286.4      0.0     74.4
     1     1    14     9     9    18     0     0   -17.0   55.500   -1.032    100.8   1008.9    286.5      0.0     74.0
     1     1    14     9     9    17     0     1   -18.0   55.482   -0.883    119.8   1007.1    286.5      0.0     73.2
     1     1    14     9     9    16     0     2   -19.0   55.460   -0.765    142.3   1004.5    286.5      0.0     72.2
     1     1    14     9     9    15     0     3   -20.0   55.436   -0.682    166.1   1001.0    286.4      0.0     71.3
     1     1    14     9     9    14     0     2   -21.0   55.410   -0.635    189.8    998.2    286.1      0.0     72.6
     1     1    14     9     9    13     0     1   -22.0   55.385   -0.617    213.2    995.8    285.7      0.0     74.0
     1     1    14     9     9    12     0     0   -23.0   55.362   -0.628    237.6    993.4    285.4      0.0     75.4
     1     1    14     9     9    11     0     1   -24.0   55.337   -0.666    262.9    990.6    284.9      0.0     76.3
     1     1    14     9     9    10     0     2   -25.0   55.310   -0.731    288.0    987.4    284.5      0.0     77.4
     1     1    14     9     9     9     0     3   -26.0   55.282   -0.820    312.2    984.3    284.1      0.0     78.3
     1     1    14     9     9     8     0     2   -27.0   55.259   -0.921    332.0    981.3    283.9      0.0     78.5
     1     1    14     9     9     7     0     1   -28.0   55.251   -1.025    343.8    979.1    283.7      0.0     78.7
     1     1    14     9     9     6     0     0   -29.0   55.255   -1.132    347.8    976.3    283.6      0.0     79.1
     1     1    14     9     9     5     0     1   -30.0   55.260   -1.248    350.2    974.2    283.6      0.0     78.7
     1     1    14     9     9     4     0     2   -31.0   55.252   -1.377    355.6    970.8    283.6      0.0     78.6
     1     1    14     9     9     3     0     3   -32.0   55.227   -1.515    364.4    966.7    283.5      0.0     78.9
     1     1    14     9     9     2     0     2   -33.0   55.189   -1.643    376.1    962.2    283.4      0.0     79.3
     1     1    14     9     9     1     0     1   -34.0   55.145   -1.744    389.3    957.9    283.2      0.0     80.0
     1     1    14     9     9     0     0     0   -35.0   55.093   -1.816    402.8    953.9    283.1      0.0     81.0
     1     1    14     9     8    23     0     1   -36.0   55.038   -1.867    415.0    950.2    282.9      0.0     82.1
     1     1    14     9     8    22     0     2   -37.0   54.984   -1.905    422.3    947.3    282.8      0.0     83.0
     1     1    14     9     8    21     0     3   -38.0   54.933   -1.932    420.8    946.3    282.8      0.0     83.2
     1     1    14     9     8    20     0     2   -39.0   54.887   -1.941    403.9    947.1    282.8      0.0     82.9
     1     1    14     9     8    19     0     1   -40.0   54.845   -1.923    369.0    951.2    283.1      0.0     81.7
     1     1    14     9     8    18     0     0   -41.0   54.808   -1.880    321.3    957.8    283.6      0.0     79.9
     1     1    14     9     8    17     0     1   -42.0   54.792   -1.826    269.5    965.9    284.6      0.0     76.0
     1     1    14     9     8    16     0     2   -43.0   54.808   -1.778    218.3    972.6    285.5      0.0     72.5
     1     1    14     9     8    15     0     3   -44.0   54.859   -1.739    169.0    979.3    286.3      0.0     69.2
     1     1    14     9     8    14     0     2   -45.0   54.931   -1.711    128.3    986.0    286.8      0.0     68.9
     1     1    14     9     8    13     0     1   -46.0   55.005   -1.699    100.6    989.9    287.3      0.0     69.2
     1     1    14     9     8    12     0     0   -47.0   55.081   -1.713     83.4    993.0    287.9      0.0     69.1
     1     1    14     9     8    11     0     1   -48.0   55.155   -1.767     74.0    993.7    287.2      0.0     72.0
     1     1    14     9     8    10     0     2   -49.0   55.224   -1.859     70.1    993.0    286.2      0.0     74.8
     1     1    14     9     8     9     0     3   -50.0   55.289   -1.982     70.7    991.4    285.0      0.0     77.6
     1     1    14     9     8     8     0     2   -51.0   55.356   -2.117     74.4    992.0    283.7      0.0     80.3
     1     1    14     9     8     7     0     1   -52.0   55.433   -2.257     79.1    992.8    282.8      0.0     82.3
     1     1    14     9     8     6     0     0   -53.0   55.520   -2.403     84.5    993.3    282.0      0.0     84.0
     1     1    14     9     8     5     0     1   -54.0   55.605   -2.569     89.8    992.9    282.0      0.0     83.6
     1     1    14     9     8     4     0     2   -55.0   55.676   -2.766     93.3    991.8    281.9      0.0     83.6
     1     1    14     9     8     3     0     3   -56.0   55.725   -2.989     92.4    990.5    281.6      0.0     84.2
     1     1    14     9     8     2     0     2   -57.0   55.765   -3.217     88.7    991.1    281.7      0.0     84.1
     1     1    14     9     8     1     0     1   -58.0   55.813   -3.441     86.7    991.5    281.8      0.0     84.0
     1     1    14     9     8     0     0     0   -59.0   55.869   -3.660     89.0    991.2    281.9      0.0     83.6
     1     1    14     9     7    23     0     1   -60.0   55.931   -3.871     94.4    990.5    282.1      0.0     83.2
     1     1    14     9     7    22     0     2   -61.0   55.999   -4.075    101.4    989.3    282.2      0.0     82.9
     1     1    14     9     7    21     0     3   -62.0   56.081   -4.282    113.7    983.3    282.1      0.0     82.9
     1     1    14     9     7    20     0     2   -63.0   56.184   -4.511    136.4    975.8    282.5      0.0     80.5
     1     1    14     9     7    19     0     1   -64.0   56.303   -4.768    171.6    966.7    282.5      0.0     79.8
     1     1    14     9     7    18     0     0   -65.0   56.440   -5.043    214.9    958.8    282.2      0.0     80.8
     1     1    14     9     7    17     0     1   -66.0   56.600   -5.320    244.1    958.4    282.2      0.0     80.2
     1     1    14     9     7    16     0     2   -67.0   56.786   -5.589    243.0    964.3    282.5      0.0     78.7
     1     1    14     9     7    15     0     3   -68.0   56.987   -5.853    219.1    974.0    283.0      0.0     76.6
     1     1    14     9     7    14     0     2   -69.0   57.197   -6.091    191.5    988.1    283.8      0.0     75.0
     1     1    14     9     7    13     0     1   -70.0   57.410   -6.284    174.5    993.4    284.1      0.0     74.9
     1     1    14     9     7    12     0     0   -71.0   57.624   -6.439    164.9    995.8    284.1      0.0     74.8
     1     1    14     9     7    11     0     1   -72.0   57.841   -6.578    156.6    996.4    284.0      0.0     76.5
