     7     1
    GDAS    14     8    22     0     0
    GDAS    14     8    29     0     0
    GDAS    14     9     1     0     0
    GDAS    14     9     8     0     0
    GDAS    14     9    15     0     0
    GDAS    14     9    22     0     0
    GDAS    14     9    29     0     0
     1 BACKWARD OMEGA   
    14     9    13    11   56.467   -2.973   100.0
     4 PRESSURE AIR_TEMP RAINFALL RELHUMID
     1     1    14     9    13    11     0     1     0.0   56.467   -2.973    100.0    986.1    287.7      0.0     83.5
     1     1    14     9    13    10     0     2    -1.0   56.452   -2.960     87.0    989.0    287.2      0.0     87.9
     1     1    14     9    13     9     0     3    -2.0   56.441   -2.978     89.0    988.3    286.5      0.0     92.7
     1     1    14     9    13     8     0     2    -3.0   56.432   -3.021    100.8    985.7    285.9      0.0     94.1
     1     1    14     9    13     7     0     1    -4.0   56.426   -3.083    116.4    983.7    285.4      0.0     95.4
     1     1    14     9    13     6     0     0    -5.0   56.422   -3.161    135.2    981.1    285.1      0.0     96.5
     1     1    14     9    13     5     0     1    -6.0   56.418   -3.251    155.2    977.4    285.3      0.0     95.6
     1     1    14     9    13     4     0     2    -7.0   56.407   -3.352    174.4    974.2    285.4      0.0     94.7
     1     1    14     9    13     3     0     3    -8.0   56.391   -3.466    193.0    971.5    285.5      0.0     94.0
     1     1    14     9    13     2     0     2    -9.0   56.372   -3.589    209.8    969.5    285.6      0.0     93.6
     1     1    14     9    13     1     0     1   -10.0   56.352   -3.718    223.3    968.2    285.7      0.0     93.7
     1     1    14     9    13     0     0     0   -11.0   56.332   -3.854    232.6    967.4    285.7      0.0     94.2
     1     1    14     9    12    23     0     1   -12.0   56.312   -3.986    239.9    967.0    285.9      0.0     93.3
     1     1    14     9    12    22     0     2   -13.0   56.291   -4.098    246.9    967.1    286.1      0.0     91.9
     1     1    14     9    12    21     0     3   -14.0   56.267   -4.188    252.3    967.6    286.3      0.0     90.6
     1     1    14     9    12    20     0     2   -15.0   56.242   -4.270    252.5    968.0    286.4      0.0     89.8
     1     1    14     9    12    19     0     1   -16.0   56.217   -4.360    245.6    969.5    286.6      0.0     89.2
     1     1    14     9    12    18     0     0   -17.0   56.190   -4.460    234.3    971.4    286.8      0.0     88.6
     1     1    14     9    12    17     0     1   -18.0   56.157   -4.553    221.7    973.7    287.0      0.0     87.8
     1     1    14     9    12    16     0     2   -19.0   56.113   -4.623    208.9    976.1    287.1      0.0     87.3
     1     1    14     9    12    15     0     3   -20.0   56.061   -4.671    194.4    979.1    287.3      0.0     87.1
     1     1    14     9    12    14     0     2   -21.0   56.001   -4.699    179.9    983.1    287.0      0.0     87.7
     1     1    14     9    12    13     0     1   -22.0   55.937   -4.711    166.9    985.6    286.9      0.0     87.5
     1     1    14     9    12    12     0     0   -23.0   55.866   -4.710    155.6    988.1    286.7      0.0     87.5
     1     1    14     9    12    11     0     1   -24.0   55.800   -4.684    148.5    990.0    286.5      0.0     87.8
     1     1    14     9    12    10     0     2   -25.0   55.749   -4.625    147.5    990.5    286.3      0.0     88.3
     1     1    14     9    12     9     0     3   -26.0   55.713   -4.539    149.9    990.3    286.1      0.0     88.9
     1     1    14     9    12     8     0     2   -27.0   55.687   -4.441    151.1    990.0    285.9      0.0     88.8
     1     1    14     9    12     7     0     1   -28.0   55.665   -4.345    148.0    990.7    285.7      0.0     88.7
     1     1    14     9    12     6     0     0   -29.0   55.651   -4.253    140.9    991.8    285.5      0.0     88.7
     1     1    14     9    12     5     0     1   -30.0   55.640   -4.165    129.0    992.9    285.9      0.0     87.5
     1     1    14     9    12     4     0     2   -31.0   55.628   -4.084    112.1    994.6    286.5      0.0     86.1
     1     1    14     9    12     3     0     3   -32.0   55.614   -4.008     91.1    996.8    287.1      0.0     84.7
     1     1    14     9    12     2     0     2   -33.0   55.599   -3.935     71.5   1000.0    287.1      0.0     83.0
     1     1    14     9    12     1     0     1   -34.0   55.584   -3.863     57.7   1002.0    287.1      0.0     81.5
     1     1    14     9    12     0     0     0   -35.0   55.570   -3.793     49.0   1002.8    286.8      0.0     80.1
     1     1    14     9    11    23     0     1   -36.0   55.554   -3.721     43.7   1003.2    286.8      0.0     79.7
     1     1    14     9    11    22     0     2   -37.0   55.535   -3.643     40.7   1003.4    286.8      0.0     79.2
     1     1    14     9    11    21     0     3   -38.0   55.512   -3.557     40.1   1003.4    287.1      0.0     78.8
     1     1    14     9    11    20     0     2   -39.0   55.491   -3.477     41.0   1002.9    287.9      0.0     77.6
     1     1    14     9    11    19     0     1   -40.0   55.477   -3.421     41.2   1002.5    288.6      0.0     76.4
     1     1    14     9    11    18     0     0   -41.0   55.470   -3.387     39.9   1002.2    289.2      0.0     75.3
     1     1    14     9    11    17     0     1   -42.0   55.464   -3.368     36.7   1002.5    289.7      0.0     74.3
     1     1    14     9    11    16     0     2   -43.0   55.454   -3.357     31.9   1002.9    290.2      0.0     73.4
     1     1    14     9    11    15     0     3   -44.0   55.440   -3.355     26.1   1003.6    291.1      0.0     72.6
     1     1    14     9    11    14     0     2   -45.0   55.423   -3.356     20.9   1004.8    291.2      0.0     74.9
     1     1    14     9    11    13     0     1   -46.0   55.405   -3.351     17.1   1005.8    291.5      0.0     77.1
     1     1    14     9    11    12     0     0   -47.0   55.386   -3.342     14.3   1006.8    291.8      0.0     79.2
     1     1    14     9    11    11     0     1   -48.0   55.366   -3.326     12.6   1007.0    290.7      0.0     81.5
     1     1    14     9    11    10     0     2   -49.0   55.348   -3.301     12.1   1006.9    289.5      0.0     83.8
     1     1    14     9    11     9     0     3   -50.0   55.329   -3.268     12.7   1006.7    288.2      0.0     86.2
     1     1    14     9    11     8     0     2   -51.0   55.310   -3.226     14.3   1006.1    286.5      0.0     87.1
     1     1    14     9    11     7     0     1   -52.0   55.288   -3.178     17.0   1005.4    284.8      0.0     88.1
     1     1    14     9    11     6     0     0   -53.0   55.262   -3.122     21.6   1004.4    283.3      0.0     89.1
     1     1    14     9    11     5     0     1   -54.0   55.231   -3.053     30.7   1003.3    283.6      0.0     88.6
     1     1    14     9    11     4     0     2   -55.0   55.189   -2.964     49.7   1000.9    284.3      0.0     88.5
     1     1    14     9    11     3     0     3   -56.0   55.133   -2.858     77.1    995.8    284.8      0.0     88.3
     1     1    14     9    11     2     0     2   -57.0   55.063   -2.749    104.1    991.1    284.9      0.0     88.4
     1     1    14     9    11     1     0     1   -58.0   54.981   -2.638    128.5    987.1    285.0      0.0     88.7
     1     1    14     9    11     0     0     0   -59.0   54.885   -2.521    149.1    983.9    285.1      0.0     88.2
     1     1    14     9    10    23     0     1   -60.0   54.785   -2.383    162.2    980.4    285.3      0.0     87.2
     1     1    14     9    10    22     0     2   -61.0   54.690   -2.213    161.6    977.6    285.2      0.0     87.0
     1     1    14     9    10    21     0     3   -62.0   54.605   -2.012    139.1    976.4    285.0      0.0     87.7
     1     1    14     9    10    20     0     2   -63.0   54.535   -1.804    107.8    985.8    285.7      0.0     84.3
     1     1    14     9    10    19     0     1   -64.0   54.481   -1.604     85.4    993.1    286.5      0.0     80.1
     1     1    14     9    10    18     0     0   -65.0   54.434   -1.409     72.0    999.3    287.3      0.0     75.7
     1     1    14     9    10    17     0     1   -66.0   54.392   -1.216     66.6   1004.6    288.0      0.0     71.8
     1     1    14     9    10    16     0     2   -67.0   54.353   -1.026     68.3   1008.8    288.5      0.0     68.8
     1     1    14     9    10    15     0     3   -68.0   54.317   -0.840     74.0   1008.0    289.0      0.0     66.6
     1     1    14     9    10    14     0     2   -69.0   54.281   -0.667     77.9   1006.9    289.2      0.0     66.3
     1     1    14     9    10    13     0     1   -70.0   54.240   -0.515     76.5   1006.8    289.6      0.0     65.8
     1     1    14     9    10    12     0     0   -71.0   54.194   -0.386     69.4   1007.4    290.2      0.0     65.0
     1     1    14     9    10    11     0     1   -72.0   54.148   -0.270     60.3   1008.6    290.2      0.0     66.4
