     7     1
    GDAS    14     8    22     0     0
    GDAS    14     8    29     0     0
    GDAS    14     9     1     0     0
    GDAS    14     9     8     0     0
    GDAS    14     9    15     0     0
    GDAS    14     9    22     0     0
    GDAS    14     9    29     0     0
     1 BACKWARD OMEGA   
    14     9     1     5   56.467   -2.973   100.0
     4 PRESSURE AIR_TEMP RAINFALL RELHUMID
     1     1    14     9     1     5     0     1     0.0   56.467   -2.973    100.0    972.7    283.9      0.0     94.2
     1     1    14     9     1     4     0     2    -1.0   56.473   -3.251    153.4    964.6    283.8      0.0     94.8
     1     1    14     9     1     3     0     3    -2.0   56.453   -3.599    207.0    954.7    283.6      0.0     95.3
     1     1    14     9     1     2     0     2    -3.0   56.406   -3.984    238.8    949.5    283.5      0.2     95.5
     1     1    14     9     1     1     0     1    -4.0   56.345   -4.371    242.7    952.4    283.8      0.2     95.9
     1     1    14     9     1     0     0     0    -5.0   56.291   -4.760    215.8    956.7    284.3      0.9     97.1
     1     1    14     8    31    23     0     1    -6.0   56.227   -5.110    151.4    967.5    284.6      0.8     97.6
     1     1    14     8    31    22     0     2    -7.0   56.131   -5.370     83.8    987.2    285.4      0.8     97.3
     1     1    14     8    31    21     0     3    -8.0   56.008   -5.583     41.8    999.0    286.1      0.2     97.1
     1     1    14     8    31    20     0     2    -9.0   55.865   -5.747     22.1   1003.4    286.4      0.4     94.5
     1     1    14     8    31    19     0     1   -10.0   55.696   -5.815     23.1   1003.0    286.5      0.3     92.2
     1     1    14     8    31    18     0     0   -11.0   55.480   -5.787     42.4    999.9    286.4      0.2     89.7
     1     1    14     8    31    17     0     1   -12.0   55.215   -5.743     81.7    994.6    287.0      0.0     84.7
     1     1    14     8    31    16     0     2   -13.0   54.926   -5.749    132.4    988.8    287.3      0.0     81.2
     1     1    14     8    31    15     0     3   -14.0   54.640   -5.780    166.5    983.9    287.4      0.0     78.0
     1     1    14     8    31    14     0     2   -15.0   54.391   -5.815    166.3    986.1    287.1      0.0     77.4
     1     1    14     8    31    13     0     1   -16.0   54.191   -5.863    145.3    990.9    287.0      0.0     76.6
     1     1    14     8    31    12     0     0   -17.0   54.034   -5.926    118.0    995.6    287.0      0.0     75.7
     1     1    14     8    31    11     0     1   -18.0   53.913   -6.008     90.7    998.0    286.7      0.0     78.6
     1     1    14     8    31    10     0     2   -19.0   53.821   -6.107     67.8   1000.8    286.3      0.0     82.1
     1     1    14     8    31     9     0     3   -20.0   53.754   -6.221     53.7   1001.8    285.7      0.0     85.9
     1     1    14     8    31     8     0     2   -21.0   53.705   -6.346     48.6   1001.5    284.9      0.0     88.7
     1     1    14     8    31     7     0     1   -22.0   53.666   -6.484     51.8   1000.1    283.7      0.0     91.9
     1     1    14     8    31     6     0     0   -23.0   53.634   -6.633     61.2    998.0    282.5      0.0     95.4
     1     1    14     8    31     5     0     1   -24.0   53.610   -6.790     75.5    995.0    282.4      0.0     95.2
     1     1    14     8    31     4     0     2   -25.0   53.597   -6.952     94.8    991.7    282.3      0.0     95.2
     1     1    14     8    31     3     0     3   -26.0   53.601   -7.126    116.0    988.7    282.6      0.0     94.7
     1     1    14     8    31     2     0     2   -27.0   53.619   -7.330    130.2    986.9    283.1      0.0     94.0
     1     1    14     8    31     1     0     1   -28.0   53.645   -7.574    133.4    986.8    283.4      0.0     93.6
     1     1    14     8    31     0     0     0   -29.0   53.676   -7.851    129.0    987.6    283.5      0.0     93.4
     1     1    14     8    30    23     0     1   -30.0   53.707   -8.132    120.1    989.6    284.0      0.0     91.5
     1     1    14     8    30    22     0     2   -31.0   53.736   -8.393    111.0    992.8    284.5      0.0     89.3
     1     1    14     8    30    21     0     3   -32.0   53.770   -8.640    104.2    995.5    284.9      0.0     86.9
     1     1    14     8    30    20     0     2   -33.0   53.815   -8.880     98.3    997.4    285.7      0.1     83.4
     1     1    14     8    30    19     0     1   -34.0   53.875   -9.123     90.2    999.3    286.5      0.1     80.2
     1     1    14     8    30    18     0     0   -35.0   53.957   -9.372     76.5   1001.5    287.3      0.2     77.6
     1     1    14     8    30    17     0     1   -36.0   54.051   -9.655     58.2   1005.3    287.4      0.0     76.3
     1     1    14     8    30    16     0     2   -37.0   54.147  -10.004     38.6   1009.0    287.5      0.0     75.8
     1     1    14     8    30    15     0     3   -38.0   54.249  -10.412     25.7   1012.9    287.9      0.0     74.9
     1     1    14     8    30    14     0     2   -39.0   54.357  -10.854     22.2   1014.4    288.0      0.0     74.6
     1     1    14     8    30    13     0     1   -40.0   54.468  -11.309     24.1   1013.5    288.1      0.0     74.9
     1     1    14     8    30    12     0     0   -41.0   54.586  -11.770     26.2   1012.2    288.0      0.0     75.3
     1     1    14     8    30    11     0     1   -42.0   54.705  -12.234     26.8   1011.8    288.0      0.0     74.6
     1     1    14     8    30    10     0     2   -43.0   54.819  -12.705     26.8   1011.7    288.0      0.0     74.1
     1     1    14     8    30     9     0     3   -44.0   54.934  -13.183     26.8   1010.9    288.1      0.0     73.8
     1     1    14     8    30     8     0     2   -45.0   55.057  -13.656     27.3   1010.9    288.0      0.1     74.3
     1     1    14     8    30     7     0     1   -46.0   55.192  -14.118     28.7   1010.5    287.9      0.1     73.7
     1     1    14     8    30     6     0     0   -47.0   55.343  -14.574     30.7   1009.7    287.7      0.0     73.0
     1     1    14     8    30     5     0     1   -48.0   55.502  -15.049     32.4   1008.4    287.5      0.0     71.4
     1     1    14     8    30     4     0     2   -49.0   55.657  -15.565     33.2   1007.8    287.3      0.0     70.3
     1     1    14     8    30     3     0     3   -50.0   55.805  -16.124     33.4   1007.0    287.2      0.0     69.0
     1     1    14     8    30     2     0     2   -51.0   55.951  -16.698     33.9   1007.0    287.2      0.1     68.7
     1     1    14     8    30     1     0     1   -52.0   56.099  -17.262     35.6   1006.9    287.1      0.1     68.2
     1     1    14     8    30     0     0     0   -53.0   56.250  -17.817     38.6   1006.3    287.0      0.1     68.0
     1     1    14     8    29    23     0     1   -54.0   56.414  -18.380     42.4   1005.5    286.9      0.1     68.3
     1     1    14     8    29    22     0     2   -55.0   56.593  -18.959     47.3   1004.8    286.8      0.0     67.6
     1     1    14     8    29    21     0     3   -56.0   56.785  -19.547     52.1   1004.2    286.8      0.0     66.8
     1     1    14     8    29    20     0     2   -57.0   56.984  -20.148     56.3   1003.2    286.6      0.0     67.3
     1     1    14     8    29    19     0     1   -58.0   57.185  -20.771     62.9   1001.4    286.4      0.0     66.9
     1     1    14     8    29    18     0     0   -59.0   57.387  -21.417     73.9    998.9    286.1      0.0     66.0
     1     1    14     8    29    17     0     1   -60.0   57.579  -22.072     85.1    996.5    285.8      0.0     65.9
     1     1    14     8    29    16     0     2   -61.0   57.744  -22.722     92.0    995.0    285.5      0.0     65.7
     1     1    14     8    29    15     0     3   -62.0   57.869  -23.373     93.9    994.3    285.4      0.0     64.8
     1     1    14     8    29    14     0     2   -63.0   57.966  -24.037     93.0    993.9    285.3      0.0     65.3
     1     1    14     8    29    13     0     1   -64.0   58.054  -24.711     93.4    993.4    285.2      0.0     65.2
     1     1    14     8    29    12     0     0   -65.0   58.133  -25.376     96.5    992.4    285.1      0.0     63.8
     1     1    14     8    29    11     0     1   -66.0   58.196  -26.037    102.3    991.3    284.9      0.0     63.9
     1     1    14     8    29    10     0     2   -67.0   58.234  -26.709    111.1    989.8    284.8      0.0     64.7
     1     1    14     8    29     9     0     3   -68.0   58.245  -27.403    119.5    988.1    284.7      0.0     64.9
     1     1    14     8    29     8     0     2   -69.0   58.227  -28.115    125.4    986.6    284.6      0.0     65.3
     1     1    14     8    29     7     0     1   -70.0   58.184  -28.840    131.0    985.0    284.4      0.0     64.6
     1     1    14     8    29     6     0     0   -71.0   58.114  -29.584    137.3    983.5    284.4      0.0     64.5
     1     1    14     8    29     5     0     1   -72.0   58.020  -30.358    148.3    981.9    284.1      0.0     65.3
