     7     1
    GDAS    14     8    22     0     0
    GDAS    14     8    29     0     0
    GDAS    14     9     1     0     0
    GDAS    14     9     8     0     0
    GDAS    14     9    15     0     0
    GDAS    14     9    22     0     0
    GDAS    14     9    29     0     0
     1 BACKWARD OMEGA   
    14     9     1     4   56.467   -2.973   100.0
     4 PRESSURE AIR_TEMP RAINFALL RELHUMID
     1     1    14     9     1     4     0     2     0.0   56.467   -2.973    100.0    972.2    284.0      0.0     95.3
     1     1    14     9     1     3     0     3    -1.0   56.437   -3.271    154.9    965.1    284.0      0.0     95.9
     1     1    14     9     1     2     0     2    -2.0   56.378   -3.619    205.5    957.5    283.9      0.2     95.1
     1     1    14     9     1     1     0     1    -3.0   56.292   -3.985    232.0    955.5    284.1      0.2     95.3
     1     1    14     9     1     0     0     0    -4.0   56.198   -4.356    226.4    959.7    284.6      0.3     96.2
     1     1    14     8    31    23     0     1    -5.0   56.099   -4.700    179.3    966.2    284.5      0.8     97.0
     1     1    14     8    31    22     0     2    -6.0   55.968   -4.941     93.3    979.0    284.9      0.8     98.1
     1     1    14     8    31    21     0     3    -7.0   55.820   -5.053     47.3    994.5    285.4      0.8     96.8
     1     1    14     8    31    20     0     2    -8.0   55.647   -5.106     23.7    997.9    285.9      0.0     93.4
     1     1    14     8    31    19     0     1    -9.0   55.459   -5.124     18.5   1000.3    286.2      0.0     89.6
     1     1    14     8    31    18     0     0   -10.0   55.235   -5.106     25.2   1001.8    286.4      0.0     85.1
     1     1    14     8    31    17     0     1   -11.0   54.967   -5.078     47.1   1002.6    287.1      0.0     81.4
     1     1    14     8    31    16     0     2   -12.0   54.679   -5.078     75.4   1000.4    287.2      0.0     79.3
     1     1    14     8    31    15     0     3   -13.0   54.398   -5.107     95.4   1000.2    287.2      0.0     76.1
     1     1    14     8    31    14     0     2   -14.0   54.145   -5.163    108.7   1001.0    286.9      0.0     76.9
     1     1    14     8    31    13     0     1   -15.0   53.936   -5.247    118.6   1000.8    286.6      0.0     78.2
     1     1    14     8    31    12     0     0   -16.0   53.770   -5.347    124.7    999.6    286.4      0.0     79.0
     1     1    14     8    31    11     0     1   -17.0   53.645   -5.460    124.9    998.2    286.1      0.0     81.0
     1     1    14     8    31    10     0     2   -18.0   53.563   -5.591    117.8    997.8    285.7      0.0     83.0
     1     1    14     8    31     9     0     3   -19.0   53.518   -5.739    106.5    997.8    285.2      0.0     85.3
     1     1    14     8    31     8     0     2   -20.0   53.498   -5.900     95.6    997.7    284.7      0.0     87.5
     1     1    14     8    31     7     0     1   -21.0   53.491   -6.073     92.0    997.1    284.0      0.0     90.5
     1     1    14     8    31     6     0     0   -22.0   53.491   -6.261    100.4    995.1    283.1      0.0     93.5
     1     1    14     8    31     5     0     1   -23.0   53.497   -6.457    116.4    991.7    282.9      0.0     93.4
     1     1    14     8    31     4     0     2   -24.0   53.510   -6.656    134.5    988.8    282.8      0.0     93.8
     1     1    14     8    31     3     0     3   -25.0   53.535   -6.861    155.5    985.2    282.8      0.0     94.2
     1     1    14     8    31     2     0     2   -26.0   53.576   -7.095    173.6    981.5    283.0      0.0     93.8
     1     1    14     8    31     1     0     1   -27.0   53.625   -7.375    182.3    980.5    283.4      0.0     92.9
     1     1    14     8    31     0     0     0   -28.0   53.679   -7.694    183.1    980.8    283.6      0.0     92.4
     1     1    14     8    30    23     0     1   -29.0   53.730   -8.020    177.7    981.6    284.0      0.0     90.6
     1     1    14     8    30    22     0     2   -30.0   53.777   -8.321    170.4    985.4    284.5      0.0     88.7
     1     1    14     8    30    21     0     3   -31.0   53.827   -8.602    165.0    988.2    285.0      0.0     86.4
     1     1    14     8    30    20     0     2   -32.0   53.886   -8.872    159.2    990.4    285.6      0.1     83.8
     1     1    14     8    30    19     0     1   -33.0   53.961   -9.137    148.1    992.6    286.3      0.1     81.0
     1     1    14     8    30    18     0     0   -34.0   54.055   -9.409    127.5    995.9    286.8      0.2     78.3
     1     1    14     8    30    17     0     1   -35.0   54.160   -9.723    101.0   1000.5    287.0      0.0     76.7
     1     1    14     8    30    16     0     2   -36.0   54.266  -10.101     74.3   1005.5    287.2      0.0     75.7
     1     1    14     8    30    15     0     3   -37.0   54.377  -10.533     58.0   1009.9    287.6      0.0     74.3
     1     1    14     8    30    14     0     2   -38.0   54.494  -10.995     56.1   1011.1    287.7      0.0     73.9
     1     1    14     8    30    13     0     1   -39.0   54.615  -11.465     60.9   1009.0    287.6      0.0     74.7
     1     1    14     8    30    12     0     0   -40.0   54.742  -11.937     63.3   1007.8    287.5      0.0     75.1
     1     1    14     8    30    11     0     1   -41.0   54.871  -12.411     63.7   1007.8    287.5      0.0     74.7
     1     1    14     8    30    10     0     2   -42.0   54.992  -12.894     63.9   1007.6    287.4      0.0     74.4
     1     1    14     8    30     9     0     3   -43.0   55.113  -13.387     64.0   1006.8    287.5      0.0     74.3
     1     1    14     8    30     8     0     2   -44.0   55.244  -13.874     65.2   1006.6    287.4      0.1     74.3
     1     1    14     8    30     7     0     1   -45.0   55.389  -14.349     68.0   1005.7    287.2      0.1     73.8
     1     1    14     8    30     6     0     0   -46.0   55.553  -14.814     71.9   1004.5    287.1      0.0     73.0
     1     1    14     8    30     5     0     1   -47.0   55.726  -15.300     75.3   1003.2    286.8      0.0     71.8
     1     1    14     8    30     4     0     2   -48.0   55.894  -15.833     76.7   1002.5    286.6      0.0     70.7
     1     1    14     8    30     3     0     3   -49.0   56.055  -16.415     76.8   1001.8    286.4      0.0     69.7
     1     1    14     8    30     2     0     2   -50.0   56.213  -17.015     77.8   1001.7    286.5      0.1     69.2
     1     1    14     8    30     1     0     1   -51.0   56.371  -17.609     81.1   1001.0    286.3      0.1     69.0
     1     1    14     8    30     0     0     0   -52.0   56.531  -18.199     86.4   1000.1    286.2      0.1     68.1
     1     1    14     8    29    23     0     1   -53.0   56.701  -18.794     93.5    999.1    286.1      0.0     68.2
     1     1    14     8    29    22     0     2   -54.0   56.881  -19.395    101.6    997.9    286.1      0.0     67.5
     1     1    14     8    29    21     0     3   -55.0   57.071  -19.993    107.9    997.0    286.0      0.0     66.7
     1     1    14     8    29    20     0     2   -56.0   57.266  -20.598    114.6    995.7    285.9      0.0     67.4
     1     1    14     8    29    19     0     1   -57.0   57.458  -21.227    126.1    993.5    285.6      0.0     67.0
     1     1    14     8    29    18     0     0   -58.0   57.646  -21.874    141.1    991.2    285.4      0.0     65.9
     1     1    14     8    29    17     0     1   -59.0   57.817  -22.527    155.0    988.3    285.0      0.0     66.3
     1     1    14     8    29    16     0     2   -60.0   57.953  -23.173    162.3    986.6    284.7      0.0     65.9
     1     1    14     8    29    15     0     3   -61.0   58.047  -23.827    161.9    986.1    284.6      0.0     65.0
     1     1    14     8    29    14     0     2   -62.0   58.112  -24.498    159.9    986.4    284.6      0.0     65.7
     1     1    14     8    29    13     0     1   -63.0   58.167  -25.173    162.8    985.5    284.5      0.0     65.0
     1     1    14     8    29    12     0     0   -64.0   58.208  -25.834    170.7    983.9    284.3      0.0     63.7
     1     1    14     8    29    11     0     1   -65.0   58.231  -26.496    182.8    981.9    284.1      0.0     64.7
     1     1    14     8    29    10     0     2   -66.0   58.230  -27.179    196.5    979.5    283.9      0.0     65.2
     1     1    14     8    29     9     0     3   -67.0   58.197  -27.891    205.3    977.7    283.9      0.0     65.5
     1     1    14     8    29     8     0     2   -68.0   58.131  -28.626    212.5    976.7    283.7      0.0     65.6
     1     1    14     8    29     7     0     1   -69.0   58.039  -29.380    222.4    974.4    283.5      0.0     65.7
     1     1    14     8    29     6     0     0   -70.0   57.918  -30.159    238.5    972.2    283.4      0.0     66.1
     1     1    14     8    29     5     0     1   -71.0   57.782  -30.955    261.5    969.3    282.9      0.0     66.9
     1     1    14     8    29     4     0     2   -72.0   57.634  -31.772    278.8    966.6    282.6      0.0     67.1
