     7     1
    GDAS    14     8    22     0     0
    GDAS    14     8    29     0     0
    GDAS    14     9     1     0     0
    GDAS    14     9     8     0     0
    GDAS    14     9    15     0     0
    GDAS    14     9    22     0     0
    GDAS    14     9    29     0     0
     1 BACKWARD OMEGA   
    14     9     5    18   56.467   -2.973   100.0
     4 PRESSURE AIR_TEMP RAINFALL RELHUMID
     1     1    14     9     5    18     0     0     0.0   56.467   -2.973    100.0    974.6    284.4      0.3     96.8
     1     1    14     9     5    17     0     1    -1.0   56.523   -2.853     73.9    980.3    285.0      0.3     95.2
     1     1    14     9     5    16     0     2    -2.0   56.588   -2.772     55.8    983.1    285.5      0.3     94.4
     1     1    14     9     5    15     0     3    -3.0   56.659   -2.720     42.2    984.0    285.8      0.3     94.3
     1     1    14     9     5    14     0     2    -4.0   56.731   -2.683     31.4    984.4    286.0      0.4     94.0
     1     1    14     9     5    13     0     1    -5.0   56.797   -2.653     23.1    984.8    286.2      0.3     94.0
     1     1    14     9     5    12     0     0    -6.0   56.854   -2.629     17.2    984.9    286.3      0.3     94.1
     1     1    14     9     5    11     0     1    -7.0   56.903   -2.617     13.8    985.1    286.5      0.2     93.3
     1     1    14     9     5    10     0     2    -8.0   56.946   -2.626     12.6    984.1    286.6      0.2     92.1
     1     1    14     9     5     9     0     3    -9.0   56.985   -2.659     13.0    981.7    286.8      0.1     90.8
     1     1    14     9     5     8     0     2   -10.0   57.016   -2.711     14.6    979.1    286.0      0.0     92.6
     1     1    14     9     5     7     0     1   -11.0   57.037   -2.774     17.2    976.6    285.1      0.0     94.4
     1     1    14     9     5     6     0     0   -12.0   57.047   -2.847     21.7    973.1    284.2      0.0     96.5
     1     1    14     9     5     5     0     1   -13.0   57.047   -2.935     29.4    968.3    284.0      0.0     96.9
     1     1    14     9     5     4     0     2   -14.0   57.038   -3.041     41.7    963.2    283.9      0.0     97.6
     1     1    14     9     5     3     0     3   -15.0   57.017   -3.167     60.5    959.0    284.0      0.0     98.1
     1     1    14     9     5     2     0     2   -16.0   56.980   -3.303     86.7    953.6    284.2      0.0     98.1
     1     1    14     9     5     1     0     1   -17.0   56.925   -3.442    117.1    950.4    284.6      0.0     97.2
     1     1    14     9     5     0     0     0   -18.0   56.854   -3.584    147.5    947.9    285.1      0.0     96.0
     1     1    14     9     4    23     0     1   -19.0   56.770   -3.722    175.3    946.4    285.6      0.0     93.7
     1     1    14     9     4    22     0     2   -20.0   56.678   -3.851    200.3    946.4    286.1      0.0     91.1
     1     1    14     9     4    21     0     3   -21.0   56.579   -3.971    222.5    947.6    286.7      0.0     88.3
     1     1    14     9     4    20     0     2   -22.0   56.479   -4.098    235.5    950.9    287.3      0.0     85.7
     1     1    14     9     4    19     0     1   -23.0   56.382   -4.241    232.8    956.3    287.9      0.0     83.3
     1     1    14     9     4    18     0     0   -24.0   56.283   -4.391    216.1    962.5    288.5      0.0     80.7
     1     1    14     9     4    17     0     1   -25.0   56.177   -4.533    187.3    969.6    289.0      0.0     79.2
     1     1    14     9     4    16     0     2   -26.0   56.063   -4.653    148.1    978.1    289.7      0.0     77.6
     1     1    14     9     4    15     0     3   -27.0   55.941   -4.752    106.3    985.6    290.4      0.0     75.9
     1     1    14     9     4    14     0     2   -28.0   55.819   -4.810     77.9    992.1    290.5      0.0     78.6
     1     1    14     9     4    13     0     1   -29.0   55.704   -4.818     64.5    995.3    290.3      0.0     81.9
     1     1    14     9     4    12     0     0   -30.0   55.594   -4.786     59.0    997.5    290.0      0.0     84.9
     1     1    14     9     4    11     0     1   -31.0   55.486   -4.730     55.4    998.5    289.4      0.0     86.7
     1     1    14     9     4    10     0     2   -32.0   55.378   -4.661     49.5    999.9    288.9      0.0     88.7
     1     1    14     9     4     9     0     3   -33.0   55.266   -4.580     39.2   1001.6    288.6      0.0     91.0
     1     1    14     9     4     8     0     2   -34.0   55.158   -4.494     25.0   1003.8    288.3      0.0     91.7
     1     1    14     9     4     7     0     1   -35.0   55.066   -4.410     13.2   1006.5    287.7      0.0     93.2
     1     1    14     9     4     6     0     0   -36.0   54.992   -4.329      2.3   1006.4    286.9      0.0     94.9
     1     1    14     9     4     5     0     1   -37.0   54.928   -4.241      0.0   1006.8    286.9      0.0     92.6
     1     1    14     9     4     4     0     2   -38.0   54.864   -4.137      0.0   1007.2    286.9      0.0     90.8
     1     1    14     9     4     3     0     3   -39.0   54.800   -4.011      0.0   1007.6    286.8      0.0     89.5
     1     1    14     9     4     2     0     2   -40.0   54.737   -3.872      0.0   1008.5    286.5      0.0     86.5
     1     1    14     9     4     1     0     1   -41.0   54.675   -3.730      0.0   1009.5    286.4      0.0     83.8
     1     1    14     9     4     0     0     0   -42.0   54.616   -3.586      0.0   1010.3    286.4      0.0     81.7
     1     1    14     9     3    23     0     1   -43.0   54.559   -3.440      0.0   1011.5    286.6      0.0     79.2
     1     1    14     9     3    22     0     2   -44.0   54.503   -3.292      0.0   1012.9    286.9      0.0     77.4
     1     1    14     9     3    21     0     3   -45.0   54.448   -3.142      1.0   1014.7    287.1      0.0     76.2
     1     1    14     9     3    20     0     2   -46.0   54.393   -3.001      2.8   1015.7    287.9      0.0     74.3
     1     1    14     9     3    19     0     1   -47.0   54.332   -2.880      3.8   1013.5    288.5      0.0     72.9
     1     1    14     9     3    18     0     0   -48.0   54.266   -2.777      3.5   1011.6    289.0      0.0     71.5
     1     1    14     9     3    17     0     1   -49.0   54.194   -2.683      2.1   1008.7    289.3      0.0     70.1
     1     1    14     9     3    16     0     2   -50.0   54.120   -2.582      0.0   1005.6    289.6      0.0     68.7
     1     1    14     9     3    15     0     3   -51.0   54.044   -2.471      0.0   1002.2    289.9      0.0     67.4
     1     1    14     9     3    14     0     2   -52.0   53.966   -2.355      0.0    999.7    290.3      0.0     68.0
     1     1    14     9     3    13     0     1   -53.0   53.889   -2.241      0.0    997.3    290.8      0.0     68.7
     1     1    14     9     3    12     0     0   -54.0   53.814   -2.130      0.0    995.1    291.2      0.0     69.6
     1     1    14     9     3    11     0     1   -55.0   53.748   -2.022      0.0    993.2    290.5      0.0     75.2
     1     1    14     9     3    10     0     2   -56.0   53.696   -1.918      0.0    995.4    289.7      0.0     80.1
     1     1    14     9     3     9     0     3   -57.0   53.655   -1.820      0.0    998.4    288.9      0.0     84.4
     1     1    14     9     3     8     0     2   -58.0   53.618   -1.730      0.0   1000.9    287.8      0.0     86.1
     1     1    14     9     3     7     0     1   -59.0   53.581   -1.651      0.2   1002.9    286.7      0.0     87.9
     1     1    14     9     3     6     0     0   -60.0   53.541   -1.583      0.5   1004.7    285.6      0.0     89.8
     1     1    14     9     3     5     0     1   -61.0   53.503   -1.517      0.8   1006.2    285.4      0.0     89.0
     1     1    14     9     3     4     0     2   -62.0   53.470   -1.449      1.1   1007.6    285.1      0.0     88.3
     1     1    14     9     3     3     0     3   -63.0   53.443   -1.378      1.3   1008.7    284.8      0.0     87.8
     1     1    14     9     3     2     0     2   -64.0   53.419   -1.299      1.6   1010.8    285.1      0.0     86.7
     1     1    14     9     3     1     0     1   -65.0   53.395   -1.205      2.1   1013.2    285.3      0.0     85.5
     1     1    14     9     3     0     0     0   -66.0   53.374   -1.096      2.7   1016.1    285.6      0.0     84.2
     1     1    14     9     2    23     0     1   -67.0   53.354   -0.977      3.2   1017.2    286.1      0.0     80.7
     1     1    14     9     2    22     0     2   -68.0   53.333   -0.850      3.5   1016.4    286.5      0.0     76.7
     1     1    14     9     2    21     0     3   -69.0   53.312   -0.717      3.5   1015.6    287.0      0.0     72.5
     1     1    14     9     2    20     0     2   -70.0   53.292   -0.586      3.6   1015.5    287.8      0.0     69.3
     1     1    14     9     2    19     0     1   -71.0   53.277   -0.461      3.7   1015.5    288.6      0.0     66.0
     1     1    14     9     2    18     0     0   -72.0   53.266   -0.345      3.9   1015.5    289.4      0.0     62.7
