     7     1
    GDAS    14     8    22     0     0
    GDAS    14     8    29     0     0
    GDAS    14     9     1     0     0
    GDAS    14     9     8     0     0
    GDAS    14     9    15     0     0
    GDAS    14     9    22     0     0
    GDAS    14     9    29     0     0
     1 BACKWARD OMEGA   
    14     9    16    21   56.467   -2.973   100.0
     4 PRESSURE AIR_TEMP RAINFALL RELHUMID
     1     1    14     9    16    21     0     3     0.0   56.467   -2.973    100.0    975.4    284.1      0.0     95.3
     1     1    14     9    16    20     0     2    -1.0   56.433   -2.854     97.5    979.7    284.8      0.0     93.7
     1     1    14     9    16    19     0     1    -2.0   56.405   -2.728     94.2    984.1    285.4      0.0     92.1
     1     1    14     9    16    18     0     0    -3.0   56.380   -2.594     90.4    988.5    285.9      0.0     90.5
     1     1    14     9    16    17     0     1    -4.0   56.352   -2.452     86.3    993.0    286.4      0.0     89.1
     1     1    14     9    16    16     0     2    -5.0   56.314   -2.305     82.4    997.5    286.7      0.0     88.1
     1     1    14     9    16    15     0     3    -6.0   56.264   -2.158     79.4   1001.5    286.9      0.0     87.7
     1     1    14     9    16    14     0     2    -7.0   56.207   -2.020     77.7   1004.7    286.8      0.0     88.7
     1     1    14     9    16    13     0     1    -8.0   56.148   -1.901     77.5   1005.3    286.8      0.0     89.8
     1     1    14     9    16    12     0     0    -9.0   56.087   -1.800     77.9   1005.4    286.8      0.0     90.7
     1     1    14     9    16    11     0     1   -10.0   56.024   -1.703     79.3   1005.7    286.7      0.0     91.9
     1     1    14     9    16    10     0     2   -11.0   55.964   -1.600     82.4   1005.2    286.6      0.0     93.0
     1     1    14     9    16     9     0     3   -12.0   55.906   -1.493     86.5   1004.5    286.5      0.0     94.0
     1     1    14     9    16     8     0     2   -13.0   55.851   -1.384     89.0   1004.0    286.5      0.0     94.8
     1     1    14     9    16     7     0     1   -14.0   55.798   -1.278     88.2   1004.4    286.5      0.0     95.5
     1     1    14     9    16     6     0     0   -15.0   55.744   -1.172     84.8   1005.4    286.6      0.0     96.0
     1     1    14     9    16     5     0     1   -16.0   55.689   -1.076     81.2   1007.0    286.8      0.0     95.0
     1     1    14     9    16     4     0     2   -17.0   55.630   -0.998     80.0   1008.2    286.9      0.0     93.8
     1     1    14     9    16     3     0     3   -18.0   55.568   -0.938     81.3   1008.1    287.0      0.0     92.6
     1     1    14     9    16     2     0     2   -19.0   55.506   -0.877     84.6   1007.6    287.0      0.0     92.8
     1     1    14     9    16     1     0     1   -20.0   55.449   -0.800     89.2   1007.0    287.0      0.0     93.1
     1     1    14     9    16     0     0     0   -21.0   55.394   -0.704     95.3   1006.4    287.0      0.0     93.4
     1     1    14     9    15    23     0     1   -22.0   55.340   -0.598    103.3   1005.5    287.1      0.0     93.3
     1     1    14     9    15    22     0     2   -23.0   55.287   -0.494    113.2   1004.4    287.1      0.0     93.4
     1     1    14     9    15    21     0     3   -24.0   55.233   -0.392    125.6   1003.1    287.2      0.0     93.5
     1     1    14     9    15    20     0     2   -25.0   55.192   -0.275    138.0   1001.3    287.1      0.0     94.1
     1     1    14     9    15    19     0     1   -26.0   55.174   -0.125    146.4    999.9    287.0      0.0     94.6
     1     1    14     9    15    18     0     0   -27.0   55.122    0.084    151.5    999.2    288.0      0.0     87.9
     1     1    14     9    15    17     0     1   -28.0   55.032    0.300    153.3    998.8    288.3      0.0     84.6
     1     1    14     9    15    16     0     2   -29.0   54.949    0.475    149.9    999.3    288.7      0.0     81.1
     1     1    14     9    15    15     0     3   -30.0   54.866    0.621    141.9   1000.4    289.1      0.0     78.3
     1     1    14     9    15    14     0     2   -31.0   54.794    0.775    133.6   1002.1    288.9      0.0     80.5
     1     1    14     9    15    13     0     1   -32.0   54.742    0.971    128.3   1003.1    288.8      0.0     82.3
     1     1    14     9    15    12     0     0   -33.0   54.706    1.202    125.2   1003.7    288.8      0.0     83.7
     1     1    14     9    15    11     0     1   -34.0   54.680    1.450    122.4   1003.7    288.9      0.0     82.3
     1     1    14     9    15    10     0     2   -35.0   54.651    1.709    117.5   1004.0    289.0      0.1     79.9
     1     1    14     9    15     9     0     3   -36.0   54.610    1.989    108.1   1004.6    289.2      0.0     76.5
     1     1    14     9    15     8     0     2   -37.0   54.569    2.285     98.1   1006.6    289.1      0.0     79.9
     1     1    14     9    15     7     0     1   -38.0   54.542    2.590     91.8   1007.8    289.1      0.0     82.9
     1     1    14     9    15     6     0     0   -39.0   54.514    2.903     89.4   1008.5    289.1      0.0     85.6
     1     1    14     9    15     5     0     1   -40.0   54.492    3.236     87.4   1008.0    289.2      0.0     84.6
     1     1    14     9    15     4     0     2   -41.0   54.482    3.600     83.2   1008.3    289.4      0.3     82.9
     1     1    14     9    15     3     0     3   -42.0   54.450    3.988     78.9   1008.5    289.7      0.3     79.9
     1     1    14     9    15     2     0     2   -43.0   54.406    4.383     73.9   1009.7    289.8      0.0     81.4
     1     1    14     9    15     1     0     1   -44.0   54.377    4.774     68.2   1011.1    289.9      0.0     82.6
     1     1    14     9    15     0     0     0   -45.0   54.355    5.152     62.6   1012.0    290.0      0.0     83.8
     1     1    14     9    14    23     0     1   -46.0   54.336    5.536     55.8   1013.1    290.1      1.1     81.2
     1     1    14     9    14    22     0     2   -47.0   54.301    5.944     47.5   1014.3    290.3      1.0     77.5
     1     1    14     9    14    21     0     3   -48.0   54.234    6.370     39.7   1015.4    290.3      1.0     76.3
     1     1    14     9    14    20     0     2   -49.0   54.172    6.798     34.1   1016.2    290.4      0.0     79.8
     1     1    14     9    14    19     0     1   -50.0   54.150    7.207     30.6   1016.8    290.5      0.0     81.9
     1     1    14     9    14    18     0     0   -51.0   54.161    7.604     28.4   1017.3    290.5      0.0     84.1
     1     1    14     9    14    17     0     1   -52.0   54.187    8.001     27.6   1016.8    290.5      0.0     86.5
     1     1    14     9    14    16     0     2   -53.0   54.220    8.360     27.9   1015.9    290.8      0.0     87.4
     1     1    14     9    14    15     0     3   -54.0   54.259    8.667     28.6   1014.9    291.4      0.0     86.9
     1     1    14     9    14    14     0     2   -55.0   54.300    8.931     29.6   1014.9    291.4      0.0     88.5
     1     1    14     9    14    13     0     1   -56.0   54.350    9.170     31.2   1015.1    291.0      0.0     90.4
     1     1    14     9    14    12     0     0   -57.0   54.412    9.402     33.2   1015.5    290.8      0.0     92.3
     1     1    14     9    14    11     0     1   -58.0   54.491    9.635     34.5   1015.3    290.4      0.2     92.9
     1     1    14     9    14    10     0     2   -59.0   54.591    9.878     34.3   1015.1    290.1      0.0     92.7
     1     1    14     9    14     9     0     3   -60.0   54.715   10.143     33.4   1015.0    290.0      0.0     91.7
     1     1    14     9    14     8     0     2   -61.0   54.853   10.429     33.0   1015.9    289.7      0.9     92.7
     1     1    14     9    14     7     0     1   -62.0   54.997   10.725     34.0   1016.7    289.4      1.4     93.9
     1     1    14     9    14     6     0     0   -63.0   55.146   11.032     36.6   1017.2    289.1      1.4     94.5
     1     1    14     9    14     5     0     1   -64.0   55.300   11.359     37.6   1017.5    289.0      1.0     94.5
     1     1    14     9    14     4     0     2   -65.0   55.457   11.709     35.0   1018.6    289.0      1.1     93.9
     1     1    14     9    14     3     0     3   -66.0   55.615   12.072     31.5   1019.6    289.0      0.5     93.1
     1     1    14     9    14     2     0     2   -67.0   55.770   12.432     33.2   1018.2    288.5      0.0     93.6
     1     1    14     9    14     1     0     1   -68.0   55.914   12.773     47.7   1014.6    287.5      0.2     94.7
     1     1    14     9    14     0     0     0   -69.0   56.058   13.126     84.0   1008.5    286.6      0.2     95.8
     1     1    14     9    13    23     0     1   -70.0   56.224   13.555    121.0    999.7    286.3      0.6     94.8
     1     1    14     9    13    22     0     2   -71.0   56.392   13.978    113.7    998.1    286.2      0.6     95.0
     1     1    14     9    13    21     0     3   -72.0   56.542   14.343    102.8   1001.4    286.5      0.0     94.3
