     7     1
    GDAS    14     8    22     0     0
    GDAS    14     8    29     0     0
    GDAS    14     9     1     0     0
    GDAS    14     9     8     0     0
    GDAS    14     9    15     0     0
    GDAS    14     9    22     0     0
    GDAS    14     9    29     0     0
     1 BACKWARD OMEGA   
    14     9    22    17   56.467   -2.973   100.0
     4 PRESSURE AIR_TEMP RAINFALL RELHUMID
     1     1    14     9    22    17     0     1     0.0   56.467   -2.973    100.0    977.7    286.3      0.0     75.9
     1     1    14     9    22    16     0     2    -1.0   56.405   -3.233    125.4    974.9    286.6      0.0     73.6
     1     1    14     9    22    15     0     3    -2.0   56.344   -3.513    146.3    973.4    286.8      0.0     71.5
     1     1    14     9    22    14     0     2    -3.0   56.280   -3.801    163.5    973.2    286.1      0.0     73.1
     1     1    14     9    22    13     0     1    -4.0   56.216   -4.091    174.7    974.5    285.7      0.0     74.5
     1     1    14     9    22    12     0     0    -5.0   56.154   -4.367    177.4    976.9    285.5      0.0     76.2
     1     1    14     9    22    11     0     1    -6.0   56.097   -4.613    171.2    979.2    285.0      0.0     79.5
     1     1    14     9    22    10     0     2    -7.0   56.044   -4.829    157.2    981.8    284.7      0.0     82.4
     1     1    14     9    22     9     0     3    -8.0   56.001   -5.025    136.8    985.4    284.4      0.0     84.4
     1     1    14     9    22     8     0     2    -9.0   55.957   -5.213    113.9    992.0    284.8      0.0     82.5
     1     1    14     9    22     7     0     1   -10.0   55.905   -5.400     92.0    998.2    285.0      0.0     81.6
     1     1    14     9    22     6     0     0   -11.0   55.849   -5.586     73.0   1004.1    284.9      0.0     81.2
     1     1    14     9    22     5     0     1   -12.0   55.794   -5.753     61.6   1009.2    285.0      0.0     79.8
     1     1    14     9    22     4     0     2   -13.0   55.740   -5.884     59.2   1011.2    285.0      0.0     78.5
     1     1    14     9    22     3     0     3   -14.0   55.690   -5.980     63.5   1011.7    285.1      0.0     77.3
     1     1    14     9    22     2     0     2   -15.0   55.639   -6.069     72.3   1010.4    285.1      0.0     76.9
     1     1    14     9    22     1     0     1   -16.0   55.584   -6.174     84.4   1008.7    285.2      0.0     76.7
     1     1    14     9    22     0     0     0   -17.0   55.522   -6.298    100.3   1006.5    285.4      0.0     76.5
     1     1    14     9    21    23     0     1   -18.0   55.457   -6.417    118.7   1003.7    285.5      0.0     75.4
     1     1    14     9    21    22     0     2   -19.0   55.395   -6.506    136.9   1001.1    285.8      0.0     74.2
     1     1    14     9    21    21     0     3   -20.0   55.334   -6.560    153.3    998.1    285.9      0.0     73.1
     1     1    14     9    21    20     0     2   -21.0   55.278   -6.584    164.6    995.6    286.1      0.0     72.2
     1     1    14     9    21    19     0     1   -22.0   55.231   -6.585    168.3    994.5    286.4      0.0     71.1
     1     1    14     9    21    18     0     0   -23.0   55.195   -6.559    163.9    994.7    286.8      0.0     70.0
     1     1    14     9    21    17     0     1   -24.0   55.166   -6.518    155.4    996.0    287.0      0.0     69.3
     1     1    14     9    21    16     0     2   -25.0   55.139   -6.475    146.0    997.0    287.1      0.0     68.5
     1     1    14     9    21    15     0     3   -26.0   55.116   -6.432    135.4    998.1    287.3      0.0     67.6
     1     1    14     9    21    14     0     2   -27.0   55.100   -6.388    126.0    999.5    287.2      0.0     69.3
     1     1    14     9    21    13     0     1   -28.0   55.091   -6.341    120.2   1000.3    287.0      0.0     71.1
     1     1    14     9    21    12     0     0   -29.0   55.091   -6.294    118.0   1001.0    286.8      0.0     73.0
     1     1    14     9    21    11     0     1   -30.0   55.102   -6.248    117.3   1001.1    286.1      0.0     76.9
     1     1    14     9    21    10     0     2   -31.0   55.132   -6.203    116.2   1001.6    285.5      0.0     80.5
     1     1    14     9    21     9     0     3   -32.0   55.179   -6.159    115.3   1002.2    285.0      0.0     83.7
     1     1    14     9    21     8     0     2   -33.0   55.242   -6.115    116.5   1002.5    284.7      0.0     84.1
     1     1    14     9    21     7     0     1   -34.0   55.322   -6.073    121.3   1002.4    284.3      0.0     84.4
     1     1    14     9    21     6     0     0   -35.0   55.419   -6.030    130.4   1002.0    284.0      0.0     84.5
     1     1    14     9    21     5     0     1   -36.0   55.531   -5.984    143.1   1000.9    284.0      0.0     83.7
     1     1    14     9    21     4     0     2   -37.0   55.656   -5.932    159.2    998.8    284.0      0.0     82.8
     1     1    14     9    21     3     0     3   -38.0   55.794   -5.871    181.0    995.7    283.9      0.0     81.9
     1     1    14     9    21     2     0     2   -39.0   55.946   -5.805    209.8    991.8    283.8      0.0     80.3
     1     1    14     9    21     1     0     1   -40.0   56.108   -5.748    245.6    985.6    283.5      0.0     80.2
     1     1    14     9    21     0     0     0   -41.0   56.275   -5.707    288.6    977.7    283.1      0.0     81.2
     1     1    14     9    20    23     0     1   -42.0   56.445   -5.683    339.9    968.4    282.6      0.0     82.4
     1     1    14     9    20    22     0     2   -43.0   56.618   -5.671    399.0    958.8    282.0      0.0     84.5
     1     1    14     9    20    21     0     3   -44.0   56.796   -5.671    462.3    948.7    281.4      0.0     86.9
     1     1    14     9    20    20     0     2   -45.0   56.982   -5.680    532.4    938.6    280.6      0.0     89.5
     1     1    14     9    20    19     0     1   -46.0   57.183   -5.703    603.5    932.5    280.1      0.0     91.5
     1     1    14     9    20    18     0     0   -47.0   57.398   -5.755    656.1    930.5    279.9      0.0     92.9
     1     1    14     9    20    17     0     1   -48.0   57.618   -5.853    677.3    933.3    280.2      0.0     92.9
     1     1    14     9    20    16     0     2   -49.0   57.838   -6.012    666.5    943.1    280.7      0.0     92.3
     1     1    14     9    20    15     0     3   -50.0   58.065   -6.239    641.6    947.1    281.0      0.0     91.1
     1     1    14     9    20    14     0     2   -51.0   58.302   -6.517    627.9    947.0    281.1      0.1     92.0
     1     1    14     9    20    13     0     1   -52.0   58.544   -6.827    632.3    945.3    280.9      0.0     93.0
     1     1    14     9    20    12     0     0   -53.0   58.791   -7.195    647.5    943.9    280.7      0.0     93.5
     1     1    14     9    20    11     0     1   -54.0   59.052   -7.630    656.3    942.6    280.7      0.0     92.7
     1     1    14     9    20    10     0     2   -55.0   59.328   -8.105    658.0    942.8    280.8      0.0     91.6
     1     1    14     9    20     9     0     3   -56.0   59.604   -8.606    666.8    941.9    280.8      0.0     91.0
     1     1    14     9    20     8     0     2   -57.0   59.867   -9.137    681.0    938.8    280.5      0.0     92.6
     1     1    14     9    20     7     0     1   -58.0   60.119   -9.682    696.9    936.7    280.3      0.0     93.6
     1     1    14     9    20     6     0     0   -59.0   60.363  -10.224    714.0    933.6    280.1      0.0     94.8
     1     1    14     9    20     5     0     1   -60.0   60.611  -10.764    726.2    931.5    280.1      0.0     94.5
     1     1    14     9    20     4     0     2   -61.0   60.874  -11.324    735.0    930.6    280.1      0.0     93.2
     1     1    14     9    20     3     0     3   -62.0   61.150  -11.905    742.8    929.1    280.0      0.0     91.7
     1     1    14     9    20     2     0     2   -63.0   61.424  -12.504    745.4    928.2    280.0      0.2     91.9
     1     1    14     9    20     1     0     1   -64.0   61.692  -13.137    743.3    928.4    280.2      0.0     89.1
     1     1    14     9    20     0     0     0   -65.0   61.961  -13.822    738.5    928.4    280.4      0.0     84.9
     1     1    14     9    19    23     0     1   -66.0   62.215  -14.520    726.7    929.1    280.6      0.0     83.9
     1     1    14     9    19    22     0     2   -67.0   62.441  -15.206    706.1    931.5    280.9      0.0     81.4
     1     1    14     9    19    21     0     3   -68.0   62.659  -15.918    689.5    934.5    281.5      0.0     76.5
     1     1    14     9    19    20     0     2   -69.0   62.876  -16.614    712.1    934.2    281.6      0.0     74.1
     1     1    14     9    19    19     0     1   -70.0   63.087  -17.230    782.0    920.2    280.9      0.0     74.5
     1     1    14     9    19    18     0     0   -71.0   63.296  -17.772    888.2    899.2    279.6      0.0     78.1
     1     1    14     9    19    17     0     1   -72.0   63.506  -18.270   1016.7    870.5    277.6      0.0     81.4
