     7     1
    GDAS    14     8    22     0     0
    GDAS    14     8    29     0     0
    GDAS    14     9     1     0     0
    GDAS    14     9     8     0     0
    GDAS    14     9    15     0     0
    GDAS    14     9    22     0     0
    GDAS    14     9    29     0     0
     1 BACKWARD OMEGA   
    14     9     9     1   56.467   -2.973   100.0
     4 PRESSURE AIR_TEMP RAINFALL RELHUMID
     1     1    14     9     9     1     0     1     0.0   56.467   -2.973    100.0    977.8    283.3      0.0     80.0
     1     1    14     9     9     0     0     0    -1.0   56.446   -3.033    109.2    976.8    283.6      0.0     79.1
     1     1    14     9     8    23     0     1    -2.0   56.428   -3.090    117.7    975.9    283.9      0.0     78.5
     1     1    14     9     8    22     0     2    -3.0   56.418   -3.154    124.1    975.0    284.2      0.0     78.1
     1     1    14     9     8    21     0     3    -4.0   56.418   -3.224    128.6    974.0    284.4      0.0     77.7
     1     1    14     9     8    20     0     2    -5.0   56.427   -3.296    132.7    972.8    284.5      0.0     77.3
     1     1    14     9     8    19     0     1    -6.0   56.443   -3.367    137.9    971.0    284.6      0.0     77.1
     1     1    14     9     8    18     0     0    -7.0   56.466   -3.437    143.9    968.5    284.7      0.0     77.0
     1     1    14     9     8    17     0     1    -8.0   56.506   -3.515    149.6    965.2    284.6      0.0     76.1
     1     1    14     9     8    16     0     2    -9.0   56.570   -3.611    155.2    960.7    284.3      0.0     75.4
     1     1    14     9     8    15     0     3   -10.0   56.658   -3.725    162.8    954.6    283.9      0.0     74.9
     1     1    14     9     8    14     0     2   -11.0   56.755   -3.858    169.1    946.9    282.9      0.0     77.0
     1     1    14     9     8    13     0     1   -12.0   56.843   -4.008    163.3    940.7    282.2      0.0     78.7
     1     1    14     9     8    12     0     0   -13.0   56.920   -4.170    146.1    942.2    282.0      0.0     79.3
     1     1    14     9     8    11     0     1   -14.0   56.991   -4.324    127.9    944.2    281.7      0.0     82.9
     1     1    14     9     8    10     0     2   -15.0   57.059   -4.459    116.2    949.3    281.6      0.0     86.3
     1     1    14     9     8     9     0     3   -16.0   57.122   -4.581    110.6    953.3    281.4      0.0     89.7
     1     1    14     9     8     8     0     2   -17.0   57.186   -4.695    105.7    956.8    281.4      0.0     92.1
     1     1    14     9     8     7     0     1   -18.0   57.253   -4.803     96.4    960.6    281.4      0.0     94.1
     1     1    14     9     8     6     0     0   -19.0   57.322   -4.902     80.7    964.9    281.4      0.0     96.2
     1     1    14     9     8     5     0     1   -20.0   57.389   -5.005     58.3    969.6    281.6      0.0     96.5
     1     1    14     9     8     4     0     2   -21.0   57.458   -5.120     36.6    977.7    282.3      0.0     95.3
     1     1    14     9     8     3     0     3   -22.0   57.539   -5.247     21.1    985.3    283.0      0.0     94.1
     1     1    14     9     8     2     0     2   -23.0   57.639   -5.382     11.3    992.6    283.5      0.0     92.3
     1     1    14     9     8     1     0     1   -24.0   57.760   -5.526      4.7    999.2    284.2      0.0     90.7
     1     1    14     9     8     0     0     0   -25.0   57.907   -5.686      0.0   1006.8    285.1      0.0     89.4
     1     1    14     9     7    23     0     1   -26.0   58.073   -5.861      0.0   1015.2    285.9      0.0     87.7
     1     1    14     9     7    22     0     2   -27.0   58.251   -6.046      0.0   1019.8    286.2      0.0     86.4
     1     1    14     9     7    21     0     3   -28.0   58.436   -6.235      0.0   1018.7    286.1      0.0     86.3
     1     1    14     9     7    20     0     2   -29.0   58.635   -6.430      0.0   1017.2    286.1      0.0     85.5
     1     1    14     9     7    19     0     1   -30.0   58.856   -6.642      0.0   1016.6    286.0      0.0     85.4
     1     1    14     9     7    18     0     0   -31.0   59.094   -6.871      0.4   1016.7    285.9      0.0     86.1
     1     1    14     9     7    17     0     1   -32.0   59.328   -7.123      0.8   1017.1    285.8      0.0     86.3
     1     1    14     9     7    16     0     2   -33.0   59.544   -7.402      1.0   1017.3    285.9      0.0     86.5
     1     1    14     9     7    15     0     3   -34.0   59.743   -7.703      1.0   1018.1    286.0      0.0     87.4
     1     1    14     9     7    14     0     2   -35.0   59.926   -7.994      1.0   1018.5    285.9      0.0     88.3
     1     1    14     9     7    13     0     1   -36.0   60.093   -8.252      1.0   1018.1    285.8      0.0     89.2
     1     1    14     9     7    12     0     0   -37.0   60.240   -8.483      0.8   1017.7    285.7      0.0     90.5
     1     1    14     9     7    11     0     1   -38.0   60.377   -8.696      0.6   1017.5    285.6      0.0     90.6
     1     1    14     9     7    10     0     2   -39.0   60.513   -8.896      0.7   1017.4    285.7      0.0     90.5
     1     1    14     9     7     9     0     3   -40.0   60.650   -9.081      1.1   1017.2    285.8      0.0     89.8
     1     1    14     9     7     8     0     2   -41.0   60.785   -9.258      1.5   1018.0    285.7      0.0     90.0
     1     1    14     9     7     7     0     1   -42.0   60.916   -9.436      1.7   1018.7    285.6      0.0     90.4
     1     1    14     9     7     6     0     0   -43.0   61.043   -9.616      1.8   1019.4    285.5      0.0     91.1
     1     1    14     9     7     5     0     1   -44.0   61.159   -9.815      1.9   1019.4    285.3      0.0     91.3
     1     1    14     9     7     4     0     2   -45.0   61.258  -10.046      2.1   1019.6    285.3      0.0     91.6
     1     1    14     9     7     3     0     3   -46.0   61.340  -10.299      2.4   1019.7    285.3      0.0     92.0
     1     1    14     9     7     2     0     2   -47.0   61.404  -10.561      2.5   1019.5    285.2      0.0     92.1
     1     1    14     9     7     1     0     1   -48.0   61.448  -10.821      2.4   1019.4    285.2      0.0     92.3
     1     1    14     9     7     0     0     0   -49.0   61.481  -11.082      2.2   1019.2    285.2      0.0     92.4
     1     1    14     9     6    23     0     1   -50.0   61.513  -11.341      2.0   1019.5    285.2      0.0     92.5
     1     1    14     9     6    22     0     2   -51.0   61.556  -11.601      1.8   1019.7    285.3      0.0     92.4
     1     1    14     9     6    21     0     3   -52.0   61.610  -11.865      1.8   1020.0    285.3      0.0     92.1
     1     1    14     9     6    20     0     2   -53.0   61.670  -12.153      1.7   1018.8    285.3      0.0     92.0
     1     1    14     9     6    19     0     1   -54.0   61.726  -12.484      1.7   1017.6    285.3      0.0     91.5
     1     1    14     9     6    18     0     0   -55.0   61.776  -12.865      1.7   1016.4    285.4      0.0     90.4
     1     1    14     9     6    17     0     1   -56.0   61.814  -13.274      1.8   1016.7    285.4      0.0     90.0
     1     1    14     9     6    16     0     2   -57.0   61.838  -13.679      2.1   1017.0    285.3      0.0     89.2
     1     1    14     9     6    15     0     3   -58.0   61.852  -14.070      2.6   1017.1    285.3      0.0     87.9
     1     1    14     9     6    14     0     2   -59.0   61.859  -14.456      3.3   1017.2    285.4      0.0     89.0
     1     1    14     9     6    13     0     1   -60.0   61.858  -14.849      3.7   1017.3    285.5      0.0     88.8
     1     1    14     9     6    12     0     0   -61.0   61.846  -15.244      3.8   1017.4    285.4      0.0     88.2
     1     1    14     9     6    11     0     1   -62.0   61.831  -15.638      3.8   1018.0    285.4      0.0     89.1
     1     1    14     9     6    10     0     2   -63.0   61.825  -16.027      3.8   1018.7    285.5      0.0     88.5
     1     1    14     9     6     9     0     3   -64.0   61.826  -16.402      3.8   1019.3    285.5      0.0     87.6
     1     1    14     9     6     8     0     2   -65.0   61.823  -16.776      3.7   1018.4    285.6      0.0     88.2
     1     1    14     9     6     7     0     1   -66.0   61.813  -17.172      3.7   1017.6    285.6      0.0     88.8
     1     1    14     9     6     6     0     0   -67.0   61.802  -17.588      3.6   1016.8    285.5      0.0     88.1
     1     1    14     9     6     5     0     1   -68.0   61.780  -18.011      3.6   1016.9    285.4      0.0     88.2
     1     1    14     9     6     4     0     2   -69.0   61.737  -18.439      3.5   1017.0    285.4      0.0     88.4
     1     1    14     9     6     3     0     3   -70.0   61.685  -18.879      3.4   1016.9    285.4      0.0     86.6
     1     1    14     9     6     2     0     2   -71.0   61.614  -19.311      3.3   1017.1    285.3      0.0     88.5
     1     1    14     9     6     1     0     1   -72.0   61.521  -19.718      3.0   1017.3    285.3      0.0     90.8
