     7     1
    GDAS    14     8    22     0     0
    GDAS    14     8    29     0     0
    GDAS    14     9     1     0     0
    GDAS    14     9     8     0     0
    GDAS    14     9    15     0     0
    GDAS    14     9    22     0     0
    GDAS    14     9    29     0     0
     1 BACKWARD OMEGA   
    14     9    17     1   56.467   -2.973   100.0
     4 PRESSURE AIR_TEMP RAINFALL RELHUMID
     1     1    14     9    17     1     0     1     0.0   56.467   -2.973    100.0    974.7    283.1      0.0     91.7
     1     1    14     9    17     0     0     0    -1.0   56.473   -2.943    116.9    973.9    283.4      0.0     92.3
     1     1    14     9    16    23     0     1    -2.0   56.469   -2.898    134.1    973.5    283.9      0.0     93.3
     1     1    14     9    16    22     0     2    -3.0   56.453   -2.825    145.5    974.6    284.3      0.0     93.8
     1     1    14     9    16    21     0     3    -4.0   56.427   -2.722    151.3    977.6    284.8      0.0     94.0
     1     1    14     9    16    20     0     2    -5.0   56.398   -2.603    154.3    981.0    285.3      0.0     92.6
     1     1    14     9    16    19     0     1    -6.0   56.370   -2.480    156.4    984.1    285.7      0.0     91.1
     1     1    14     9    16    18     0     0    -7.0   56.342   -2.349    157.6    987.4    286.0      0.0     89.7
     1     1    14     9    16    17     0     1    -8.0   56.308   -2.212    157.7    990.8    286.3      0.0     89.1
     1     1    14     9    16    16     0     2    -9.0   56.262   -2.072    157.6    994.1    286.6      0.0     88.7
     1     1    14     9    16    15     0     3   -10.0   56.205   -1.931    159.2    995.6    286.7      0.0     88.9
     1     1    14     9    16    14     0     2   -11.0   56.144   -1.802    163.0    995.4    286.6      0.0     90.1
     1     1    14     9    16    13     0     1   -12.0   56.082   -1.691    167.3    995.0    286.6      0.0     91.1
     1     1    14     9    16    12     0     0   -13.0   56.015   -1.594    169.8    995.0    286.6      0.0     91.9
     1     1    14     9    16    11     0     1   -14.0   55.945   -1.497    171.9    994.7    286.5      0.0     92.9
     1     1    14     9    16    10     0     2   -15.0   55.880   -1.392    175.4    994.3    286.4      0.0     93.8
     1     1    14     9    16     9     0     3   -16.0   55.820   -1.280    179.8    994.1    286.3      0.0     94.6
     1     1    14     9    16     8     0     2   -17.0   55.763   -1.166    182.1    994.1    286.3      0.0     95.4
     1     1    14     9    16     7     0     1   -18.0   55.707   -1.052    179.7    995.3    286.4      0.0     95.9
     1     1    14     9    16     6     0     0   -19.0   55.652   -0.937    173.2    996.6    286.5      0.0     96.4
     1     1    14     9    16     5     0     1   -20.0   55.593   -0.833    166.9    997.8    286.7      0.0     95.0
     1     1    14     9    16     4     0     2   -21.0   55.531   -0.748    165.1    997.9    286.8      0.0     93.6
     1     1    14     9    16     3     0     3   -22.0   55.465   -0.681    168.2    997.4    286.9      0.0     92.2
     1     1    14     9    16     2     0     2   -23.0   55.399   -0.612    175.0    996.5    286.9      0.0     92.5
     1     1    14     9    16     1     0     1   -24.0   55.336   -0.523    184.4    995.5    286.9      0.0     92.9
     1     1    14     9    16     0     0     0   -25.0   55.274   -0.410    196.5    994.2    286.8      0.0     93.3
     1     1    14     9    15    23     0     1   -26.0   55.213   -0.287    210.5    992.5    286.8      0.0     93.1
     1     1    14     9    15    22     0     2   -27.0   55.154   -0.168    225.4    990.8    286.8      0.0     93.1
     1     1    14     9    15    21     0     3   -28.0   55.097   -0.057    242.0    989.1    286.8      0.0     93.2
     1     1    14     9    15    20     0     2   -29.0   55.000    0.094    251.1    987.1    287.4      0.0     85.8
     1     1    14     9    15    19     0     1   -30.0   54.876    0.298    254.1    987.7    287.6      0.0     84.8
     1     1    14     9    15    18     0     0   -31.0   54.764    0.517    262.1    986.7    287.8      0.0     83.8
     1     1    14     9    15    17     0     1   -32.0   54.661    0.729    270.1    985.2    288.0      0.0     80.7
     1     1    14     9    15    16     0     2   -33.0   54.558    0.916    274.4    984.9    288.2      0.0     78.3
     1     1    14     9    15    15     0     3   -34.0   54.452    1.078    277.8    984.5    288.3      0.0     76.7
     1     1    14     9    15    14     0     2   -35.0   54.355    1.238    279.9    984.3    288.2      0.0     78.2
     1     1    14     9    15    13     0     1   -36.0   54.270    1.416    277.9    984.8    288.3      0.0     79.1
     1     1    14     9    15    12     0     0   -37.0   54.188    1.610    270.7    986.0    288.4      0.0     79.4
     1     1    14     9    15    11     0     1   -38.0   54.099    1.825    257.2    987.4    288.7      0.0     77.1
     1     1    14     9    15    10     0     2   -39.0   53.992    2.069    238.7    989.4    288.9      0.0     74.8
     1     1    14     9    15     9     0     3   -40.0   53.877    2.336    223.5    991.6    288.9      0.0     73.9
     1     1    14     9    15     8     0     2   -41.0   53.776    2.603    216.5    992.5    288.9      0.0     77.0
     1     1    14     9    15     7     0     1   -42.0   53.694    2.856    216.3    992.5    288.8      0.0     79.5
     1     1    14     9    15     6     0     0   -43.0   53.623    3.093    220.1    992.0    288.8      0.0     81.6
     1     1    14     9    15     5     0     1   -44.0   53.564    3.325    220.6    991.1    288.7      0.0     80.7
     1     1    14     9    15     4     0     2   -45.0   53.509    3.564    213.4    991.9    288.7      0.3     80.2
     1     1    14     9    15     3     0     3   -46.0   53.437    3.802    202.8    993.1    288.7      0.0     80.0
     1     1    14     9    15     2     0     2   -47.0   53.358    4.027    193.0    994.9    288.7      0.0     82.3
     1     1    14     9    15     1     0     1   -48.0   53.294    4.243    184.9    996.3    288.7      0.0     84.1
     1     1    14     9    15     0     0     0   -49.0   53.243    4.454    178.3    997.5    288.8      0.0     84.9
     1     1    14     9    14    23     0     1   -50.0   53.201    4.647    174.8    998.3    288.8      0.0     84.5
     1     1    14     9    14    22     0     2   -51.0   53.165    4.807    175.7    998.3    288.9      0.0     84.5
     1     1    14     9    14    21     0     3   -52.0   53.134    4.926    180.9    997.9    288.9      0.0     84.9
     1     1    14     9    14    20     0     2   -53.0   53.125    5.027    188.2    996.8    288.7      0.0     86.6
     1     1    14     9    14    19     0     1   -54.0   53.154    5.149    193.9    996.1    288.6      0.0     87.8
     1     1    14     9    14    18     0     0   -55.0   53.224    5.309    196.2    995.7    288.5      0.0     89.1
     1     1    14     9    14    17     0     1   -56.0   53.327    5.501    194.2    996.2    288.8      0.0     86.3
     1     1    14     9    14    16     0     2   -57.0   53.450    5.706    187.9    997.0    289.1      0.0     84.1
     1     1    14     9    14    15     0     3   -58.0   53.587    5.920    177.3    998.3    289.4      0.2     82.3
     1     1    14     9    14    14     0     2   -59.0   53.730    6.153    166.7   1000.9    289.4      0.0     83.3
     1     1    14     9    14    13     0     1   -60.0   53.878    6.401    159.4   1002.6    289.1      0.0     85.2
     1     1    14     9    14    12     0     0   -61.0   54.043    6.639    151.7   1004.1    288.8      0.0     87.6
     1     1    14     9    14    11     0     1   -62.0   54.227    6.893    143.0   1005.9    288.9      0.0     87.1
     1     1    14     9    14    10     0     2   -63.0   54.419    7.193    134.5   1007.2    288.8      0.0     88.2
     1     1    14     9    14     9     0     3   -64.0   54.616    7.536    127.6   1008.3    288.6      0.2     90.3
     1     1    14     9    14     8     0     2   -65.0   54.817    7.909    125.0   1009.0    288.6      0.0     91.8
     1     1    14     9    14     7     0     1   -66.0   55.025    8.283    128.5   1007.8    288.1      0.0     93.3
     1     1    14     9    14     6     0     0   -67.0   55.235    8.627    136.3   1005.2    287.1      0.0     95.2
     1     1    14     9    14     5     0     1   -68.0   55.443    8.944    148.1   1002.1    286.3      0.0     95.4
     1     1    14     9    14     4     0     2   -69.0   55.651    9.268    160.3   1000.0    286.2      0.1     94.0
     1     1    14     9    14     3     0     3   -70.0   55.862    9.609    155.6   1000.2    286.3      0.7     92.6
     1     1    14     9    14     2     0     2   -71.0   56.058    9.947    128.0   1005.6    287.0      0.0     89.9
     1     1    14     9    14     1     0     1   -72.0   56.220   10.271    102.2   1012.3    287.6      0.0     86.3
