     7     1
    GDAS    14     8    22     0     0
    GDAS    14     8    29     0     0
    GDAS    14     9     1     0     0
    GDAS    14     9     8     0     0
    GDAS    14     9    15     0     0
    GDAS    14     9    22     0     0
    GDAS    14     9    29     0     0
     1 BACKWARD OMEGA   
    14     9     2     7   56.467   -2.973   100.0
     4 PRESSURE AIR_TEMP RAINFALL RELHUMID
     1     1    14     9     2     7     0     1     0.0   56.467   -2.973    100.0    980.4    283.6      0.0     82.3
     1     1    14     9     2     6     0     0    -1.0   56.433   -3.110    125.7    977.5    282.8      0.0     84.4
     1     1    14     9     2     5     0     1    -2.0   56.403   -3.268    154.1    973.4    283.1      0.0     84.7
     1     1    14     9     2     4     0     2    -3.0   56.377   -3.435    179.8    970.0    283.3      0.0     84.8
     1     1    14     9     2     3     0     3    -4.0   56.356   -3.610    204.9    967.0    283.6      0.0     84.8
     1     1    14     9     2     2     0     2    -5.0   56.339   -3.797    233.1    963.7    283.7      0.0     85.2
     1     1    14     9     2     1     0     1    -6.0   56.327   -4.006    269.3    959.5    283.7      0.0     86.0
     1     1    14     9     2     0     0     0    -7.0   56.321   -4.229    312.5    954.1    283.4      0.0     87.1
     1     1    14     9     1    23     0     1    -8.0   56.323   -4.465    357.5    948.8    283.2      0.0     88.9
     1     1    14     9     1    22     0     2    -9.0   56.333   -4.732    399.9    943.7    283.0      0.0     91.9
     1     1    14     9     1    21     0     3   -10.0   56.348   -5.041    431.0    940.5    282.9      0.0     95.5
     1     1    14     9     1    20     0     2   -11.0   56.351   -5.397    435.6    947.1    283.3      0.0     93.3
     1     1    14     9     1    19     0     1   -12.0   56.330   -5.794    400.0    960.6    284.2      0.0     91.2
     1     1    14     9     1    18     0     0   -13.0   56.284   -6.232    343.2    975.4    285.2      0.0     89.0
     1     1    14     9     1    17     0     1   -14.0   56.206   -6.715    311.1    984.7    285.9      0.0     87.4
     1     1    14     9     1    16     0     2   -15.0   56.097   -7.238    312.6    984.3    286.1      0.0     86.3
     1     1    14     9     1    15     0     3   -16.0   55.963   -7.769    322.3    980.9    285.9      0.0     86.3
     1     1    14     9     1    14     0     2   -17.0   55.821   -8.283    327.7    978.6    285.7      0.0     87.0
     1     1    14     9     1    13     0     1   -18.0   55.682   -8.783    328.2    979.2    285.8      0.0     86.6
     1     1    14     9     1    12     0     0   -19.0   55.544   -9.273    324.8    980.6    285.9      0.0     85.9
     1     1    14     9     1    11     0     1   -20.0   55.414   -9.771    322.4    981.0    286.0      0.0     84.4
     1     1    14     9     1    10     0     2   -21.0   55.305  -10.293    327.0    980.4    286.0      0.0     83.1
     1     1    14     9     1     9     0     3   -22.0   55.212  -10.828    340.9    978.6    285.9      0.0     81.3
     1     1    14     9     1     8     0     2   -23.0   55.133  -11.371    363.1    975.4    285.7      0.0     81.7
     1     1    14     9     1     7     0     1   -24.0   55.066  -11.919    391.1    971.8    285.5      0.0     81.7
     1     1    14     9     1     6     0     0   -25.0   55.012  -12.483    420.9    967.8    285.3      0.0     81.7
     1     1    14     9     1     5     0     1   -26.0   54.966  -13.084    445.1    964.3    285.0      0.0     81.8
     1     1    14     9     1     4     0     2   -27.0   54.917  -13.735    460.5    962.3    284.7      0.0     81.9
     1     1    14     9     1     3     0     3   -28.0   54.860  -14.441    468.8    961.2    284.6      0.0     82.4
     1     1    14     9     1     2     0     2   -29.0   54.789  -15.192    474.4    960.7    284.5      0.0     84.7
     1     1    14     9     1     1     0     1   -30.0   54.698  -15.967    488.6    959.0    284.3      0.0     84.8
     1     1    14     9     1     0     0     0   -31.0   54.594  -16.755    515.8    955.5    284.1      0.0     86.0
     1     1    14     8    31    23     0     1   -32.0   54.485  -17.542    545.0    951.7    283.6      0.0     86.6
     1     1    14     8    31    22     0     2   -33.0   54.380  -18.315    572.6    948.4    283.1      0.0     87.1
     1     1    14     8    31    21     0     3   -34.0   54.283  -19.086    601.1    944.9    282.5      0.0     87.1
     1     1    14     8    31    20     0     2   -35.0   54.198  -19.874    623.7    941.8    282.3      0.0     88.1
     1     1    14     8    31    19     0     1   -36.0   54.121  -20.691    640.7    939.5    282.1      0.0     88.6
     1     1    14     8    31    18     0     0   -37.0   54.049  -21.543    658.7    936.8    281.8      0.0     89.0
     1     1    14     8    31    17     0     1   -38.0   53.978  -22.423    677.9    934.4    281.6      0.0     88.7
     1     1    14     8    31    16     0     2   -39.0   53.904  -23.322    699.0    931.6    281.3      0.0     87.5
     1     1    14     8    31    15     0     3   -40.0   53.833  -24.257    713.1    929.5    281.1      0.0     84.8
     1     1    14     8    31    14     0     2   -41.0   53.785  -25.257    715.9    928.9    281.0      0.0     84.2
     1     1    14     8    31    13     0     1   -42.0   53.742  -26.296    730.3    927.2    280.8      0.0     84.3
     1     1    14     8    31    12     0     0   -43.0   53.693  -27.360    781.5    920.9    280.2      0.0     85.3
     1     1    14     8    31    11     0     1   -44.0   53.648  -28.430    839.3    913.8    279.6      0.0     86.4
     1     1    14     8    31    10     0     2   -45.0   53.615  -29.471    889.2    908.3    279.0      0.0     88.1
     1     1    14     8    31     9     0     3   -46.0   53.572  -30.469    942.6    901.8    278.2      0.0     90.0
     1     1    14     8    31     8     0     2   -47.0   53.544  -31.440    987.1    895.9    278.1      0.0     87.3
     1     1    14     8    31     7     0     1   -48.0   53.563  -32.402   1016.7    891.8    277.9      0.0     86.0
     1     1    14     8    31     6     0     0   -49.0   53.589  -33.348   1027.1    890.4    277.7      0.0     87.6
     1     1    14     8    31     5     0     1   -50.0   53.639  -34.288   1035.6    888.8    277.6      0.0     84.8
     1     1    14     8    31     4     0     2   -51.0   53.751  -35.197   1048.3    887.1    277.4      0.0     81.3
     1     1    14     8    31     3     0     3   -52.0   53.877  -36.051   1077.3    883.5    277.0      0.0     78.4
     1     1    14     8    31     2     0     2   -53.0   53.998  -36.877   1107.7    879.3    276.7      0.0     82.8
     1     1    14     8    31     1     0     1   -54.0   54.157  -37.685   1142.7    875.4    276.4      0.0     81.5
     1     1    14     8    31     0     0     0   -55.0   54.339  -38.432   1197.3    869.1    276.0      0.0     80.6
     1     1    14     8    30    23     0     1   -56.0   54.533  -39.124   1260.4    861.1    275.5      0.0     80.7
     1     1    14     8    30    22     0     2   -57.0   54.765  -39.779   1313.0    854.2    275.2      0.0     78.5
     1     1    14     8    30    21     0     3   -58.0   55.024  -40.404   1353.3    849.6    275.0      0.0     73.6
     1     1    14     8    30    20     0     2   -59.0   55.299  -40.983   1387.9    845.6    274.9      0.0     70.9
     1     1    14     8    30    19     0     1   -60.0   55.586  -41.511   1418.5    841.3    274.7      0.0     71.4
     1     1    14     8    30    18     0     0   -61.0   55.870  -41.995   1443.3    838.4    274.7      0.0     68.7
     1     1    14     8    30    17     0     1   -62.0   56.137  -42.407   1472.9    835.9    274.3      0.0     69.0
     1     1    14     8    30    16     0     2   -63.0   56.397  -42.719   1516.0    831.1    273.7      0.0     72.2
     1     1    14     8    30    15     0     3   -64.0   56.668  -42.933   1569.5    824.7    272.9      0.0     77.9
     1     1    14     8    30    14     0     2   -65.0   56.947  -43.082   1632.1    818.5    272.3      0.0     79.9
     1     1    14     8    30    13     0     1   -66.0   57.230  -43.199   1700.1    810.8    271.8      0.0     79.5
     1     1    14     8    30    12     0     0   -67.0   57.524  -43.290   1758.5    804.2    271.3      0.0     82.2
     1     1    14     8    30    11     0     1   -68.0   57.818  -43.377   1801.0    799.8    271.0      0.0     85.0
     1     1    14     8    30    10     0     2   -69.0   58.104  -43.473   1844.2    796.9    270.8      0.0     86.1
     1     1    14     8    30     9     0     3   -70.0   58.390  -43.545   1910.0    790.4    270.4      0.0     87.2
     1     1    14     8    30     8     0     2   -71.0   58.672  -43.595   1983.4    781.0    269.6      0.1     91.6
     1     1    14     8    30     7     0     1   -72.0   58.931  -43.659   2030.7    775.0    269.0      0.1     96.9
