     7     1
    GDAS    14     8    22     0     0
    GDAS    14     8    29     0     0
    GDAS    14     9     1     0     0
    GDAS    14     9     8     0     0
    GDAS    14     9    15     0     0
    GDAS    14     9    22     0     0
    GDAS    14     9    29     0     0
     1 BACKWARD OMEGA   
    14     9    22    13   56.467   -2.973   100.0
     4 PRESSURE AIR_TEMP RAINFALL RELHUMID
     1     1    14     9    22    13     0     1     0.0   56.467   -2.973    100.0    979.3    286.9      0.0     69.0
     1     1    14     9    22    12     0     0    -1.0   56.428   -3.224    118.6    976.9    286.2      0.0     70.6
     1     1    14     9    22    11     0     1    -2.0   56.384   -3.477    134.1    975.5    285.0      0.0     75.1
     1     1    14     9    22    10     0     2    -3.0   56.332   -3.715    145.7    975.2    284.1      0.0     78.4
     1     1    14     9    22     9     0     3    -4.0   56.275   -3.938    153.4    975.9    283.4      0.0     81.1
     1     1    14     9    22     8     0     2    -5.0   56.221   -4.157    154.9    977.7    283.3      0.0     82.5
     1     1    14     9    22     7     0     1    -6.0   56.175   -4.377    148.2    980.2    283.3      0.0     83.2
     1     1    14     9    22     6     0     0    -7.0   56.132   -4.590    133.6    983.1    283.3      0.0     83.3
     1     1    14     9    22     5     0     1    -8.0   56.091   -4.775    114.0    986.3    283.7      0.0     82.8
     1     1    14     9    22     4     0     2    -9.0   56.053   -4.919     94.7    989.5    284.2      0.0     81.9
     1     1    14     9    22     3     0     3   -10.0   56.019   -5.023     80.1    992.8    284.6      0.0     80.7
     1     1    14     9    22     2     0     2   -11.0   55.984   -5.112     67.6    996.4    284.8      0.0     79.3
     1     1    14     9    22     1     0     1   -12.0   55.947   -5.205     53.7   1001.0    284.9      0.0     78.2
     1     1    14     9    22     0     0     0   -13.0   55.907   -5.303     40.6   1004.7    284.5      0.0     77.2
     1     1    14     9    21    23     0     1   -14.0   55.872   -5.395     32.0   1007.9    284.0      0.0     75.9
     1     1    14     9    21    22     0     2   -15.0   55.847   -5.473     28.5   1009.7    283.8      0.0     74.6
     1     1    14     9    21    21     0     3   -16.0   55.832   -5.534     28.3   1010.8    283.6      0.0     73.4
     1     1    14     9    21    20     0     2   -17.0   55.822   -5.587     29.7   1011.4    284.1      0.0     72.4
     1     1    14     9    21    19     0     1   -18.0   55.814   -5.642     31.7   1012.2    284.6      0.0     71.4
     1     1    14     9    21    18     0     0   -19.0   55.808   -5.697     34.3   1012.8    285.1      0.0     70.6
     1     1    14     9    21    17     0     1   -20.0   55.802   -5.749     37.2   1013.2    286.4      0.0     69.9
     1     1    14     9    21    16     0     2   -21.0   55.795   -5.794     39.8   1013.6    287.6      0.0     69.3
     1     1    14     9    21    15     0     3   -22.0   55.784   -5.834     42.4   1013.9    288.9      0.0     68.7
     1     1    14     9    21    14     0     2   -23.0   55.772   -5.863     45.4   1014.2    289.0      0.0     70.0
     1     1    14     9    21    13     0     1   -24.0   55.758   -5.880     49.5   1014.1    289.1      0.0     71.4
     1     1    14     9    21    12     0     0   -25.0   55.744   -5.886     54.5   1013.7    289.2      0.0     72.7
     1     1    14     9    21    11     0     1   -26.0   55.738   -5.874     61.0   1012.4    288.0      0.0     75.4
     1     1    14     9    21    10     0     2   -27.0   55.747   -5.839     69.6   1010.6    286.8      0.0     77.9
     1     1    14     9    21     9     0     3   -28.0   55.771   -5.779     81.2   1008.2    285.5      0.0     80.3
     1     1    14     9    21     8     0     2   -29.0   55.811   -5.703     96.8   1005.0    284.6      0.0     80.6
     1     1    14     9    21     7     0     1   -30.0   55.867   -5.623    117.9   1001.2    283.8      0.0     80.7
     1     1    14     9    21     6     0     0   -31.0   55.938   -5.539    146.5    996.2    283.1      0.0     80.4
     1     1    14     9    21     5     0     1   -32.0   56.022   -5.452    181.3    988.8    282.9      0.0     79.4
     1     1    14     9    21     4     0     2   -33.0   56.115   -5.366    219.7    980.3    282.6      0.0     79.8
     1     1    14     9    21     3     0     3   -34.0   56.217   -5.280    261.0    971.6    282.3      0.0     80.6
     1     1    14     9    21     2     0     2   -35.0   56.323   -5.204    305.3    962.1    281.9      0.0     80.9
     1     1    14     9    21     1     0     1   -36.0   56.431   -5.148    354.4    952.6    281.5      0.0     81.7
     1     1    14     9    21     0     0     0   -37.0   56.540   -5.109    410.4    943.1    281.0      0.0     82.9
     1     1    14     9    20    23     0     1   -38.0   56.659   -5.084    470.5    931.8    280.3      0.0     85.3
     1     1    14     9    20    22     0     2   -39.0   56.796   -5.071    528.6    921.1    279.6      0.0     88.0
     1     1    14     9    20    21     0     3   -40.0   56.952   -5.074    579.9    911.4    278.9      0.0     90.5
     1     1    14     9    20    20     0     2   -41.0   57.127   -5.105    621.7    908.5    278.7      0.0     92.8
     1     1    14     9    20    19     0     1   -42.0   57.318   -5.177    652.0    909.8    278.8      0.0     94.0
     1     1    14     9    20    18     0     0   -43.0   57.522   -5.288    669.2    914.3    279.0      0.2     95.3
     1     1    14     9    20    17     0     1   -44.0   57.731   -5.448    663.5    922.2    279.5      0.1     95.3
     1     1    14     9    20    16     0     2   -45.0   57.941   -5.668    630.1    937.1    280.3      0.0     94.7
     1     1    14     9    20    15     0     3   -46.0   58.159   -5.934    590.0    953.1    281.5      0.0     90.9
     1     1    14     9    20    14     0     2   -47.0   58.389   -6.229    564.2    955.9    281.7      0.0     91.2
     1     1    14     9    20    13     0     1   -48.0   58.625   -6.557    557.3    954.9    281.6      0.0     92.1
     1     1    14     9    20    12     0     0   -49.0   58.865   -6.946    567.2    953.5    281.3      0.0     93.0
     1     1    14     9    20    11     0     1   -50.0   59.116   -7.392    580.3    951.2    281.2      0.0     92.5
     1     1    14     9    20    10     0     2   -51.0   59.386   -7.867    586.2    950.3    281.3      0.0     91.5
     1     1    14     9    20     9     0     3   -52.0   59.658   -8.372    594.2    949.7    281.3      0.0     90.7
     1     1    14     9    20     8     0     2   -53.0   59.920   -8.910    606.1    947.3    281.1      0.0     92.0
     1     1    14     9    20     7     0     1   -54.0   60.169   -9.462    619.3    945.5    280.9      0.0     92.9
     1     1    14     9    20     6     0     0   -55.0   60.410  -10.006    633.6    943.1    280.7      0.0     94.4
     1     1    14     9    20     5     0     1   -56.0   60.654  -10.551    644.5    941.1    280.6      0.0     94.9
     1     1    14     9    20     4     0     2   -57.0   60.912  -11.121    653.4    940.1    280.5      0.0     94.3
     1     1    14     9    20     3     0     3   -58.0   61.182  -11.709    663.6    938.3    280.4      0.0     93.5
     1     1    14     9    20     2     0     2   -59.0   61.450  -12.304    669.0    936.8    280.4      0.2     93.2
     1     1    14     9    20     1     0     1   -60.0   61.712  -12.927    667.3    936.9    280.6      0.0     90.2
     1     1    14     9    20     0     0     0   -61.0   61.979  -13.604    660.9    937.2    280.8      0.0     85.7
     1     1    14     9    19    23     0     1   -62.0   62.231  -14.293    648.6    938.3    281.0      0.0     84.9
     1     1    14     9    19    22     0     2   -63.0   62.454  -14.973    625.1    940.4    281.4      0.0     82.2
     1     1    14     9    19    21     0     3   -64.0   62.665  -15.688    599.2    944.4    281.9      0.0     77.7
     1     1    14     9    19    20     0     2   -65.0   62.873  -16.410    604.8    945.5    282.2      0.0     74.5
     1     1    14     9    19    19     0     1   -66.0   63.078  -17.062    669.4    935.2    281.8      0.0     73.4
     1     1    14     9    19    18     0     0   -67.0   63.282  -17.626    782.5    910.1    280.2      0.0     77.9
     1     1    14     9    19    17     0     1   -68.0   63.489  -18.129    924.2    885.0    278.4      0.0     80.9
     1     1    14     9    19    16     0     2   -69.0   63.694  -18.604   1045.5    844.8    275.8      0.0     84.3
     1     1    14     9    19    15     0     3   -70.0   63.886  -19.085   1074.2    818.5    274.1      0.0     88.0
     1     1    14     9    19    14     0     2   -71.0   64.038  -19.542   1042.7    838.5    274.9      0.2     90.3
     1     1    14     9    19    13     0     1   -72.0   64.139  -19.951    970.3    861.3    276.0      0.3     91.9
