     7     1
    GDAS    14     8    22     0     0
    GDAS    14     8    29     0     0
    GDAS    14     9     1     0     0
    GDAS    14     9     8     0     0
    GDAS    14     9    15     0     0
    GDAS    14     9    22     0     0
    GDAS    14     9    29     0     0
     1 BACKWARD OMEGA   
    14     9     1    17   56.467   -2.973   100.0
     4 PRESSURE AIR_TEMP RAINFALL RELHUMID
     1     1    14     9     1    17     0     1     0.0   56.467   -2.973    100.0    976.8    287.4      0.0     68.2
     1     1    14     9     1    16     0     2    -1.0   56.485   -3.156     97.4    974.1    287.5      0.0     67.4
     1     1    14     9     1    15     0     3    -2.0   56.505   -3.358     90.9    972.0    287.6      0.0     66.4
     1     1    14     9     1    14     0     2    -3.0   56.526   -3.584     86.4    970.3    287.1      0.0     68.6
     1     1    14     9     1    13     0     1    -4.0   56.545   -3.831     90.2    966.6    286.2      0.0     70.7
     1     1    14     9     1    12     0     0    -5.0   56.557   -4.091    101.2    963.5    285.4      0.0     73.1
     1     1    14     9     1    11     0     1    -6.0   56.555   -4.351    110.2    963.4    284.8      0.0     77.7
     1     1    14     9     1    10     0     2    -7.0   56.540   -4.607    109.5    965.4    284.5      0.0     80.1
     1     1    14     9     1     9     0     3    -8.0   56.517   -4.865    100.3    968.4    284.3      0.0     80.7
     1     1    14     9     1     8     0     2    -9.0   56.495   -5.118     86.2    974.4    284.3      0.0     84.5
     1     1    14     9     1     7     0     1   -10.0   56.482   -5.359     68.1    983.0    284.5      0.0     86.0
     1     1    14     9     1     6     0     0   -11.0   56.475   -5.594     44.9    992.3    284.8      0.0     85.3
     1     1    14     9     1     5     0     1   -12.0   56.469   -5.837     22.9   1002.0    285.5      0.0     83.8
     1     1    14     9     1     4     0     2   -13.0   56.458   -6.109      7.2   1008.8    286.0      0.0     84.2
     1     1    14     9     1     3     0     3   -14.0   56.443   -6.422      0.0   1011.2    286.4      0.0     85.3
     1     1    14     9     1     2     0     2   -15.0   56.420   -6.797      0.0   1013.7    286.8      0.0     85.6
     1     1    14     9     1     1     0     1   -16.0   56.390   -7.236      0.0   1014.5    287.1      0.0     86.1
     1     1    14     9     1     0     0     0   -17.0   56.353   -7.716      0.6   1014.0    287.1      0.0     86.9
     1     1    14     8    31    23     0     1   -18.0   56.304   -8.219      1.2   1013.1    287.1      0.0     85.3
     1     1    14     8    31    22     0     2   -19.0   56.249   -8.731      1.8   1012.1    287.2      0.0     84.1
     1     1    14     8    31    21     0     3   -20.0   56.195   -9.249      2.5   1011.2    287.3      0.0     84.0
     1     1    14     8    31    20     0     2   -21.0   56.139   -9.775      3.5   1010.2    287.3      0.1     83.3
     1     1    14     8    31    19     0     1   -22.0   56.083  -10.322      4.7   1009.2    287.5      0.1     83.4
     1     1    14     8    31    18     0     0   -23.0   56.036  -10.898      5.4   1008.2    287.7      0.0     84.5
     1     1    14     8    31    17     0     1   -24.0   55.976  -11.503      5.8   1008.1    287.8      0.0     85.0
     1     1    14     8    31    16     0     2   -25.0   55.901  -12.147      6.5   1008.1    287.9      0.0     85.9
     1     1    14     8    31    15     0     3   -26.0   55.847  -12.831      7.4   1007.8    287.9      0.0     83.7
     1     1    14     8    31    14     0     2   -27.0   55.778  -13.522      8.4   1006.9    287.9      0.1     84.4
     1     1    14     8    31    13     0     1   -28.0   55.652  -14.210      9.2   1006.3    287.9      0.1     87.3
     1     1    14     8    31    12     0     0   -29.0   55.515  -14.934     10.7   1006.0    287.9      0.1     91.1
     1     1    14     8    31    11     0     1   -30.0   55.370  -15.659     13.0   1004.6    288.0      0.0     88.3
     1     1    14     8    31    10     0     2   -31.0   55.156  -16.327     14.5   1002.7    288.2      0.0     88.4
     1     1    14     8    31     9     0     3   -32.0   54.871  -16.977     14.5   1001.4    288.3      0.1     93.0
     1     1    14     8    31     8     0     2   -33.0   54.576  -17.637     14.8   1002.0    288.3      0.2     90.9
     1     1    14     8    31     7     0     1   -34.0   54.281  -18.295     16.2   1001.4    288.2      0.1     88.8
     1     1    14     8    31     6     0     0   -35.0   53.927  -18.921     17.0   1001.2    288.3      0.0     90.7
     1     1    14     8    31     5     0     1   -36.0   53.551  -19.532     16.5   1002.0    288.4      0.0     90.3
     1     1    14     8    31     4     0     2   -37.0   53.192  -20.159     15.4   1002.6    288.5      0.0     86.7
     1     1    14     8    31     3     0     3   -38.0   52.827  -20.779     13.7   1003.2    288.5      0.0     86.9
     1     1    14     8    31     2     0     2   -39.0   52.459  -21.364     11.7   1004.2    288.6      0.1     89.3
     1     1    14     8    31     1     0     1   -40.0   52.099  -21.931     10.5   1004.2    288.7      0.1     90.9
     1     1    14     8    31     0     0     0   -41.0   51.745  -22.493     10.3   1004.0    288.8      0.2     90.7
     1     1    14     8    30    23     0     1   -42.0   51.394  -23.029     10.2   1004.6    288.9      0.0     89.8
     1     1    14     8    30    22     0     2   -43.0   51.047  -23.532      9.9   1004.7    289.1      0.0     91.6
     1     1    14     8    30    21     0     3   -44.0   50.705  -24.016      9.6   1004.9    289.3      0.0     95.2
     1     1    14     8    30    20     0     2   -45.0   50.363  -24.470      8.8   1005.4    289.5      0.2     93.2
     1     1    14     8    30    19     0     1   -46.0   50.015  -24.878      8.1   1005.5    289.6      0.2     93.6
     1     1    14     8    30    18     0     0   -47.0   49.647  -25.232      7.9   1004.6    289.9      0.2     95.7
     1     1    14     8    30    17     0     1   -48.0   49.266  -25.537      7.5   1004.8    290.2      0.0     96.0
     1     1    14     8    30    16     0     2   -49.0   48.887  -25.801      6.4   1005.4    290.4      0.0     96.2
     1     1    14     8    30    15     0     3   -50.0   48.508  -26.031      4.6   1006.8    290.7      0.0     96.0
     1     1    14     8    30    14     0     2   -51.0   48.137  -26.226      2.8   1007.6    291.0      0.1     96.1
     1     1    14     8    30    13     0     1   -52.0   47.783  -26.390      1.4   1007.8    291.3      0.2     96.3
     1     1    14     8    30    12     0     0   -53.0   47.447  -26.536      0.3   1008.1    291.6      0.2     96.2
     1     1    14     8    30    11     0     1   -54.0   47.114  -26.665      0.0   1008.8    292.0      0.2     96.6
     1     1    14     8    30    10     0     2   -55.0   46.773  -26.785      0.0   1009.2    292.3      0.2     97.4
     1     1    14     8    30     9     0     3   -56.0   46.430  -26.911      0.0   1009.3    292.5      0.0     98.5
     1     1    14     8    30     8     0     2   -57.0   46.092  -27.023      0.0   1009.4    292.7      0.1     98.5
     1     1    14     8    30     7     0     1   -58.0   45.757  -27.095      0.0   1009.7    293.0      0.1     98.3
     1     1    14     8    30     6     0     0   -59.0   45.426  -27.148      0.0   1009.9    293.3      0.1     98.6
     1     1    14     8    30     5     0     1   -60.0   45.104  -27.175      0.0   1010.1    293.5      0.0     98.0
     1     1    14     8    30     4     0     2   -61.0   44.790  -27.153      0.0   1010.3    293.7      0.0     97.2
     1     1    14     8    30     3     0     3   -62.0   44.486  -27.100      0.0   1010.3    293.9      0.0     96.7
     1     1    14     8    30     2     0     2   -63.0   44.201  -27.029      0.0   1010.7    294.1      0.1     96.3
     1     1    14     8    30     1     0     1   -64.0   43.928  -26.920      0.0   1011.4    294.2      0.1     96.1
     1     1    14     8    30     0     0     0   -65.0   43.662  -26.765      0.0   1012.3    294.4      0.1     95.3
     1     1    14     8    29    23     0     1   -66.0   43.410  -26.587      0.0   1013.5    294.5      0.0     93.9
     1     1    14     8    29    22     0     2   -67.0   43.168  -26.380      0.0   1014.3    294.7      0.1     93.1
     1     1    14     8    29    21     0     3   -68.0   42.931  -26.120      0.0   1014.7    294.9      0.1     92.2
     1     1    14     8    29    20     0     2   -69.0   42.702  -25.846      0.0   1014.7    295.0      0.0     89.2
     1     1    14     8    29    19     0     1   -70.0   42.481  -25.588      0.0   1014.6    295.0      0.0     87.4
     1     1    14     8    29    18     0     0   -71.0   42.258  -25.316      0.0   1014.8    295.1      0.0     86.6
     1     1    14     8    29    17     0     1   -72.0   42.031  -25.024      0.0   1015.4    295.3      0.0     85.3
