     7     1
    GDAS    14     8    22     0     0
    GDAS    14     8    29     0     0
    GDAS    14     9     1     0     0
    GDAS    14     9     8     0     0
    GDAS    14     9    15     0     0
    GDAS    14     9    22     0     0
    GDAS    14     9    29     0     0
     1 BACKWARD OMEGA   
    14     9    11    10   56.467   -2.973   100.0
     4 PRESSURE AIR_TEMP RAINFALL RELHUMID
     1     1    14     9    11    10     0     2     0.0   56.467   -2.973    100.0    979.8    286.4      0.0     86.3
     1     1    14     9    11     9     0     3    -1.0   56.426   -2.979    107.7    980.0    285.5      0.0     87.7
     1     1    14     9    11     8     0     2    -2.0   56.387   -3.000    122.8    979.2    284.7      0.0     88.9
     1     1    14     9    11     7     0     1    -3.0   56.347   -3.031    144.6    978.0    284.1      0.0     89.7
     1     1    14     9    11     6     0     0    -4.0   56.307   -3.072    170.7    975.5    283.7      0.0     90.0
     1     1    14     9    11     5     0     1    -5.0   56.257   -3.103    196.3    973.6    284.2      0.0     89.1
     1     1    14     9    11     4     0     2    -6.0   56.188   -3.104    218.4    973.5    284.7      0.0     88.1
     1     1    14     9    11     3     0     3    -7.0   56.097   -3.070    239.4    974.7    285.2      0.0     86.9
     1     1    14     9    11     2     0     2    -8.0   55.989   -3.009    265.2    975.8    285.6      0.0     85.2
     1     1    14     9    11     1     0     1    -9.0   55.869   -2.938    296.2    972.1    285.9      0.0     83.6
     1     1    14     9    11     0     0     0   -10.0   55.738   -2.867    328.4    968.4    286.0      0.0     82.8
     1     1    14     9    10    23     0     1   -11.0   55.607   -2.779    359.5    964.6    285.9      0.0     82.3
     1     1    14     9    10    22     0     2   -12.0   55.484   -2.661    388.6    960.9    285.7      0.0     82.2
     1     1    14     9    10    21     0     3   -13.0   55.369   -2.515    415.7    956.8    285.4      0.0     82.6
     1     1    14     9    10    20     0     2   -14.0   55.261   -2.365    436.0    952.0    285.1      0.0     83.9
     1     1    14     9    10    19     0     1   -15.0   55.159   -2.231    446.6    948.2    284.8      0.0     85.9
     1     1    14     9    10    18     0     0   -16.0   55.064   -2.106    447.2    945.2    284.6      0.0     88.3
     1     1    14     9    10    17     0     1   -17.0   54.978   -1.969    430.4    944.9    284.5      0.0     87.7
     1     1    14     9    10    16     0     2   -18.0   54.905   -1.799    397.9    953.6    285.1      0.0     81.9
     1     1    14     9    10    15     0     3   -19.0   54.845   -1.609    365.3    962.4    285.5      0.0     77.0
     1     1    14     9    10    14     0     2   -20.0   54.792   -1.422    344.3    970.0    285.6      0.0     75.4
     1     1    14     9    10    13     0     1   -21.0   54.740   -1.255    336.1    974.7    285.6      0.0     75.0
     1     1    14     9    10    12     0     0   -22.0   54.690   -1.109    334.6    978.0    285.6      0.0     75.0
     1     1    14     9    10    11     0     1   -23.0   54.640   -0.967    335.8    979.9    285.5      0.0     75.9
     1     1    14     9    10    10     0     2   -24.0   54.591   -0.815    336.2    979.0    285.3      0.0     77.2
     1     1    14     9    10     9     0     3   -25.0   54.543   -0.655    333.9    978.7    285.2      0.0     78.5
     1     1    14     9    10     8     0     2   -26.0   54.499   -0.495    328.1    978.9    285.2      0.0     78.1
     1     1    14     9    10     7     0     1   -27.0   54.459   -0.344    317.8    979.7    285.2      0.0     77.7
     1     1    14     9    10     6     0     0   -28.0   54.423   -0.204    303.3    981.1    285.3      0.0     77.4
     1     1    14     9    10     5     0     1   -29.0   54.390   -0.072    285.0    983.1    285.5      0.0     76.2
     1     1    14     9    10     4     0     2   -30.0   54.362    0.030    270.9    990.5    285.8      0.0     75.3
     1     1    14     9    10     3     0     3   -31.0   54.336    0.101    261.2    990.7    285.9      0.0     74.8
     1     1    14     9    10     2     0     2   -32.0   54.308    0.164    250.5    992.0    286.1      0.0     74.5
     1     1    14     9    10     1     0     1   -33.0   54.279    0.224    238.7    993.3    286.3      0.0     74.2
     1     1    14     9    10     0     0     0   -34.0   54.247    0.282    226.1    994.8    286.5      0.0     73.9
     1     1    14     9     9    23     0     1   -35.0   54.211    0.336    214.8    996.3    286.6      0.0     74.2
     1     1    14     9     9    22     0     2   -36.0   54.173    0.384    206.6    997.2    286.7      0.0     74.3
     1     1    14     9     9    21     0     3   -37.0   54.133    0.427    201.7    997.8    286.7      0.0     74.2
     1     1    14     9     9    20     0     2   -38.0   54.087    0.466    199.7    997.8    286.7      0.0     74.0
     1     1    14     9     9    19     0     1   -39.0   54.036    0.501    200.6    997.6    286.7      0.0     73.7
     1     1    14     9     9    18     0     0   -40.0   53.978    0.534    205.1    996.9    286.7      0.0     73.4
     1     1    14     9     9    17     0     1   -41.0   53.922    0.556    211.8    995.7    286.6      0.0     73.1
     1     1    14     9     9    16     0     2   -42.0   53.870    0.558    218.1    994.8    286.5      0.0     72.6
     1     1    14     9     9    15     0     3   -43.0   53.822    0.538    222.9    993.9    286.5      0.0     71.8
     1     1    14     9     9    14     0     2   -44.0   53.780    0.504    226.0    993.9    286.4      0.0     72.2
     1     1    14     9     9    13     0     1   -45.0   53.748    0.462    228.3    993.9    286.4      0.0     72.6
     1     1    14     9     9    12     0     0   -46.0   53.721    0.412    230.6    993.9    286.3      0.0     73.1
     1     1    14     9     9    11     0     1   -47.0   53.704    0.357    234.3    993.4    285.9      0.0     73.8
     1     1    14     9     9    10     0     2   -48.0   53.698    0.296    242.2    992.6    285.5      0.0     75.0
     1     1    14     9     9     9     0     3   -49.0   53.705    0.229    256.7    991.1    284.9      0.0     76.5
     1     1    14     9     9     8     0     2   -50.0   53.717    0.160    277.2    988.1    284.6      0.0     76.7
     1     1    14     9     9     7     0     1   -51.0   53.729    0.098    300.4    984.8    284.3      0.0     76.7
     1     1    14     9     9     6     0     0   -52.0   53.743    0.040    326.1    981.4    284.0      0.0     76.4
     1     1    14     9     9     5     0     1   -53.0   53.722    0.007    331.6    977.9    284.0      0.0     76.0
     1     1    14     9     9     4     0     2   -54.0   53.697   -0.015    337.0    970.9    283.6      0.0     81.9
     1     1    14     9     9     3     0     3   -55.0   53.629    0.005    326.1    980.7    284.3      0.0     76.4
     1     1    14     9     9     2     0     2   -56.0   53.601    0.023    329.1    978.1    284.2      0.0     76.3
     1     1    14     9     9     1     0     1   -57.0   53.626    0.049    344.4    978.6    284.2      0.0     76.5
     1     1    14     9     9     0     0     0   -58.0   53.663    0.098    358.7    977.2    284.1      0.0     76.5
     1     1    14     9     8    23     0     1   -59.0   53.725    0.144    378.1    975.8    284.0      0.0     77.0
     1     1    14     9     8    22     0     2   -60.0   53.816    0.163    410.6    972.6    283.8      0.0     77.9
     1     1    14     9     8    21     0     3   -61.0   53.935    0.147    460.0    967.4    283.5      0.0     79.4
     1     1    14     9     8    20     0     2   -62.0   54.062    0.093    518.8    959.4    282.9      0.0     80.8
     1     1    14     9     8    19     0     1   -63.0   54.184    0.013    578.0    952.6    282.4      0.0     82.1
     1     1    14     9     8    18     0     0   -64.0   54.246   -0.041    621.8    940.9    282.7      0.0     78.2
     1     1    14     9     8    17     0     1   -65.0   54.253   -0.041    642.6    939.6    282.8      0.0     77.6
     1     1    14     9     8    16     0     2   -66.0   54.279   -0.041    659.9    937.5    282.9      0.0     77.6
     1     1    14     9     8    15     0     3   -67.0   54.326   -0.040    674.4    935.8    282.8      0.0     78.0
     1     1    14     9     8    14     0     2   -68.0   54.389   -0.053    691.9    934.8    282.2      0.0     80.3
     1     1    14     9     8    13     0     1   -69.0   54.460   -0.092    717.3    932.3    281.5      0.0     82.9
     1     1    14     9     8    12     0     0   -70.0   54.538   -0.156    748.1    929.1    280.8      0.0     85.5
     1     1    14     9     8    11     0     1   -71.0   54.630   -0.242    787.1    925.4    280.3      0.0     87.4
     1     1    14     9     8    10     0     2   -72.0   54.743   -0.348    838.7    920.2    280.0      0.0     89.1
