     7     1
    GDAS    14     8    22     0     0
    GDAS    14     8    29     0     0
    GDAS    14     9     1     0     0
    GDAS    14     9     8     0     0
    GDAS    14     9    15     0     0
    GDAS    14     9    22     0     0
    GDAS    14     9    29     0     0
     1 BACKWARD OMEGA   
    14     9     5    22   56.467   -2.973   100.0
     4 PRESSURE AIR_TEMP RAINFALL RELHUMID
     1     1    14     9     5    22     0     2     0.0   56.467   -2.973    100.0    974.0    282.6      0.0     94.6
     1     1    14     9     5    21     0     3    -1.0   56.543   -2.903     87.0    974.9    282.5      0.0     94.5
     1     1    14     9     5    20     0     2    -2.0   56.615   -2.829     71.0    977.9    282.9      0.5     94.3
     1     1    14     9     5    19     0     1    -3.0   56.685   -2.740     56.5    981.3    283.7      0.6     94.3
     1     1    14     9     5    18     0     0    -4.0   56.757   -2.630     43.8    985.0    284.6      0.7     94.7
     1     1    14     9     5    17     0     1    -5.0   56.840   -2.517     33.9    989.0    285.1      0.3     94.4
     1     1    14     9     5    16     0     2    -6.0   56.935   -2.418     26.8    992.5    285.4      0.6     94.9
     1     1    14     9     5    15     0     3    -7.0   57.043   -2.326     21.6    997.4    285.8      0.6     95.3
     1     1    14     9     5    14     0     2    -8.0   57.150   -2.246     18.4   1002.8    286.1      0.0     93.1
     1     1    14     9     5    13     0     1    -9.0   57.247   -2.191     16.4   1006.2    286.3      0.0     91.9
     1     1    14     9     5    12     0     0   -10.0   57.337   -2.164     15.1   1008.1    286.3      0.0     91.4
     1     1    14     9     5    11     0     1   -11.0   57.423   -2.169     14.2   1009.3    286.4      0.0     90.7
     1     1    14     9     5    10     0     2   -12.0   57.509   -2.206     14.1   1009.6    286.5      0.2     90.8
     1     1    14     9     5     9     0     3   -13.0   57.597   -2.271     14.4   1009.7    286.5      0.2     91.6
     1     1    14     9     5     8     0     2   -14.0   57.679   -2.360     14.6   1009.5    286.3      0.0     91.2
     1     1    14     9     5     7     0     1   -15.0   57.743   -2.469     14.3   1009.5    286.1      0.0     90.3
     1     1    14     9     5     6     0     0   -16.0   57.785   -2.594     13.3   1009.5    286.0      0.0     89.3
     1     1    14     9     5     5     0     1   -17.0   57.800   -2.744     12.3   1008.8    286.0      0.0     87.0
     1     1    14     9     5     4     0     2   -18.0   57.790   -2.932     11.9   1006.6    285.9      0.0     84.7
     1     1    14     9     5     3     0     3   -19.0   57.758   -3.153     14.8   1001.9    285.8      0.0     84.2
     1     1    14     9     5     2     0     2   -20.0   57.711   -3.366     26.8    994.6    285.9      0.0     85.7
     1     1    14     9     5     1     0     1   -21.0   57.655   -3.551     49.3    986.5    286.0      0.0     86.5
     1     1    14     9     5     0     0     0   -22.0   57.589   -3.723     82.8    976.3    286.2      0.0     86.8
     1     1    14     9     4    23     0     1   -23.0   57.512   -3.883    124.4    965.1    286.3      0.0     87.1
     1     1    14     9     4    22     0     2   -24.0   57.423   -4.033    169.4    953.1    286.2      0.0     87.5
     1     1    14     9     4    21     0     3   -25.0   57.318   -4.173    206.9    943.7    286.0      0.0     88.5
     1     1    14     9     4    20     0     2   -26.0   57.201   -4.316    223.3    937.9    285.8      0.0     88.9
     1     1    14     9     4    19     0     1   -27.0   57.083   -4.469    216.6    936.6    285.9      0.0     87.9
     1     1    14     9     4    18     0     0   -28.0   56.969   -4.625    195.4    940.7    286.5      0.0     84.7
     1     1    14     9     4    17     0     1   -29.0   56.858   -4.776    167.8    950.3    287.2      0.0     81.4
     1     1    14     9     4    16     0     2   -30.0   56.744   -4.919    135.1    959.6    288.1      0.0     78.0
     1     1    14     9     4    15     0     3   -31.0   56.628   -5.048    100.6    969.1    289.1      0.0     75.5
     1     1    14     9     4    14     0     2   -32.0   56.511   -5.145     74.2    979.4    289.8      0.0     76.0
     1     1    14     9     4    13     0     1   -33.0   56.400   -5.195     58.7    985.7    290.1      0.0     78.1
     1     1    14     9     4    12     0     0   -34.0   56.298   -5.197     50.7    989.2    290.1      0.0     81.5
     1     1    14     9     4    11     0     1   -35.0   56.209   -5.158     45.8    990.3    289.2      0.0     85.0
     1     1    14     9     4    10     0     2   -36.0   56.135   -5.091     40.4    990.8    288.3      0.0     88.2
     1     1    14     9     4     9     0     3   -37.0   56.080   -5.002     34.0    990.4    287.2      0.0     91.5
     1     1    14     9     4     8     0     2   -38.0   56.040   -4.907     28.6    992.8    286.6      0.0     90.6
     1     1    14     9     4     7     0     1   -39.0   56.009   -4.817     25.1    994.6    286.0      0.0     89.6
     1     1    14     9     4     6     0     0   -40.0   55.984   -4.730     22.1    996.1    285.4      0.0     88.7
     1     1    14     9     4     5     0     1   -41.0   55.955   -4.646     19.7    997.6    285.3      0.0     87.9
     1     1    14     9     4     4     0     2   -42.0   55.917   -4.561     18.5    999.0    285.2      0.0     87.0
     1     1    14     9     4     3     0     3   -43.0   55.871   -4.475     18.5   1000.1    285.0      0.0     86.1
     1     1    14     9     4     2     0     2   -44.0   55.821   -4.392     18.4   1000.9    284.9      0.0     85.4
     1     1    14     9     4     1     0     1   -45.0   55.767   -4.314     16.6   1002.0    284.6      0.0     84.5
     1     1    14     9     4     0     0     0   -46.0   55.714   -4.241     13.4   1003.2    284.1      0.0     83.4
     1     1    14     9     3    23     0     1   -47.0   55.663   -4.170     10.0   1004.4    283.7      0.0     81.8
     1     1    14     9     3    22     0     2   -48.0   55.615   -4.097      6.3   1004.7    283.8      0.0     79.9
     1     1    14     9     3    21     0     3   -49.0   55.566   -4.019      1.6   1004.7    283.9      0.0     77.8
     1     1    14     9     3    20     0     2   -50.0   55.518   -3.943      0.0   1004.8    285.4      0.0     75.9
     1     1    14     9     3    19     0     1   -51.0   55.469   -3.876      0.0   1005.1    286.9      0.0     73.8
     1     1    14     9     3    18     0     0   -52.0   55.418   -3.818      0.0   1005.3    288.4      0.0     71.6
     1     1    14     9     3    17     0     1   -53.0   55.361   -3.772      0.0   1005.3    289.4      0.0     70.1
     1     1    14     9     3    16     0     2   -54.0   55.291   -3.744      0.0   1005.2    290.4      0.0     68.5
     1     1    14     9     3    15     0     3   -55.0   55.209   -3.734      0.0   1005.0    291.5      0.0     66.9
     1     1    14     9     3    14     0     2   -56.0   55.119   -3.729      0.0   1005.4    291.4      0.0     68.0
     1     1    14     9     3    13     0     1   -57.0   55.027   -3.714      0.0   1005.9    291.4      0.0     69.2
     1     1    14     9     3    12     0     0   -58.0   54.932   -3.687      0.0   1007.4    291.2      0.0     70.0
     1     1    14     9     3    11     0     1   -59.0   54.840   -3.642      0.0   1009.1    290.3      0.0     71.5
     1     1    14     9     3    10     0     2   -60.0   54.752   -3.578      0.0   1010.8    289.6      0.0     73.2
     1     1    14     9     3     9     0     3   -61.0   54.670   -3.497      0.0   1012.4    288.9      0.0     75.2
     1     1    14     9     3     8     0     2   -62.0   54.592   -3.407      0.0   1013.6    288.1      0.0     75.2
     1     1    14     9     3     7     0     1   -63.0   54.517   -3.316      0.0   1014.8    287.4      0.0     75.3
     1     1    14     9     3     6     0     0   -64.0   54.445   -3.222      0.0   1015.9    287.0      0.0     75.5
     1     1    14     9     3     5     0     1   -65.0   54.373   -3.122      0.0   1016.7    287.1      0.0     74.1
     1     1    14     9     3     4     0     2   -66.0   54.302   -3.016      0.0   1017.5    287.2      0.0     72.8
     1     1    14     9     3     3     0     3   -67.0   54.233   -2.905      0.0   1015.9    286.9      0.0     73.0
     1     1    14     9     3     2     0     2   -68.0   54.169   -2.796      0.0   1013.8    286.5      0.0     73.7
     1     1    14     9     3     1     0     1   -69.0   54.110   -2.689      0.0   1011.3    286.0      0.0     74.8
     1     1    14     9     3     0     0     0   -70.0   54.058   -2.584      0.0   1008.6    285.4      0.0     76.4
     1     1    14     9     2    23     0     1   -71.0   54.014   -2.481      0.0   1005.1    285.3      0.0     76.4
     1     1    14     9     2    22     0     2   -72.0   53.981   -2.381      0.0   1001.7    285.5      0.0     76.2
