     7     1
    GDAS    14     8    22     0     0
    GDAS    14     8    29     0     0
    GDAS    14     9     1     0     0
    GDAS    14     9     8     0     0
    GDAS    14     9    15     0     0
    GDAS    14     9    22     0     0
    GDAS    14     9    29     0     0
     1 BACKWARD OMEGA   
    14     9     2    15   56.467   -2.973   100.0
     4 PRESSURE AIR_TEMP RAINFALL RELHUMID
     1     1    14     9     2    15     0     3     0.0   56.467   -2.973    100.0    980.2    287.8      0.0     73.0
     1     1    14     9     2    14     0     2    -1.0   56.399   -3.039     98.3    982.4    287.8      0.0     73.1
     1     1    14     9     2    13     0     1    -2.0   56.344   -3.122    103.1    983.4    287.4      0.0     73.7
     1     1    14     9     2    12     0     0    -3.0   56.302   -3.223    112.9    983.6    287.0      0.0     74.7
     1     1    14     9     2    11     0     1    -4.0   56.266   -3.337    125.6    982.9    286.0      0.0     77.2
     1     1    14     9     2    10     0     2    -5.0   56.231   -3.462    140.1    982.3    285.3      0.0     79.6
     1     1    14     9     2     9     0     3    -6.0   56.198   -3.597    156.0    980.8    284.6      0.0     81.9
     1     1    14     9     2     8     0     2    -7.0   56.172   -3.748    171.6    979.2    284.0      0.0     84.5
     1     1    14     9     2     7     0     1    -8.0   56.154   -3.921    183.7    977.8    283.6      0.0     87.0
     1     1    14     9     2     6     0     0    -9.0   56.143   -4.111    190.6    976.7    283.3      0.0     89.8
     1     1    14     9     2     5     0     1   -10.0   56.135   -4.298    196.3    976.2    283.4      0.0     90.0
     1     1    14     9     2     4     0     2   -11.0   56.125   -4.470    205.2    974.8    283.5      0.0     90.4
     1     1    14     9     2     3     0     3   -12.0   56.117   -4.628    217.9    973.0    283.6      0.0     90.8
     1     1    14     9     2     2     0     2   -13.0   56.110   -4.782    235.0    970.7    283.7      0.0     91.6
     1     1    14     9     2     1     0     1   -14.0   56.105   -4.942    257.0    967.8    283.8      0.0     92.7
     1     1    14     9     2     0     0     0   -15.0   56.099   -5.115    281.5    966.8    284.0      0.0     92.7
     1     1    14     9     1    23     0     1   -16.0   56.092   -5.319    300.1    967.9    284.2      0.0     92.4
     1     1    14     9     1    22     0     2   -17.0   56.087   -5.566    303.5    972.1    284.6      0.0     92.0
     1     1    14     9     1    21     0     3   -18.0   56.084   -5.864    287.2    979.8    285.3      0.0     91.1
     1     1    14     9     1    20     0     2   -19.0   56.067   -6.214    257.7    987.9    285.9      0.0     89.0
     1     1    14     9     1    19     0     1   -20.0   56.022   -6.625    239.2    992.5    286.3      0.0     87.5
     1     1    14     9     1    18     0     0   -21.0   55.952   -7.111    247.0    992.2    286.4      0.0     86.9
     1     1    14     9     1    17     0     1   -22.0   55.855   -7.630    263.5    986.9    286.2      0.0     87.7
     1     1    14     9     1    16     0     2   -23.0   55.733   -8.135    272.1    984.5    286.0      0.0     88.1
     1     1    14     9     1    15     0     3   -24.0   55.602   -8.631    273.6    985.3    286.1      0.0     87.2
     1     1    14     9     1    14     0     2   -25.0   55.468   -9.123    267.9    988.2    286.3      0.0     86.2
     1     1    14     9     1    13     0     1   -26.0   55.334   -9.608    261.5    989.4    286.4      0.0     85.4
     1     1    14     9     1    12     0     0   -27.0   55.204  -10.091    260.8    989.3    286.6      0.0     83.6
     1     1    14     9     1    11     0     1   -28.0   55.085  -10.580    266.6    988.4    286.5      0.0     82.3
     1     1    14     9     1    10     0     2   -29.0   54.981  -11.077    279.1    986.7    286.4      0.0     80.4
     1     1    14     9     1     9     0     3   -30.0   54.893  -11.576    297.1    983.9    286.2      0.0     80.4
     1     1    14     9     1     8     0     2   -31.0   54.820  -12.083    317.1    980.8    286.1      0.0     80.8
     1     1    14     9     1     7     0     1   -32.0   54.759  -12.608    335.2    977.9    285.9      0.0     81.0
     1     1    14     9     1     6     0     0   -33.0   54.706  -13.161    348.5    975.9    285.8      0.0     80.9
     1     1    14     9     1     5     0     1   -34.0   54.649  -13.751    358.7    974.8    285.6      0.0     81.7
     1     1    14     9     1     4     0     2   -35.0   54.584  -14.384    368.2    973.6    285.4      0.0     82.3
     1     1    14     9     1     3     0     3   -36.0   54.512  -15.057    375.4    972.5    285.2      0.0     84.8
     1     1    14     9     1     2     0     2   -37.0   54.430  -15.761    383.7    972.0    285.2      0.0     83.6
     1     1    14     9     1     1     0     1   -38.0   54.340  -16.483    399.2    970.2    285.1      0.0     83.3
     1     1    14     9     1     0     0     0   -39.0   54.243  -17.215    420.7    967.6    284.9      0.0     84.2
     1     1    14     8    31    23     0     1   -40.0   54.143  -17.943    446.3    964.4    284.4      0.0     84.2
     1     1    14     8    31    22     0     2   -41.0   54.048  -18.658    474.5    960.4    283.9      0.0     84.3
     1     1    14     8    31    21     0     3   -42.0   53.962  -19.374    501.2    956.6    283.4      0.0     84.1
     1     1    14     8    31    20     0     2   -43.0   53.887  -20.109    522.7    953.3    283.2      0.0     84.7
     1     1    14     8    31    19     0     1   -44.0   53.818  -20.874    537.5    951.5    283.0      0.0     85.2
     1     1    14     8    31    18     0     0   -45.0   53.755  -21.670    550.1    949.5    282.9      0.0     84.9
     1     1    14     8    31    17     0     1   -46.0   53.693  -22.496    564.1    947.8    282.6      0.0     84.5
     1     1    14     8    31    16     0     2   -47.0   53.629  -23.345    585.6    945.2    282.3      0.0     83.9
     1     1    14     8    31    15     0     3   -48.0   53.567  -24.229    608.6    942.5    282.0      0.0     82.2
     1     1    14     8    31    14     0     2   -49.0   53.518  -25.166    626.6    940.0    281.7      0.0     82.2
     1     1    14     8    31    13     0     1   -50.0   53.478  -26.141    640.9    938.1    281.5      0.0     83.0
     1     1    14     8    31    12     0     0   -51.0   53.442  -27.146    677.5    933.8    281.1      0.0     83.6
     1     1    14     8    31    11     0     1   -52.0   53.414  -28.173    728.3    926.7    280.5      0.0     83.7
     1     1    14     8    31    10     0     2   -53.0   53.395  -29.183    773.8    921.3    279.9      0.0     85.0
     1     1    14     8    31     9     0     3   -54.0   53.367  -30.156    819.3    916.1    279.1      0.0     89.9
     1     1    14     8    31     8     0     2   -55.0   53.344  -31.102    862.4    910.6    278.7      0.0     91.4
     1     1    14     8    31     7     0     1   -56.0   53.360  -32.039    897.6    906.1    278.5      0.0     90.6
     1     1    14     8    31     6     0     0   -57.0   53.391  -32.964    921.9    902.6    278.2      0.0     91.7
     1     1    14     8    31     5     0     1   -58.0   53.444  -33.884    943.6    899.5    277.9      0.0     89.6
     1     1    14     8    31     4     0     2   -59.0   53.556  -34.782    966.1    896.2    277.6      0.0     87.6
     1     1    14     8    31     3     0     3   -60.0   53.702  -35.633    998.0    892.3    277.3      0.0     83.9
     1     1    14     8    31     2     0     2   -61.0   53.854  -36.458   1035.3    887.0    277.1      0.0     84.3
     1     1    14     8    31     1     0     1   -62.0   54.036  -37.278   1069.2    883.1    276.8      0.0     84.9
     1     1    14     8    31     0     0     0   -63.0   54.245  -38.048   1120.2    877.2    276.4      0.0     82.3
     1     1    14     8    30    23     0     1   -64.0   54.475  -38.757   1180.2    869.8    275.8      0.0     83.9
     1     1    14     8    30    22     0     2   -65.0   54.741  -39.426   1235.4    862.6    275.4      0.0     82.8
     1     1    14     8    30    21     0     3   -66.0   55.041  -40.059   1280.9    857.0    275.2      0.0     79.3
     1     1    14     8    30    20     0     2   -67.0   55.364  -40.643   1319.6    852.2    275.1      0.0     75.6
     1     1    14     8    30    19     0     1   -68.0   55.701  -41.172   1356.1    847.5    274.8      0.0     76.2
     1     1    14     8    30    18     0     0   -69.0   56.040  -41.651   1390.6    843.3    274.6      0.0     75.5
     1     1    14     8    30    17     0     1   -70.0   56.364  -42.063   1430.5    839.7    274.2      0.0     76.1
     1     1    14     8    30    16     0     2   -71.0   56.675  -42.380   1482.9    833.9    273.5      0.0     79.3
     1     1    14     8    30    15     0     3   -72.0   56.983  -42.603   1542.3    826.8    272.7      0.0     85.0
