     7     1
    GDAS    14     8    22     0     0
    GDAS    14     8    29     0     0
    GDAS    14     9     1     0     0
    GDAS    14     9     8     0     0
    GDAS    14     9    15     0     0
    GDAS    14     9    22     0     0
    GDAS    14     9    29     0     0
     1 BACKWARD OMEGA   
    14     9     1    13   56.467   -2.973   100.0
     4 PRESSURE AIR_TEMP RAINFALL RELHUMID
     1     1    14     9     1    13     0     1     0.0   56.467   -2.973    100.0    976.1    287.5      0.0     67.9
     1     1    14     9     1    12     0     0    -1.0   56.511   -3.174    107.4    972.1    286.8      0.0     69.9
     1     1    14     9     1    11     0     1    -2.0   56.548   -3.393    124.8    966.2    285.6      0.0     74.1
     1     1    14     9     1    10     0     2    -3.0   56.572   -3.629    147.5    959.8    284.4      0.0     78.5
     1     1    14     9     1     9     0     3    -4.0   56.583   -3.880    171.4    953.2    283.3      0.0     82.9
     1     1    14     9     1     8     0     2    -5.0   56.592   -4.149    194.8    949.4    282.6      0.0     86.9
     1     1    14     9     1     7     0     1    -6.0   56.610   -4.437    214.7    947.7    282.3      0.0     90.6
     1     1    14     9     1     6     0     0    -7.0   56.634   -4.738    227.1    947.4    282.0      0.0     94.8
     1     1    14     9     1     5     0     1    -8.0   56.651   -5.062    219.6    950.5    282.2      0.1     94.8
     1     1    14     9     1     4     0     2    -9.0   56.655   -5.417    178.9    965.6    283.4      0.1     91.0
     1     1    14     9     1     3     0     3   -10.0   56.652   -5.786    115.6    985.8    284.8      0.0     89.5
     1     1    14     9     1     2     0     2   -11.0   56.641   -6.148     58.6   1002.2    285.9      0.2     89.5
     1     1    14     9     1     1     0     1   -12.0   56.620   -6.521     28.2   1010.2    286.6      0.0     89.8
     1     1    14     9     1     0     0     0   -13.0   56.594   -6.959     18.4   1013.6    287.1      0.0     90.2
     1     1    14     8    31    23     0     1   -14.0   56.554   -7.461     19.3   1011.4    287.0      0.1     89.5
     1     1    14     8    31    22     0     2   -15.0   56.501   -7.988     20.7   1010.3    287.0      0.0     88.4
     1     1    14     8    31    21     0     3   -16.0   56.445   -8.527     22.4   1009.2    287.1      0.0     87.4
     1     1    14     8    31    20     0     2   -17.0   56.380   -9.081     25.1   1008.0    287.2      0.3     87.6
     1     1    14     8    31    19     0     1   -18.0   56.308   -9.661     29.7   1006.5    287.3      0.1     87.2
     1     1    14     8    31    18     0     0   -19.0   56.246  -10.272     35.5   1004.9    287.3      0.1     87.4
     1     1    14     8    31    17     0     1   -20.0   56.166  -10.908     39.4   1003.8    287.6      0.0     87.3
     1     1    14     8    31    16     0     2   -21.0   56.056  -11.567     40.9   1003.5    287.7      0.0     88.3
     1     1    14     8    31    15     0     3   -22.0   55.961  -12.282     42.5   1003.0    287.8      0.0     88.4
     1     1    14     8    31    14     0     2   -23.0   55.867  -13.023     45.5   1002.1    287.9      0.3     85.8
     1     1    14     8    31    13     0     1   -24.0   55.719  -13.762     48.7   1000.7    287.9      0.1     88.4
     1     1    14     8    31    12     0     0   -25.0   55.541  -14.537     52.2   1000.0    287.9      0.1     91.8
     1     1    14     8    31    11     0     1   -26.0   55.366  -15.332     59.7    998.6    288.0      0.1     90.0
     1     1    14     8    31    10     0     2   -27.0   55.132  -16.066     65.6    997.0    287.9      0.0     88.7
     1     1    14     8    31     9     0     3   -28.0   54.819  -16.780     64.8    995.6    288.0      0.1     93.0
     1     1    14     8    31     8     0     2   -29.0   54.496  -17.506     62.8    997.1    288.2      0.1     91.6
     1     1    14     8    31     7     0     1   -30.0   54.178  -18.236     65.0    996.4    288.1      0.1     89.1
     1     1    14     8    31     6     0     0   -31.0   53.806  -18.942     68.1    995.2    288.1      0.0     91.3
     1     1    14     8    31     5     0     1   -32.0   53.416  -19.641     68.4    995.7    288.2      0.0     90.4
     1     1    14     8    31     4     0     2   -33.0   53.046  -20.360     67.8    996.8    288.2      0.0     87.3
     1     1    14     8    31     3     0     3   -34.0   52.668  -21.080     65.8    996.7    288.1      0.0     87.4
     1     1    14     8    31     2     0     2   -35.0   52.285  -21.790     62.9    997.9    288.6      0.1     88.6
     1     1    14     8    31     1     0     1   -36.0   51.914  -22.509     62.7    998.0    288.8      0.1     88.4
     1     1    14     8    31     0     0     0   -37.0   51.548  -23.235     65.0    997.6    288.8      0.1     86.0
     1     1    14     8    30    23     0     1   -38.0   51.185  -23.967     68.7    997.5    289.1      0.0     86.3
     1     1    14     8    30    22     0     2   -39.0   50.831  -24.696     72.4    997.2    289.4      0.0     86.2
     1     1    14     8    30    21     0     3   -40.0   50.484  -25.421     76.2    996.7    289.6      0.0     84.9
     1     1    14     8    30    20     0     2   -41.0   50.135  -26.118     78.5    995.9    289.7      0.0     85.6
     1     1    14     8    30    19     0     1   -42.0   49.782  -26.784     79.3    995.3    290.3      0.0     87.8
     1     1    14     8    30    18     0     0   -43.0   49.426  -27.453     80.1    994.5    290.7      0.0     87.4
     1     1    14     8    30    17     0     1   -44.0   49.069  -28.112     78.3    994.4    290.8      0.0     85.2
     1     1    14     8    30    16     0     2   -45.0   48.703  -28.725     72.8    995.1    291.4      0.0     87.9
     1     1    14     8    30    15     0     3   -46.0   48.324  -29.313     64.8    996.0    291.9      0.0     89.4
     1     1    14     8    30    14     0     2   -47.0   47.948  -29.882     58.2    997.9    292.3      0.0     88.5
     1     1    14     8    30    13     0     1   -48.0   47.568  -30.407     54.6    998.0    292.5      0.0     90.6
     1     1    14     8    30    12     0     0   -49.0   47.158  -30.878     52.9    998.4    293.0      0.0     94.1
     1     1    14     8    30    11     0     1   -50.0   46.744  -31.311     51.3    998.4    293.1      0.0     93.9
     1     1    14     8    30    10     0     2   -51.0   46.346  -31.715     47.3    998.7    293.2      0.0     94.2
     1     1    14     8    30     9     0     3   -52.0   45.948  -32.090     40.7    999.0    293.4      0.0     95.1
     1     1    14     8    30     8     0     2   -53.0   45.563  -32.447     35.1   1000.4    293.5      0.1     94.8
     1     1    14     8    30     7     0     1   -54.0   45.198  -32.793     32.5   1000.7    293.6      0.0     94.1
     1     1    14     8    30     6     0     0   -55.0   44.832  -33.120     31.5   1000.6    293.7      0.0     93.1
     1     1    14     8    30     5     0     1   -56.0   44.471  -33.428     30.9   1001.9    293.9      0.0     93.6
     1     1    14     8    30     4     0     2   -57.0   44.128  -33.716     28.8   1003.0    294.0      0.0     93.2
     1     1    14     8    30     3     0     3   -58.0   43.796  -33.977     25.3   1004.0    294.2      0.0     93.0
     1     1    14     8    30     2     0     2   -59.0   43.488  -34.217     22.5   1004.9    294.4      0.0     93.5
     1     1    14     8    30     1     0     1   -60.0   43.210  -34.448     21.5   1005.3    294.6      0.0     93.7
     1     1    14     8    30     0     0     0   -61.0   42.954  -34.669     21.4   1005.6    294.7      0.0     93.6
     1     1    14     8    29    23     0     1   -62.0   42.717  -34.883     21.3   1005.9    295.0      0.0     92.8
     1     1    14     8    29    22     0     2   -63.0   42.498  -35.097     21.3   1006.5    295.1      0.0     91.7
     1     1    14     8    29    21     0     3   -64.0   42.298  -35.311     21.3   1007.5    295.3      0.0     90.4
     1     1    14     8    29    20     0     2   -65.0   42.116  -35.517     21.3   1007.5    295.4      0.0     89.0
     1     1    14     8    29    19     0     1   -66.0   41.951  -35.711     21.3   1007.1    295.5      0.0     88.0
     1     1    14     8    29    18     0     0   -67.0   41.804  -35.892     21.3   1006.9    295.6      0.0     87.7
     1     1    14     8    29    17     0     1   -68.0   41.672  -36.050     21.3   1007.8    295.6      0.0     88.0
     1     1    14     8    29    16     0     2   -69.0   41.558  -36.179     21.3   1008.5    295.7      0.0     88.2
     1     1    14     8    29    15     0     3   -70.0   41.465  -36.283     21.3   1009.1    295.7      0.0     88.7
     1     1    14     8    29    14     0     2   -71.0   41.396  -36.368     21.3   1009.4    295.8      0.0     89.2
     1     1    14     8    29    13     0     1   -72.0   41.354  -36.438     21.3   1009.7    295.8      0.0     89.8
