     7     1
    GDAS    14     8    22     0     0
    GDAS    14     8    29     0     0
    GDAS    14     9     1     0     0
    GDAS    14     9     8     0     0
    GDAS    14     9    15     0     0
    GDAS    14     9    22     0     0
    GDAS    14     9    29     0     0
     1 BACKWARD OMEGA   
    14     9    13    18   56.467   -2.973   100.0
     4 PRESSURE AIR_TEMP RAINFALL RELHUMID
     1     1    14     9    13    18     0     0     0.0   56.467   -2.973    100.0    986.8    287.0      0.0     88.2
     1     1    14     9    13    17     0     1    -1.0   56.431   -2.814     65.9    997.1    287.2      0.0     84.3
     1     1    14     9    13    16     0     2    -2.0   56.389   -2.658     42.6   1004.7    287.5      0.0     81.3
     1     1    14     9    13    15     0     3    -3.0   56.341   -2.499     28.7   1010.9    287.6      0.0     79.1
     1     1    14     9    13    14     0     2    -4.0   56.290   -2.346     21.7   1016.1    287.5      0.0     79.4
     1     1    14     9    13    13     0     1    -5.0   56.241   -2.211     18.3   1019.7    287.2      0.0     80.2
     1     1    14     9    13    12     0     0    -6.0   56.196   -2.099     16.7   1021.8    287.0      0.0     81.6
     1     1    14     9    13    11     0     1    -7.0   56.153   -2.018     16.1   1023.0    286.7      0.0     84.7
     1     1    14     9    13    10     0     2    -8.0   56.112   -1.979     16.3   1023.0    286.6      0.0     87.3
     1     1    14     9    13     9     0     3    -9.0   56.073   -1.984     16.9   1022.6    286.6      0.0     90.1
     1     1    14     9    13     8     0     2   -10.0   56.036   -2.017     17.7   1022.5    286.6      0.0     90.1
     1     1    14     9    13     7     0     1   -11.0   55.998   -2.060     18.3   1022.2    286.5      0.0     90.3
     1     1    14     9    13     6     0     0   -12.0   55.958   -2.113     18.8   1020.9    286.1      0.0     90.3
     1     1    14     9    13     5     0     1   -13.0   55.919   -2.170     19.4   1019.2    285.8      0.0     88.6
     1     1    14     9    13     4     0     2   -14.0   55.886   -2.229     20.4   1017.6    285.3      0.0     87.2
     1     1    14     9    13     3     0     3   -15.0   55.859   -2.294     21.9   1016.1    284.9      0.0     85.8
     1     1    14     9    13     2     0     2   -16.0   55.831   -2.364     23.8   1014.1    284.8      0.0     84.8
     1     1    14     9    13     1     0     1   -17.0   55.800   -2.440     26.2   1012.2    284.7      0.0     83.6
     1     1    14     9    13     0     0     0   -18.0   55.766   -2.522     28.8   1010.4    284.7      0.0     82.4
     1     1    14     9    12    23     0     1   -19.0   55.728   -2.595     32.0   1009.2    285.1      0.0     80.8
     1     1    14     9    12    22     0     2   -20.0   55.680   -2.644     36.7   1008.0    285.7      0.0     79.1
     1     1    14     9    12    21     0     3   -21.0   55.622   -2.669     43.1   1006.8    286.4      0.0     77.3
     1     1    14     9    12    20     0     2   -22.0   55.560   -2.674     48.5   1005.6    286.8      0.0     75.6
     1     1    14     9    12    19     0     1   -23.0   55.503   -2.666     49.5   1005.0    287.2      0.0     74.0
     1     1    14     9    12    18     0     0   -24.0   55.449   -2.647     46.1   1004.9    287.5      0.0     72.4
     1     1    14     9    12    17     0     1   -25.0   55.396   -2.621     40.5   1004.6    288.3      0.0     71.4
     1     1    14     9    12    16     0     2   -26.0   55.347   -2.587     34.7   1004.0    289.3      0.0     70.1
     1     1    14     9    12    15     0     3   -27.0   55.299   -2.543     28.9   1003.2    290.5      0.0     68.5
     1     1    14     9    12    14     0     2   -28.0   55.255   -2.501     23.7   1004.0    290.8      0.0     69.3
     1     1    14     9    12    13     0     1   -29.0   55.214   -2.473     19.9   1004.6    291.2      0.0     70.1
     1     1    14     9    12    12     0     0   -30.0   55.176   -2.460     17.1   1005.3    291.6      0.0     70.9
     1     1    14     9    12    11     0     1   -31.0   55.138   -2.446     15.4   1004.5    290.7      0.0     75.6
     1     1    14     9    12    10     0     2   -32.0   55.097   -2.412     14.5   1003.4    289.7      0.0     80.4
     1     1    14     9    12     9     0     3   -33.0   55.052   -2.359     14.1   1001.7    288.5      0.0     85.6
     1     1    14     9    12     8     0     2   -34.0   55.004   -2.303     14.0   1000.3    286.0      0.0     86.3
     1     1    14     9    12     7     0     1   -35.0   54.957   -2.260     14.2    999.6    283.4      0.0     87.4
     1     1    14     9    12     6     0     0   -36.0   54.911   -2.228     14.9    999.1    280.9      0.0     88.7
     1     1    14     9    12     5     0     1   -37.0   54.865   -2.203     15.9    998.5    280.7      0.0     87.5
     1     1    14     9    12     4     0     2   -38.0   54.818   -2.180     17.0    998.0    280.4      0.0     86.3
     1     1    14     9    12     3     0     3   -39.0   54.772   -2.157     18.2    997.3    279.9      0.0     84.9
     1     1    14     9    12     2     0     2   -40.0   54.725   -2.132     19.3    996.6    280.1      0.0     85.0
     1     1    14     9    12     1     0     1   -41.0   54.675   -2.099     20.0    995.6    280.3      0.0     85.2
     1     1    14     9    12     0     0     0   -42.0   54.622   -2.059     20.2    994.5    280.4      0.0     85.6
     1     1    14     9    11    23     0     1   -43.0   54.568   -2.010     19.9    993.3    280.6      0.0     85.1
     1     1    14     9    11    22     0     2   -44.0   54.517   -1.951     18.8    994.2    281.1      0.0     83.8
     1     1    14     9    11    21     0     3   -45.0   54.468   -1.880     17.1    996.1    281.8      0.0     82.2
     1     1    14     9    11    20     0     2   -46.0   54.421   -1.794     14.7    998.2    283.4      0.0     78.5
     1     1    14     9    11    19     0     1   -47.0   54.377   -1.692     12.2   1000.7    284.8      0.0     74.7
     1     1    14     9    11    18     0     0   -48.0   54.337   -1.574     10.1   1003.4    286.3      0.0     70.7
     1     1    14     9    11    17     0     1   -49.0   54.303   -1.446      8.7   1005.9    288.0      0.0     67.6
     1     1    14     9    11    16     0     2   -50.0   54.280   -1.316      7.8   1008.6    289.8      0.0     64.8
     1     1    14     9    11    15     0     3   -51.0   54.268   -1.183      7.3   1011.5    291.5      0.0     62.4
     1     1    14     9    11    14     0     2   -52.0   54.258   -1.052      7.1   1015.7    292.2      0.0     63.9
     1     1    14     9    11    13     0     1   -53.0   54.245   -0.935      7.0   1017.9    293.0      0.0     65.6
     1     1    14     9    11    12     0     0   -54.0   54.228   -0.837      6.9   1018.8    293.8      0.0     67.4
     1     1    14     9    11    11     0     1   -55.0   54.207   -0.753      6.7   1018.4    292.6      0.0     72.5
     1     1    14     9    11    10     0     2   -56.0   54.180   -0.676      6.3   1018.0    291.2      0.0     77.6
     1     1    14     9    11     9     0     3   -57.0   54.147   -0.606      5.5   1017.5    289.8      0.0     82.9
     1     1    14     9    11     8     0     2   -58.0   54.113   -0.545      4.7   1016.9    287.3      0.0     85.7
     1     1    14     9    11     7     0     1   -59.0   54.083   -0.492      3.8   1016.3    284.5      0.0     88.7
     1     1    14     9    11     6     0     0   -60.0   54.057   -0.448      3.0   1015.8    281.6      0.0     91.9
     1     1    14     9    11     5     0     1   -61.0   54.034   -0.406      2.3   1015.3    281.3      0.0     91.3
     1     1    14     9    11     4     0     2   -62.0   54.010   -0.361      1.9   1014.9    281.0      0.0     90.6
     1     1    14     9    11     3     0     3   -63.0   53.988   -0.313      1.8   1014.5    280.8      0.0     89.9
     1     1    14     9    11     2     0     2   -64.0   53.964   -0.260      1.6   1014.3    281.4      0.0     89.5
     1     1    14     9    11     1     0     1   -65.0   53.935   -0.201      1.1   1014.1    282.0      0.0     89.0
     1     1    14     9    11     0     0     0   -66.0   53.900   -0.135      0.2   1013.8    282.5      0.0     88.4
     1     1    14     9    10    23     0     1   -67.0   53.867   -0.055      0.0   1013.8    283.1      0.0     85.9
     1     1    14     9    10    22     0     2   -68.0   53.852    0.070      0.0   1021.2    287.6      0.0     78.9
     1     1    14     9    10    21     0     3   -69.0   53.865    0.242      0.0   1021.2    287.9      0.0     77.0
     1     1    14     9    10    20     0     2   -70.0   53.891    0.421      0.0   1021.2    288.1      0.0     76.3
     1     1    14     9    10    19     0     1   -71.0   53.917    0.588      0.0   1021.2    288.2      0.0     75.8
     1     1    14     9    10    18     0     0   -72.0   53.939    0.736      0.4   1021.2    288.3      0.0     75.6
