     7     1
    GDAS    14     8    22     0     0
    GDAS    14     8    29     0     0
    GDAS    14     9     1     0     0
    GDAS    14     9     8     0     0
    GDAS    14     9    15     0     0
    GDAS    14     9    22     0     0
    GDAS    14     9    29     0     0
     1 BACKWARD OMEGA   
    14     9     6     6   56.467   -2.973   100.0
     4 PRESSURE AIR_TEMP RAINFALL RELHUMID
     1     1    14     9     6     6     0     0     0.0   56.467   -2.973    100.0    972.9    281.5      0.0     88.3
     1     1    14     9     6     5     0     1    -1.0   56.460   -3.026    137.2    969.0    281.7      0.0     88.0
     1     1    14     9     6     4     0     2    -2.0   56.468   -3.082    180.7    962.4    281.6      0.0     87.4
     1     1    14     9     6     3     0     3    -3.0   56.495   -3.145    228.0    955.7    281.5      0.0     87.2
     1     1    14     9     6     2     0     2    -4.0   56.542   -3.214    277.3    947.8    281.2      0.0     87.9
     1     1    14     9     6     1     0     1    -5.0   56.607   -3.285    326.3    939.0    280.8      0.0     88.6
     1     1    14     9     6     0     0     0    -6.0   56.683   -3.365    374.3    930.0    280.4      0.0     89.4
     1     1    14     9     5    23     0     1    -7.0   56.760   -3.450    414.5    921.2    280.1      0.0     90.6
     1     1    14     9     5    22     0     2    -8.0   56.835   -3.531    441.4    914.1    279.9      0.0     92.0
     1     1    14     9     5    21     0     3    -9.0   56.914   -3.597    457.5    908.2    279.7      0.0     93.4
     1     1    14     9     5    20     0     2   -10.0   57.000   -3.646    457.3    902.9    279.6      0.2     93.5
     1     1    14     9     5    19     0     1   -11.0   57.092   -3.690    439.5    909.4    280.1      0.3     92.4
     1     1    14     9     5    18     0     0   -12.0   57.187   -3.738    410.1    917.0    280.8      0.3     90.3
     1     1    14     9     5    17     0     1   -13.0   57.278   -3.812    381.7    924.2    281.7      0.0     87.7
     1     1    14     9     5    16     0     2   -14.0   57.362   -3.933    367.0    928.1    282.3      0.0     84.6
     1     1    14     9     5    15     0     3   -15.0   57.442   -4.097    364.5    930.8    282.7      0.0     81.5
     1     1    14     9     5    14     0     2   -16.0   57.509   -4.291    363.1    933.9    282.3      0.0     82.9
     1     1    14     9     5    13     0     1   -17.0   57.559   -4.499    354.7    936.1    282.0      0.0     84.8
     1     1    14     9     5    12     0     0   -18.0   57.596   -4.713    333.4    938.9    281.7      0.0     86.4
     1     1    14     9     5    11     0     1   -19.0   57.623   -4.920    298.4    942.8    281.6      0.0     88.2
     1     1    14     9     5    10     0     2   -20.0   57.644   -5.109    259.0    952.7    282.0      0.0     89.2
     1     1    14     9     5     9     0     3   -21.0   57.664   -5.275    227.1    963.2    282.4      0.0     89.5
     1     1    14     9     5     8     0     2   -22.0   57.696   -5.433    198.0    971.6    282.8      0.9     88.9
     1     1    14     9     5     7     0     1   -23.0   57.754   -5.597    165.2    982.8    283.4      0.2     87.7
     1     1    14     9     5     6     0     0   -24.0   57.840   -5.764    134.7    994.5    284.1      0.3     86.2
     1     1    14     9     5     5     0     1   -25.0   57.939   -5.958    109.7   1006.0    284.9      0.3     85.5
     1     1    14     9     5     4     0     2   -26.0   58.038   -6.203     92.9   1008.2    285.2      0.3     85.4
     1     1    14     9     5     3     0     3   -27.0   58.139   -6.498     87.2   1006.0    285.2      0.4     83.8
     1     1    14     9     5     2     0     2   -28.0   58.234   -6.823     91.7   1002.2    285.1      1.2     84.0
     1     1    14     9     5     1     0     1   -29.0   58.325   -7.169     96.7   1000.9    285.1      1.3     84.6
     1     1    14     9     5     0     0     0   -30.0   58.425   -7.540     96.0   1003.3    285.4      1.0     83.4
     1     1    14     9     4    23     0     1   -31.0   58.524   -7.927     94.8   1005.5    285.5      0.0     82.3
     1     1    14     9     4    22     0     2   -32.0   58.607   -8.310     96.5   1005.3    285.5      0.0     82.0
     1     1    14     9     4    21     0     3   -33.0   58.671   -8.684     99.4   1004.6    285.4      0.0     80.7
     1     1    14     9     4    20     0     2   -34.0   58.727   -9.067    102.9   1003.8    285.3      1.0     81.7
     1     1    14     9     4    19     0     1   -35.0   58.786   -9.473    107.9   1003.0    285.3      1.2     83.0
     1     1    14     9     4    18     0     0   -36.0   58.851   -9.888    115.6   1001.9    285.2      0.0     83.3
     1     1    14     9     4    17     0     1   -37.0   58.901  -10.315    123.5   1000.3    285.3      0.2     84.0
     1     1    14     9     4    16     0     2   -38.0   58.931  -10.752    128.6    999.3    285.4      0.0     85.0
     1     1    14     9     4    15     0     3   -39.0   58.965  -11.187    130.4    998.7    285.4      0.0     85.4
     1     1    14     9     4    14     0     2   -40.0   59.006  -11.621    130.4    998.8    285.4      0.6     84.1
     1     1    14     9     4    13     0     1   -41.0   59.057  -12.049    130.4    998.7    285.4      0.6     83.8
     1     1    14     9     4    12     0     0   -42.0   59.128  -12.448    130.8    998.5    285.3      0.7     83.1
     1     1    14     9     4    11     0     1   -43.0   59.192  -12.828    131.0    998.3    285.2      0.3     82.6
     1     1    14     9     4    10     0     2   -44.0   59.236  -13.211    131.2    998.3    285.2      0.3     83.3
     1     1    14     9     4     9     0     3   -45.0   59.274  -13.597    133.0    998.2    285.1      0.0     83.3
     1     1    14     9     4     8     0     2   -46.0   59.300  -13.965    134.2    997.4    285.0      0.6     82.9
     1     1    14     9     4     7     0     1   -47.0   59.296  -14.307    132.2    997.3    285.1      0.6     83.3
     1     1    14     9     4     6     0     0   -48.0   59.273  -14.630    128.8    997.4    285.1      0.0     82.9
     1     1    14     9     4     5     0     1   -49.0   59.237  -14.947    126.2    997.8    285.1      0.2     81.6
     1     1    14     9     4     4     0     2   -50.0   59.177  -15.264    123.7    998.0    285.2      0.2     81.0
     1     1    14     9     4     3     0     3   -51.0   59.089  -15.578    120.5    998.4    285.3      0.0     79.8
     1     1    14     9     4     2     0     2   -52.0   58.998  -15.894    119.0    998.9    285.2      0.7     78.6
     1     1    14     9     4     1     0     1   -53.0   58.916  -16.212    119.7    998.8    285.2      0.7     78.2
     1     1    14     9     4     0     0     0   -54.0   58.830  -16.526    121.2    998.7    285.2      0.0     77.4
     1     1    14     9     3    23     0     1   -55.0   58.738  -16.830    124.0    998.4    285.2      0.0     77.3
     1     1    14     9     3    22     0     2   -56.0   58.648  -17.128    129.9    997.7    285.3      0.0     77.5
     1     1    14     9     3    21     0     3   -57.0   58.556  -17.430    137.8    996.7    285.3      0.0     77.8
     1     1    14     9     3    20     0     2   -58.0   58.449  -17.732    145.9    995.4    285.2      0.0     77.1
     1     1    14     9     3    19     0     1   -59.0   58.341  -18.026    156.7    994.0    285.0      0.0     76.3
     1     1    14     9     3    18     0     0   -60.0   58.235  -18.315    169.4    991.5    284.8      0.0     77.4
     1     1    14     9     3    17     0     1   -61.0   58.123  -18.607    180.8    990.3    284.7      0.0     76.5
     1     1    14     9     3    16     0     2   -62.0   58.004  -18.890    193.8    989.0    284.5      0.0     74.2
     1     1    14     9     3    15     0     3   -63.0   57.876  -19.160    209.0    987.1    284.4      0.0     74.1
     1     1    14     9     3    14     0     2   -64.0   57.740  -19.440    221.5    985.3    284.2      0.0     75.7
     1     1    14     9     3    13     0     1   -65.0   57.596  -19.742    228.5    984.8    284.1      0.0     76.0
     1     1    14     9     3    12     0     0   -66.0   57.451  -20.051    234.1    984.5    284.0      0.0     75.2
     1     1    14     9     3    11     0     1   -67.0   57.310  -20.365    241.8    983.7    284.0      0.0     75.4
     1     1    14     9     3    10     0     2   -68.0   57.171  -20.692    254.0    982.5    283.9      0.0     74.5
     1     1    14     9     3     9     0     3   -69.0   57.027  -21.036    273.1    980.5    283.7      0.0     72.1
     1     1    14     9     3     8     0     2   -70.0   56.876  -21.390    294.4    976.5    283.4      0.0     75.2
     1     1    14     9     3     7     0     1   -71.0   56.723  -21.734    313.4    973.9    283.2      0.0     76.8
     1     1    14     9     3     6     0     0   -72.0   56.572  -22.060    333.9    971.2    282.9      0.0     77.1
