     7     1
    GDAS    14     8    22     0     0
    GDAS    14     8    29     0     0
    GDAS    14     9     1     0     0
    GDAS    14     9     8     0     0
    GDAS    14     9    15     0     0
    GDAS    14     9    22     0     0
    GDAS    14     9    29     0     0
     1 BACKWARD OMEGA   
    14     9     3     4   56.467   -2.973   100.0
     4 PRESSURE AIR_TEMP RAINFALL RELHUMID
     1     1    14     9     3     4     0     2     0.0   56.467   -2.973    100.0    979.9    283.9      0.0     86.3
     1     1    14     9     3     3     0     3    -1.0   56.382   -2.969    118.5    981.1    284.3      0.0     83.9
     1     1    14     9     3     2     0     2    -2.0   56.296   -2.951    139.3    982.6    285.0      0.0     82.2
     1     1    14     9     3     1     0     1    -3.0   56.214   -2.925    161.8    982.9    285.5      0.0     80.5
     1     1    14     9     3     0     0     0    -4.0   56.138   -2.889    183.7    983.2    285.9      0.0     78.8
     1     1    14     9     2    23     0     1    -5.0   56.062   -2.855    203.4    983.7    286.3      0.0     77.0
     1     1    14     9     2    22     0     2    -6.0   55.981   -2.833    220.6    983.9    286.6      0.0     75.1
     1     1    14     9     2    21     0     3    -7.0   55.893   -2.829    234.9    982.1    286.8      0.0     74.1
     1     1    14     9     2    20     0     2    -8.0   55.806   -2.836    246.2    980.4    286.9      0.0     73.9
     1     1    14     9     2    19     0     1    -9.0   55.727   -2.842    254.5    978.9    287.0      0.0     73.3
     1     1    14     9     2    18     0     0   -10.0   55.657   -2.846    258.9    978.0    287.2      0.0     72.6
     1     1    14     9     2    17     0     1   -11.0   55.596   -2.853    258.2    977.7    287.2      0.0     72.3
     1     1    14     9     2    16     0     2   -12.0   55.543   -2.870    252.4    978.1    287.3      0.0     71.9
     1     1    14     9     2    15     0     3   -13.0   55.499   -2.899    243.1    978.9    287.5      0.0     71.3
     1     1    14     9     2    14     0     2   -14.0   55.464   -2.942    235.6    980.4    287.2      0.0     71.7
     1     1    14     9     2    13     0     1   -15.0   55.435   -2.998    234.0    980.9    286.8      0.0     72.6
     1     1    14     9     2    12     0     0   -16.0   55.412   -3.064    237.9    980.8    286.2      0.0     74.0
     1     1    14     9     2    11     0     1   -17.0   55.394   -3.131    244.8    979.8    285.5      0.0     76.5
     1     1    14     9     2    10     0     2   -18.0   55.381   -3.191    252.8    978.9    284.9      0.0     78.9
     1     1    14     9     2     9     0     3   -19.0   55.373   -3.246    261.9    977.8    284.3      0.0     81.3
     1     1    14     9     2     8     0     2   -20.0   55.374   -3.306    270.8    976.4    284.0      0.0     81.9
     1     1    14     9     2     7     0     1   -21.0   55.389   -3.381    279.2    975.2    283.7      0.0     82.6
     1     1    14     9     2     6     0     0   -22.0   55.417   -3.475    288.2    973.9    283.5      0.0     83.4
     1     1    14     9     2     5     0     1   -23.0   55.454   -3.586    298.4    972.6    283.7      0.0     83.3
     1     1    14     9     2     4     0     2   -24.0   55.498   -3.706    309.4    971.1    283.9      0.0     82.9
     1     1    14     9     2     3     0     3   -25.0   55.549   -3.835    321.5    969.6    284.2      0.0     82.3
     1     1    14     9     2     2     0     2   -26.0   55.606   -3.980    342.0    967.9    284.2      0.0     82.3
     1     1    14     9     2     1     0     1   -27.0   55.669   -4.144    377.2    963.4    284.0      0.0     82.4
     1     1    14     9     2     0     0     0   -28.0   55.732   -4.324    424.4    957.4    283.8      0.0     83.2
     1     1    14     9     1    23     0     1   -29.0   55.800   -4.528    479.2    949.2    283.3      0.0     85.8
     1     1    14     9     1    22     0     2   -30.0   55.879   -4.774    535.7    940.3    282.8      0.0     89.8
     1     1    14     9     1    21     0     3   -31.0   55.967   -5.084    585.5    933.2    282.3      0.0     94.3
     1     1    14     9     1    20     0     2   -32.0   56.036   -5.458    611.2    934.6    282.5      0.0     92.4
     1     1    14     9     1    19     0     1   -33.0   56.067   -5.876    596.9    942.7    283.1      0.0     90.5
     1     1    14     9     1    18     0     0   -34.0   56.062   -6.341    561.9    952.5    283.8      0.0     88.7
     1     1    14     9     1    17     0     1   -35.0   56.018   -6.855    551.4    957.5    284.3      0.0     86.7
     1     1    14     9     1    16     0     2   -36.0   55.937   -7.384    566.1    953.5    284.2      0.0     87.0
     1     1    14     9     1    15     0     3   -37.0   55.829   -7.908    578.5    949.2    283.9      0.0     88.5
     1     1    14     9     1    14     0     2   -38.0   55.711   -8.424    581.0    949.0    283.9      0.0     88.5
     1     1    14     9     1    13     0     1   -39.0   55.596   -8.928    575.6    951.4    284.1      0.0     88.1
     1     1    14     9     1    12     0     0   -40.0   55.481   -9.425    567.6    953.0    284.2      0.0     87.7
     1     1    14     9     1    11     0     1   -41.0   55.378   -9.934    565.3    953.2    284.2      0.0     86.8
     1     1    14     9     1    10     0     2   -42.0   55.292  -10.468    573.6    952.2    284.1      0.0     86.3
     1     1    14     9     1     9     0     3   -43.0   55.221  -11.018    597.5    949.7    284.0      0.0     85.7
     1     1    14     9     1     8     0     2   -44.0   55.164  -11.579    630.5    944.6    283.6      0.0     87.3
     1     1    14     9     1     7     0     1   -45.0   55.117  -12.149    660.9    940.4    283.2      0.0     88.5
     1     1    14     9     1     6     0     0   -46.0   55.081  -12.735    684.1    936.8    283.0      0.0     89.0
     1     1    14     9     1     5     0     1   -47.0   55.049  -13.361    696.6    935.2    282.8      0.0     88.8
     1     1    14     9     1     4     0     2   -48.0   55.013  -14.049    698.6    934.7    282.8      0.0     87.5
     1     1    14     9     1     3     0     3   -49.0   54.970  -14.799    692.2    935.4    282.8      0.0     87.2
     1     1    14     9     1     2     0     2   -50.0   54.908  -15.599    691.1    936.0    282.8      0.0     88.1
     1     1    14     9     1     1     0     1   -51.0   54.820  -16.425    712.1    933.3    282.5      0.0     89.0
     1     1    14     9     1     0     0     0   -52.0   54.715  -17.259    750.5    928.5    282.2      0.0     91.6
     1     1    14     8    31    23     0     1   -53.0   54.600  -18.087    785.5    924.2    281.5      0.0     93.4
     1     1    14     8    31    22     0     2   -54.0   54.489  -18.907    816.6    920.4    281.0      0.0     93.1
     1     1    14     8    31    21     0     3   -55.0   54.391  -19.731    843.9    917.1    280.4      0.0     94.3
     1     1    14     8    31    20     0     2   -56.0   54.303  -20.574    869.2    914.0    280.2      0.0     95.0
     1     1    14     8    31    19     0     1   -57.0   54.220  -21.452    896.0    910.4    280.0      0.0     93.6
     1     1    14     8    31    18     0     0   -58.0   54.140  -22.369    920.4    907.2    279.8      0.0     93.7
     1     1    14     8    31    17     0     1   -59.0   54.062  -23.306    944.6    904.0    279.8      0.0     89.7
     1     1    14     8    31    16     0     2   -60.0   53.988  -24.272    955.3    902.4    279.8      0.0     83.5
     1     1    14     8    31    15     0     3   -61.0   53.941  -25.299    937.5    903.9    279.9      0.0     80.6
     1     1    14     8    31    14     0     2   -62.0   53.910  -26.372    924.5    906.0    279.9      0.0     81.3
     1     1    14     8    31    13     0     1   -63.0   53.873  -27.464    961.0    901.1    279.7      0.0     79.3
     1     1    14     8    31    12     0     0   -64.0   53.819  -28.562   1016.4    894.1    279.2      0.0     81.8
     1     1    14     8    31    11     0     1   -65.0   53.773  -29.636   1065.8    888.6    278.8      0.0     80.0
     1     1    14     8    31    10     0     2   -66.0   53.732  -30.672   1117.7    882.6    278.2      0.0     79.7
     1     1    14     8    31     9     0     3   -67.0   53.686  -31.673   1170.3    877.0    277.4      0.0     79.4
     1     1    14     8    31     8     0     2   -68.0   53.688  -32.651   1209.9    871.2    277.5      0.0     74.1
     1     1    14     8    31     7     0     1   -69.0   53.720  -33.616   1214.5    870.5    277.5      0.0     73.9
     1     1    14     8    31     6     0     0   -70.0   53.743  -34.582   1203.6    871.0    277.4      0.0     74.2
     1     1    14     8    31     5     0     1   -71.0   53.805  -35.535   1191.2    872.7    277.7      0.0     68.1
     1     1    14     8    31     4     0     2   -72.0   53.898  -36.434   1202.8    870.6    277.4      0.0     68.8
