     7     1
    GDAS    14     8    22     0     0
    GDAS    14     8    29     0     0
    GDAS    14     9     1     0     0
    GDAS    14     9     8     0     0
    GDAS    14     9    15     0     0
    GDAS    14     9    22     0     0
    GDAS    14     9    29     0     0
     1 BACKWARD OMEGA   
    14     9     8    14   56.467   -2.973   100.0
     4 PRESSURE AIR_TEMP RAINFALL RELHUMID
     1     1    14     9     8    14     0     2     0.0   56.467   -2.973    100.0    976.6    285.8      0.0     69.3
     1     1    14     9     8    13     0     1    -1.0   56.557   -3.130    120.5    970.4    285.0      0.0     71.0
     1     1    14     9     8    12     0     0    -2.0   56.645   -3.310    153.9    961.2    283.8      0.0     73.6
     1     1    14     9     8    11     0     1    -3.0   56.738   -3.504    193.8    949.6    282.3      0.0     79.6
     1     1    14     9     8    10     0     2    -4.0   56.847   -3.700    237.9    936.8    280.8      0.0     85.8
     1     1    14     9     8     9     0     3    -5.0   56.972   -3.888    283.6    922.3    279.3      0.0     92.3
     1     1    14     9     8     8     0     2    -6.0   57.122   -4.067    328.2    920.3    279.0      0.0     94.8
     1     1    14     9     8     7     0     1    -7.0   57.304   -4.247    371.8    925.8    279.3      0.0     95.7
     1     1    14     9     8     6     0     0    -8.0   57.512   -4.433    409.8    929.5    279.4      0.0     96.6
     1     1    14     9     8     5     0     1    -9.0   57.740   -4.649    423.8    932.6    279.7      0.0     97.0
     1     1    14     9     8     4     0     2   -10.0   57.972   -4.918    373.9    937.2    280.2      0.0     98.1
     1     1    14     9     8     3     0     3   -11.0   58.196   -5.205    276.7    964.4    282.0      0.0     95.5
     1     1    14     9     8     2     0     2   -12.0   58.424   -5.477    203.9    987.4    283.6      0.0     90.3
     1     1    14     9     8     1     0     1   -13.0   58.664   -5.740    167.9    998.2    284.3      0.0     87.6
     1     1    14     9     8     0     0     0   -14.0   58.922   -6.013    155.6   1001.5    284.6      0.0     87.2
     1     1    14     9     7    23     0     1   -15.0   59.185   -6.294    155.3   1000.5    284.5      0.0     87.6
     1     1    14     9     7    22     0     2   -16.0   59.439   -6.567    158.8    999.6    284.4      0.0     88.6
     1     1    14     9     7    21     0     3   -17.0   59.690   -6.826    162.5    998.9    284.4      0.0     90.2
     1     1    14     9     7    20     0     2   -18.0   59.939   -7.081    164.9    998.3    284.3      0.0     90.8
     1     1    14     9     7    19     0     1   -19.0   60.187   -7.359    167.8    998.1    284.3      0.0     90.9
     1     1    14     9     7    18     0     0   -20.0   60.427   -7.677    173.4    997.1    284.2      0.0     91.4
     1     1    14     9     7    17     0     1   -21.0   60.651   -8.041    181.5    996.2    284.0      0.0     91.8
     1     1    14     9     7    16     0     2   -22.0   60.848   -8.440    191.8    995.2    283.9      0.0     91.9
     1     1    14     9     7    15     0     3   -23.0   61.023   -8.870    203.9    993.9    283.7      0.0     91.9
     1     1    14     9     7    14     0     2   -24.0   61.173   -9.321    212.4    992.3    283.6      0.0     91.9
     1     1    14     9     7    13     0     1   -25.0   61.295   -9.778    214.7    992.4    283.6      0.0     91.9
     1     1    14     9     7    12     0     0   -26.0   61.394  -10.244    214.9    992.7    283.6      0.0     92.0
     1     1    14     9     7    11     0     1   -27.0   61.476  -10.719    216.2    992.8    283.6      0.0     89.8
     1     1    14     9     7    10     0     2   -28.0   61.541  -11.209    220.2    992.5    283.6      0.0     88.1
     1     1    14     9     7     9     0     3   -29.0   61.589  -11.710    226.8    991.8    283.5      0.0     87.4
     1     1    14     9     7     8     0     2   -30.0   61.620  -12.223    233.7    990.8    283.5      0.0     87.2
     1     1    14     9     7     7     0     1   -31.0   61.638  -12.755    238.1    990.3    283.5      0.0     86.5
     1     1    14     9     7     6     0     0   -32.0   61.643  -13.307    239.6    990.1    283.5      0.0     86.3
     1     1    14     9     7     5     0     1   -33.0   61.631  -13.869    240.6    990.3    283.5      0.0     85.7
     1     1    14     9     7     4     0     2   -34.0   61.598  -14.425    243.4    990.0    283.4      0.0     85.0
     1     1    14     9     7     3     0     3   -35.0   61.546  -14.968    245.2    989.6    283.4      0.0     84.9
     1     1    14     9     7     2     0     2   -36.0   61.476  -15.492    245.9    990.0    283.4      0.0     85.4
     1     1    14     9     7     1     0     1   -37.0   61.391  -15.996    247.1    990.1    283.4      0.0     85.4
     1     1    14     9     7     0     0     0   -38.0   61.291  -16.473    247.6    990.3    283.4      0.0     85.9
     1     1    14     9     6    23     0     1   -39.0   61.183  -16.911    247.6    990.5    283.6      0.0     85.1
     1     1    14     9     6    22     0     2   -40.0   61.073  -17.298    247.6    990.6    283.7      0.0     83.5
     1     1    14     9     6    21     0     3   -41.0   60.953  -17.631    247.6    990.7    283.8      0.0     82.9
     1     1    14     9     6    20     0     2   -42.0   60.830  -17.931    249.0    990.4    283.8      0.0     83.3
     1     1    14     9     6    19     0     1   -43.0   60.711  -18.218    252.8    989.6    283.7      0.0     83.2
     1     1    14     9     6    18     0     0   -44.0   60.595  -18.488    258.5    988.7    283.7      0.0     83.3
     1     1    14     9     6    17     0     1   -45.0   60.485  -18.759    266.6    988.2    283.6      0.0     84.5
     1     1    14     9     6    16     0     2   -46.0   60.382  -19.051    277.9    986.9    283.4      0.0     84.7
     1     1    14     9     6    15     0     3   -47.0   60.287  -19.362    292.6    985.2    283.2      0.0     84.3
     1     1    14     9     6    14     0     2   -48.0   60.188  -19.675    306.1    983.0    283.0      0.0     84.5
     1     1    14     9     6    13     0     1   -49.0   60.076  -19.972    314.0    982.1    282.8      0.0     84.2
     1     1    14     9     6    12     0     0   -50.0   59.950  -20.255    316.6    981.9    282.7      0.0     84.2
     1     1    14     9     6    11     0     1   -51.0   59.811  -20.534    316.6    982.2    282.9      0.0     85.1
     1     1    14     9     6    10     0     2   -52.0   59.658  -20.814    316.9    982.3    283.1      0.0     86.1
     1     1    14     9     6     9     0     3   -53.0   59.488  -21.090    317.8    982.3    283.1      0.0     87.1
     1     1    14     9     6     8     0     2   -54.0   59.317  -21.358    319.9    981.9    283.1      0.0     87.9
     1     1    14     9     6     7     0     1   -55.0   59.155  -21.616    324.6    981.4    283.0      0.0     88.4
     1     1    14     9     6     6     0     0   -56.0   59.003  -21.854    334.1    980.2    282.9      0.0     88.6
     1     1    14     9     6     5     0     1   -57.0   58.848  -22.080    346.9    978.5    282.7      0.0     88.2
     1     1    14     9     6     4     0     2   -58.0   58.682  -22.309    358.2    977.1    282.6      0.0     88.0
     1     1    14     9     6     3     0     3   -59.0   58.507  -22.540    365.7    976.4    282.5      0.0     87.9
     1     1    14     9     6     2     0     2   -60.0   58.335  -22.756    370.3    976.4    282.4      0.0     88.5
     1     1    14     9     6     1     0     1   -61.0   58.179  -22.945    373.5    976.5    282.4      0.0     88.7
     1     1    14     9     6     0     0     0   -62.0   58.040  -23.108    375.0    976.6    282.4      0.0     88.5
     1     1    14     9     5    23     0     1   -63.0   57.913  -23.269    375.0    977.0    282.6      0.0     88.0
     1     1    14     9     5    22     0     2   -64.0   57.792  -23.454    374.5    977.3    282.8      0.0     87.0
     1     1    14     9     5    21     0     3   -65.0   57.675  -23.663    374.3    977.6    283.0      0.0     85.4
     1     1    14     9     5    20     0     2   -66.0   57.563  -23.885    374.8    977.5    283.0      0.0     85.6
     1     1    14     9     5    19     0     1   -67.0   57.456  -24.114    376.8    977.2    283.0      0.0     85.8
     1     1    14     9     5    18     0     0   -68.0   57.353  -24.350    381.4    976.6    282.9      0.0     85.5
     1     1    14     9     5    17     0     1   -69.0   57.244  -24.582    388.7    976.1    282.8      0.0     85.2
     1     1    14     9     5    16     0     2   -70.0   57.125  -24.797    397.8    975.5    282.7      0.0     84.5
     1     1    14     9     5    15     0     3   -71.0   57.000  -24.992    409.0    974.7    282.6      0.0     83.4
     1     1    14     9     5    14     0     2   -72.0   56.877  -25.169    418.5    973.4    282.5      0.0     84.6
