     7     1
    GDAS    14     8    22     0     0
    GDAS    14     8    29     0     0
    GDAS    14     9     1     0     0
    GDAS    14     9     8     0     0
    GDAS    14     9    15     0     0
    GDAS    14     9    22     0     0
    GDAS    14     9    29     0     0
     1 BACKWARD OMEGA   
    14     9     8     3   56.467   -2.973   100.0
     4 PRESSURE AIR_TEMP RAINFALL RELHUMID
     1     1    14     9     8     3     0     3     0.0   56.467   -2.973    100.0    973.6    281.1      0.0     89.5
     1     1    14     9     8     2     0     2    -1.0   56.613   -3.282    187.9    957.2    280.7      0.0     90.8
     1     1    14     9     8     1     0     1    -2.0   56.856   -3.614    304.8    927.9    279.4      0.0     95.1
     1     1    14     9     8     0     0     0    -3.0   57.200   -3.956    409.5    911.6    278.5      0.0     98.1
     1     1    14     9     7    23     0     1    -4.0   57.558   -4.314    490.9    920.7    279.1      0.0     95.5
     1     1    14     9     7    22     0     2    -5.0   57.889   -4.689    516.7    921.1    279.2      0.0     96.1
     1     1    14     9     7    21     0     3    -6.0   58.184   -5.054    448.6    934.5    280.0      0.0     96.5
     1     1    14     9     7    20     0     2    -7.0   58.452   -5.371    358.7    966.9    282.0      0.0     91.8
     1     1    14     9     7    19     0     1    -8.0   58.732   -5.644    311.9    980.4    283.0      0.0     88.2
     1     1    14     9     7    18     0     0    -9.0   59.041   -5.899    299.4    983.3    283.3      0.0     88.1
     1     1    14     9     7    17     0     1   -10.0   59.358   -6.163    298.5    981.6    283.0      0.0     88.9
     1     1    14     9     7    16     0     2   -11.0   59.658   -6.458    297.4    981.9    282.9      0.0     89.4
     1     1    14     9     7    15     0     3   -12.0   59.938   -6.787    296.9    981.9    282.7      0.0     90.6
     1     1    14     9     7    14     0     2   -13.0   60.191   -7.112    298.2    982.3    282.6      0.0     91.5
     1     1    14     9     7    13     0     1   -14.0   60.417   -7.395    301.8    981.9    282.4      0.0     92.2
     1     1    14     9     7    12     0     0   -15.0   60.616   -7.635    303.6    981.4    282.3      0.0     93.2
     1     1    14     9     7    11     0     1   -16.0   60.796   -7.856    304.3    981.8    282.4      0.0     93.5
     1     1    14     9     7    10     0     2   -17.0   60.969   -8.082    308.7    981.6    282.3      0.0     93.9
     1     1    14     9     7     9     0     3   -18.0   61.133   -8.315    318.8    980.5    282.2      0.0     93.5
     1     1    14     9     7     8     0     2   -19.0   61.287   -8.554    328.9    978.7    282.1      0.0     93.7
     1     1    14     9     7     7     0     1   -20.0   61.428   -8.794    333.9    978.1    282.1      0.0     94.3
     1     1    14     9     7     6     0     0   -21.0   61.561   -9.035    334.9    978.2    282.1      0.0     95.1
     1     1    14     9     7     5     0     1   -22.0   61.681   -9.306    335.7    978.4    282.2      0.0     94.2
     1     1    14     9     7     4     0     2   -23.0   61.783   -9.634    340.9    978.0    282.3      0.0     93.8
     1     1    14     9     7     3     0     3   -24.0   61.870  -10.014    352.9    976.8    282.3      0.0     94.0
     1     1    14     9     7     2     0     2   -25.0   61.941  -10.425    362.6    974.6    282.2      0.0     93.8
     1     1    14     9     7     1     0     1   -26.0   61.990  -10.846    361.9    975.0    282.3      0.0     92.9
     1     1    14     9     7     0     0     0   -27.0   62.022  -11.280    356.5    976.2    282.4      0.0     92.7
     1     1    14     9     6    23     0     1   -28.0   62.052  -11.725    352.8    976.9    282.6      0.0     93.1
     1     1    14     9     6    22     0     2   -29.0   62.090  -12.194    351.6    976.8    282.7      0.0     92.3
     1     1    14     9     6    21     0     3   -30.0   62.136  -12.707    350.2    976.8    282.8      0.0     92.1
     1     1    14     9     6    20     0     2   -31.0   62.179  -13.290    348.0    976.7    282.9      0.0     91.4
     1     1    14     9     6    19     0     1   -32.0   62.212  -13.950    348.6    976.5    282.9      0.0     91.2
     1     1    14     9     6    18     0     0   -33.0   62.236  -14.673    355.6    975.5    282.8      0.0     90.8
     1     1    14     9     6    17     0     1   -34.0   62.253  -15.426    366.7    974.0    282.6      0.0     90.1
     1     1    14     9     6    16     0     2   -35.0   62.262  -16.184    377.6    972.8    282.5      0.0     90.0
     1     1    14     9     6    15     0     3   -36.0   62.264  -16.928    393.7    971.2    282.4      0.0     90.0
     1     1    14     9     6    14     0     2   -37.0   62.250  -17.642    407.9    969.0    282.2      0.0     91.5
     1     1    14     9     6    13     0     1   -38.0   62.206  -18.318    411.9    968.8    282.2      0.0     92.2
     1     1    14     9     6    12     0     0   -39.0   62.138  -18.970    411.8    969.3    282.2      0.0     92.5
     1     1    14     9     6    11     0     1   -40.0   62.042  -19.602    410.2    969.3    282.1      0.0     94.4
     1     1    14     9     6    10     0     2   -41.0   61.917  -20.204    406.9    969.9    282.1      0.0     94.5
     1     1    14     9     6     9     0     3   -42.0   61.764  -20.765    405.0    970.2    282.1      0.0     93.1
     1     1    14     9     6     8     0     2   -43.0   61.587  -21.311    403.0    969.9    282.1      0.0     92.4
     1     1    14     9     6     7     0     1   -44.0   61.390  -21.875    403.5    970.1    282.1      0.0     92.6
     1     1    14     9     6     6     0     0   -45.0   61.174  -22.462    411.2    969.0    282.1      0.0     93.2
     1     1    14     9     6     5     0     1   -46.0   60.927  -23.061    419.3    967.4    281.9      0.0     93.1
     1     1    14     9     6     4     0     2   -47.0   60.641  -23.647    423.8    967.2    281.9      0.0     92.1
     1     1    14     9     6     3     0     3   -48.0   60.326  -24.223    425.8    967.0    281.9      0.0     90.8
     1     1    14     9     6     2     0     2   -49.0   59.990  -24.775    424.8    967.6    282.1      0.0     89.9
     1     1    14     9     6     1     0     1   -50.0   59.645  -25.281    425.6    968.3    282.1      0.0     89.4
     1     1    14     9     6     0     0     0   -51.0   59.299  -25.753    433.4    968.1    282.2      0.0     88.0
     1     1    14     9     5    23     0     1   -52.0   58.953  -26.204    453.4    966.3    282.3      0.0     85.7
     1     1    14     9     5    22     0     2   -53.0   58.603  -26.632    482.4    962.2    282.1      0.0     84.1
     1     1    14     9     5    21     0     3   -54.0   58.250  -27.039    512.3    958.7    281.9      0.0     80.9
     1     1    14     9     5    20     0     2   -55.0   57.894  -27.445    534.3    955.4    281.8      0.0     80.5
     1     1    14     9     5    19     0     1   -56.0   57.540  -27.854    545.1    954.8    281.6      0.0     81.6
     1     1    14     9     5    18     0     0   -57.0   57.190  -28.261    557.8    954.5    281.6      0.0     81.7
     1     1    14     9     5    17     0     1   -58.0   56.839  -28.643    575.8    952.2    281.4      0.0     83.3
     1     1    14     9     5    16     0     2   -59.0   56.489  -28.974    588.7    950.8    281.2      0.0     85.2
     1     1    14     9     5    15     0     3   -60.0   56.145  -29.264    589.9    950.8    281.2      0.0     86.3
     1     1    14     9     5    14     0     2   -61.0   55.812  -29.528    586.1    952.6    281.2      0.0     87.0
     1     1    14     9     5    13     0     1   -62.0   55.491  -29.777    587.1    953.1    281.1      0.0     86.6
     1     1    14     9     5    12     0     0   -63.0   55.183  -30.011    596.6    952.8    281.1      0.0     86.0
     1     1    14     9     5    11     0     1   -64.0   54.881  -30.235    610.2    950.7    281.0      0.0     85.2
     1     1    14     9     5    10     0     2   -65.0   54.581  -30.452    620.4    949.8    280.9      0.0     84.1
     1     1    14     9     5     9     0     3   -66.0   54.282  -30.666    628.5    949.3    280.9      0.0     82.8
     1     1    14     9     5     8     0     2   -67.0   53.990  -30.868    635.3    948.4    280.9      0.0     81.0
     1     1    14     9     5     7     0     1   -68.0   53.711  -31.041    640.5    947.5    281.0      0.0     79.1
     1     1    14     9     5     6     0     0   -69.0   53.443  -31.180    642.4    946.8    281.0      0.0     77.4
     1     1    14     9     5     5     0     1   -70.0   53.197  -31.287    642.0    947.7    281.0      0.0     73.9
     1     1    14     9     5     4     0     2   -71.0   52.982  -31.371    641.8    948.1    281.0      0.0     69.2
     1     1    14     9     5     3     0     3   -72.0   52.797  -31.429    641.2    948.5    281.0      0.0     64.9
