     7     1
    GDAS    14     8    22     0     0
    GDAS    14     8    29     0     0
    GDAS    14     9     1     0     0
    GDAS    14     9     8     0     0
    GDAS    14     9    15     0     0
    GDAS    14     9    22     0     0
    GDAS    14     9    29     0     0
     1 BACKWARD OMEGA   
    14     9     8     1   56.467   -2.973   100.0
     4 PRESSURE AIR_TEMP RAINFALL RELHUMID
     1     1    14     9     8     1     0     1     0.0   56.467   -2.973    100.0    973.2    281.3      0.0     88.4
     1     1    14     9     8     0     0     0    -1.0   56.630   -3.308    199.9    955.1    280.6      0.0     90.5
     1     1    14     9     7    23     0     1    -2.0   56.894   -3.682    332.2    921.5    278.8      0.0     94.5
     1     1    14     9     7    22     0     2    -3.0   57.220   -4.069    437.6    908.5    277.9      0.0     95.9
     1     1    14     9     7    21     0     3    -4.0   57.535   -4.458    497.9    917.9    278.5      0.0     95.2
     1     1    14     9     7    20     0     2    -5.0   57.826   -4.839    489.9    920.0    278.7      0.0     96.8
     1     1    14     9     7    19     0     1    -6.0   58.085   -5.190    398.4    943.2    280.1      0.0     96.5
     1     1    14     9     7    18     0     0    -7.0   58.331   -5.487    303.2    974.5    282.4      0.0     88.8
     1     1    14     9     7    17     0     1    -8.0   58.593   -5.762    253.4    987.5    283.4      0.0     84.3
     1     1    14     9     7    16     0     2    -9.0   58.870   -6.065    233.2    991.0    283.5      0.0     83.5
     1     1    14     9     7    15     0     3   -10.0   59.143   -6.409    227.3    990.7    283.3      0.0     84.3
     1     1    14     9     7    14     0     2   -11.0   59.402   -6.744    229.4    990.6    283.2      0.0     85.4
     1     1    14     9     7    13     0     1   -12.0   59.648   -7.022    236.7    989.8    282.9      0.0     86.6
     1     1    14     9     7    12     0     0   -13.0   59.879   -7.248    245.4    988.7    282.7      0.0     87.8
     1     1    14     9     7    11     0     1   -14.0   60.097   -7.446    252.9    988.0    282.6      0.0     88.6
     1     1    14     9     7    10     0     2   -15.0   60.303   -7.639    261.1    987.4    282.5      0.0     89.3
     1     1    14     9     7     9     0     3   -16.0   60.499   -7.827    273.7    986.2    282.4      0.0     90.2
     1     1    14     9     7     8     0     2   -17.0   60.685   -8.005    289.4    983.9    282.1      0.0     91.6
     1     1    14     9     7     7     0     1   -18.0   60.862   -8.166    304.1    981.9    281.9      0.0     92.4
     1     1    14     9     7     6     0     0   -19.0   61.031   -8.312    316.3    980.4    281.8      0.0     93.4
     1     1    14     9     7     5     0     1   -20.0   61.187   -8.472    324.9    979.3    281.8      0.0     92.8
     1     1    14     9     7     4     0     2   -21.0   61.323   -8.676    329.5    978.9    281.8      0.0     92.7
     1     1    14     9     7     3     0     3   -22.0   61.436   -8.931    331.3    978.7    281.9      0.0     93.5
     1     1    14     9     7     2     0     2   -23.0   61.522   -9.214    334.9    978.9    281.9      0.0     93.0
     1     1    14     9     7     1     0     1   -24.0   61.580   -9.494    341.8    977.8    281.9      0.0     93.0
     1     1    14     9     7     0     0     0   -25.0   61.612   -9.763    345.3    977.1    281.8      0.0     93.8
     1     1    14     9     6    23     0     1   -26.0   61.636  -10.013    342.4    977.6    282.1      0.0     94.6
     1     1    14     9     6    22     0     2   -27.0   61.670  -10.245    336.2    978.7    282.3      0.0     94.2
     1     1    14     9     6    21     0     3   -28.0   61.715  -10.465    330.4    979.5    282.5      0.0     94.1
     1     1    14     9     6    20     0     2   -29.0   61.767  -10.699    326.9    979.9    282.6      0.0     94.0
     1     1    14     9     6    19     0     1   -30.0   61.822  -10.973    325.9    979.5    282.6      0.0     94.8
     1     1    14     9     6    18     0     0   -31.0   61.878  -11.292    325.4    979.1    282.7      0.0     94.5
     1     1    14     9     6    17     0     1   -32.0   61.929  -11.650    325.8    979.1    282.6      0.0     93.0
     1     1    14     9     6    16     0     2   -33.0   61.965  -12.031    326.2    979.0    282.6      0.0     93.2
     1     1    14     9     6    15     0     3   -34.0   61.984  -12.418    326.2    979.2    282.6      0.0     92.7
     1     1    14     9     6    14     0     2   -35.0   61.995  -12.801    321.9    979.3    282.5      0.0     92.4
     1     1    14     9     6    13     0     1   -36.0   61.999  -13.185    310.1    980.8    282.6      0.0     93.1
     1     1    14     9     6    12     0     0   -37.0   61.996  -13.574    296.6    983.1    282.8      0.0     92.8
     1     1    14     9     6    11     0     1   -38.0   61.990  -13.972    286.9    984.4    283.0      0.0     93.1
     1     1    14     9     6    10     0     2   -39.0   61.984  -14.380    278.4    985.3    283.1      0.0     93.8
     1     1    14     9     6     9     0     3   -40.0   61.984  -14.799    271.4    986.7    283.3      0.0     94.8
     1     1    14     9     6     8     0     2   -41.0   61.989  -15.236    267.8    986.9    283.3      0.0     94.2
     1     1    14     9     6     7     0     1   -42.0   61.989  -15.698    264.9    986.9    283.3      0.0     94.4
     1     1    14     9     6     6     0     0   -43.0   61.990  -16.197    260.2    987.2    283.4      0.0     95.7
     1     1    14     9     6     5     0     1   -44.0   61.979  -16.714    256.9    988.0    283.3      0.0     93.4
     1     1    14     9     6     4     0     2   -45.0   61.938  -17.232    252.9    987.9    283.3      0.0     93.4
     1     1    14     9     6     3     0     3   -46.0   61.875  -17.759    246.1    988.9    283.3      0.0     93.5
     1     1    14     9     6     2     0     2   -47.0   61.792  -18.280    240.5    989.9    283.2      0.0     92.5
     1     1    14     9     6     1     0     1   -48.0   61.682  -18.775    234.5    990.6    283.3      0.0     93.7
     1     1    14     9     6     0     0     0   -49.0   61.553  -19.250    225.6    991.7    283.4      0.0     95.8
     1     1    14     9     5    23     0     1   -50.0   61.413  -19.703    213.5    993.6    283.5      0.0     93.4
     1     1    14     9     5    22     0     2   -51.0   61.260  -20.133    198.1    995.5    283.7      0.0     93.5
     1     1    14     9     5    21     0     3   -52.0   61.099  -20.550    183.9    998.2    284.1      0.0     93.7
     1     1    14     9     5    20     0     2   -53.0   60.930  -20.946    178.3    999.1    284.1      0.0     92.6
     1     1    14     9     5    19     0     1   -54.0   60.743  -21.307    179.4    998.6    284.1      0.0     92.3
     1     1    14     9     5    18     0     0   -55.0   60.541  -21.643    180.4    998.0    284.1      0.0     93.4
     1     1    14     9     5    17     0     1   -56.0   60.333  -21.958    176.3    998.9    284.1      0.0     92.1
     1     1    14     9     5    16     0     2   -57.0   60.118  -22.253    167.7   1000.8    284.1      0.0     90.8
     1     1    14     9     5    15     0     3   -58.0   59.898  -22.545    158.3   1003.0    284.1      0.0     90.1
     1     1    14     9     5    14     0     2   -59.0   59.679  -22.827    150.7   1004.3    284.2      0.0     89.1
     1     1    14     9     5    13     0     1   -60.0   59.458  -23.077    144.5   1005.0    284.3      0.0     88.8
     1     1    14     9     5    12     0     0   -61.0   59.236  -23.297    138.5   1005.9    284.4      0.0     88.9
     1     1    14     9     5    11     0     1   -62.0   59.033  -23.496    133.4   1006.7    284.4      0.0     88.0
     1     1    14     9     5    10     0     2   -63.0   58.860  -23.669    128.8   1007.4    284.5      0.0     88.1
     1     1    14     9     5     9     0     3   -64.0   58.708  -23.812    123.6   1008.1    284.6      0.0     88.7
     1     1    14     9     5     8     0     2   -65.0   58.567  -23.944    119.0   1008.4    284.6      0.0     87.8
     1     1    14     9     5     7     0     1   -66.0   58.431  -24.085    116.2   1008.4    284.6      0.0     86.8
     1     1    14     9     5     6     0     0   -67.0   58.299  -24.235    114.1   1008.3    284.6      0.0     86.4
     1     1    14     9     5     5     0     1   -68.0   58.174  -24.390    111.8   1008.7    284.6      0.0     85.6
     1     1    14     9     5     4     0     2   -69.0   58.058  -24.542    109.9   1009.1    284.7      0.0     84.8
     1     1    14     9     5     3     0     3   -70.0   57.944  -24.681    109.0   1009.3    284.7      0.0     83.8
     1     1    14     9     5     2     0     2   -71.0   57.836  -24.809    110.5   1009.2    284.7      0.0     83.2
     1     1    14     9     5     1     0     1   -72.0   57.742  -24.932    115.7   1008.7    284.6      0.0     82.3
