     7     1
    GDAS    14     8    22     0     0
    GDAS    14     8    29     0     0
    GDAS    14     9     1     0     0
    GDAS    14     9     8     0     0
    GDAS    14     9    15     0     0
    GDAS    14     9    22     0     0
    GDAS    14     9    29     0     0
     1 BACKWARD OMEGA   
    14     9    20     9   56.467   -2.973   100.0
     4 PRESSURE AIR_TEMP RAINFALL RELHUMID
     1     1    14     9    20     9     0     3     0.0   56.467   -2.973    100.0    975.7    284.3      0.0     90.2
     1     1    14     9    20     8     0     2    -1.0   56.556   -2.960    104.3    972.6    284.0      0.3     91.5
     1     1    14     9    20     7     0     1    -2.0   56.651   -2.948    114.3    968.5    283.5      0.3     93.6
     1     1    14     9    20     6     0     0    -3.0   56.758   -2.936    131.7    963.5    283.0      0.3     96.6
     1     1    14     9    20     5     0     1    -4.0   56.884   -2.943    159.5    956.2    282.9      0.2     96.9
     1     1    14     9    20     4     0     2    -5.0   57.032   -2.984    198.1    947.3    282.8      0.2     97.6
     1     1    14     9    20     3     0     3    -6.0   57.195   -3.058    237.6    948.8    283.3      0.2     96.2
     1     1    14     9    20     2     0     2    -7.0   57.357   -3.158    270.0    951.7    283.6      0.0     95.2
     1     1    14     9    20     1     0     1    -8.0   57.507   -3.273    298.9    953.9    283.8      0.0     94.9
     1     1    14     9    20     0     0     0    -9.0   57.647   -3.398    331.0    955.3    283.9      0.0     95.3
     1     1    14     9    19    23     0     1   -10.0   57.783   -3.540    378.0    955.1    283.9      0.0     94.9
     1     1    14     9    19    22     0     2   -11.0   57.921   -3.709    455.4    951.1    283.6      0.0     95.3
     1     1    14     9    19    21     0     3   -12.0   58.064   -3.907    567.2    938.7    283.0      0.0     95.9
     1     1    14     9    19    20     0     2   -13.0   58.196   -4.142    682.9    920.9    282.4      0.6     95.2
     1     1    14     9    19    19     0     1   -14.0   58.307   -4.413    762.0    909.4    281.8      0.6     95.7
     1     1    14     9    19    18     0     0   -15.0   58.407   -4.700    799.3    904.9    281.6      0.0     96.9
     1     1    14     9    19    17     0     1   -16.0   58.497   -4.970    805.4    904.6    281.4      0.2     97.2
     1     1    14     9    19    16     0     2   -17.0   58.568   -5.199    799.3    911.2    281.7      0.0     96.7
     1     1    14     9    19    15     0     3   -18.0   58.624   -5.392    788.2    916.0    281.9      0.0     95.9
     1     1    14     9    19    14     0     2   -19.0   58.671   -5.551    775.4    920.6    282.1      0.0     95.3
     1     1    14     9    19    13     0     1   -20.0   58.712   -5.676    765.9    923.4    282.3      0.0     95.0
     1     1    14     9    19    12     0     0   -21.0   58.747   -5.767    759.0    925.3    282.4      0.0     94.8
     1     1    14     9    19    11     0     1   -22.0   58.782   -5.835    760.5    926.4    282.7      0.0     94.9
     1     1    14     9    19    10     0     2   -23.0   58.825   -5.891    779.3    924.9    282.9      0.0     95.1
     1     1    14     9    19     9     0     3   -24.0   58.874   -5.934    821.2    920.8    283.0      0.0     95.3
     1     1    14     9    19     8     0     2   -25.0   58.923   -5.970    868.3    913.5    282.8      0.0     95.3
     1     1    14     9    19     7     0     1   -26.0   58.972   -6.005    894.2    909.8    282.7      0.0     95.3
     1     1    14     9    19     6     0     0   -27.0   59.024   -6.039    892.3    909.4    282.8      0.0     95.6
     1     1    14     9    19     5     0     1   -28.0   59.071   -6.066    884.1    913.2    283.1      0.0     93.7
     1     1    14     9    19     4     0     2   -29.0   59.104   -6.083    894.0    912.3    283.2      0.0     91.6
     1     1    14     9    19     3     0     3   -30.0   59.119   -6.095    922.0    909.1    283.2      0.0     89.4
     1     1    14     9    19     2     0     2   -31.0   59.123   -6.106    953.0    904.2    283.0      0.0     89.1
     1     1    14     9    19     1     0     1   -32.0   59.121   -6.122    971.5    902.4    283.0      0.0     89.0
     1     1    14     9    19     0     0     0   -33.0   59.115   -6.141    977.9    901.9    283.0      0.0     88.8
     1     1    14     9    18    23     0     1   -34.0   59.102   -6.153    979.1    902.6    283.3      0.0     87.6
     1     1    14     9    18    22     0     2   -35.0   59.078   -6.146    981.6    902.4    283.6      0.0     86.3
     1     1    14     9    18    21     0     3   -36.0   59.043   -6.122    985.7    902.0    283.9      0.0     84.9
     1     1    14     9    18    20     0     2   -37.0   59.001   -6.085    987.5    901.2    283.9      0.0     84.2
     1     1    14     9    18    19     0     1   -38.0   58.955   -6.041    982.7    901.7    283.9      0.0     83.7
     1     1    14     9    18    18     0     0   -39.0   58.905   -5.985    971.1    903.0    284.0      0.0     83.3
     1     1    14     9    18    17     0     1   -40.0   58.844   -5.913    958.6    904.7    284.2      0.0     83.4
     1     1    14     9    18    16     0     2   -41.0   58.766   -5.820    950.1    904.7    284.3      0.0     83.4
     1     1    14     9    18    15     0     3   -42.0   58.672   -5.706    942.3    903.7    284.3      0.0     83.3
     1     1    14     9    18    14     0     2   -43.0   58.573   -5.579    936.3    902.6    284.1      0.0     84.2
     1     1    14     9    18    13     0     1   -44.0   58.476   -5.446    938.0    899.7    283.9      0.0     85.3
     1     1    14     9    18    12     0     0   -45.0   58.380   -5.306    952.9    894.3    283.6      0.0     86.4
     1     1    14     9    18    11     0     1   -46.0   58.273   -5.160    983.6    884.8    283.1      0.0     87.2
     1     1    14     9    18    10     0     2   -47.0   58.144   -5.008   1036.7    871.9    282.4      0.0     88.9
     1     1    14     9    18     9     0     3   -48.0   57.994   -4.847   1111.2    860.9    281.7      0.0     91.0
     1     1    14     9    18     8     0     2   -49.0   57.832   -4.676   1178.1    851.4    281.0      0.0     91.2
     1     1    14     9    18     7     0     1   -50.0   57.672   -4.496   1221.7    844.3    280.5      0.0     91.7
     1     1    14     9    18     6     0     0   -51.0   57.523   -4.306   1243.2    837.9    280.1      0.0     92.3
     1     1    14     9    18     5     0     1   -52.0   57.375   -4.102   1249.1    832.0    279.9      0.0     93.6
     1     1    14     9    18     4     0     2   -53.0   57.208   -3.873   1243.5    826.5    279.8      0.0     95.3
     1     1    14     9    18     3     0     3   -54.0   57.024   -3.620   1205.1    824.5    280.0      0.0     97.4
     1     1    14     9    18     2     0     2   -55.0   56.847   -3.346   1137.1    842.1    281.2      0.0     98.0
     1     1    14     9    18     1     0     1   -56.0   56.705   -3.054   1050.7    859.2    282.2      0.0     98.5
     1     1    14     9    18     0     0     0   -57.0   56.599   -2.755    967.4    881.2    283.4      0.0     98.3
     1     1    14     9    17    23     0     1   -58.0   56.511   -2.469    908.4    898.1    284.3      0.0     97.9
     1     1    14     9    17    22     0     2   -59.0   56.431   -2.204    870.0    909.8    284.9      0.0     97.2
     1     1    14     9    17    21     0     3   -60.0   56.357   -1.956    845.4    917.4    285.3      0.0     96.4
     1     1    14     9    17    20     0     2   -61.0   56.289   -1.713    834.3    918.9    285.4      0.0     96.8
     1     1    14     9    17    19     0     1   -62.0   56.224   -1.470    842.2    918.4    285.3      0.0     97.5
     1     1    14     9    17    18     0     0   -63.0   56.161   -1.229    869.3    915.9    285.2      0.0     98.8
     1     1    14     9    17    17     0     1   -64.0   56.092   -1.007    899.5    911.6    285.0      0.0     98.2
     1     1    14     9    17    16     0     2   -65.0   56.025   -0.819    913.7    909.8    284.8      0.0     97.4
     1     1    14     9    17    15     0     3   -66.0   55.969   -0.666    909.9    910.4    284.8      0.0     96.5
     1     1    14     9    17    14     0     2   -67.0   55.922   -0.513    905.1    912.8    284.9      0.0     96.4
     1     1    14     9    17    13     0     1   -68.0   55.875   -0.328    914.1    911.8    285.0      0.0     95.7
     1     1    14     9    17    12     0     0   -69.0   55.826   -0.112    936.4    909.3    285.0      0.0     94.7
     1     1    14     9    17    11     0     1   -70.0   55.761    0.143    959.1    905.5    285.7      0.0     88.4
     1     1    14     9    17    10     0     2   -71.0   55.684    0.418    969.3    904.4    285.6      0.0     87.7
     1     1    14     9    17     9     0     3   -72.0   55.623    0.687    970.1    904.7    285.6      0.0     87.5
