     7     1
    GDAS    14     8    22     0     0
    GDAS    14     8    29     0     0
    GDAS    14     9     1     0     0
    GDAS    14     9     8     0     0
    GDAS    14     9    15     0     0
    GDAS    14     9    22     0     0
    GDAS    14     9    29     0     0
     1 BACKWARD OMEGA   
    14     9     9     7   56.467   -2.973   100.0
     4 PRESSURE AIR_TEMP RAINFALL RELHUMID
     1     1    14     9     9     7     0     1     0.0   56.467   -2.973    100.0    977.5    282.9      0.0     84.4
     1     1    14     9     9     6     0     0    -1.0   56.458   -3.073    111.9    975.3    282.0      0.0     85.7
     1     1    14     9     9     5     0     1    -2.0   56.449   -3.176    124.8    973.0    282.4      0.0     85.1
     1     1    14     9     9     4     0     2    -3.0   56.436   -3.275    132.1    972.1    282.7      0.0     84.4
     1     1    14     9     9     3     0     3    -4.0   56.418   -3.371    133.0    972.0    283.0      0.0     83.7
     1     1    14     9     9     2     0     2    -5.0   56.397   -3.458    129.7    972.9    283.3      0.0     82.5
     1     1    14     9     9     1     0     1    -6.0   56.376   -3.532    124.4    974.0    283.6      0.0     81.2
     1     1    14     9     9     0     0     0    -7.0   56.354   -3.592    116.9    975.5    283.9      0.0     79.5
     1     1    14     9     8    23     0     1    -8.0   56.336   -3.649    107.5    976.9    284.3      0.0     78.4
     1     1    14     9     8    22     0     2    -9.0   56.328   -3.710     96.7    978.1    284.6      0.0     77.4
     1     1    14     9     8    21     0     3   -10.0   56.330   -3.776     84.4    979.0    284.9      0.0     76.5
     1     1    14     9     8    20     0     2   -11.0   56.338   -3.842     71.7    979.9    285.2      0.0     75.7
     1     1    14     9     8    19     0     1   -12.0   56.348   -3.904     60.1    980.5    285.5      0.0     74.7
     1     1    14     9     8    18     0     0   -13.0   56.358   -3.961     50.2    980.8    285.7      0.0     73.8
     1     1    14     9     8    17     0     1   -14.0   56.377   -4.022     42.4    980.3    285.6      0.0     72.8
     1     1    14     9     8    16     0     2   -15.0   56.415   -4.093     36.7    979.1    285.7      0.0     72.1
     1     1    14     9     8    15     0     3   -16.0   56.470   -4.176     33.0    977.1    285.8      0.0     71.5
     1     1    14     9     8    14     0     2   -17.0   56.528   -4.270     29.0    975.3    285.6      0.0     72.2
     1     1    14     9     8    13     0     1   -18.0   56.576   -4.369     23.2    974.9    285.7      0.0     72.8
     1     1    14     9     8    12     0     0   -19.0   56.614   -4.472     16.7    975.5    285.9      0.0     73.1
     1     1    14     9     8    11     0     1   -20.0   56.647   -4.566     11.0    975.9    285.3      0.0     77.2
     1     1    14     9     8    10     0     2   -21.0   56.684   -4.646      6.2    974.9    284.4      0.0     81.4
     1     1    14     9     8     9     0     3   -22.0   56.721   -4.714      1.8    973.7    283.5      0.0     85.7
     1     1    14     9     8     8     0     2   -23.0   56.760   -4.774      0.0    973.7    282.5      0.0     89.3
     1     1    14     9     8     7     0     1   -24.0   56.799   -4.833      0.0    973.9    281.7      0.0     92.7
     1     1    14     9     8     6     0     0   -25.0   56.839   -4.889      0.0    974.2    281.0      0.0     95.9
     1     1    14     9     8     5     0     1   -26.0   56.876   -4.948      0.0    973.9    281.1      0.0     96.2
     1     1    14     9     8     4     0     2   -27.0   56.906   -5.016      0.0    974.2    281.1      0.0     96.2
     1     1    14     9     8     3     0     3   -28.0   56.934   -5.092      0.0    975.9    281.4      0.0     95.6
     1     1    14     9     8     2     0     2   -29.0   56.971   -5.174      0.0    978.0    281.0      0.0     94.4
     1     1    14     9     8     1     0     1   -30.0   57.023   -5.260      0.0    980.7    280.7      0.0     93.1
     1     1    14     9     8     0     0     0   -31.0   57.094   -5.355      0.0    984.9    280.9      0.0     91.6
     1     1    14     9     7    23     0     1   -32.0   57.181   -5.461      0.0    990.0    281.7      0.0     89.5
     1     1    14     9     7    22     0     2   -33.0   57.275   -5.576      0.0    995.8    282.6      0.0     87.4
     1     1    14     9     7    21     0     3   -34.0   57.378   -5.698      0.0   1002.2    283.5      0.0     85.4
     1     1    14     9     7    20     0     2   -35.0   57.498   -5.831      0.0   1008.6    284.8      0.0     82.6
     1     1    14     9     7    19     0     1   -36.0   57.649   -5.980      0.0   1015.8    285.9      0.0     80.3
     1     1    14     9     7    18     0     0   -37.0   57.826   -6.141      0.0   1017.3    286.2      0.0     79.7
     1     1    14     9     7    17     0     1   -38.0   58.008   -6.316      0.0   1016.8    286.4      0.0     78.9
     1     1    14     9     7    16     0     2   -39.0   58.190   -6.518      0.0   1015.2    286.4      0.0     78.1
     1     1    14     9     7    15     0     3   -40.0   58.375   -6.759      0.0   1014.8    286.6      0.0     78.1
     1     1    14     9     7    14     0     2   -41.0   58.566   -7.008      0.0   1015.1    286.6      0.0     79.0
     1     1    14     9     7    13     0     1   -42.0   58.762   -7.231      0.3   1016.6    286.5      0.0     80.0
     1     1    14     9     7    12     0     0   -43.0   58.965   -7.419      0.9   1017.5    286.3      0.0     80.6
     1     1    14     9     7    11     0     1   -44.0   59.165   -7.585      1.4   1017.5    286.1      0.0     81.4
     1     1    14     9     7    10     0     2   -45.0   59.356   -7.741      1.9   1017.3    285.9      0.0     82.0
     1     1    14     9     7     9     0     3   -46.0   59.540   -7.887      2.3   1017.2    285.8      0.0     82.4
     1     1    14     9     7     8     0     2   -47.0   59.720   -8.020      2.8   1017.9    285.7      0.0     83.2
     1     1    14     9     7     7     0     1   -48.0   59.897   -8.136      3.0   1018.7    285.7      0.0     83.9
     1     1    14     9     7     6     0     0   -49.0   60.069   -8.234      3.1   1019.5    285.7      0.0     84.4
     1     1    14     9     7     5     0     1   -50.0   60.234   -8.335      3.2   1019.5    285.6      0.0     84.4
     1     1    14     9     7     4     0     2   -51.0   60.389   -8.460      3.3   1019.6    285.5      0.0     84.5
     1     1    14     9     7     3     0     3   -52.0   60.530   -8.609      3.3   1019.7    285.4      0.0     84.7
     1     1    14     9     7     2     0     2   -53.0   60.649   -8.776      3.5   1019.5    285.4      0.0     84.9
     1     1    14     9     7     1     0     1   -54.0   60.739   -8.947      4.0   1019.3    285.4      0.0     84.4
     1     1    14     9     7     0     0     0   -55.0   60.799   -9.117      4.9   1019.2    285.4      0.0     83.9
     1     1    14     9     6    23     0     1   -56.0   60.851   -9.263      5.9   1019.5    285.4      0.0     83.7
     1     1    14     9     6    22     0     2   -57.0   60.912   -9.368      6.7   1019.7    285.4      0.0     83.4
     1     1    14     9     6    21     0     3   -58.0   60.980   -9.436      7.5   1020.0    285.4      0.0     82.9
     1     1    14     9     6    20     0     2   -59.0   61.055   -9.499      8.2   1018.7    285.3      0.0     82.9
     1     1    14     9     6    19     0     1   -60.0   61.134   -9.596      9.2   1017.5    285.2      0.0     82.9
     1     1    14     9     6    18     0     0   -61.0   61.215   -9.726     10.2   1016.4    285.2      0.0     82.7
     1     1    14     9     6    17     0     1   -62.0   61.293   -9.881     11.4   1016.3    285.1      0.0     82.3
     1     1    14     9     6    16     0     2   -63.0   61.364  -10.050     12.6   1016.4    285.1      0.0     81.4
     1     1    14     9     6    15     0     3   -64.0   61.425  -10.237     13.8   1016.4    285.0      0.0     80.3
     1     1    14     9     6    14     0     2   -65.0   61.479  -10.429     14.6   1016.3    285.0      0.0     81.2
     1     1    14     9     6    13     0     1   -66.0   61.527  -10.611     15.0   1016.4    285.0      0.0     81.6
     1     1    14     9     6    12     0     0   -67.0   61.569  -10.784     15.1   1016.5    285.0      0.0     81.8
     1     1    14     9     6    11     0     1   -68.0   61.612  -10.934     15.8   1017.1    285.0      0.0     82.8
     1     1    14     9     6    10     0     2   -69.0   61.666  -11.050     17.9   1017.3    284.9      0.0     83.6
     1     1    14     9     6     9     0     3   -70.0   61.734  -11.125     21.9   1017.3    284.7      0.0     84.2
     1     1    14     9     6     8     0     2   -71.0   61.816  -11.184     26.4   1016.3    284.6      0.0     84.8
     1     1    14     9     6     7     0     1   -72.0   61.909  -11.256     29.3   1015.7    284.5      0.0     85.3
