     7     1
    GDAS    14     8    22     0     0
    GDAS    14     8    29     0     0
    GDAS    14     9     1     0     0
    GDAS    14     9     8     0     0
    GDAS    14     9    15     0     0
    GDAS    14     9    22     0     0
    GDAS    14     9    29     0     0
     1 BACKWARD OMEGA   
    14     9     5    14   56.467   -2.973   100.0
     4 PRESSURE AIR_TEMP RAINFALL RELHUMID
     1     1    14     9     5    14     0     2     0.0   56.467   -2.973    100.0    974.2    286.0      0.0     92.4
     1     1    14     9     5    13     0     1    -1.0   56.523   -3.006     78.0    974.2    286.4      0.3     91.6
     1     1    14     9     5    12     0     0    -2.0   56.575   -3.055     61.1    974.1    286.7      0.3     91.0
     1     1    14     9     5    11     0     1    -3.0   56.619   -3.112     51.4    973.2    286.8      0.2     91.5
     1     1    14     9     5    10     0     2    -4.0   56.654   -3.179     49.4    971.4    286.7      0.2     91.8
     1     1    14     9     5     9     0     3    -5.0   56.682   -3.258     53.7    969.2    286.6      0.1     92.1
     1     1    14     9     5     8     0     2    -6.0   56.702   -3.347     63.2    966.1    285.7      0.0     93.6
     1     1    14     9     5     7     0     1    -7.0   56.709   -3.441     77.4    962.8    285.0      0.0     94.8
     1     1    14     9     5     6     0     0    -8.0   56.702   -3.542     97.9    959.5    284.6      0.0     95.4
     1     1    14     9     5     5     0     1    -9.0   56.684   -3.658    124.6    956.6    284.7      0.0     94.8
     1     1    14     9     5     4     0     2   -10.0   56.660   -3.794    156.8    952.9    284.8      0.0     94.0
     1     1    14     9     5     3     0     3   -11.0   56.631   -3.952    195.2    948.3    284.8      0.0     93.0
     1     1    14     9     5     2     0     2   -12.0   56.594   -4.124    233.9    945.5    285.0      0.0     92.3
     1     1    14     9     5     1     0     1   -13.0   56.551   -4.293    262.6    945.5    285.3      0.0     91.7
     1     1    14     9     5     0     0     0   -14.0   56.507   -4.457    279.0    946.5    285.5      0.0     91.0
     1     1    14     9     4    23     0     1   -15.0   56.456   -4.612    280.0    948.6    285.9      0.0     89.0
     1     1    14     9     4    22     0     2   -16.0   56.389   -4.750    260.4    953.5    286.6      0.0     86.8
     1     1    14     9     4    21     0     3   -17.0   56.303   -4.872    219.2    960.8    287.2      0.0     84.4
     1     1    14     9     4    20     0     2   -18.0   56.205   -4.980    166.4    970.6    287.7      0.0     81.7
     1     1    14     9     4    19     0     1   -19.0   56.107   -5.080    116.8    981.2    288.3      0.0     79.4
     1     1    14     9     4    18     0     0   -20.0   56.012   -5.169     79.0    989.7    289.0      0.0     77.8
     1     1    14     9     4    17     0     1   -21.0   55.917   -5.244     54.5    995.3    289.6      0.0     76.7
     1     1    14     9     4    16     0     2   -22.0   55.811   -5.300     40.3    998.2    290.2      0.0     75.7
     1     1    14     9     4    15     0     3   -23.0   55.693   -5.339     31.9   1000.6    290.7      0.0     75.2
     1     1    14     9     4    14     0     2   -24.0   55.571   -5.347     28.5   1002.5    290.4      0.0     78.5
     1     1    14     9     4    13     0     1   -25.0   55.454   -5.318     29.5   1003.3    290.1      0.0     81.1
     1     1    14     9     4    12     0     0   -26.0   55.336   -5.262     34.4   1003.7    289.9      0.0     83.5
     1     1    14     9     4    11     0     1   -27.0   55.212   -5.186     43.0   1003.8    289.4      0.0     85.6
     1     1    14     9     4    10     0     2   -28.0   55.077   -5.096     56.3   1004.5    289.1      0.0     87.8
     1     1    14     9     4     9     0     3   -29.0   54.927   -4.994     76.2   1003.8    288.9      0.0     89.6
     1     1    14     9     4     8     0     2   -30.0   54.773   -4.896     92.7   1001.2    288.8      0.0     89.0
     1     1    14     9     4     7     0     1   -31.0   54.626   -4.809     97.7   1001.5    288.7      0.0     88.2
     1     1    14     9     4     6     0     0   -32.0   54.483   -4.731     93.7   1003.2    288.7      0.0     87.2
     1     1    14     9     4     5     0     1   -33.0   54.340   -4.640     85.9   1006.0    288.8      0.0     83.6
     1     1    14     9     4     4     0     2   -34.0   54.192   -4.507     77.0   1008.8    288.9      0.0     80.6
     1     1    14     9     4     3     0     3   -35.0   54.033   -4.311     68.4   1012.2    289.0      0.0     78.2
     1     1    14     9     4     2     0     2   -36.0   53.874   -4.072     63.3   1010.3    288.7      0.0     78.6
     1     1    14     9     4     1     0     1   -37.0   53.739   -3.842     63.2   1006.2    288.5      0.0     79.0
     1     1    14     9     4     0     0     0   -38.0   53.631   -3.631     64.3   1003.6    288.7      0.0     78.8
     1     1    14     9     3    23     0     1   -39.0   53.543   -3.433     61.5   1003.1    288.9      0.0     78.2
     1     1    14     9     3    22     0     2   -40.0   53.470   -3.243     51.6   1004.7    289.2      0.0     77.5
     1     1    14     9     3    21     0     3   -41.0   53.409   -3.060     35.7   1007.7    289.5      0.0     76.6
     1     1    14     9     3    20     0     2   -42.0   53.359   -2.901     23.1   1008.7    289.6      0.0     75.7
     1     1    14     9     3    19     0     1   -43.0   53.316   -2.775     16.5   1007.0    290.0      0.0     74.5
     1     1    14     9     3    18     0     0   -44.0   53.276   -2.672     13.5   1005.1    290.5      0.0     73.0
     1     1    14     9     3    17     0     1   -45.0   53.236   -2.573     12.0   1003.7    291.1      0.0     70.7
     1     1    14     9     3    16     0     2   -46.0   53.196   -2.458     11.3   1002.6    291.7      0.0     68.4
     1     1    14     9     3    15     0     3   -47.0   53.157   -2.322     11.7   1001.5    292.5      0.0     66.0
     1     1    14     9     3    14     0     2   -48.0   53.122   -2.174     13.9   1000.7    292.3      0.0     67.5
     1     1    14     9     3    13     0     1   -49.0   53.093   -2.027     18.6    999.6    292.1      0.0     69.6
     1     1    14     9     3    12     0     0   -50.0   53.065   -1.886     25.7   1000.9    292.1      0.0     71.0
     1     1    14     9     3    11     0     1   -51.0   53.038   -1.748     32.8   1002.7    291.4      0.0     76.0
     1     1    14     9     3    10     0     2   -52.0   53.013   -1.610     38.3   1004.6    290.6      0.0     80.8
     1     1    14     9     3     9     0     3   -53.0   52.991   -1.476     41.5   1006.4    289.7      0.0     85.4
     1     1    14     9     3     8     0     2   -54.0   52.969   -1.349     43.1   1007.9    289.0      0.0     87.7
     1     1    14     9     3     7     0     1   -55.0   52.942   -1.231     43.9   1009.2    288.2      0.0     90.3
     1     1    14     9     3     6     0     0   -56.0   52.909   -1.122     44.9   1010.2    287.2      0.0     93.4
     1     1    14     9     3     5     0     1   -57.0   52.876   -1.014     45.7   1010.5    287.1      0.0     93.3
     1     1    14     9     3     4     0     2   -58.0   52.848   -0.901     45.7   1009.9    286.9      0.0     93.4
     1     1    14     9     3     3     0     3   -59.0   52.824   -0.781     45.3   1009.2    286.8      0.0     93.4
     1     1    14     9     3     2     0     2   -60.0   52.802   -0.648     44.6   1009.9    286.9      0.0     91.1
     1     1    14     9     3     1     0     1   -61.0   52.782   -0.498     43.8   1010.6    287.1      0.0     88.8
     1     1    14     9     3     0     0     0   -62.0   52.762   -0.331     43.0   1011.3    287.3      0.0     86.5
     1     1    14     9     2    23     0     1   -63.0   52.742   -0.155     41.6   1010.6    287.7      0.0     80.9
     1     1    14     9     2    22     0     2   -64.0   52.726    0.013     39.6   1015.2    287.0      0.0     85.6
     1     1    14     9     2    21     0     3   -65.0   52.713    0.177     37.4   1015.8    287.4      0.0     83.7
     1     1    14     9     2    20     0     2   -66.0   52.706    0.337     35.4   1015.7    288.1      0.0     81.1
     1     1    14     9     2    19     0     1   -67.0   52.707    0.486     34.2   1015.6    288.6      0.0     79.7
     1     1    14     9     2    18     0     0   -68.0   52.719    0.627     33.8   1015.5    289.0      0.0     79.2
     1     1    14     9     2    17     0     1   -69.0   52.743    0.766     33.4   1015.7    289.6      0.0     78.8
     1     1    14     9     2    16     0     2   -70.0   52.784    0.907     32.4   1016.1    289.9      0.0     78.8
     1     1    14     9     2    15     0     3   -71.0   52.842    1.049     31.1   1016.5    290.0      0.0     79.0
     1     1    14     9     2    14     0     2   -72.0   52.911    1.174     30.5   1018.1    289.6      0.0     81.9
