     7     1
    GDAS    14     8    22     0     0
    GDAS    14     8    29     0     0
    GDAS    14     9     1     0     0
    GDAS    14     9     8     0     0
    GDAS    14     9    15     0     0
    GDAS    14     9    22     0     0
    GDAS    14     9    29     0     0
     1 BACKWARD OMEGA   
    14     9    13    19   56.467   -2.973   100.0
     4 PRESSURE AIR_TEMP RAINFALL RELHUMID
     1     1    14     9    13    19     0     1     0.0   56.467   -2.973    100.0    986.9    286.3      0.0     89.3
     1     1    14     9    13    18     0     0    -1.0   56.430   -2.809     67.1    997.4    286.8      0.0     86.5
     1     1    14     9    13    17     0     1    -2.0   56.388   -2.649     44.4   1005.1    287.1      0.0     83.1
     1     1    14     9    13    16     0     2    -3.0   56.340   -2.487     30.6   1011.3    287.3      0.0     80.5
     1     1    14     9    13    15     0     3    -4.0   56.284   -2.317     23.4   1016.9    287.3      0.0     78.8
     1     1    14     9    13    14     0     2    -5.0   56.225   -2.149     20.3   1021.3    287.0      0.0     79.4
     1     1    14     9    13    13     0     1    -6.0   56.169   -2.000     19.4   1023.9    286.6      0.0     80.8
     1     1    14     9    13    12     0     0    -7.0   56.116   -1.877     19.1   1023.4    286.6      0.0     81.7
     1     1    14     9    13    11     0     1    -8.0   56.063   -1.793     19.3   1023.4    286.6      0.0     83.9
     1     1    14     9    13    10     0     2    -9.0   56.010   -1.749     19.8   1023.2    286.6      0.0     86.3
     1     1    14     9    13     9     0     3   -10.0   55.957   -1.744     20.6   1022.2    286.6      0.0     88.6
     1     1    14     9    13     8     0     2   -11.0   55.904   -1.760     21.3   1021.4    286.6      0.0     88.0
     1     1    14     9    13     7     0     1   -12.0   55.849   -1.778     21.6   1020.5    286.5      0.0     87.6
     1     1    14     9    13     6     0     0   -13.0   55.792   -1.800     21.5   1019.5    286.3      0.0     87.1
     1     1    14     9    13     5     0     1   -14.0   55.738   -1.827     21.5   1017.9    285.7      0.0     85.5
     1     1    14     9    13     4     0     2   -15.0   55.691   -1.859     21.9   1016.3    284.9      0.0     84.0
     1     1    14     9    13     3     0     3   -16.0   55.650   -1.897     22.8   1014.7    283.8      0.0     82.6
     1     1    14     9    13     2     0     2   -17.0   55.609   -1.942     24.5   1012.8    283.8      0.0     81.8
     1     1    14     9    13     1     0     1   -18.0   55.562   -1.997     27.2   1010.4    283.8      0.0     81.2
     1     1    14     9    13     0     0     0   -19.0   55.510   -2.061     30.9   1008.5    284.0      0.0     80.7
     1     1    14     9    12    23     0     1   -20.0   55.449   -2.117     35.0   1006.3    284.1      0.0     80.0
     1     1    14     9    12    22     0     2   -21.0   55.378   -2.146     38.8   1004.1    284.3      0.0     79.4
     1     1    14     9    12    21     0     3   -22.0   55.298   -2.146     41.7   1001.7    284.5      0.0     79.4
     1     1    14     9    12    20     0     2   -23.0   55.218   -2.123     42.7    999.9    284.9      0.0     77.7
     1     1    14     9    12    19     0     1   -24.0   55.145   -2.083     41.1    998.4    285.3      0.0     75.9
     1     1    14     9    12    18     0     0   -25.0   55.081   -2.028     37.5    997.0    285.7      0.0     74.0
     1     1    14     9    12    17     0     1   -26.0   55.022   -1.956     32.7    996.4    287.4      0.0     71.0
     1     1    14     9    12    16     0     2   -27.0   54.965   -1.867     27.6    998.3    289.0      0.0     68.2
     1     1    14     9    12    15     0     3   -28.0   54.908   -1.755     23.1   1001.4    290.3      0.0     66.1
     1     1    14     9    12    14     0     2   -29.0   54.852   -1.633     20.2   1006.1    290.2      0.0     68.0
     1     1    14     9    12    13     0     1   -30.0   54.799   -1.521     19.3   1009.6    290.1      0.0     69.6
     1     1    14     9    12    12     0     0   -31.0   54.751   -1.424     19.6   1012.4    290.1      0.0     70.7
     1     1    14     9    12    11     0     1   -32.0   54.700   -1.334     20.4   1013.5    289.3      0.0     75.9
     1     1    14     9    12    10     0     2   -33.0   54.644   -1.244     21.6   1014.7    288.7      0.0     80.6
     1     1    14     9    12     9     0     3   -34.0   54.582   -1.155     23.3   1015.8    288.3      0.0     84.8
     1     1    14     9    12     8     0     2   -35.0   54.520   -1.075     25.0   1017.1    287.0      0.0     86.1
     1     1    14     9    12     7     0     1   -36.0   54.461   -1.009     26.3   1018.1    285.6      0.0     87.4
     1     1    14     9    12     6     0     0   -37.0   54.408   -0.956     26.8   1017.8    283.8      0.0     89.0
     1     1    14     9    12     5     0     1   -38.0   54.359   -0.917     26.4   1017.7    283.2      0.0     87.0
     1     1    14     9    12     4     0     2   -39.0   54.314   -0.892     25.2   1017.7    282.6      0.0     85.0
     1     1    14     9    12     3     0     3   -40.0   54.273   -0.881     23.2   1017.9    282.0      0.0     83.0
     1     1    14     9    12     2     0     2   -41.0   54.229   -0.874     20.7   1017.9    282.0      0.0     82.3
     1     1    14     9    12     1     0     1   -42.0   54.179   -0.857     17.9   1017.9    282.1      0.0     81.7
     1     1    14     9    12     0     0     0   -43.0   54.123   -0.831     15.1   1017.9    282.2      0.0     81.0
     1     1    14     9    11    23     0     1   -44.0   54.067   -0.795     12.6   1018.1    282.2      0.0     79.0
     1     1    14     9    11    22     0     2   -45.0   54.018   -0.744     10.8   1018.1    282.3      0.0     77.0
     1     1    14     9    11    21     0     3   -46.0   53.976   -0.677      9.5   1018.1    282.6      0.0     75.0
     1     1    14     9    11    20     0     2   -47.0   53.939   -0.592      8.6   1016.7    283.9      0.0     71.4
     1     1    14     9    11    19     0     1   -48.0   53.904   -0.491      8.1   1015.3    285.2      0.0     67.6
     1     1    14     9    11    18     0     0   -49.0   53.872   -0.373      7.9   1014.0    286.4      0.0     63.9
     1     1    14     9    11    17     0     1   -50.0   53.848   -0.249      7.8   1014.0    288.6      0.0     61.6
     1     1    14     9    11    16     0     2   -51.0   53.838   -0.128      7.5   1014.0    290.9      0.0     59.3
     1     1    14     9    11    15     0     3   -52.0   53.841   -0.011      7.0   1013.9    293.1      0.0     57.0
     1     1    14     9    11    14     0     2   -53.0   53.863    0.112      6.6   1022.3    288.5      0.0     71.4
     1     1    14     9    11    13     0     1   -54.0   53.901    0.221      6.7   1023.1    288.4      0.0     72.3
     1     1    14     9    11    12     0     0   -55.0   53.940    0.294      7.0   1023.7    288.2      0.0     72.8
     1     1    14     9    11    11     0     1   -56.0   53.977    0.352      7.6   1023.4    288.1      0.0     74.2
     1     1    14     9    11    10     0     2   -57.0   54.011    0.413      8.4   1023.0    288.2      0.0     75.2
     1     1    14     9    11     9     0     3   -58.0   54.042    0.482      9.4   1022.6    288.3      0.0     75.8
     1     1    14     9    11     8     0     2   -59.0   54.073    0.555     10.4   1022.6    288.2      0.0     76.7
     1     1    14     9    11     7     0     1   -60.0   54.106    0.629     11.5   1022.6    288.1      0.0     77.4
     1     1    14     9    11     6     0     0   -61.0   54.142    0.703     12.4   1022.8    288.1      0.0     77.9
     1     1    14     9    11     5     0     1   -62.0   54.182    0.782     13.3   1022.4    288.1      0.0     78.6
     1     1    14     9    11     4     0     2   -63.0   54.231    0.874     14.1   1022.0    288.1      0.0     79.5
     1     1    14     9    11     3     0     3   -64.0   54.289    0.977     14.8   1021.6    288.1      0.0     80.5
     1     1    14     9    11     2     0     2   -65.0   54.348    1.089     15.6   1021.2    288.2      0.0     80.7
     1     1    14     9    11     1     0     1   -66.0   54.401    1.212     16.4   1020.9    288.2      0.0     80.8
     1     1    14     9    11     0     0     0   -67.0   54.450    1.346     17.0   1020.5    288.3      0.0     80.7
     1     1    14     9    10    23     0     1   -68.0   54.508    1.491     17.6   1020.4    288.4      0.0     79.1
     1     1    14     9    10    22     0     2   -69.0   54.591    1.642     18.1   1020.3    288.4      0.0     77.7
     1     1    14     9    10    21     0     3   -70.0   54.697    1.794     18.5   1020.2    288.4      0.0     76.5
     1     1    14     9    10    20     0     2   -71.0   54.815    1.932     19.0   1020.1    288.4      0.0     76.4
     1     1    14     9    10    19     0     1   -72.0   54.930    2.048     19.6   1020.0    288.3      0.0     76.2
