     7     1
    GDAS    14     8    22     0     0
    GDAS    14     8    29     0     0
    GDAS    14     9     1     0     0
    GDAS    14     9     8     0     0
    GDAS    14     9    15     0     0
    GDAS    14     9    22     0     0
    GDAS    14     9    29     0     0
     1 BACKWARD OMEGA   
    14     9    11     8   56.467   -2.973   100.0
     4 PRESSURE AIR_TEMP RAINFALL RELHUMID
     1     1    14     9    11     8     0     2     0.0   56.467   -2.973    100.0    979.2    284.8      0.0     88.9
     1     1    14     9    11     7     0     1    -1.0   56.426   -3.009    121.5    978.0    284.0      0.0     90.0
     1     1    14     9    11     6     0     0    -2.0   56.385   -3.057    150.6    975.7    283.5      0.0     90.5
     1     1    14     9    11     5     0     1    -3.0   56.335   -3.096    180.5    972.7    284.1      0.0     89.5
     1     1    14     9    11     4     0     2    -4.0   56.265   -3.107    206.1    972.1    284.6      0.0     88.4
     1     1    14     9    11     3     0     3    -5.0   56.174   -3.085    229.2    973.0    285.1      0.0     87.3
     1     1    14     9    11     2     0     2    -6.0   56.066   -3.035    255.1    974.5    285.5      0.0     85.6
     1     1    14     9    11     1     0     1    -7.0   55.946   -2.969    287.4    973.3    285.8      0.0     83.8
     1     1    14     9    11     0     0     0    -8.0   55.816   -2.898    322.2    969.2    286.0      0.0     82.7
     1     1    14     9    10    23     0     1    -9.0   55.685   -2.810    355.3    965.2    285.9      0.0     82.1
     1     1    14     9    10    22     0     2   -10.0   55.562   -2.693    385.8    961.7    285.7      0.0     81.9
     1     1    14     9    10    21     0     3   -11.0   55.447   -2.547    414.0    957.8    285.4      0.0     82.0
     1     1    14     9    10    20     0     2   -12.0   55.339   -2.398    435.9    953.2    285.2      0.0     82.9
     1     1    14     9    10    19     0     1   -13.0   55.236   -2.267    449.2    949.5    285.0      0.0     84.6
     1     1    14     9    10    18     0     0   -14.0   55.141   -2.149    454.1    946.3    284.7      0.0     86.8
     1     1    14     9    10    17     0     1   -15.0   55.053   -2.021    443.2    944.1    284.5      0.0     87.5
     1     1    14     9    10    16     0     2   -16.0   54.977   -1.858    412.2    950.5    284.8      0.0     83.6
     1     1    14     9    10    15     0     3   -17.0   54.915   -1.669    376.1    959.9    285.3      0.0     78.3
     1     1    14     9    10    14     0     2   -18.0   54.862   -1.481    350.7    968.3    285.5      0.0     76.3
     1     1    14     9    10    13     0     1   -19.0   54.810   -1.313    339.5    973.4    285.5      0.0     75.7
     1     1    14     9    10    12     0     0   -20.0   54.759   -1.164    336.6    977.0    285.5      0.0     75.7
     1     1    14     9    10    11     0     1   -21.0   54.710   -1.020    338.4    979.8    285.3      0.0     76.4
     1     1    14     9    10    10     0     2   -22.0   54.661   -0.867    341.1    979.0    285.2      0.0     77.6
     1     1    14     9    10     9     0     3   -23.0   54.613   -0.705    341.0    978.4    285.1      0.0     78.9
     1     1    14     9    10     8     0     2   -24.0   54.569   -0.543    337.2    978.3    285.1      0.0     78.4
     1     1    14     9    10     7     0     1   -25.0   54.529   -0.390    329.0    978.9    285.1      0.0     78.0
     1     1    14     9    10     6     0     0   -26.0   54.493   -0.247    316.5    980.1    285.1      0.0     77.7
     1     1    14     9    10     5     0     1   -27.0   54.462   -0.113    300.3    981.7    285.4      0.0     76.4
     1     1    14     9    10     4     0     2   -28.0   54.436   -0.007    287.3    983.9    285.7      0.0     75.3
     1     1    14     9    10     3     0     3   -29.0   54.412    0.089    272.8    990.2    285.8      0.0     75.3
     1     1    14     9    10     2     0     2   -30.0   54.388    0.157    263.3    990.6    286.0      0.0     74.9
     1     1    14     9    10     1     0     1   -31.0   54.363    0.222    253.0    991.8    286.1      0.0     74.7
     1     1    14     9    10     0     0     0   -32.0   54.337    0.284    242.0    993.1    286.3      0.0     74.5
     1     1    14     9     9    23     0     1   -33.0   54.309    0.341    232.1    994.4    286.3      0.0     74.8
     1     1    14     9     9    22     0     2   -34.0   54.282    0.389    225.3    995.1    286.4      0.0     75.1
     1     1    14     9     9    21     0     3   -35.0   54.256    0.430    221.3    995.6    286.4      0.0     75.2
     1     1    14     9     9    20     0     2   -36.0   54.227    0.465    220.2    995.5    286.4      0.0     75.1
     1     1    14     9     9    19     0     1   -37.0   54.193    0.493    222.0    995.1    286.4      0.0     74.9
     1     1    14     9     9    18     0     0   -38.0   54.152    0.515    227.2    994.4    286.4      0.0     74.7
     1     1    14     9     9    17     0     1   -39.0   54.106    0.520    234.7    993.3    286.3      0.0     74.3
     1     1    14     9     9    16     0     2   -40.0   54.053    0.501    241.3    992.3    286.2      0.0     73.7
     1     1    14     9     9    15     0     3   -41.0   53.993    0.462    244.4    991.7    286.2      0.0     72.9
     1     1    14     9     9    14     0     2   -42.0   53.935    0.413    243.9    992.1    286.3      0.0     72.9
     1     1    14     9     9    13     0     1   -43.0   53.889    0.359    242.6    992.5    286.2      0.0     73.0
     1     1    14     9     9    12     0     0   -44.0   53.851    0.300    241.6    992.9    286.2      0.0     73.1
     1     1    14     9     9    11     0     1   -45.0   53.822    0.236    244.0    992.7    285.9      0.0     73.7
     1     1    14     9     9    10     0     2   -46.0   53.805    0.166    253.6    991.7    285.4      0.0     74.9
     1     1    14     9     9     9     0     3   -47.0   53.800    0.090    273.8    989.6    284.8      0.0     76.5
     1     1    14     9     9     8     0     2   -48.0   53.799    0.014    302.5    985.0    284.4      0.0     76.6
     1     1    14     9     9     7     0     1   -49.0   53.771   -0.035    310.4    974.2    283.5      0.0     82.5
     1     1    14     9     9     6     0     0   -50.0   53.720   -0.051    298.2    978.0    283.5      0.0     82.8
     1     1    14     9     9     5     0     1   -51.0   53.666   -0.055    286.1    979.6    283.7      0.0     82.4
     1     1    14     9     9     4     0     2   -52.0   53.605   -0.040    275.4    980.9    283.9      0.0     81.9
     1     1    14     9     9     3     0     3   -53.0   53.537   -0.007    266.7    982.0    284.1      0.0     81.3
     1     1    14     9     9     2     0     2   -54.0   53.504    0.035    266.8    988.5    284.5      0.0     77.9
     1     1    14     9     9     1     0     1   -55.0   53.516    0.083    274.5    986.8    284.5      0.0     77.8
     1     1    14     9     9     0     0     0   -56.0   53.539    0.157    280.2    986.5    284.4      0.0     77.9
     1     1    14     9     8    23     0     1   -57.0   53.586    0.231    289.0    986.0    284.5      0.0     78.0
     1     1    14     9     8    22     0     2   -58.0   53.667    0.282    307.0    984.0    284.4      0.0     78.4
     1     1    14     9     8    21     0     3   -59.0   53.782    0.301    337.9    980.8    284.2      0.0     79.5
     1     1    14     9     8    20     0     2   -60.0   53.914    0.288    379.7    975.7    283.8      0.0     81.5
     1     1    14     9     8    19     0     1   -61.0   54.046    0.254    424.9    970.7    283.3      0.0     83.9
     1     1    14     9     8    18     0     0   -62.0   54.176    0.197    470.2    964.9    282.8      0.0     85.2
     1     1    14     9     8    17     0     1   -63.0   54.311    0.114    512.6    959.2    282.6      0.0     85.1
     1     1    14     9     8    16     0     2   -64.0   54.457    0.006    554.2    954.6    282.3      0.0     86.1
     1     1    14     9     8    15     0     3   -65.0   54.580   -0.069    590.8    946.5    282.9      0.0     79.5
     1     1    14     9     8    14     0     2   -66.0   54.674   -0.110    622.8    944.8    282.2      0.0     82.7
     1     1    14     9     8    13     0     1   -67.0   54.777   -0.185    659.4    941.1    281.4      0.0     86.3
     1     1    14     9     8    12     0     0   -68.0   54.886   -0.289    697.0    937.1    280.7      0.0     89.7
     1     1    14     9     8    11     0     1   -69.0   55.008   -0.416    739.0    933.2    280.4      0.0     91.9
     1     1    14     9     8    10     0     2   -70.0   55.157   -0.564    789.2    927.0    280.1      0.0     92.7
     1     1    14     9     8     9     0     3   -71.0   55.341   -0.733    846.7    920.1    279.9      0.0     93.0
     1     1    14     9     8     8     0     2   -72.0   55.560   -0.914    900.8    912.6    279.5      0.3     94.7
