     7     1
    GDAS    14     8    22     0     0
    GDAS    14     8    29     0     0
    GDAS    14     9     1     0     0
    GDAS    14     9     8     0     0
    GDAS    14     9    15     0     0
    GDAS    14     9    22     0     0
    GDAS    14     9    29     0     0
     1 BACKWARD OMEGA   
    14     9     5     4   56.467   -2.973   100.0
     4 PRESSURE AIR_TEMP RAINFALL RELHUMID
     1     1    14     9     5     4     0     2     0.0   56.467   -2.973    100.0    974.6    286.3      0.0     93.1
     1     1    14     9     5     3     0     3    -1.0   56.457   -3.115    121.7    971.7    286.4      0.0     92.3
     1     1    14     9     5     2     0     2    -2.0   56.441   -3.258    145.6    968.8    286.6      0.0     91.4
     1     1    14     9     5     1     0     1    -3.0   56.412   -3.391    169.0    966.0    286.8      0.0     90.5
     1     1    14     9     5     0     0     0    -4.0   56.375   -3.516    190.4    964.2    287.0      0.0     89.9
     1     1    14     9     4    23     0     1    -5.0   56.329   -3.633    210.0    963.5    287.3      0.0     88.0
     1     1    14     9     4    22     0     2    -6.0   56.272   -3.745    228.0    963.6    287.8      0.0     85.8
     1     1    14     9     4    21     0     3    -7.0   56.205   -3.854    243.9    964.7    288.2      0.0     83.4
     1     1    14     9     4    20     0     2    -8.0   56.134   -3.974    256.4    966.5    288.6      0.0     81.9
     1     1    14     9     4    19     0     1    -9.0   56.062   -4.117    261.9    968.5    289.0      0.0     80.4
     1     1    14     9     4    18     0     0   -10.0   55.979   -4.272    255.3    971.1    289.4      0.0     78.7
     1     1    14     9     4    17     0     1   -11.0   55.881   -4.414    236.1    972.6    289.3      0.1     78.2
     1     1    14     9     4    16     0     2   -12.0   55.767   -4.525    209.6    976.0    289.5      0.0     77.8
     1     1    14     9     4    15     0     3   -13.0   55.639   -4.609    181.1    980.5    289.7      0.0     77.6
     1     1    14     9     4    14     0     2   -14.0   55.504   -4.655    159.4    985.7    289.7      0.0     80.0
     1     1    14     9     4    13     0     1   -15.0   55.366   -4.656    148.7    988.7    289.6      0.0     82.6
     1     1    14     9     4    12     0     0   -16.0   55.225   -4.622    143.8    990.7    289.4      0.0     85.0
     1     1    14     9     4    11     0     1   -17.0   55.078   -4.567    136.5    992.0    289.1      0.0     87.0
     1     1    14     9     4    10     0     2   -18.0   54.924   -4.498    119.9    994.4    288.9      0.0     88.7
     1     1    14     9     4     9     0     3   -19.0   54.769   -4.414     92.3    998.9    288.7      0.0     90.2
     1     1    14     9     4     8     0     2   -20.0   54.621   -4.317     59.9   1005.2    288.6      0.0     89.7
     1     1    14     9     4     7     0     1   -21.0   54.487   -4.210     34.2   1010.0    288.2      0.0     89.5
     1     1    14     9     4     6     0     0   -22.0   54.358   -4.093     19.1   1013.8    287.7      0.0     89.4
     1     1    14     9     4     5     0     1   -23.0   54.222   -3.943     10.4   1016.1    287.9      0.0     86.4
     1     1    14     9     4     4     0     2   -24.0   54.085   -3.752      7.1   1017.8    288.1      0.0     83.1
     1     1    14     9     4     3     0     3   -25.0   53.958   -3.533      5.6   1017.5    288.2      0.0     81.4
     1     1    14     9     4     2     0     2   -26.0   53.856   -3.321      4.6   1015.2    288.1      0.0     81.4
     1     1    14     9     4     1     0     1   -27.0   53.779   -3.134      3.2   1014.0    288.1      0.0     81.0
     1     1    14     9     4     0     0     0   -28.0   53.719   -2.962      1.1   1012.7    288.2      0.0     80.7
     1     1    14     9     3    23     0     1   -29.0   53.670   -2.799      0.0   1009.8    288.2      0.0     81.3
     1     1    14     9     3    22     0     2   -30.0   53.628   -2.643      0.0   1007.0    288.3      0.0     81.4
     1     1    14     9     3    21     0     3   -31.0   53.594   -2.488      0.0   1004.2    288.5      0.0     81.1
     1     1    14     9     3    20     0     2   -32.0   53.564   -2.342      0.0   1001.1    288.9      0.0     80.1
     1     1    14     9     3    19     0     1   -33.0   53.533   -2.215      0.1    998.7    289.4      0.0     78.8
     1     1    14     9     3    18     0     0   -34.0   53.500   -2.105      0.3    996.9    289.9      0.0     77.2
     1     1    14     9     3    17     0     1   -35.0   53.468   -1.993      1.0    995.6    290.5      0.0     74.9
     1     1    14     9     3    16     0     2   -36.0   53.437   -1.864      2.3    998.4    291.3      0.0     71.4
     1     1    14     9     3    15     0     3   -37.0   53.409   -1.715      4.0   1001.4    292.3      0.0     67.7
     1     1    14     9     3    14     0     2   -38.0   53.383   -1.561      5.5   1004.8    292.7      0.0     68.3
     1     1    14     9     3    13     0     1   -39.0   53.359   -1.416      6.7   1008.1    293.3      0.0     69.4
     1     1    14     9     3    12     0     0   -40.0   53.334   -1.282      7.4   1011.4    294.0      0.0     70.8
     1     1    14     9     3    11     0     1   -41.0   53.312   -1.157      7.7   1014.1    293.0      0.0     74.9
     1     1    14     9     3    10     0     2   -42.0   53.295   -1.041      7.6   1016.6    291.9      0.0     78.9
     1     1    14     9     3     9     0     3   -43.0   53.281   -0.934      7.3   1017.6    290.5      0.0     83.0
     1     1    14     9     3     8     0     2   -44.0   53.265   -0.838      7.0   1017.6    289.3      0.0     85.6
     1     1    14     9     3     7     0     1   -45.0   53.243   -0.751      6.9   1017.6    288.1      0.0     88.4
     1     1    14     9     3     6     0     0   -46.0   53.214   -0.673      6.9   1017.6    287.0      0.0     91.3
     1     1    14     9     3     5     0     1   -47.0   53.184   -0.598      7.0   1016.7    286.7      0.0     91.5
     1     1    14     9     3     4     0     2   -48.0   53.159   -0.517      7.1   1015.7    286.6      0.0     91.7
     1     1    14     9     3     3     0     3   -49.0   53.139   -0.432      7.2   1014.7    286.4      0.0     91.9
     1     1    14     9     3     2     0     2   -50.0   53.122   -0.336      7.3   1015.7    286.6      0.0     89.9
     1     1    14     9     3     1     0     1   -51.0   53.107   -0.224      7.4   1016.8    286.7      0.0     87.8
     1     1    14     9     3     0     0     0   -52.0   53.094   -0.096      7.5   1018.0    286.9      0.0     85.6
     1     1    14     9     2    23     0     1   -53.0   53.079    0.035      7.2   1022.3    286.4      0.0     86.1
     1     1    14     9     2    22     0     2   -54.0   53.062    0.165      6.6   1022.2    286.6      0.0     84.0
     1     1    14     9     2    21     0     3   -55.0   53.046    0.303      6.1   1022.3    286.9      0.0     82.8
     1     1    14     9     2    20     0     2   -56.0   53.037    0.444      5.8   1021.4    287.6      0.0     81.3
     1     1    14     9     2    19     0     1   -57.0   53.038    0.582      5.8   1020.6    288.1      0.0     80.7
     1     1    14     9     2    18     0     0   -58.0   53.054    0.715      6.1   1019.9    288.5      0.0     80.8
     1     1    14     9     2    17     0     1   -59.0   53.083    0.846      6.5   1019.8    289.0      0.0     80.7
     1     1    14     9     2    16     0     2   -60.0   53.126    0.975      6.8   1019.8    289.2      0.0     81.4
     1     1    14     9     2    15     0     3   -61.0   53.182    1.098      7.1   1020.2    289.3      0.0     81.9
     1     1    14     9     2    14     0     2   -62.0   53.240    1.202      7.3   1021.5    289.2      0.0     84.7
     1     1    14     9     2    13     0     1   -63.0   53.294    1.276      7.6   1022.5    289.1      0.0     86.9
     1     1    14     9     2    12     0     0   -64.0   53.343    1.326      7.9   1023.2    289.0      0.0     88.8
     1     1    14     9     2    11     0     1   -65.0   53.399    1.360      8.2   1022.8    288.8      0.0     89.6
     1     1    14     9     2    10     0     2   -66.0   53.472    1.383      8.5   1022.5    288.7      0.0     90.4
     1     1    14     9     2     9     0     3   -67.0   53.562    1.392      8.7   1022.5    288.5      0.0     91.1
     1     1    14     9     2     8     0     2   -68.0   53.655    1.387      8.9   1021.9    288.4      0.0     91.6
     1     1    14     9     2     7     0     1   -69.0   53.739    1.368      9.1   1021.0    288.3      0.0     92.1
     1     1    14     9     2     6     0     0   -70.0   53.816    1.337      9.1   1019.9    288.2      0.0     92.6
     1     1    14     9     2     5     0     1   -71.0   53.900    1.295      9.0   1020.1    288.2      0.0     91.6
     1     1    14     9     2     4     0     2   -72.0   54.005    1.245      9.1   1020.3    288.1      0.0     90.3
