     7     1
    GDAS    14     8    22     0     0
    GDAS    14     8    29     0     0
    GDAS    14     9     1     0     0
    GDAS    14     9     8     0     0
    GDAS    14     9    15     0     0
    GDAS    14     9    22     0     0
    GDAS    14     9    29     0     0
     1 BACKWARD OMEGA   
    14     9    17     3   56.467   -2.973   100.0
     4 PRESSURE AIR_TEMP RAINFALL RELHUMID
     1     1    14     9    17     3     0     3     0.0   56.467   -2.973    100.0    974.7    282.7      0.0     90.6
     1     1    14     9    17     2     0     2    -1.0   56.488   -2.957    116.4    973.1    283.0      0.0     91.1
     1     1    14     9    17     1     0     1    -2.0   56.501   -2.939    138.7    971.2    283.3      0.0     91.8
     1     1    14     9    17     0     0     0    -3.0   56.506   -2.916    165.3    968.3    283.5      0.0     92.2
     1     1    14     9    16    23     0     1    -4.0   56.499   -2.873    190.0    966.5    283.8      0.0     92.8
     1     1    14     9    16    22     0     2    -5.0   56.478   -2.798    208.5    967.2    284.2      0.0     93.2
     1     1    14     9    16    21     0     3    -6.0   56.447   -2.695    222.6    969.5    284.6      0.0     93.4
     1     1    14     9    16    20     0     2    -7.0   56.410   -2.578    235.1    972.0    285.0      0.0     92.3
     1     1    14     9    16    19     0     1    -8.0   56.372   -2.465    247.2    974.0    285.3      0.0     91.3
     1     1    14     9    16    18     0     0    -9.0   56.331   -2.355    257.6    975.8    285.5      0.0     90.3
     1     1    14     9    16    17     0     1   -10.0   56.283   -2.242    266.6    977.8    285.7      0.0     90.3
     1     1    14     9    16    16     0     2   -11.0   56.223   -2.119    277.0    979.4    285.8      0.0     90.5
     1     1    14     9    16    15     0     3   -12.0   56.148   -1.987    292.9    979.8    285.8      0.0     90.8
     1     1    14     9    16    14     0     2   -13.0   56.067   -1.859    311.5    977.2    285.6      0.0     92.4
     1     1    14     9    16    13     0     1   -14.0   55.985   -1.746    325.6    975.4    285.5      0.0     93.5
     1     1    14     9    16    12     0     0   -15.0   55.899   -1.644    332.4    973.9    285.4      0.0     94.3
     1     1    14     9    16    11     0     1   -16.0   55.816   -1.541    336.6    973.6    285.4      0.0     94.9
     1     1    14     9    16    10     0     2   -17.0   55.741   -1.425    343.6    973.1    285.3      0.0     95.5
     1     1    14     9    16     9     0     3   -18.0   55.675   -1.299    353.6    972.7    285.2      0.0     96.0
     1     1    14     9    16     8     0     2   -19.0   55.615   -1.169    361.8    972.3    285.2      0.0     96.6
     1     1    14     9    16     7     0     1   -20.0   55.557   -1.039    363.0    973.6    285.3      0.0     97.1
     1     1    14     9    16     6     0     0   -21.0   55.499   -0.911    357.4    974.7    285.3      0.0     97.7
     1     1    14     9    16     5     0     1   -22.0   55.438   -0.794    351.2    976.0    285.6      0.0     95.2
     1     1    14     9    16     4     0     2   -23.0   55.371   -0.697    350.8    976.0    285.9      0.0     92.8
     1     1    14     9    16     3     0     3   -24.0   55.300   -0.615    357.1    975.2    286.1      0.0     90.3
     1     1    14     9    16     2     0     2   -25.0   55.227   -0.530    368.9    973.8    286.0      0.0     91.0
     1     1    14     9    16     1     0     1   -26.0   55.154   -0.419    384.4    972.2    286.0      0.0     91.7
     1     1    14     9    16     0     0     0   -27.0   55.082   -0.282    403.7    970.3    285.9      0.0     92.4
     1     1    14     9    15    23     0     1   -28.0   55.011   -0.133    425.3    967.9    285.8      0.0     92.4
     1     1    14     9    15    22     0     2   -29.0   54.905    0.027    429.4    965.3    286.3      0.0     84.1
     1     1    14     9    15    21     0     3   -30.0   54.759    0.217    413.2    969.0    286.6      0.0     81.8
     1     1    14     9    15    20     0     2   -31.0   54.617    0.428    400.3    971.2    286.9      0.0     81.2
     1     1    14     9    15    19     0     1   -32.0   54.493    0.649    398.8    971.0    287.0      0.0     80.5
     1     1    14     9    15    18     0     0   -33.0   54.382    0.871    405.7    970.0    286.9      0.0     79.4
     1     1    14     9    15    17     0     1   -34.0   54.277    1.082    415.7    968.5    287.1      0.0     77.0
     1     1    14     9    15    16     0     2   -35.0   54.176    1.272    423.8    967.5    287.2      0.0     75.9
     1     1    14     9    15    15     0     3   -36.0   54.072    1.438    427.0    967.0    287.3      0.0     75.2
     1     1    14     9    15    14     0     2   -37.0   53.969    1.598    421.9    967.6    287.3      0.0     76.1
     1     1    14     9    15    13     0     1   -38.0   53.867    1.768    409.4    969.5    287.5      0.0     76.6
     1     1    14     9    15    12     0     0   -39.0   53.764    1.947    395.9    971.6    287.6      0.0     76.7
     1     1    14     9    15    11     0     1   -40.0   53.658    2.141    385.4    972.8    287.7      0.0     76.1
     1     1    14     9    15    10     0     2   -41.0   53.551    2.354    380.3    973.3    287.7      0.0     75.9
     1     1    14     9    15     9     0     3   -42.0   53.444    2.579    382.1    973.1    287.6      0.0     75.8
     1     1    14     9    15     8     0     2   -43.0   53.343    2.799    390.4    972.2    287.5      0.0     77.8
     1     1    14     9    15     7     0     1   -44.0   53.255    3.004    403.4    970.8    287.3      0.0     79.5
     1     1    14     9    15     6     0     0   -45.0   53.177    3.191    417.1    969.1    287.1      0.0     81.1
     1     1    14     9    15     5     0     1   -46.0   53.108    3.367    422.4    967.8    287.0      0.0     81.3
     1     1    14     9    15     4     0     2   -47.0   53.035    3.532    415.7    968.4    287.0      0.0     81.6
     1     1    14     9    15     3     0     3   -48.0   52.944    3.682    402.0    969.8    287.0      0.0     81.5
     1     1    14     9    15     2     0     2   -49.0   52.855    3.831    389.7    972.2    287.2      0.0     82.6
     1     1    14     9    15     1     0     1   -50.0   52.785    3.993    383.2    973.3    287.2      0.0     83.8
     1     1    14     9    15     0     0     0   -51.0   52.735    4.170    381.0    973.9    287.3      0.0     84.3
     1     1    14     9    14    23     0     1   -52.0   52.701    4.345    383.8    973.9    287.4      0.0     83.6
     1     1    14     9    14    22     0     2   -53.0   52.679    4.495    393.5    973.1    287.4      0.0     83.4
     1     1    14     9    14    21     0     3   -54.0   52.668    4.616    411.1    971.4    287.4      0.0     83.8
     1     1    14     9    14    20     0     2   -55.0   52.678    4.725    432.9    968.7    287.2      0.0     85.3
     1     1    14     9    14    19     0     1   -56.0   52.716    4.844    454.8    966.0    286.9      0.0     87.5
     1     1    14     9    14    18     0     0   -57.0   52.781    4.969    477.5    963.4    286.5      0.0     90.6
     1     1    14     9    14    17     0     1   -58.0   52.871    5.093    499.8    960.8    286.4      0.0     89.7
     1     1    14     9    14    16     0     2   -59.0   52.986    5.205    521.4    958.7    286.1      0.0     89.6
     1     1    14     9    14    15     0     3   -60.0   53.132    5.321    537.5    956.5    286.0      0.0     89.5
     1     1    14     9    14    14     0     2   -61.0   53.290    5.479    537.7    957.1    286.1      0.0     89.0
     1     1    14     9    14    13     0     1   -62.0   53.447    5.680    527.0    959.5    286.1      0.0     89.4
     1     1    14     9    14    12     0     0   -63.0   53.615    5.911    515.4    962.0    285.9      0.0     92.3
     1     1    14     9    14    11     0     1   -64.0   53.801    6.169    509.1    963.1    285.6      0.0     93.9
     1     1    14     9    14    10     0     2   -65.0   54.000    6.443    504.5    963.3    285.4      0.0     94.7
     1     1    14     9    14     9     0     3   -66.0   54.211    6.730    493.8    964.4    285.2      0.0     95.8
     1     1    14     9    14     8     0     2   -67.0   54.432    7.048    474.7    967.2    285.2      0.0     96.5
     1     1    14     9    14     7     0     1   -68.0   54.660    7.407    459.4    970.5    285.3      0.0     96.9
     1     1    14     9    14     6     0     0   -69.0   54.898    7.796    459.9    971.0    285.1      0.0     98.2
     1     1    14     9    14     5     0     1   -70.0   55.134    8.219    475.1    968.0    285.0      0.0     95.5
     1     1    14     9    14     4     0     2   -71.0   55.354    8.679    504.0    962.7    284.7      0.0     94.1
     1     1    14     9    14     3     0     3   -72.0   55.570    9.163    547.8    955.8    284.3      0.1     94.8
