     7     1
    GDAS    14     8    22     0     0
    GDAS    14     8    29     0     0
    GDAS    14     9     1     0     0
    GDAS    14     9     8     0     0
    GDAS    14     9    15     0     0
    GDAS    14     9    22     0     0
    GDAS    14     9    29     0     0
     1 BACKWARD OMEGA   
    14     9    16    23   56.467   -2.973   100.0
     4 PRESSURE AIR_TEMP RAINFALL RELHUMID
     1     1    14     9    16    23     0     1     0.0   56.467   -2.973    100.0    975.0    283.5      0.0     93.2
     1     1    14     9    16    22     0     2    -1.0   56.451   -2.898    107.2    976.8    284.1      0.0     94.0
     1     1    14     9    16    21     0     3    -2.0   56.425   -2.795    108.9    980.3    284.6      0.0     94.4
     1     1    14     9    16    20     0     2    -3.0   56.398   -2.677    107.7    984.3    285.2      0.0     92.9
     1     1    14     9    16    19     0     1    -4.0   56.375   -2.551    105.9    988.1    285.7      0.0     91.4
     1     1    14     9    16    18     0     0    -5.0   56.353   -2.416    103.7    991.9    286.1      0.0     89.8
     1     1    14     9    16    17     0     1    -6.0   56.325   -2.274    101.2    995.9    286.5      0.0     88.8
     1     1    14     9    16    16     0     2    -7.0   56.286   -2.129     98.7    999.7    286.7      0.0     88.3
     1     1    14     9    16    15     0     3    -8.0   56.235   -1.986     96.8   1002.7    286.8      0.0     88.2
     1     1    14     9    16    14     0     2    -9.0   56.180   -1.856     96.5   1003.2    286.8      0.0     89.4
     1     1    14     9    16    13     0     1   -10.0   56.126   -1.745     97.5   1003.3    286.8      0.0     90.4
     1     1    14     9    16    12     0     0   -11.0   56.068   -1.650     98.3   1003.4    286.8      0.0     91.2
     1     1    14     9    16    11     0     1   -12.0   56.007   -1.556     99.9   1003.7    286.7      0.0     92.3
     1     1    14     9    16    10     0     2   -13.0   55.947   -1.455    102.8   1003.2    286.6      0.0     93.3
     1     1    14     9    16     9     0     3   -14.0   55.891   -1.349    106.3   1002.9    286.6      0.0     94.3
     1     1    14     9    16     8     0     2   -15.0   55.836   -1.241    107.8   1002.8    286.6      0.0     94.9
     1     1    14     9    16     7     0     1   -16.0   55.782   -1.133    105.8   1003.5    286.6      0.0     95.5
     1     1    14     9    16     6     0     0   -17.0   55.728   -1.024    101.0   1004.9    286.7      0.0     96.0
     1     1    14     9    16     5     0     1   -18.0   55.671   -0.925     96.4   1006.0    286.8      0.0     94.9
     1     1    14     9    16     4     0     2   -19.0   55.611   -0.846     94.9   1006.3    286.9      0.0     93.7
     1     1    14     9    16     3     0     3   -20.0   55.548   -0.785     96.6   1006.1    287.0      0.0     92.5
     1     1    14     9    16     2     0     2   -21.0   55.485   -0.723    100.7   1005.5    287.0      0.0     92.8
     1     1    14     9    16     1     0     1   -22.0   55.426   -0.643    106.3   1005.0    287.0      0.0     93.1
     1     1    14     9    16     0     0     0   -23.0   55.370   -0.544    113.9   1004.2    287.1      0.0     93.4
     1     1    14     9    15    23     0     1   -24.0   55.314   -0.434    123.5   1003.2    287.1      0.0     93.3
     1     1    14     9    15    22     0     2   -25.0   55.259   -0.327    135.6   1002.0    287.2      0.0     93.4
     1     1    14     9    15    21     0     3   -26.0   55.205   -0.223    150.1   1000.1    287.2      0.0     93.5
     1     1    14     9    15    20     0     2   -27.0   55.162   -0.105    163.9    997.8    287.0      0.0     94.0
     1     1    14     9    15    19     0     1   -28.0   55.089    0.071    171.1    996.3    287.8      0.0     87.1
     1     1    14     9    15    18     0     0   -29.0   54.983    0.286    175.4    996.5    288.1      0.0     86.1
     1     1    14     9    15    17     0     1   -30.0   54.886    0.490    178.9    995.4    288.4      0.0     82.7
     1     1    14     9    15    16     0     2   -31.0   54.794    0.670    176.7    995.8    288.7      0.0     79.8
     1     1    14     9    15    15     0     3   -32.0   54.698    0.825    171.0    996.6    288.9      0.0     77.5
     1     1    14     9    15    14     0     2   -33.0   54.609    0.984    165.4    998.0    288.8      0.0     79.8
     1     1    14     9    15    13     0     1   -34.0   54.538    1.173    161.8    998.7    288.8      0.0     81.4
     1     1    14     9    15    12     0     0   -35.0   54.482    1.385    158.1    999.4    288.9      0.0     82.2
     1     1    14     9    15    11     0     1   -36.0   54.429    1.617    152.4    999.9    289.1      0.0     80.1
     1     1    14     9    15    10     0     2   -37.0   54.365    1.871    143.1   1001.0    289.3      0.0     77.4
     1     1    14     9    15     9     0     3   -38.0   54.286    2.151    130.6   1002.3    289.4      0.0     74.6
     1     1    14     9    15     8     0     2   -39.0   54.211    2.444    120.0   1004.1    289.3      0.0     77.5
     1     1    14     9    15     7     0     1   -40.0   54.151    2.734    114.4   1004.9    289.3      0.0     80.1
     1     1    14     9    15     6     0     0   -41.0   54.094    3.017    112.7   1005.3    289.4      0.0     82.5
     1     1    14     9    15     5     0     1   -42.0   54.045    3.308    109.7   1004.7    289.6      0.0     79.7
     1     1    14     9    15     4     0     2   -43.0   54.007    3.616    102.3   1005.1    289.7      0.3     76.8
     1     1    14     9    15     3     0     3   -44.0   53.950    3.934     93.5   1005.7    289.9      0.3     74.9
     1     1    14     9    15     2     0     2   -45.0   53.889    4.246     84.6   1007.6    289.9      0.0     77.7
     1     1    14     9    15     1     0     1   -46.0   53.849    4.547     75.6   1009.5    289.9      0.0     79.6
     1     1    14     9    15     0     0     0   -47.0   53.816    4.833     67.7   1011.1    290.0      0.0     80.8
     1     1    14     9    14    23     0     1   -48.0   53.787    5.108     60.8   1012.3    290.1      0.2     78.4
     1     1    14     9    14    22     0     2   -49.0   53.758    5.384     54.2   1013.5    289.9      0.2     76.1
     1     1    14     9    14    21     0     3   -50.0   53.716    5.662     48.3   1014.3    289.6      1.0     73.2
     1     1    14     9    14    20     0     2   -51.0   53.676    5.933     44.1   1014.7    289.1      0.0     76.9
     1     1    14     9    14    19     0     1   -52.0   53.674    6.205     40.8   1014.9    289.1      0.0     80.6
     1     1    14     9    14    18     0     0   -53.0   53.715    6.484     37.8   1015.1    289.3      0.0     82.1
     1     1    14     9    14    17     0     1   -54.0   53.772    6.762     34.9   1015.1    290.1      0.1     79.8
     1     1    14     9    14    16     0     2   -55.0   53.821    7.035     32.7   1014.8    290.6      0.1     78.6
     1     1    14     9    14    15     0     3   -56.0   53.870    7.308     31.9   1014.3    290.8      0.1     80.1
     1     1    14     9    14    14     0     2   -57.0   53.927    7.574     31.0   1015.6    290.6      0.4     81.5
     1     1    14     9    14    13     0     1   -58.0   53.992    7.830     27.4   1017.4    290.4      0.6     81.3
     1     1    14     9    14    12     0     0   -59.0   54.061    8.082     21.7   1019.5    290.5      0.7     80.6
     1     1    14     9    14    11     0     1   -60.0   54.144    8.316     17.7   1020.1    290.6      0.2     86.6
     1     1    14     9    14    10     0     2   -61.0   54.247    8.526     16.7   1019.5    290.4      0.0     90.6
     1     1    14     9    14     9     0     3   -62.0   54.360    8.717     17.4   1018.9    290.0      0.0     92.7
     1     1    14     9    14     8     0     2   -63.0   54.474    8.890     18.8   1018.2    289.2      0.0     93.7
     1     1    14     9    14     7     0     1   -64.0   54.584    9.039     20.3   1017.8    288.4      0.0     95.0
     1     1    14     9    14     6     0     0   -65.0   54.695    9.169     21.2   1017.8    287.8      0.0     96.1
     1     1    14     9    14     5     0     1   -66.0   54.816    9.294     21.8   1018.0    287.8      0.0     95.4
     1     1    14     9    14     4     0     2   -67.0   54.957    9.423     22.9   1018.2    288.1      0.0     94.6
     1     1    14     9    14     3     0     3   -68.0   55.120    9.544     24.1   1018.1    288.1      0.2     93.8
     1     1    14     9    14     2     0     2   -69.0   55.284    9.668     24.4   1018.1    288.1      0.0     92.6
     1     1    14     9    14     1     0     1   -70.0   55.435    9.806     23.4   1018.5    288.2      0.0     91.0
     1     1    14     9    14     0     0     0   -71.0   55.570    9.948     21.5   1019.0    288.3      0.0     88.9
     1     1    14     9    13    23     0     1   -72.0   55.693   10.096     19.2   1019.9    288.3      0.0     87.0
