     7     1
    GDAS    14     8    22     0     0
    GDAS    14     8    29     0     0
    GDAS    14     9     1     0     0
    GDAS    14     9     8     0     0
    GDAS    14     9    15     0     0
    GDAS    14     9    22     0     0
    GDAS    14     9    29     0     0
     1 BACKWARD OMEGA   
    14     9    16     0   56.467   -2.973   100.0
     4 PRESSURE AIR_TEMP RAINFALL RELHUMID
     1     1    14     9    16     0     0     0     0.0   56.467   -2.973    100.0    975.3    284.9      0.2     99.5
     1     1    14     9    15    23     0     1    -1.0   56.512   -2.802     54.7    986.4    285.3      0.5     99.3
     1     1    14     9    15    22     0     2    -2.0   56.568   -2.654     28.1    993.3    285.5      0.5     99.1
     1     1    14     9    15    21     0     3    -3.0   56.638   -2.510     12.7    999.0    285.6      0.5     99.1
     1     1    14     9    15    20     0     2    -4.0   56.710   -2.332      3.9   1004.3    285.9      0.5     98.7
     1     1    14     9    15    19     0     1    -5.0   56.773   -2.075      0.0   1013.7    286.3      0.5     98.2
     1     1    14     9    15    18     0     0    -6.0   56.824   -1.714      0.0   1016.7    286.5      0.5     97.1
     1     1    14     9    15    17     0     1    -7.0   56.870   -1.269      0.0   1017.7    286.6      0.2     96.5
     1     1    14     9    15    16     0     2    -8.0   56.918   -0.756      0.0   1019.2    286.6      0.2     96.5
     1     1    14     9    15    15     0     3    -9.0   56.968   -0.193      0.0   1020.3    286.7      0.2     97.1
     1     1    14     9    15    14     0     2   -10.0   57.014    0.387      0.0   1020.2    286.9      0.2     94.2
     1     1    14     9    15    13     0     1   -11.0   57.048    0.971      0.0   1020.0    287.2      0.2     94.1
     1     1    14     9    15    12     0     0   -12.0   57.067    1.550      0.0   1021.8    287.4      0.0     93.3
     1     1    14     9    15    11     0     1   -13.0   57.082    2.132      0.0   1022.6    287.7      0.0     93.0
     1     1    14     9    15    10     0     2   -14.0   57.100    2.745      0.0   1021.8    287.9      0.0     92.9
     1     1    14     9    15     9     0     3   -15.0   57.126    3.410      0.0   1021.1    288.2      0.0     93.4
     1     1    14     9    15     8     0     2   -16.0   57.162    4.108      0.0   1022.0    288.5      0.0     92.5
     1     1    14     9    15     7     0     1   -17.0   57.209    4.805      0.0   1023.0    288.7      0.0     91.8
     1     1    14     9    15     6     0     0   -18.0   57.272    5.492      0.0   1024.0    289.0      0.0     91.5
     1     1    14     9    15     5     0     1   -19.0   57.344    6.167      0.2   1023.9    289.2      0.0     89.4
     1     1    14     9    15     4     0     2   -20.0   57.412    6.805      2.0   1022.0    289.1      0.0     89.3
     1     1    14     9    15     3     0     3   -21.0   57.474    7.376      4.7   1021.8    289.1      0.0     89.8
     1     1    14     9    15     2     0     2   -22.0   57.540    7.888      6.2   1023.7    289.2      0.0     89.2
     1     1    14     9    15     1     0     1   -23.0   57.618    8.371      6.5   1025.5    289.5      0.0     88.4
     1     1    14     9    15     0     0     0   -24.0   57.693    8.854      6.1   1026.3    289.8      0.0     87.9
     1     1    14     9    14    23     0     1   -25.0   57.753    9.330      5.5   1026.1    289.7      0.0     85.2
     1     1    14     9    14    22     0     2   -26.0   57.796    9.784      5.0   1026.3    289.6      0.0     83.7
     1     1    14     9    14    21     0     3   -27.0   57.832   10.226      4.7   1026.8    289.6      0.0     83.1
     1     1    14     9    14    20     0     2   -28.0   57.869   10.667      4.7   1027.3    289.8      0.0     80.5
     1     1    14     9    14    19     0     1   -29.0   57.908   11.090      5.0   1026.8    289.7      0.0     79.3
     1     1    14     9    14    18     0     0   -30.0   57.948   11.454      6.3   1022.9    288.6      0.0     79.2
     1     1    14     9    14    17     0     1   -31.0   57.986   11.754      8.6   1019.6    288.6      0.0     77.5
     1     1    14     9    14    16     0     2   -32.0   58.012   12.028     12.2   1016.2    289.5      0.0     75.0
     1     1    14     9    14    15     0     3   -33.0   58.029   12.314     19.0   1012.0    290.5      0.0     72.1
     1     1    14     9    14    14     0     2   -34.0   58.045   12.621     33.2   1007.2    289.8      0.0     73.3
     1     1    14     9    14    13     0     1   -35.0   58.068   12.946     60.0   1001.5    288.5      0.0     75.1
     1     1    14     9    14    12     0     0   -36.0   58.097   13.285     87.8    995.5    287.5      0.0     78.0
     1     1    14     9    14    11     0     1   -37.0   58.127   13.617     98.7    993.4    286.8      0.0     80.8
     1     1    14     9    14    10     0     2   -38.0   58.156   13.938     91.3    993.7    286.2      0.0     82.8
     1     1    14     9    14     9     0     3   -39.0   58.186   14.242     75.5    996.7    286.1      0.0     84.5
     1     1    14     9    14     8     0     2   -40.0   58.224   14.521     62.0    999.3    285.6      0.0     88.1
     1     1    14     9    14     7     0     1   -41.0   58.269   14.764     51.8   1001.0    284.9      0.0     91.8
     1     1    14     9    14     6     0     0   -42.0   58.320   14.975     44.0   1002.3    283.9      0.0     95.6
     1     1    14     9    14     5     0     1   -43.0   58.380   15.162     36.2   1005.2    283.9      0.0     95.0
     1     1    14     9    14     4     0     2   -44.0   58.448   15.330     27.4   1008.8    283.7      0.0     94.0
     1     1    14     9    14     3     0     3   -45.0   58.521   15.481     19.5   1012.5    283.3      0.0     92.6
     1     1    14     9    14     2     0     2   -46.0   58.591   15.618     14.0   1015.9    283.4      0.0     90.9
     1     1    14     9    14     1     0     1   -47.0   58.654   15.749     10.9   1018.3    283.6      0.0     89.4
     1     1    14     9    14     0     0     0   -48.0   58.712   15.878      9.2   1020.2    283.8      0.0     88.0
     1     1    14     9    13    23     0     1   -49.0   58.763   16.007      8.2   1021.1    284.1      0.0     87.9
     1     1    14     9    13    22     0     2   -50.0   58.805   16.141      7.5   1021.4    284.4      0.0     87.8
     1     1    14     9    13    21     0     3   -51.0   58.840   16.285      6.8   1021.9    284.7      0.0     88.0
     1     1    14     9    13    20     0     2   -52.0   58.874   16.434      6.2   1022.6    284.9      0.0     85.3
     1     1    14     9    13    19     0     1   -53.0   58.912   16.589      5.7   1022.8    285.1      0.0     83.5
     1     1    14     9    13    18     0     0   -54.0   58.950   16.747      5.3   1022.5    285.3      0.0     82.8
     1     1    14     9    13    17     0     1   -55.0   58.986   16.910      4.6   1022.6    287.2      0.0     79.9
     1     1    14     9    13    16     0     2   -56.0   59.022   17.081      3.6   1022.9    289.1      0.0     76.8
     1     1    14     9    13    15     0     3   -57.0   59.063   17.271      2.4   1023.0    290.7      0.0     74.5
     1     1    14     9    13    14     0     2   -58.0   59.112   17.472      1.4   1023.3    290.8      0.0     75.9
     1     1    14     9    13    13     0     1   -59.0   59.171   17.671      0.7   1023.6    291.2      0.0     77.1
     1     1    14     9    13    12     0     0   -60.0   59.239   17.862      0.1   1024.0    291.7      0.0     78.0
     1     1    14     9    13    11     0     1   -61.0   59.320   18.049      0.0   1024.2    291.1      0.0     80.3
     1     1    14     9    13    10     0     2   -62.0   59.417   18.238      0.0   1024.8    290.5      0.0     82.2
     1     1    14     9    13     9     0     3   -63.0   59.527   18.435      0.0   1025.5    289.9      0.0     84.0
     1     1    14     9    13     8     0     2   -64.0   59.641   18.637      0.0   1025.9    289.0      0.0     85.6
     1     1    14     9    13     7     0     1   -65.0   59.753   18.835      0.0   1025.7    288.4      0.0     86.8
     1     1    14     9    13     6     0     0   -66.0   59.863   19.037      0.0   1025.2    288.3      0.0     87.5
     1     1    14     9    13     5     0     1   -67.0   59.979   19.253      0.0   1025.5    288.1      0.0     84.7
     1     1    14     9    13     4     0     2   -68.0   60.109   19.491      0.0   1025.7    288.2      0.0     81.9
     1     1    14     9    13     3     0     3   -69.0   60.255   19.754      0.0   1025.5    288.3      0.0     79.9
     1     1    14     9    13     2     0     2   -70.0   60.413   20.030      0.2   1025.9    288.4      0.0     79.3
     1     1    14     9    13     1     0     1   -71.0   60.570   20.310      0.6   1025.9    288.4      0.0     78.4
     1     1    14     9    13     0     0     0   -72.0   60.725   20.589      1.1   1025.6    288.4      0.0     77.6
