     7     1
    GDAS    14     8    22     0     0
    GDAS    14     8    29     0     0
    GDAS    14     9     1     0     0
    GDAS    14     9     8     0     0
    GDAS    14     9    15     0     0
    GDAS    14     9    22     0     0
    GDAS    14     9    29     0     0
     1 BACKWARD OMEGA   
    14     9     4     2   56.467   -2.973   100.0
     4 PRESSURE AIR_TEMP RAINFALL RELHUMID
     1     1    14     9     4     2     0     2     0.0   56.467   -2.973    100.0    978.5    285.8      0.0     92.3
     1     1    14     9     4     1     0     1    -1.0   56.343   -2.938    114.9    982.5    286.4      0.0     89.8
     1     1    14     9     4     0     0     0    -2.0   56.208   -2.900    137.7    985.7    287.0      0.0     87.0
     1     1    14     9     3    23     0     1    -3.0   56.056   -2.846    170.2    987.4    287.7      0.0     82.3
     1     1    14     9     3    22     0     2    -4.0   55.882   -2.761    208.1    984.3    288.1      0.0     78.4
     1     1    14     9     3    21     0     3    -5.0   55.696   -2.643    240.5    980.0    288.2      0.0     76.0
     1     1    14     9     3    20     0     2    -6.0   55.514   -2.512    258.5    976.4    288.2      0.0     75.7
     1     1    14     9     3    19     0     1    -7.0   55.345   -2.389    260.0    974.1    288.1      0.0     75.7
     1     1    14     9     3    18     0     0    -8.0   55.189   -2.275    247.3    972.8    288.1      0.0     75.7
     1     1    14     9     3    17     0     1    -9.0   55.047   -2.160    218.0    972.0    288.0      0.0     75.8
     1     1    14     9     3    16     0     2   -10.0   54.922   -2.023    173.0    975.1    288.2      0.0     74.5
     1     1    14     9     3    15     0     3   -11.0   54.814   -1.872    128.3    984.7    288.8      0.0     71.3
     1     1    14     9     3    14     0     2   -12.0   54.719   -1.726     99.7    992.2    289.0      0.0     71.3
     1     1    14     9     3    13     0     1   -13.0   54.628   -1.596     86.6    996.4    289.1      0.0     72.0
     1     1    14     9     3    12     0     0   -14.0   54.539   -1.479     83.4    999.3    289.1      0.0     73.1
     1     1    14     9     3    11     0     1   -15.0   54.453   -1.375     87.0   1000.9    288.4      0.0     76.3
     1     1    14     9     3    10     0     2   -16.0   54.372   -1.282     94.9   1001.9    287.8      0.0     79.1
     1     1    14     9     3     9     0     3   -17.0   54.294   -1.198    105.7   1002.2    287.1      0.0     81.6
     1     1    14     9     3     8     0     2   -18.0   54.216   -1.121    117.9   1001.9    286.7      0.0     82.8
     1     1    14     9     3     7     0     1   -19.0   54.135   -1.048    130.1   1001.4    286.3      0.0     83.8
     1     1    14     9     3     6     0     0   -20.0   54.050   -0.977    140.4   1000.3    286.1      0.0     84.7
     1     1    14     9     3     5     0     1   -21.0   53.963   -0.906    149.0    998.8    285.8      0.0     84.8
     1     1    14     9     3     4     0     2   -22.0   53.873   -0.832    156.8    997.6    285.7      0.0     85.1
     1     1    14     9     3     3     0     3   -23.0   53.782   -0.753    163.2    996.7    285.5      0.0     85.5
     1     1    14     9     3     2     0     2   -24.0   53.694   -0.655    170.4    996.1    285.7      0.0     84.7
     1     1    14     9     3     1     0     1   -25.0   53.613   -0.525    180.4    994.9    286.0      0.0     83.4
     1     1    14     9     3     0     0     0   -26.0   53.539   -0.364    192.8    993.4    286.1      0.0     81.7
     1     1    14     9     2    23     0     1   -27.0   53.467   -0.180    205.5    991.6    286.7      0.0     78.7
     1     1    14     9     2    22     0     2   -28.0   53.401   -0.001    209.1    990.2    287.2      0.0     75.5
     1     1    14     9     2    21     0     3   -29.0   53.340    0.192    212.0    995.9    287.4      0.0     80.5
     1     1    14     9     2    20     0     2   -30.0   53.294    0.373    209.0    997.4    287.6      0.0     80.5
     1     1    14     9     2    19     0     1   -31.0   53.264    0.551    210.4    997.6    287.7      0.0     80.7
     1     1    14     9     2    18     0     0   -32.0   53.252    0.721    218.0    997.1    287.6      0.0     81.2
     1     1    14     9     2    17     0     1   -33.0   53.258    0.878    229.2    995.7    287.5      0.0     81.5
     1     1    14     9     2    16     0     2   -34.0   53.279    1.020    241.1    994.7    287.3      0.0     82.0
     1     1    14     9     2    15     0     3   -35.0   53.314    1.149    252.9    993.2    287.2      0.0     82.3
     1     1    14     9     2    14     0     2   -36.0   53.353    1.258    263.8    992.5    286.9      0.0     84.6
     1     1    14     9     2    13     0     1   -37.0   53.388    1.344    274.7    991.4    286.7      0.0     86.4
     1     1    14     9     2    12     0     0   -38.0   53.420    1.412    285.0    990.3    286.4      0.0     88.0
     1     1    14     9     2    11     0     1   -39.0   53.459    1.470    294.4    988.8    286.2      0.0     88.8
     1     1    14     9     2    10     0     2   -40.0   53.515    1.522    303.6    987.4    286.0      0.0     89.7
     1     1    14     9     2     9     0     3   -41.0   53.587    1.564    314.7    985.8    285.7      0.0     90.5
     1     1    14     9     2     8     0     2   -42.0   53.663    1.597    328.3    983.8    285.5      0.0     91.0
     1     1    14     9     2     7     0     1   -43.0   53.733    1.623    342.8    981.8    285.2      0.0     91.5
     1     1    14     9     2     6     0     0   -44.0   53.798    1.642    357.3    979.8    285.0      0.0     91.9
     1     1    14     9     2     5     0     1   -45.0   53.873    1.651    371.6    978.1    285.0      0.0     90.9
     1     1    14     9     2     4     0     2   -46.0   53.969    1.646    386.6    976.3    284.9      0.0     89.7
     1     1    14     9     2     3     0     3   -47.0   54.085    1.631    402.4    974.4    284.9      0.0     88.8
     1     1    14     9     2     2     0     2   -48.0   54.205    1.610    416.7    972.5    284.9      0.0     88.8
     1     1    14     9     2     1     0     1   -49.0   54.317    1.576    427.9    971.2    284.9      0.0     88.9
     1     1    14     9     2     0     0     0   -50.0   54.425    1.524    437.1    969.9    284.9      0.0     89.0
     1     1    14     9     1    23     0     1   -51.0   54.543    1.460    446.2    968.8    284.9      0.0     89.4
     1     1    14     9     1    22     0     2   -52.0   54.679    1.388    455.2    967.2    284.9      0.0     89.5
     1     1    14     9     1    21     0     3   -53.0   54.832    1.301    460.8    966.1    284.9      0.0     89.0
     1     1    14     9     1    20     0     2   -54.0   54.982    1.188    463.4    965.7    284.9      0.0     89.3
     1     1    14     9     1    19     0     1   -55.0   55.120    1.052    469.4    965.0    284.9      0.0     89.6
     1     1    14     9     1    18     0     0   -56.0   55.246    0.901    483.4    963.1    284.8      0.0     89.5
     1     1    14     9     1    17     0     1   -57.0   55.349    0.750    500.7    960.0    284.6      0.0     91.1
     1     1    14     9     1    16     0     2   -58.0   55.428    0.603    514.3    958.2    284.4      0.0     92.2
     1     1    14     9     1    15     0     3   -59.0   55.493    0.449    525.0    956.7    284.4      0.0     92.9
     1     1    14     9     1    14     0     2   -60.0   55.548    0.273    536.3    955.6    284.3      0.0     93.2
     1     1    14     9     1    13     0     1   -61.0   55.594    0.065    553.4    953.7    284.2      0.0     94.4
     1     1    14     9     1    12     0     0   -62.0   55.660   -0.188    576.0    951.2    284.0      0.0     90.4
     1     1    14     9     1    11     0     1   -63.0   55.736   -0.467    596.3    947.8    283.9      0.0     91.9
     1     1    14     9     1    10     0     2   -64.0   55.795   -0.739    604.4    946.2    283.9      0.0     93.1
     1     1    14     9     1     9     0     3   -65.0   55.839   -0.999    597.4    946.2    284.0      0.0     94.0
     1     1    14     9     1     8     0     2   -66.0   55.870   -1.268    585.4    946.7    284.0      0.3     92.6
     1     1    14     9     1     7     0     1   -67.0   55.896   -1.568    580.2    945.2    284.0      0.0     91.7
     1     1    14     9     1     6     0     0   -68.0   55.928   -1.905    578.0    943.4    284.0      0.0     91.1
     1     1    14     9     1     5     0     1   -69.0   55.963   -2.296    578.6    940.8    283.9      0.0     90.6
     1     1    14     9     1     4     0     2   -70.0   55.991   -2.745    594.8    935.5    283.7      0.0     89.4
     1     1    14     9     1     3     0     3   -71.0   56.009   -3.243    642.1    928.0    283.3      0.0     87.8
     1     1    14     9     1     2     0     2   -72.0   56.013   -3.775    714.1    917.9    282.5      0.2     91.2
