     7     1
    GDAS    14     8    22     0     0
    GDAS    14     8    29     0     0
    GDAS    14     9     1     0     0
    GDAS    14     9     8     0     0
    GDAS    14     9    15     0     0
    GDAS    14     9    22     0     0
    GDAS    14     9    29     0     0
     1 BACKWARD OMEGA   
    14     9    15    20   56.467   -2.973   100.0
     4 PRESSURE AIR_TEMP RAINFALL RELHUMID
     1     1    14     9    15    20     0     2     0.0   56.467   -2.973    100.0    977.0    285.1      0.5     99.3
     1     1    14     9    15    19     0     1    -1.0   56.536   -2.759     49.7    989.0    285.5      1.4     99.1
     1     1    14     9    15    18     0     0    -2.0   56.588   -2.513     22.6    998.6    285.8      1.5     98.6
     1     1    14     9    15    17     0     1    -3.0   56.641   -2.220      7.0   1008.3    286.2      0.3     98.4
     1     1    14     9    15    16     0     2    -4.0   56.713   -1.894      0.0   1016.6    286.6      0.3     98.4
     1     1    14     9    15    15     0     3    -5.0   56.792   -1.503      0.0   1018.1    286.7      0.3     98.2
     1     1    14     9    15    14     0     2    -6.0   56.869   -1.029      0.0   1019.7    286.7      0.2     97.5
     1     1    14     9    15    13     0     1    -7.0   56.955   -0.508      0.0   1019.8    286.7      0.2     97.7
     1     1    14     9    15    12     0     0    -8.0   57.038    0.016      0.0   1019.8    286.7      0.2     97.8
     1     1    14     9    15    11     0     1    -9.0   57.101    0.558      0.0   1020.3    286.9      0.0     96.7
     1     1    14     9    15    10     0     2   -10.0   57.157    1.125      0.0   1021.0    287.2      0.0     96.8
     1     1    14     9    15     9     0     3   -11.0   57.210    1.715      0.0   1021.4    287.4      0.0     97.3
     1     1    14     9    15     8     0     2   -12.0   57.259    2.308      0.0   1022.4    287.6      0.0     95.9
     1     1    14     9    15     7     0     1   -13.0   57.308    2.886      0.0   1023.4    287.8      0.0     95.1
     1     1    14     9    15     6     0     0   -14.0   57.354    3.458      0.0   1024.3    288.1      0.0     94.9
     1     1    14     9    15     5     0     1   -15.0   57.395    4.042      0.0   1024.5    288.3      0.0     92.7
     1     1    14     9    15     4     0     2   -16.0   57.431    4.656      0.0   1024.6    288.6      0.0     90.9
     1     1    14     9    15     3     0     3   -17.0   57.461    5.299      0.0   1024.8    288.9      0.0     89.6
     1     1    14     9    15     2     0     2   -18.0   57.497    5.951      0.0   1025.9    289.2      0.0     87.4
     1     1    14     9    15     1     0     1   -19.0   57.555    6.576      0.9   1024.0    289.0      0.0     86.8
     1     1    14     9    15     0     0     0   -20.0   57.636    7.154      3.5   1022.0    288.9      0.0     87.1
     1     1    14     9    14    23     0     1   -21.0   57.732    7.680      5.9   1023.7    289.0      0.0     85.3
     1     1    14     9    14    22     0     2   -22.0   57.835    8.158      6.8   1024.7    289.2      0.0     83.1
     1     1    14     9    14    21     0     3   -23.0   57.935    8.620      6.9   1025.7    289.5      0.0     81.0
     1     1    14     9    14    20     0     2   -24.0   58.033    9.082      6.5   1026.7    289.7      0.0     78.5
     1     1    14     9    14    19     0     1   -25.0   58.130    9.522      6.1   1025.7    289.5      0.0     75.6
     1     1    14     9    14    18     0     0   -26.0   58.216    9.933      5.8   1026.9    289.8      0.0     71.6
     1     1    14     9    14    17     0     1   -27.0   58.295   10.317      5.8   1027.5    289.7      0.0     70.7
     1     1    14     9    14    16     0     2   -28.0   58.368   10.670      6.3   1027.5    289.7      0.0     69.2
     1     1    14     9    14    15     0     3   -29.0   58.430   10.998      7.3   1027.2    289.9      0.0     66.8
     1     1    14     9    14    14     0     2   -30.0   58.482   11.304      8.6   1023.2    290.5      0.0     67.7
     1     1    14     9    14    13     0     1   -31.0   58.528   11.588     10.0   1019.3    291.1      0.0     68.1
     1     1    14     9    14    12     0     0   -32.0   58.565   11.859     11.4   1015.4    291.8      0.0     68.1
     1     1    14     9    14    11     0     1   -33.0   58.598   12.117     13.2   1013.3    291.0      0.0     71.6
     1     1    14     9    14    10     0     2   -34.0   58.635   12.360     15.5   1013.7    289.9      0.0     76.0
     1     1    14     9    14     9     0     3   -35.0   58.678   12.588     18.1   1014.4    289.0      0.0     80.5
     1     1    14     9    14     8     0     2   -36.0   58.723   12.805     20.3   1015.4    287.9      0.0     85.0
     1     1    14     9    14     7     0     1   -37.0   58.764   13.014     20.7   1017.3    287.3      0.0     89.2
     1     1    14     9    14     6     0     0   -38.0   58.803   13.218     19.3   1018.4    286.8      0.0     92.2
     1     1    14     9    14     5     0     1   -39.0   58.843   13.416     17.6   1019.1    286.7      0.0     88.2
     1     1    14     9    14     4     0     2   -40.0   58.888   13.616     16.8   1019.2    286.8      0.0     84.7
     1     1    14     9    14     3     0     3   -41.0   58.941   13.823     17.4   1018.9    286.9      0.0     81.6
     1     1    14     9    14     2     0     2   -42.0   58.995   14.035     19.9   1018.9    287.0      0.0     80.0
     1     1    14     9    14     1     0     1   -43.0   59.047   14.237     23.0   1016.6    285.8      0.0     78.8
     1     1    14     9    14     0     0     0   -44.0   59.096   14.419     25.0   1014.8    284.9      0.0     78.1
     1     1    14     9    13    23     0     1   -45.0   59.140   14.586     25.7   1013.4    284.4      0.0     76.6
     1     1    14     9    13    22     0     2   -46.0   59.178   14.740     25.3   1012.2    284.0      0.0     75.4
     1     1    14     9    13    21     0     3   -47.0   59.208   14.884     24.1   1011.4    283.8      0.0     74.6
     1     1    14     9    13    20     0     2   -48.0   59.235   15.019     22.0   1010.3    283.7      0.0     71.9
     1     1    14     9    13    19     0     1   -49.0   59.267   15.148     19.6   1010.7    284.1      0.0     68.6
     1     1    14     9    13    18     0     0   -50.0   59.304   15.276     17.3   1011.3    284.5      0.0     65.4
     1     1    14     9    13    17     0     1   -51.0   59.342   15.404     15.3   1012.0    286.5      0.0     62.7
     1     1    14     9    13    16     0     2   -52.0   59.379   15.535     13.7   1012.5    288.7      0.0     59.8
     1     1    14     9    13    15     0     3   -53.0   59.416   15.665     12.4   1012.8    290.9      0.0     56.8
     1     1    14     9    13    14     0     2   -54.0   59.457   15.792     11.3   1013.9    291.5      0.0     57.0
     1     1    14     9    13    13     0     1   -55.0   59.506   15.915     10.5   1015.0    292.0      0.0     57.2
     1     1    14     9    13    12     0     0   -56.0   59.565   16.032      9.8   1015.8    292.6      0.0     57.2
     1     1    14     9    13    11     0     1   -57.0   59.633   16.143      9.3   1015.9    291.7      0.0     62.6
     1     1    14     9    13    10     0     2   -58.0   59.708   16.249      9.2   1016.0    290.8      0.0     67.7
     1     1    14     9    13     9     0     3   -59.0   59.792   16.349      9.5   1016.0    290.0      0.0     72.6
     1     1    14     9    13     8     0     2   -60.0   59.877   16.435      9.8   1016.4    288.2      0.0     77.1
     1     1    14     9    13     7     0     1   -61.0   59.954   16.499     10.0   1016.8    286.2      0.0     81.5
     1     1    14     9    13     6     0     0   -62.0   60.023   16.538     10.0   1017.1    284.3      0.0     85.8
     1     1    14     9    13     5     0     1   -63.0   60.088   16.572      9.9   1016.8    283.5      0.0     86.0
     1     1    14     9    13     4     0     2   -64.0   60.153   16.621      9.7   1016.8    282.7      0.0     86.1
     1     1    14     9    13     3     0     3   -65.0   60.220   16.683      9.2   1017.0    281.9      0.0     85.9
     1     1    14     9    13     2     0     2   -66.0   60.289   16.754      8.8   1017.9    282.2      0.0     84.8
     1     1    14     9    13     1     0     1   -67.0   60.362   16.828      8.5   1018.9    282.5      0.0     83.7
     1     1    14     9    13     0     0     0   -68.0   60.437   16.905      8.3   1019.9    282.8      0.0     82.7
     1     1    14     9    12    23     0     1   -69.0   60.508   16.972      8.4   1021.1    282.9      0.0     80.8
     1     1    14     9    12    22     0     2   -70.0   60.570   17.023      8.5   1021.9    283.0      0.0     78.9
     1     1    14     9    12    21     0     3   -71.0   60.623   17.059      8.8   1022.0    283.0      0.0     77.2
     1     1    14     9    12    20     0     2   -72.0   60.669   17.094      9.0   1022.0    283.6      0.0     76.7
