     7     1
    GDAS    14     8    22     0     0
    GDAS    14     8    29     0     0
    GDAS    14     9     1     0     0
    GDAS    14     9     8     0     0
    GDAS    14     9    15     0     0
    GDAS    14     9    22     0     0
    GDAS    14     9    29     0     0
     1 BACKWARD OMEGA   
    14     9    11     5   56.467   -2.973   100.0
     4 PRESSURE AIR_TEMP RAINFALL RELHUMID
     1     1    14     9    11     5     0     1     0.0   56.467   -2.973    100.0    979.2    283.5      0.0     90.9
     1     1    14     9    11     4     0     2    -1.0   56.398   -2.995    127.1    977.9    284.0      0.0     90.0
     1     1    14     9    11     3     0     3    -2.0   56.310   -2.988    153.2    977.9    284.6      0.0     88.9
     1     1    14     9    11     2     0     2    -3.0   56.204   -2.954    180.0    979.0    284.9      0.0     87.1
     1     1    14     9    11     1     0     1    -4.0   56.085   -2.902    210.7    980.1    285.4      0.0     85.0
     1     1    14     9    11     0     0     0    -5.0   55.952   -2.831    246.2    979.5    285.8      0.0     82.9
     1     1    14     9    10    23     0     1    -6.0   55.813   -2.732    281.5    975.1    285.9      0.0     81.3
     1     1    14     9    10    22     0     2    -7.0   55.682   -2.599    311.7    971.2    285.8      0.0     80.6
     1     1    14     9    10    21     0     3    -8.0   55.559   -2.439    336.2    967.5    285.5      0.0     80.3
     1     1    14     9    10    20     0     2    -9.0   55.444   -2.273    351.7    963.7    285.3      0.0     80.7
     1     1    14     9    10    19     0     1   -10.0   55.339   -2.118    356.0    960.9    285.1      0.0     82.0
     1     1    14     9    10    18     0     0   -11.0   55.243   -1.963    348.8    959.9    285.0      0.0     83.1
     1     1    14     9    10    17     0     1   -12.0   55.160   -1.794    331.8    964.1    285.2      0.0     80.6
     1     1    14     9    10    16     0     2   -13.0   55.090   -1.602    311.1    970.5    285.5      0.0     77.7
     1     1    14     9    10    15     0     3   -14.0   55.032   -1.390    296.0    977.7    285.6      0.0     75.0
     1     1    14     9    10    14     0     2   -15.0   54.982   -1.177    296.9    983.7    285.5      0.0     74.9
     1     1    14     9    10    13     0     1   -16.0   54.935   -0.987    313.2    985.6    285.3      0.0     75.1
     1     1    14     9    10    12     0     0   -17.0   54.889   -0.824    332.0    982.0    285.2      0.0     76.3
     1     1    14     9    10    11     0     1   -18.0   54.843   -0.674    345.2    980.0    285.0      0.0     77.3
     1     1    14     9    10    10     0     2   -19.0   54.795   -0.518    353.5    978.5    284.9      0.0     78.4
     1     1    14     9    10     9     0     3   -20.0   54.747   -0.355    358.0    977.5    284.8      0.0     79.5
     1     1    14     9    10     8     0     2   -21.0   54.702   -0.191    358.3    977.0    284.8      0.0     79.0
     1     1    14     9    10     7     0     1   -22.0   54.662   -0.035    354.0    977.1    284.8      0.0     78.5
     1     1    14     9    10     6     0     0   -23.0   54.642    0.089    350.4    980.6    284.4      0.0     78.2
     1     1    14     9    10     5     0     1   -24.0   54.639    0.180    348.8    980.4    284.5      0.0     77.7
     1     1    14     9    10     4     0     2   -25.0   54.639    0.258    346.7    980.4    284.6      0.0     77.3
     1     1    14     9    10     3     0     3   -26.0   54.639    0.322    343.6    980.6    284.8      0.0     77.0
     1     1    14     9    10     2     0     2   -27.0   54.640    0.379    339.9    981.2    284.9      0.0     77.0
     1     1    14     9    10     1     0     1   -28.0   54.644    0.434    336.3    981.7    284.9      0.0     77.1
     1     1    14     9    10     0     0     0   -29.0   54.650    0.488    332.8    982.2    285.0      0.0     77.2
     1     1    14     9     9    23     0     1   -30.0   54.662    0.534    329.9    982.7    285.0      0.0     78.0
     1     1    14     9     9    22     0     2   -31.0   54.685    0.565    328.4    982.9    285.0      0.0     78.7
     1     1    14     9     9    21     0     3   -32.0   54.722    0.581    328.3    982.9    284.9      0.0     79.4
     1     1    14     9     9    20     0     2   -33.0   54.764    0.583    329.6    982.6    284.9      0.0     79.7
     1     1    14     9     9    19     0     1   -34.0   54.803    0.570    332.5    982.0    284.8      0.0     79.8
     1     1    14     9     9    18     0     0   -35.0   54.838    0.542    336.7    981.3    284.8      0.0     79.8
     1     1    14     9     9    17     0     1   -36.0   54.866    0.492    347.3    980.4    284.7      0.0     79.7
     1     1    14     9     9    16     0     2   -37.0   54.882    0.412    370.3    977.7    284.4      0.0     79.3
     1     1    14     9     9    15     0     3   -38.0   54.883    0.304    408.5    973.4    284.2      0.0     78.6
     1     1    14     9     9    14     0     2   -39.0   54.873    0.177    455.5    967.4    283.7      0.0     79.7
     1     1    14     9     9    13     0     1   -40.0   54.856    0.041    503.1    961.8    283.3      0.0     81.1
     1     1    14     9     9    12     0     0   -41.0   54.817   -0.065    543.5    955.3    283.3      0.0     79.2
     1     1    14     9     9    11     0     1   -42.0   54.759   -0.139    571.9    952.3    282.9      0.0     80.2
     1     1    14     9     9    10     0     2   -43.0   54.703   -0.214    597.1    949.3    282.4      0.0     81.2
     1     1    14     9     9     9     0     3   -44.0   54.648   -0.287    621.1    946.5    282.0      0.0     82.2
     1     1    14     9     9     8     0     2   -45.0   54.601   -0.359    636.2    943.2    281.7      0.0     83.1
     1     1    14     9     9     7     0     1   -46.0   54.564   -0.433    634.6    943.0    281.7      0.0     83.5
     1     1    14     9     9     6     0     0   -47.0   54.537   -0.510    617.9    944.5    281.8      0.0     83.5
     1     1    14     9     9     5     0     1   -48.0   54.513   -0.587    597.5    947.6    282.1      0.0     82.8
     1     1    14     9     9     4     0     2   -49.0   54.483   -0.661    582.3    948.9    282.4      0.0     82.4
     1     1    14     9     9     3     0     3   -50.0   54.445   -0.728    571.4    949.8    282.6      0.0     82.2
     1     1    14     9     9     2     0     2   -51.0   54.407   -0.781    562.3    950.4    282.7      0.0     81.6
     1     1    14     9     9     1     0     1   -52.0   54.378   -0.814    553.0    951.3    282.8      0.0     80.8
     1     1    14     9     9     0     0     0   -53.0   54.358   -0.826    543.4    952.4    282.9      0.0     79.9
     1     1    14     9     8    23     0     1   -54.0   54.347   -0.826    538.1    953.3    283.1      0.0     79.1
     1     1    14     9     8    22     0     2   -55.0   54.343   -0.830    541.4    952.8    283.2      0.0     78.5
     1     1    14     9     8    21     0     3   -56.0   54.349   -0.841    553.5    951.3    283.2      0.0     78.1
     1     1    14     9     8    20     0     2   -57.0   54.361   -0.858    574.5    949.0    283.1      0.0     78.0
     1     1    14     9     8    19     0     1   -58.0   54.374   -0.881    603.7    945.8    282.8      0.0     78.2
     1     1    14     9     8    18     0     0   -59.0   54.389   -0.912    641.2    941.9    282.5      0.0     78.6
     1     1    14     9     8    17     0     1   -60.0   54.413   -0.952    679.4    936.2    282.3      0.0     79.9
     1     1    14     9     8    16     0     2   -61.0   54.458   -0.997    711.7    932.5    282.1      0.0     81.1
     1     1    14     9     8    15     0     3   -62.0   54.522   -1.047    734.8    928.6    281.9      0.0     82.6
     1     1    14     9     8    14     0     2   -63.0   54.599   -1.109    751.4    926.5    281.3      0.0     84.7
     1     1    14     9     8    13     0     1   -64.0   54.679   -1.187    764.8    923.4    280.7      0.0     86.7
     1     1    14     9     8    12     0     0   -65.0   54.759   -1.272    773.4    920.8    280.2      0.0     88.5
     1     1    14     9     8    11     0     1   -66.0   54.845   -1.360    783.5    918.4    280.0      0.0     89.6
     1     1    14     9     8    10     0     2   -67.0   54.945   -1.448    803.4    914.4    279.7      0.0     91.0
     1     1    14     9     8     9     0     3   -68.0   55.065   -1.531    837.3    909.5    279.4      0.0     91.9
     1     1    14     9     8     8     0     2   -69.0   55.210   -1.603    868.5    904.0    279.1      0.0     92.0
     1     1    14     9     8     7     0     1   -70.0   55.385   -1.661    880.0    903.8    279.0      0.0     92.5
     1     1    14     9     8     6     0     0   -71.0   55.596   -1.704    876.7    906.7    279.0      0.0     94.1
     1     1    14     9     8     5     0     1   -72.0   55.856   -1.770    872.2    911.2    279.2      0.0     94.7
