     7     1
    GDAS    14     8    22     0     0
    GDAS    14     8    29     0     0
    GDAS    14     9     1     0     0
    GDAS    14     9     8     0     0
    GDAS    14     9    15     0     0
    GDAS    14     9    22     0     0
    GDAS    14     9    29     0     0
     1 BACKWARD OMEGA   
    14     9     7    16   56.467   -2.973   100.0
     4 PRESSURE AIR_TEMP RAINFALL RELHUMID
     1     1    14     9     7    16     0     2     0.0   56.467   -2.973    100.0    972.3    284.8      0.0     71.7
     1     1    14     9     7    15     0     3    -1.0   56.589   -3.368    182.2    954.5    283.9      0.2     73.4
     1     1    14     9     7    14     0     2    -2.0   56.737   -3.772    222.3    935.4    282.0      0.2     78.7
     1     1    14     9     7    13     0     1    -3.0   56.899   -4.121    205.0    929.5    281.2      0.2     81.9
     1     1    14     9     7    12     0     0    -4.0   57.062   -4.406    173.8    939.9    281.9      0.3     81.6
     1     1    14     9     7    11     0     1    -5.0   57.218   -4.656    149.1    949.7    281.9      0.0     84.9
     1     1    14     9     7    10     0     2    -6.0   57.357   -4.883    111.5    958.3    281.9      0.0     88.2
     1     1    14     9     7     9     0     3    -7.0   57.480   -5.085     64.7    970.6    282.4      0.0     89.9
     1     1    14     9     7     8     0     2    -8.0   57.601   -5.262     32.0    985.4    283.5      0.0     89.5
     1     1    14     9     7     7     0     1    -9.0   57.741   -5.426     11.1    994.9    284.1      0.0     89.6
     1     1    14     9     7     6     0     0   -10.0   57.907   -5.574      1.3   1002.9    284.7      0.0     89.5
     1     1    14     9     7     5     0     1   -11.0   58.099   -5.693      0.0   1009.2    285.3      0.0     87.8
     1     1    14     9     7     4     0     2   -12.0   58.309   -5.772      0.0   1012.8    285.7      0.0     86.5
     1     1    14     9     7     3     0     3   -13.0   58.535   -5.818      0.0   1014.5    285.9      0.0     85.6
     1     1    14     9     7     2     0     2   -14.0   58.782   -5.843      0.0   1015.2    286.0      0.1     85.4
     1     1    14     9     7     1     0     1   -15.0   59.051   -5.850      0.0   1015.5    286.0      0.0     86.2
     1     1    14     9     7     0     0     0   -16.0   59.325   -5.836      0.0   1015.3    285.9      0.0     87.2
     1     1    14     9     6    23     0     1   -17.0   59.596   -5.815      0.1   1015.5    285.9      0.0     85.9
     1     1    14     9     6    22     0     2   -18.0   59.870   -5.786      0.0   1015.7    285.9      0.0     85.4
     1     1    14     9     6    21     0     3   -19.0   60.144   -5.733      0.0   1016.1    285.8      0.0     85.5
     1     1    14     9     6    20     0     2   -20.0   60.410   -5.664      0.0   1015.9    285.6      0.0     86.0
     1     1    14     9     6    19     0     1   -21.0   60.659   -5.586      0.0   1015.8    285.5      0.0     86.2
     1     1    14     9     6    18     0     0   -22.0   60.883   -5.492      0.0   1016.0    285.4      0.0     86.2
     1     1    14     9     6    17     0     1   -23.0   61.089   -5.384      0.1   1015.8    285.3      0.0     86.6
     1     1    14     9     6    16     0     2   -24.0   61.283   -5.283      0.3   1015.4    285.3      0.0     87.3
     1     1    14     9     6    15     0     3   -25.0   61.461   -5.199      0.8   1015.3    285.3      0.0     87.5
     1     1    14     9     6    14     0     2   -26.0   61.614   -5.132      1.3   1015.8    285.2      0.0     87.4
     1     1    14     9     6    13     0     1   -27.0   61.739   -5.076      1.7   1016.3    285.0      0.0     86.8
     1     1    14     9     6    12     0     0   -28.0   61.840   -5.025      1.8   1016.7    284.9      0.0     86.0
     1     1    14     9     6    11     0     1   -29.0   61.928   -4.948      1.8   1016.4    284.9      0.0     85.6
     1     1    14     9     6    10     0     2   -30.0   62.014   -4.810      1.8   1016.0    285.0      0.0     85.3
     1     1    14     9     6     9     0     3   -31.0   62.094   -4.607      1.8   1015.3    285.1      0.0     85.3
     1     1    14     9     6     8     0     2   -32.0   62.161   -4.371      1.7   1014.4    285.1      0.1     85.1
     1     1    14     9     6     7     0     1   -33.0   62.209   -4.129      1.4   1013.7    285.1      0.1     84.9
     1     1    14     9     6     6     0     0   -34.0   62.235   -3.879      0.9   1013.0    285.1      0.2     84.8
     1     1    14     9     6     5     0     1   -35.0   62.247   -3.608      0.5   1013.0    285.2      0.1     84.3
     1     1    14     9     6     4     0     2   -36.0   62.247   -3.310      0.4   1013.0    285.3      0.1     84.0
     1     1    14     9     6     3     0     3   -37.0   62.213   -2.980      1.2   1012.9    285.4      0.1     84.2
     1     1    14     9     6     2     0     2   -38.0   62.158   -2.653      2.0   1013.0    285.5      0.1     83.2
     1     1    14     9     6     1     0     1   -39.0   62.097   -2.368      2.1   1013.2    285.6      0.0     82.0
     1     1    14     9     6     0     0     0   -40.0   62.019   -2.110      1.5   1013.4    285.7      0.0     80.5
     1     1    14     9     5    23     0     1   -41.0   61.913   -1.873      0.9   1013.5    285.8      0.0     79.6
     1     1    14     9     5    22     0     2   -42.0   61.776   -1.676      0.6   1013.7    285.9      0.0     79.1
     1     1    14     9     5    21     0     3   -43.0   61.605   -1.527      0.5   1013.9    286.0      0.0     78.4
     1     1    14     9     5    20     0     2   -44.0   61.411   -1.425      0.6   1013.8    286.1      0.0     78.6
     1     1    14     9     5    19     0     1   -45.0   61.211   -1.357      0.6   1013.8    286.2      0.0     78.2
     1     1    14     9     5    18     0     0   -46.0   61.012   -1.302      0.6   1013.8    286.3      0.0     77.2
     1     1    14     9     5    17     0     1   -47.0   60.828   -1.293      0.7   1013.8    286.3      0.0     77.0
     1     1    14     9     5    16     0     2   -48.0   60.662   -1.369      0.9   1013.8    286.3      0.0     76.6
     1     1    14     9     5    15     0     3   -49.0   60.509   -1.516      1.3   1013.7    286.2      0.0     76.1
     1     1    14     9     5    14     0     2   -50.0   60.367   -1.719      1.5   1014.3    286.2      0.0     76.8
     1     1    14     9     5    13     0     1   -51.0   60.240   -1.967      1.5   1015.0    286.2      0.0     76.9
     1     1    14     9     5    12     0     0   -52.0   60.128   -2.260      1.1   1015.2    286.1      0.0     76.8
     1     1    14     9     5    11     0     1   -53.0   60.031   -2.599      0.6   1014.4    286.1      0.0     77.1
     1     1    14     9     5    10     0     2   -54.0   59.952   -2.974      0.4   1013.4    286.2      0.0     75.8
     1     1    14     9     5     9     0     3   -55.0   59.892   -3.373      0.4   1013.8    286.1      0.0     74.6
     1     1    14     9     5     8     0     2   -56.0   59.839   -3.792      0.4   1013.9    286.0      0.2     75.7
     1     1    14     9     5     7     0     1   -57.0   59.784   -4.233      0.4   1014.1    285.9      0.4     75.9
     1     1    14     9     5     6     0     0   -58.0   59.732   -4.694      0.5   1014.2    285.8      0.0     75.4
     1     1    14     9     5     5     0     1   -59.0   59.689   -5.175      0.7   1014.3    285.8      0.0     76.8
     1     1    14     9     5     4     0     2   -60.0   59.663   -5.673      1.0   1014.4    285.8      0.0     76.9
     1     1    14     9     5     3     0     3   -61.0   59.644   -6.183      1.4   1014.4    285.7      0.0     75.8
     1     1    14     9     5     2     0     2   -62.0   59.633   -6.693      1.6   1014.4    285.7      0.0     78.1
     1     1    14     9     5     1     0     1   -63.0   59.639   -7.205      1.6   1014.4    285.7      0.0     78.6
     1     1    14     9     5     0     0     0   -64.0   59.660   -7.731      2.1   1014.2    285.7      0.0     78.0
     1     1    14     9     4    23     0     1   -65.0   59.681   -8.260      2.9   1014.2    285.8      0.0     78.3
     1     1    14     9     4    22     0     2   -66.0   59.684   -8.778      3.5   1014.2    285.9      0.0     78.3
     1     1    14     9     4    21     0     3   -67.0   59.666   -9.281      4.0   1014.4    286.0      0.0     77.8
     1     1    14     9     4    20     0     2   -68.0   59.639   -9.770      4.4   1014.2    286.0      0.0     79.3
     1     1    14     9     4    19     0     1   -69.0   59.622  -10.251      5.0   1014.0    286.1      0.0     79.8
     1     1    14     9     4    18     0     0   -70.0   59.609  -10.729      5.7   1013.7    286.2      0.0     79.5
     1     1    14     9     4    17     0     1   -71.0   59.600  -11.196      6.4   1013.2    286.3      0.0     79.9
     1     1    14     9     4    16     0     2   -72.0   59.600  -11.648      6.9   1012.7    286.3      0.0     79.2
