     7     1
    GDAS    14     8    22     0     0
    GDAS    14     8    29     0     0
    GDAS    14     9     1     0     0
    GDAS    14     9     8     0     0
    GDAS    14     9    15     0     0
    GDAS    14     9    22     0     0
    GDAS    14     9    29     0     0
     1 BACKWARD OMEGA   
    14     9    20    14   56.467   -2.973   100.0
     4 PRESSURE AIR_TEMP RAINFALL RELHUMID
     1     1    14     9    20    14     0     2     0.0   56.467   -2.973    100.0    976.4    286.3      0.2     72.8
     1     1    14     9    20    13     0     1    -1.0   56.552   -3.053    117.7    971.2    285.7      0.0     74.9
     1     1    14     9    20    12     0     0    -2.0   56.641   -3.139    146.8    964.3    285.0      0.0     76.8
     1     1    14     9    20    11     0     1    -3.0   56.739   -3.240    181.5    954.3    283.9      0.0     81.2
     1     1    14     9    20    10     0     2    -4.0   56.847   -3.362    220.6    943.9    282.8      0.0     85.4
     1     1    14     9    20     9     0     3    -5.0   56.958   -3.511    269.1    931.9    281.5      0.0     89.6
     1     1    14     9    20     8     0     2    -6.0   57.068   -3.675    322.4    923.0    280.8      0.0     92.2
     1     1    14     9    20     7     0     1    -7.0   57.176   -3.833    377.9    919.6    280.5      0.0     93.6
     1     1    14     9    20     6     0     0    -8.0   57.273   -3.984    445.1    914.9    280.3      0.0     93.7
     1     1    14     9    20     5     0     1    -9.0   57.371   -4.146    520.3    910.3    280.4      0.0     93.4
     1     1    14     9    20     4     0     2   -10.0   57.479   -4.333    588.9    907.5    280.5      0.0     93.5
     1     1    14     9    20     3     0     3   -11.0   57.592   -4.546    644.8    904.7    280.4      0.0     94.5
     1     1    14     9    20     2     0     2   -12.0   57.702   -4.769    679.9    901.6    280.2      0.0     95.4
     1     1    14     9    20     1     0     1   -13.0   57.803   -4.985    687.9    900.4    280.2      0.0     96.8
     1     1    14     9    20     0     0     0   -14.0   57.900   -5.186    681.6    910.2    280.6      0.0     97.7
     1     1    14     9    19    23     0     1   -15.0   58.000   -5.376    670.3    919.4    281.0      0.0     96.7
     1     1    14     9    19    22     0     2   -16.0   58.103   -5.562    655.3    929.2    281.5      0.0     95.1
     1     1    14     9    19    21     0     3   -17.0   58.205   -5.744    640.7    937.4    282.0      0.0     93.4
     1     1    14     9    19    20     0     2   -18.0   58.312   -5.934    629.8    943.7    282.4      0.0     93.0
     1     1    14     9    19    19     0     1   -19.0   58.425   -6.148    629.1    944.4    282.5      0.0     93.5
     1     1    14     9    19    18     0     0   -20.0   58.545   -6.390    645.6    941.0    282.2      0.0     95.1
     1     1    14     9    19    17     0     1   -21.0   58.653   -6.645    670.5    935.8    282.0      0.1     95.0
     1     1    14     9    19    16     0     2   -22.0   58.736   -6.893    692.8    932.5    281.9      0.1     94.2
     1     1    14     9    19    15     0     3   -23.0   58.802   -7.129    707.3    930.6    281.8      0.2     93.7
     1     1    14     9    19    14     0     2   -24.0   58.852   -7.337    718.4    930.8    281.8      0.0     93.7
     1     1    14     9    19    13     0     1   -25.0   58.892   -7.498    737.5    929.2    281.7      0.0     93.4
     1     1    14     9    19    12     0     0   -26.0   58.927   -7.606    768.8    926.1    281.6      0.3     92.6
     1     1    14     9    19    11     0     1   -27.0   58.969   -7.683    802.7    921.1    281.4      0.0     94.2
     1     1    14     9    19    10     0     2   -28.0   59.027   -7.753    825.2    918.5    281.2      0.0     95.7
     1     1    14     9    19     9     0     3   -29.0   59.100   -7.813    835.5    917.3    281.2      0.0     96.7
     1     1    14     9    19     8     0     2   -30.0   59.182   -7.874    837.9    917.3    281.3      0.0     96.9
     1     1    14     9    19     7     0     1   -31.0   59.266   -7.945    836.9    917.5    281.3      0.0     97.4
     1     1    14     9    19     6     0     0   -32.0   59.354   -8.025    835.4    917.7    281.3      0.0     98.3
     1     1    14     9    19     5     0     1   -33.0   59.436   -8.105    840.0    917.8    281.3      0.0     95.9
     1     1    14     9    19     4     0     2   -34.0   59.502   -8.174    853.3    916.2    281.4      0.0     93.7
     1     1    14     9    19     3     0     3   -35.0   59.554   -8.233    872.7    914.1    281.4      0.0     91.6
     1     1    14     9    19     2     0     2   -36.0   59.601   -8.289    898.8    911.6    281.3      0.0     92.1
     1     1    14     9    19     1     0     1   -37.0   59.650   -8.353    933.9    907.9    281.2      0.0     92.3
     1     1    14     9    19     0     0     0   -38.0   59.699   -8.427    979.5    903.1    281.0      0.0     92.2
     1     1    14     9    18    23     0     1   -39.0   59.741   -8.507   1021.0    896.9    281.0      0.0     91.4
     1     1    14     9    18    22     0     2   -40.0   59.776   -8.583   1043.1    894.6    281.0      0.0     91.2
     1     1    14     9    18    21     0     3   -41.0   59.807   -8.651   1046.2    894.4    281.2      0.0     91.1
     1     1    14     9    18    20     0     2   -42.0   59.833   -8.719   1043.3    895.9    281.4      0.0     89.7
     1     1    14     9    18    19     0     1   -43.0   59.852   -8.800   1044.9    895.4    281.5      0.0     87.9
     1     1    14     9    18    18     0     0   -44.0   59.864   -8.891   1048.7    894.7    281.6      0.0     85.7
     1     1    14     9    18    17     0     1   -45.0   59.860   -8.977   1052.0    894.0    281.5      0.0     84.6
     1     1    14     9    18    16     0     2   -46.0   59.831   -9.036   1054.4    893.7    281.4      0.0     83.8
     1     1    14     9    18    15     0     3   -47.0   59.776   -9.068   1057.9    893.3    281.3      0.0     82.8
     1     1    14     9    18    14     0     2   -48.0   59.717   -9.084   1065.8    893.0    281.3      0.0     83.6
     1     1    14     9    18    13     0     1   -49.0   59.671   -9.100   1078.9    891.8    281.1      0.0     84.3
     1     1    14     9    18    12     0     0   -50.0   59.637   -9.118   1095.9    890.3    281.0      0.0     85.0
     1     1    14     9    18    11     0     1   -51.0   59.602   -9.138   1114.7    887.9    281.0      0.0     86.8
     1     1    14     9    18    10     0     2   -52.0   59.557   -9.156   1133.8    885.7    281.0      0.0     88.4
     1     1    14     9    18     9     0     3   -53.0   59.502   -9.173   1153.2    883.5    281.0      0.0     89.9
     1     1    14     9    18     8     0     2   -54.0   59.441   -9.178   1169.1    881.5    280.9      0.0     89.9
     1     1    14     9    18     7     0     1   -55.0   59.382   -9.160   1177.8    880.5    280.9      0.0     90.3
     1     1    14     9    18     6     0     0   -56.0   59.324   -9.121   1178.9    880.4    280.9      0.0     91.1
     1     1    14     9    18     5     0     1   -57.0   59.267   -9.071   1185.1    881.3    280.9      0.0     89.1
     1     1    14     9    18     4     0     2   -58.0   59.214   -9.020   1208.5    878.8    280.8      0.0     86.3
     1     1    14     9    18     3     0     3   -59.0   59.163   -8.971   1249.7    874.5    280.6      0.0     82.7
     1     1    14     9    18     2     0     2   -60.0   59.110   -8.920   1291.7    868.2    280.2      0.0     82.9
     1     1    14     9    18     1     0     1   -61.0   59.050   -8.854   1316.4    865.6    280.1      0.0     84.0
     1     1    14     9    18     0     0     0   -62.0   58.981   -8.770   1321.6    864.9    280.1      0.0     85.5
     1     1    14     9    17    23     0     1   -63.0   58.915   -8.672   1324.3    867.1    280.2      0.0     84.5
     1     1    14     9    17    22     0     2   -64.0   58.854   -8.570   1343.9    865.6    280.2      0.0     82.7
     1     1    14     9    17    21     0     3   -65.0   58.799   -8.464   1381.9    862.2    280.0      0.0     80.6
     1     1    14     9    17    20     0     2   -66.0   58.743   -8.365   1420.3    856.1    279.7      0.0     80.2
     1     1    14     9    17    19     0     1   -67.0   58.686   -8.282   1439.9    853.8    279.6      0.0     80.8
     1     1    14     9    17    18     0     0   -68.0   58.630   -8.216   1440.4    853.5    279.5      0.0     81.9
     1     1    14     9    17    17     0     1   -69.0   58.572   -8.154   1433.4    855.6    279.6      0.0     80.4
     1     1    14     9    17    16     0     2   -70.0   58.506   -8.084   1429.9    856.1    279.7      0.0     78.7
     1     1    14     9    17    15     0     3   -71.0   58.432   -8.010   1429.5    856.3    279.7      0.0     77.0
     1     1    14     9    17    14     0     2   -72.0   58.354   -7.937   1433.7    855.9    279.6      0.0     77.1
