     7     1
    GDAS    14     8    22     0     0
    GDAS    14     8    29     0     0
    GDAS    14     9     1     0     0
    GDAS    14     9     8     0     0
    GDAS    14     9    15     0     0
    GDAS    14     9    22     0     0
    GDAS    14     9    29     0     0
     1 BACKWARD OMEGA   
    14     9     4    16   56.467   -2.973   100.0
     4 PRESSURE AIR_TEMP RAINFALL RELHUMID
     1     1    14     9     4    16     0     2     0.0   56.467   -2.973    100.0    976.2    289.0      0.0     84.2
     1     1    14     9     4    15     0     3    -1.0   56.356   -2.937     94.6    981.7    289.4      0.0     81.6
     1     1    14     9     4    14     0     2    -2.0   56.251   -2.877     94.8    986.9    289.7      0.0     79.9
     1     1    14     9     4    13     0     1    -3.0   56.155   -2.798     98.8    991.0    289.7      0.0     79.1
     1     1    14     9     4    12     0     0    -4.0   56.063   -2.700    104.2    994.6    289.6      0.0     79.1
     1     1    14     9     4    11     0     1    -5.0   55.960   -2.597    114.1    996.2    289.3      0.0     79.8
     1     1    14     9     4    10     0     2    -6.0   55.833   -2.501    129.4    994.0    289.0      0.0     80.8
     1     1    14     9     4     9     0     3    -7.0   55.686   -2.418    148.5    990.8    288.4      0.0     82.6
     1     1    14     9     4     8     0     2    -8.0   55.529   -2.343    168.8    985.8    287.9      0.0     83.4
     1     1    14     9     4     7     0     1    -9.0   55.369   -2.272    187.0    981.3    287.4      0.0     84.5
     1     1    14     9     4     6     0     0   -10.0   55.206   -2.210    205.4    976.4    287.0      0.0     85.8
     1     1    14     9     4     5     0     1   -11.0   55.048   -2.148    221.4    970.9    286.7      0.0     85.5
     1     1    14     9     4     4     0     2   -12.0   54.900   -2.065    228.0    968.0    286.4      0.0     85.0
     1     1    14     9     4     3     0     3   -13.0   54.760   -1.953    221.1    968.6    286.3      0.0     85.2
     1     1    14     9     4     2     0     2   -14.0   54.632   -1.814    206.8    974.1    286.5      0.0     85.9
     1     1    14     9     4     1     0     1   -15.0   54.517   -1.658    192.2    979.6    286.8      0.0     85.9
     1     1    14     9     4     0     0     0   -16.0   54.410   -1.485    180.3    985.2    287.1      0.0     85.3
     1     1    14     9     3    23     0     1   -17.0   54.309   -1.290    177.1    990.4    287.5      0.0     84.4
     1     1    14     9     3    22     0     2   -18.0   54.214   -1.063    193.4    994.0    287.9      0.0     83.0
     1     1    14     9     3    21     0     3   -19.0   54.125   -0.802    235.4    990.0    288.1      0.0     81.4
     1     1    14     9     3    20     0     2   -20.0   54.039   -0.534    292.5    981.7    288.2      0.0     78.8
     1     1    14     9     3    19     0     1   -21.0   53.955   -0.284    353.4    973.9    288.0      0.0     77.7
     1     1    14     9     3    18     0     0   -22.0   53.870   -0.057    415.7    966.9    287.8      0.0     78.0
     1     1    14     9     3    17     0     1   -23.0   53.809    0.157    445.3    966.3    287.0      0.0     80.4
     1     1    14     9     3    16     0     2   -24.0   53.780    0.379    438.6    971.3    287.4      0.0     80.3
     1     1    14     9     3    15     0     3   -25.0   53.768    0.609    434.7    972.3    287.4      0.0     80.1
     1     1    14     9     3    14     0     2   -26.0   53.762    0.829    438.4    972.8    287.3      0.0     80.6
     1     1    14     9     3    13     0     1   -27.0   53.752    1.027    448.2    971.9    287.2      0.0     81.0
     1     1    14     9     3    12     0     0   -28.0   53.735    1.206    457.7    970.8    287.1      0.0     81.2
     1     1    14     9     3    11     0     1   -29.0   53.709    1.380    462.4    970.3    287.0      0.0     80.7
     1     1    14     9     3    10     0     2   -30.0   53.676    1.565    463.2    970.4    287.0      0.0     80.3
     1     1    14     9     3     9     0     3   -31.0   53.638    1.765    462.2    970.7    287.1      0.0     80.1
     1     1    14     9     3     8     0     2   -32.0   53.603    1.971    463.1    970.8    287.1      0.0     79.8
     1     1    14     9     3     7     0     1   -33.0   53.573    2.170    467.6    970.0    287.1      0.0     79.1
     1     1    14     9     3     6     0     0   -34.0   53.547    2.361    473.1    968.9    287.1      0.0     78.3
     1     1    14     9     3     5     0     1   -35.0   53.517    2.548    476.9    968.3    287.1      0.0     79.4
     1     1    14     9     3     4     0     2   -36.0   53.477    2.740    479.0    968.1    287.1      0.0     81.3
     1     1    14     9     3     3     0     3   -37.0   53.429    2.938    482.1    967.8    287.2      0.0     84.0
     1     1    14     9     3     2     0     2   -38.0   53.380    3.146    485.0    967.3    287.2      0.0     83.4
     1     1    14     9     3     1     0     1   -39.0   53.338    3.370    485.5    967.4    287.3      0.0     82.1
     1     1    14     9     3     0     0     0   -40.0   53.303    3.619    483.8    967.7    287.5      0.0     80.9
     1     1    14     9     2    23     0     1   -41.0   53.275    3.891    483.5    968.1    287.6      0.0     80.9
     1     1    14     9     2    22     0     2   -42.0   53.257    4.169    489.1    967.5    287.6      0.0     81.0
     1     1    14     9     2    21     0     3   -43.0   53.248    4.445    500.5    966.0    287.7      0.0     79.6
     1     1    14     9     2    20     0     2   -44.0   53.252    4.710    515.7    964.0    287.6      0.0     79.7
     1     1    14     9     2    19     0     1   -45.0   53.271    4.962    534.0    961.9    287.5      0.0     81.8
     1     1    14     9     2    18     0     0   -46.0   53.306    5.205    552.6    959.4    287.4      0.0     82.0
     1     1    14     9     2    17     0     1   -47.0   53.359    5.434    564.8    957.2    287.3      0.0     81.2
     1     1    14     9     2    16     0     2   -48.0   53.432    5.645    567.5    956.6    287.3      0.0     80.9
     1     1    14     9     2    15     0     3   -49.0   53.521    5.842    564.2    956.9    287.3      0.0     81.2
     1     1    14     9     2    14     0     2   -50.0   53.608    6.036    563.4    957.9    287.2      0.0     82.2
     1     1    14     9     2    13     0     1   -51.0   53.678    6.235    569.9    957.4    286.9      0.0     83.5
     1     1    14     9     2    12     0     0   -52.0   53.732    6.441    581.4    956.0    286.6      0.0     84.8
     1     1    14     9     2    11     0     1   -53.0   53.779    6.654    594.4    954.0    286.4      0.0     84.8
     1     1    14     9     2    10     0     2   -54.0   53.824    6.876    608.4    952.0    286.2      0.0     86.1
     1     1    14     9     2     9     0     3   -55.0   53.862    7.104    622.8    949.8    286.0      0.0     88.1
     1     1    14     9     2     8     0     2   -56.0   53.900    7.341    633.3    948.0    285.9      0.2     87.1
     1     1    14     9     2     7     0     1   -57.0   53.938    7.594    637.7    947.3    285.9      0.1     86.7
     1     1    14     9     2     6     0     0   -58.0   53.964    7.873    637.8    947.1    285.9      0.1     87.1
     1     1    14     9     2     5     0     1   -59.0   53.974    8.185    639.6    947.2    286.0      0.1     85.7
     1     1    14     9     2     4     0     2   -60.0   53.977    8.536    648.5    945.8    286.0      0.0     85.2
     1     1    14     9     2     3     0     3   -61.0   53.983    8.934    662.1    943.7    285.9      0.0     85.9
     1     1    14     9     2     2     0     2   -62.0   53.997    9.377    683.0    940.2    285.6      0.1     86.9
     1     1    14     9     2     1     0     1   -63.0   54.022    9.860    727.6    934.1    285.3      0.0     88.4
     1     1    14     9     2     0     0     0   -64.0   54.058   10.366    795.3    924.8    284.9      0.0     89.8
     1     1    14     9     1    23     0     1   -65.0   54.098   10.845    851.0    916.6    284.4      0.0     89.4
     1     1    14     9     1    22     0     2   -66.0   54.128   11.266    880.0    914.3    284.2      0.0     90.1
     1     1    14     9     1    21     0     3   -67.0   54.143   11.640    892.3    913.0    283.9      0.2     92.5
     1     1    14     9     1    20     0     2   -68.0   54.148   11.996    904.8    913.1    283.9      0.8     92.5
     1     1    14     9     1    19     0     1   -69.0   54.141   12.356    928.9    910.8    283.9      0.8     92.3
     1     1    14     9     1    18     0     0   -70.0   54.121   12.711    958.3    908.2    283.7      1.1     93.5
     1     1    14     9     1    17     0     1   -71.0   54.094   13.061    987.5    905.3    283.6      0.8     94.1
     1     1    14     9     1    16     0     2   -72.0   54.062   13.401   1010.8    902.4    283.5      0.8     94.1
