     7     1
    GDAS    14     8    22     0     0
    GDAS    14     8    29     0     0
    GDAS    14     9     1     0     0
    GDAS    14     9     8     0     0
    GDAS    14     9    15     0     0
    GDAS    14     9    22     0     0
    GDAS    14     9    29     0     0
     1 BACKWARD OMEGA   
    14     9    22    23   56.467   -2.973   100.0
     4 PRESSURE AIR_TEMP RAINFALL RELHUMID
     1     1    14     9    22    23     0     1     0.0   56.467   -2.973    100.0    975.6    283.7      0.0     86.3
     1     1    14     9    22    22     0     2    -1.0   56.388   -3.277    160.3    969.8    283.8      0.0     85.2
     1     1    14     9    22    21     0     3    -2.0   56.297   -3.626    217.2    964.6    283.9      0.0     82.3
     1     1    14     9    22    20     0     2    -3.0   56.197   -4.003    260.8    963.0    284.2      0.0     80.2
     1     1    14     9    22    19     0     1    -4.0   56.098   -4.369    276.2    963.7    284.3      0.0     80.8
     1     1    14     9    22    18     0     0    -5.0   56.011   -4.672    268.0    968.6    284.5      0.0     77.9
     1     1    14     9    22    17     0     1    -6.0   55.932   -4.911    247.2    970.3    284.7      0.0     77.0
     1     1    14     9    22    16     0     2    -7.0   55.849   -5.107    219.3    976.7    285.3      0.0     76.1
     1     1    14     9    22    15     0     3    -8.0   55.754   -5.278    198.3    983.5    286.0      0.0     74.3
     1     1    14     9    22    14     0     2    -9.0   55.652   -5.437    189.6    987.8    286.1      0.0     73.7
     1     1    14     9    22    13     0     1   -10.0   55.547   -5.593    191.8    990.0    286.0      0.0     73.4
     1     1    14     9    22    12     0     0   -11.0   55.443   -5.744    204.5    990.3    285.7      0.0     73.2
     1     1    14     9    22    11     0     1   -12.0   55.343   -5.900    227.7    988.3    285.2      0.0     74.4
     1     1    14     9    22    10     0     2   -13.0   55.249   -6.077    262.7    984.4    284.6      0.0     75.3
     1     1    14     9    22     9     0     3   -14.0   55.159   -6.286    309.0    977.4    283.7      0.0     75.0
     1     1    14     9    22     8     0     2   -15.0   55.072   -6.527    361.9    969.0    283.3      0.0     73.8
     1     1    14     9    22     7     0     1   -16.0   54.987   -6.794    414.4    961.2    282.9      0.0     73.5
     1     1    14     9    22     6     0     0   -17.0   54.898   -7.088    458.1    954.5    282.4      0.0     74.2
     1     1    14     9    22     5     0     1   -18.0   54.803   -7.394    488.6    951.3    282.6      0.0     74.2
     1     1    14     9    22     4     0     2   -19.0   54.703   -7.695    510.2    949.4    282.8      0.0     73.7
     1     1    14     9    22     3     0     3   -20.0   54.590   -7.984    528.9    948.0    283.0      0.0     72.4
     1     1    14     9    22     2     0     2   -21.0   54.467   -8.263    545.6    948.8    283.1      0.0     72.2
     1     1    14     9    22     1     0     1   -22.0   54.341   -8.531    558.4    950.3    283.3      0.0     71.8
     1     1    14     9    22     0     0     0   -23.0   54.210   -8.790    573.1    951.1    283.3      0.0     71.0
     1     1    14     9    21    23     0     1   -24.0   54.075   -9.009    588.3    949.9    283.5      0.0     69.7
     1     1    14     9    21    22     0     2   -25.0   53.940   -9.152    592.1    948.8    283.6      0.0     70.8
     1     1    14     9    21    21     0     3   -26.0   53.806   -9.227    579.8    951.0    284.0      0.0     71.9
     1     1    14     9    21    20     0     2   -27.0   53.680   -9.261    562.9    954.0    284.3      0.0     71.1
     1     1    14     9    21    19     0     1   -28.0   53.566   -9.279    549.7    955.5    284.6      0.0     70.3
     1     1    14     9    21    18     0     0   -29.0   53.460   -9.280    539.4    956.5    284.8      0.0     69.4
     1     1    14     9    21    17     0     1   -30.0   53.360   -9.265    536.4    957.3    284.8      0.0     69.1
     1     1    14     9    21    16     0     2   -31.0   53.259   -9.235    547.5    956.0    284.6      0.0     69.2
     1     1    14     9    21    15     0     3   -32.0   53.157   -9.188    575.9    952.7    284.3      0.0     69.7
     1     1    14     9    21    14     0     2   -33.0   53.054   -9.115    618.4    947.2    283.5      0.0     69.7
     1     1    14     9    21    13     0     1   -34.0   52.950   -9.012    666.4    939.8    282.7      0.0     68.4
     1     1    14     9    21    12     0     0   -35.0   52.842   -8.886    711.2    931.5    282.0      0.0     66.7
     1     1    14     9    21    11     0     1   -36.0   52.749   -8.742    748.7    925.7    281.8      0.0     66.1
     1     1    14     9    21    10     0     2   -37.0   52.686   -8.571    781.9    921.1    281.7      0.0     65.2
     1     1    14     9    21     9     0     3   -38.0   52.653   -8.371    810.3    917.7    281.7      0.0     64.6
     1     1    14     9    21     8     0     2   -39.0   52.635   -8.161    832.3    914.8    281.5      0.0     65.7
     1     1    14     9    21     7     0     1   -40.0   52.621   -7.961    848.9    913.0    281.4      0.0     65.5
     1     1    14     9    21     6     0     0   -41.0   52.610   -7.772    866.0    912.0    281.4      0.0     65.7
     1     1    14     9    21     5     0     1   -42.0   52.610   -7.581    887.2    910.2    281.3      0.0     66.5
     1     1    14     9    21     4     0     2   -43.0   52.630   -7.378    913.8    907.8    281.2      0.0     64.9
     1     1    14     9    21     3     0     3   -44.0   52.670   -7.162    948.9    904.1    281.1      0.0     61.0
     1     1    14     9    21     2     0     2   -45.0   52.734   -6.945    996.1    899.0    281.0      0.0     59.0
     1     1    14     9    21     1     0     1   -46.0   52.823   -6.738   1047.4    891.7    280.7      0.0     57.2
     1     1    14     9    21     0     0     0   -47.0   52.936   -6.542   1089.9    886.2    280.5      0.0     55.0
     1     1    14     9    20    23     0     1   -48.0   53.072   -6.362   1119.8    882.6    280.4      0.0     56.2
     1     1    14     9    20    22     0     2   -49.0   53.235   -6.198   1140.9    881.7    280.3      0.0     56.5
     1     1    14     9    20    21     0     3   -50.0   53.428   -6.045   1162.7    881.0    280.3      0.0     53.6
     1     1    14     9    20    20     0     2   -51.0   53.636   -5.919   1187.3    879.3    280.2      0.0     54.5
     1     1    14     9    20    19     0     1   -52.0   53.842   -5.842   1207.4    877.6    280.1      0.0     54.3
     1     1    14     9    20    18     0     0   -53.0   54.044   -5.823   1217.9    876.4    280.0      0.0     52.8
     1     1    14     9    20    17     0     1   -54.0   54.253   -5.835   1231.1    875.1    279.8      0.0     57.2
     1     1    14     9    20    16     0     2   -55.0   54.467   -5.853   1257.1    870.6    279.5      0.0     56.9
     1     1    14     9    20    15     0     3   -56.0   54.677   -5.896   1290.5    865.3    279.1      0.0     52.7
     1     1    14     9    20    14     0     2   -57.0   54.879   -5.961   1328.7    860.4    278.8      0.0     47.6
     1     1    14     9    20    13     0     1   -58.0   55.071   -6.036   1375.6    855.7    278.4      0.0     44.6
     1     1    14     9    20    12     0     0   -59.0   55.252   -6.114   1433.0    850.8    278.1      0.0     44.7
     1     1    14     9    20    11     0     1   -60.0   55.434   -6.191   1491.8    845.2    277.9      0.0     45.3
     1     1    14     9    20    10     0     2   -61.0   55.633   -6.272   1546.8    840.8    277.7      0.0     45.5
     1     1    14     9    20     9     0     3   -62.0   55.849   -6.371   1603.5    837.0    277.5      0.0     45.1
     1     1    14     9    20     8     0     2   -63.0   56.072   -6.504   1656.9    831.7    277.2      0.0     45.2
     1     1    14     9    20     7     0     1   -64.0   56.294   -6.676   1697.9    827.3    276.9      0.0     47.7
     1     1    14     9    20     6     0     0   -65.0   56.514   -6.891   1728.5    824.8    276.6      0.0     50.0
     1     1    14     9    20     5     0     1   -66.0   56.725   -7.147   1753.5    823.6    276.6      0.0     51.1
     1     1    14     9    20     4     0     2   -67.0   56.919   -7.441   1775.3    821.3    276.8      0.0     45.7
     1     1    14     9    20     3     0     3   -68.0   57.091   -7.772   1794.0    819.6    277.1      0.0     38.4
     1     1    14     9    20     2     0     2   -69.0   57.242   -8.126   1814.7    817.9    277.0      0.0     37.8
     1     1    14     9    20     1     0     1   -70.0   57.375   -8.490   1840.1    815.4    276.9      0.0     38.1
     1     1    14     9    20     0     0     0   -71.0   57.494   -8.867   1867.0    812.4    276.6      0.0     39.2
     1     1    14     9    19    23     0     1   -72.0   57.612   -9.265   1896.4    809.7    276.5      0.0     37.8
