     7     1
    GDAS    14     8    22     0     0
    GDAS    14     8    29     0     0
    GDAS    14     9     1     0     0
    GDAS    14     9     8     0     0
    GDAS    14     9    15     0     0
    GDAS    14     9    22     0     0
    GDAS    14     9    29     0     0
     1 BACKWARD OMEGA   
    14     9    10    16   56.467   -2.973   100.0
     4 PRESSURE AIR_TEMP RAINFALL RELHUMID
     1     1    14     9    10    16     0     2     0.0   56.467   -2.973    100.0    978.8    287.5      0.0     75.1
     1     1    14     9    10    15     0     3    -1.0   56.377   -2.838     92.5    986.3    288.1      0.0     70.9
     1     1    14     9    10    14     0     2    -2.0   56.288   -2.696     88.4    993.0    287.9      0.0     70.5
     1     1    14     9    10    13     0     1    -3.0   56.212   -2.559     86.9    997.9    287.5      0.0     70.6
     1     1    14     9    10    12     0     0    -4.0   56.147   -2.433     86.1   1001.7    287.2      0.0     71.2
     1     1    14     9    10    11     0     1    -5.0   56.083   -2.309     87.2   1004.4    286.6      0.0     74.5
     1     1    14     9    10    10     0     2    -6.0   56.008   -2.174     91.5   1005.8    286.1      0.0     77.9
     1     1    14     9    10     9     0     3    -7.0   55.920   -2.033     97.4   1004.4    285.7      0.0     80.9
     1     1    14     9    10     8     0     2    -8.0   55.830   -1.891     99.3   1003.1    285.5      0.0     80.5
     1     1    14     9    10     7     0     1    -9.0   55.751   -1.747     95.9   1003.6    285.3      0.0     80.4
     1     1    14     9    10     6     0     0   -10.0   55.685   -1.599     90.6   1005.0    285.2      0.0     80.5
     1     1    14     9    10     5     0     1   -11.0   55.629   -1.451     86.3   1006.4    285.4      0.0     79.7
     1     1    14     9    10     4     0     2   -12.0   55.584   -1.311     84.2   1007.9    285.6      0.0     78.9
     1     1    14     9    10     3     0     3   -13.0   55.547   -1.177     83.7   1009.5    286.0      0.0     78.0
     1     1    14     9    10     2     0     2   -14.0   55.517   -1.042     84.8   1011.3    286.4      0.0     76.7
     1     1    14     9    10     1     0     1   -15.0   55.487   -0.900     87.8   1011.5    286.5      0.0     75.4
     1     1    14     9    10     0     0     0   -16.0   55.457   -0.753     92.6   1010.8    286.6      0.0     74.3
     1     1    14     9     9    23     0     1   -17.0   55.429   -0.604    100.3   1010.0    286.5      0.0     74.1
     1     1    14     9     9    22     0     2   -18.0   55.409   -0.455    112.5   1008.7    286.5      0.0     74.0
     1     1    14     9     9    21     0     3   -19.0   55.396   -0.307    130.1   1006.9    286.3      0.0     74.0
     1     1    14     9     9    20     0     2   -20.0   55.387   -0.156    152.6   1003.9    286.3      0.0     73.6
     1     1    14     9     9    19     0     1   -21.0   55.376   -0.003    178.4   1000.3    286.2      0.0     73.2
     1     1    14     9     9    18     0     0   -22.0   55.388    0.078    197.2    996.6    285.4      0.0     79.6
     1     1    14     9     9    17     0     1   -23.0   55.422    0.075    210.6    996.2    285.3      0.0     79.4
     1     1    14     9     9    16     0     2   -24.0   55.448    0.035    231.4    993.7    285.1      0.0     79.0
     1     1    14     9     9    15     0     3   -25.0   55.445    0.022    258.3    990.3    284.8      0.0     78.7
     1     1    14     9     9    14     0     2   -26.0   55.438   -0.025    290.0    986.1    285.3      0.0     73.9
     1     1    14     9     9    13     0     1   -27.0   55.412   -0.039    318.9    983.3    284.9      0.0     75.4
     1     1    14     9     9    12     0     0   -28.0   55.385   -0.076    350.5    980.0    284.4      0.0     77.1
     1     1    14     9     9    11     0     1   -29.0   55.357   -0.136    383.1    975.9    284.0      0.0     77.9
     1     1    14     9     9    10     0     2   -30.0   55.327   -0.214    413.1    972.7    283.6      0.0     78.5
     1     1    14     9     9     9     0     3   -31.0   55.296   -0.306    439.7    969.6    283.3      0.0     79.1
     1     1    14     9     9     8     0     2   -32.0   55.272   -0.404    460.7    966.5    283.1      0.0     79.4
     1     1    14     9     9     7     0     1   -33.0   55.265   -0.503    472.2    964.7    283.0      0.0     79.7
     1     1    14     9     9     6     0     0   -34.0   55.275   -0.604    473.0    964.3    283.0      0.0     79.8
     1     1    14     9     9     5     0     1   -35.0   55.292   -0.715    469.5    965.4    283.1      0.0     79.1
     1     1    14     9     9     4     0     2   -36.0   55.309   -0.846    467.5    965.6    283.3      0.0     78.5
     1     1    14     9     9     3     0     3   -37.0   55.324   -0.997    466.9    965.6    283.4      0.0     77.9
     1     1    14     9     9     2     0     2   -38.0   55.341   -1.150    469.1    962.9    283.3      0.0     77.9
     1     1    14     9     9     1     0     1   -39.0   55.362   -1.288    474.9    959.7    283.1      0.0     78.2
     1     1    14     9     9     0     0     0   -40.0   55.386   -1.407    481.4    957.0    283.0      0.0     78.6
     1     1    14     9     8    23     0     1   -41.0   55.409   -1.517    490.3    954.5    282.9      0.0     79.1
     1     1    14     9     8    22     0     2   -42.0   55.429   -1.625    503.7    951.2    282.8      0.0     79.6
     1     1    14     9     8    21     0     3   -43.0   55.445   -1.733    520.4    947.7    282.8      0.0     80.1
     1     1    14     9     8    20     0     2   -44.0   55.458   -1.836    534.0    943.9    282.5      0.0     81.3
     1     1    14     9     8    19     0     1   -45.0   55.467   -1.927    537.7    942.2    282.3      0.0     82.0
     1     1    14     9     8    18     0     0   -46.0   55.473   -2.004    530.8    941.8    282.2      0.0     82.2
     1     1    14     9     8    17     0     1   -47.0   55.489   -2.074    512.1    944.1    282.6      0.0     80.7
     1     1    14     9     8    16     0     2   -48.0   55.529   -2.154    484.9    948.1    283.1      0.0     78.7
     1     1    14     9     8    15     0     3   -49.0   55.595   -2.248    454.6    952.9    283.6      0.0     76.5
     1     1    14     9     8    14     0     2   -50.0   55.671   -2.359    431.6    957.4    283.6      0.0     76.5
     1     1    14     9     8    13     0     1   -51.0   55.739   -2.485    420.3    958.6    283.2      0.0     77.4
     1     1    14     9     8    12     0     0   -52.0   55.792   -2.626    418.5    958.3    282.8      0.0     78.4
     1     1    14     9     8    11     0     1   -53.0   55.843   -2.772    421.4    956.6    282.3      0.0     79.8
     1     1    14     9     8    10     0     2   -54.0   55.911   -2.913    424.4    954.9    281.8      0.0     81.0
     1     1    14     9     8     9     0     3   -55.0   56.003   -3.048    425.0    953.6    281.4      0.0     82.3
     1     1    14     9     8     8     0     2   -56.0   56.122   -3.174    437.4    949.4    281.0      0.0     82.9
     1     1    14     9     8     7     0     1   -57.0   56.279   -3.287    480.9    937.8    280.2      0.0     85.5
     1     1    14     9     8     6     0     0   -58.0   56.489   -3.396    559.0    919.9    279.0      0.0     89.2
     1     1    14     9     8     5     0     1   -59.0   56.770   -3.536    681.9    894.2    277.9      0.0     92.3
     1     1    14     9     8     4     0     2   -60.0   57.117   -3.722    857.5    868.1    276.9      0.0     92.6
     1     1    14     9     8     3     0     3   -61.0   57.483   -3.949   1052.8    856.9    277.4      0.0     85.7
     1     1    14     9     8     2     0     2   -62.0   57.835   -4.210   1216.7    851.4    277.0      0.0     86.4
     1     1    14     9     8     1     0     1   -63.0   58.179   -4.472   1320.6    845.7    276.6      0.0     86.6
     1     1    14     9     8     0     0     0   -64.0   58.509   -4.713   1362.8    847.0    276.5      0.0     86.9
     1     1    14     9     7    23     0     1   -65.0   58.827   -4.933   1361.4    855.8    276.7      0.0     83.2
     1     1    14     9     7    22     0     2   -66.0   59.145   -5.139   1339.7    864.4    277.2      0.0     78.7
     1     1    14     9     7    21     0     3   -67.0   59.468   -5.322   1325.9    867.5    277.7      0.0     73.5
     1     1    14     9     7    20     0     2   -68.0   59.797   -5.483   1333.1    866.0    277.4      0.0     74.3
     1     1    14     9     7    19     0     1   -69.0   60.132   -5.636   1351.6    863.3    277.0      0.0     75.9
     1     1    14     9     7    18     0     0   -70.0   60.462   -5.787   1371.2    860.7    276.7      0.0     77.2
     1     1    14     9     7    17     0     1   -71.0   60.774   -5.936   1388.5    858.9    277.2      0.0     65.9
     1     1    14     9     7    16     0     2   -72.0   61.058   -6.081   1398.1    857.1    277.8      0.0     55.2
