     7     1
    GDAS    14     8    22     0     0
    GDAS    14     8    29     0     0
    GDAS    14     9     1     0     0
    GDAS    14     9     8     0     0
    GDAS    14     9    15     0     0
    GDAS    14     9    22     0     0
    GDAS    14     9    29     0     0
     1 BACKWARD OMEGA   
    14     9     2    14   56.467   -2.973   100.0
     4 PRESSURE AIR_TEMP RAINFALL RELHUMID
     1     1    14     9     2    14     0     2     0.0   56.467   -2.973    100.0    980.4    287.8      0.0     73.2
     1     1    14     9     2    13     0     1    -1.0   56.410   -3.047    101.2    981.8    287.6      0.0     73.5
     1     1    14     9     2    12     0     0    -2.0   56.366   -3.138    108.1    982.2    287.2      0.0     74.3
     1     1    14     9     2    11     0     1    -3.0   56.328   -3.243    118.6    981.7    286.2      0.0     76.8
     1     1    14     9     2    10     0     2    -4.0   56.290   -3.360    131.3    981.2    285.4      0.0     79.2
     1     1    14     9     2     9     0     3    -5.0   56.253   -3.487    146.1    980.2    284.6      0.0     81.6
     1     1    14     9     2     8     0     2    -6.0   56.222   -3.632    161.8    978.6    284.0      0.0     84.1
     1     1    14     9     2     7     0     1    -7.0   56.199   -3.799    175.9    977.0    283.6      0.0     86.6
     1     1    14     9     2     6     0     0    -8.0   56.185   -3.987    185.1    975.6    283.2      0.0     89.2
     1     1    14     9     2     5     0     1    -9.0   56.174   -4.178    192.4    975.2    283.4      0.0     89.5
     1     1    14     9     2     4     0     2   -10.0   56.163   -4.356    202.5    973.9    283.5      0.0     89.8
     1     1    14     9     2     3     0     3   -11.0   56.153   -4.520    216.0    972.3    283.6      0.0     90.2
     1     1    14     9     2     2     0     2   -12.0   56.143   -4.680    233.6    970.1    283.7      0.0     91.0
     1     1    14     9     2     1     0     1   -13.0   56.136   -4.848    256.0    967.3    283.8      0.0     92.0
     1     1    14     9     2     0     0     0   -14.0   56.130   -5.023    282.5    964.2    283.8      0.0     93.0
     1     1    14     9     1    23     0     1   -15.0   56.126   -5.225    305.5    964.6    284.0      0.0     92.8
     1     1    14     9     1    22     0     2   -16.0   56.123   -5.472    313.4    968.4    284.4      0.0     92.4
     1     1    14     9     1    21     0     3   -17.0   56.121   -5.767    301.6    975.6    285.0      0.0     91.6
     1     1    14     9     1    20     0     2   -18.0   56.106   -6.112    270.5    984.9    285.7      0.0     89.5
     1     1    14     9     1    19     0     1   -19.0   56.064   -6.512    244.5    991.3    286.2      0.0     87.8
     1     1    14     9     1    18     0     0   -20.0   55.997   -6.992    247.5    993.2    286.4      0.0     86.7
     1     1    14     9     1    17     0     1   -21.0   55.901   -7.518    265.6    987.3    286.2      0.0     87.4
     1     1    14     9     1    16     0     2   -22.0   55.780   -8.029    275.7    984.2    286.0      0.0     88.0
     1     1    14     9     1    15     0     3   -23.0   55.646   -8.528    278.8    984.3    286.1      0.0     87.4
     1     1    14     9     1    14     0     2   -24.0   55.512   -9.021    274.2    987.2    286.2      0.0     86.2
     1     1    14     9     1    13     0     1   -25.0   55.377   -9.508    267.2    988.7    286.4      0.0     85.6
     1     1    14     9     1    12     0     0   -26.0   55.245   -9.992    265.8    988.8    286.6      0.0     83.7
     1     1    14     9     1    11     0     1   -27.0   55.125  -10.483    270.9    987.8    286.5      0.0     82.5
     1     1    14     9     1    10     0     2   -28.0   55.020  -10.983    282.9    986.2    286.4      0.0     80.4
     1     1    14     9     1     9     0     3   -29.0   54.931  -11.487    301.1    983.4    286.2      0.0     80.2
     1     1    14     9     1     8     0     2   -30.0   54.857  -11.996    322.2    980.2    286.1      0.0     80.7
     1     1    14     9     1     7     0     1   -31.0   54.796  -12.522    342.0    977.1    285.9      0.0     81.1
     1     1    14     9     1     6     0     0   -32.0   54.743  -13.076    357.1    974.9    285.8      0.0     80.8
     1     1    14     9     1     5     0     1   -33.0   54.688  -13.667    368.2    973.6    285.6      0.0     81.7
     1     1    14     9     1     4     0     2   -34.0   54.625  -14.303    378.0    972.5    285.4      0.0     82.1
     1     1    14     9     1     3     0     3   -35.0   54.555  -14.982    385.2    971.3    285.1      0.0     84.8
     1     1    14     9     1     2     0     2   -36.0   54.473  -15.692    393.0    970.9    285.1      0.0     83.7
     1     1    14     9     1     1     0     1   -37.0   54.383  -16.420    408.4    969.1    285.0      0.0     83.5
     1     1    14     9     1     0     0     0   -38.0   54.284  -17.160    430.0    966.5    284.8      0.0     84.4
     1     1    14     8    31    23     0     1   -39.0   54.183  -17.894    455.3    963.1    284.3      0.0     84.5
     1     1    14     8    31    22     0     2   -40.0   54.086  -18.616    483.2    959.3    283.8      0.0     84.6
     1     1    14     8    31    21     0     3   -41.0   54.000  -19.337    510.1    955.6    283.3      0.0     84.5
     1     1    14     8    31    20     0     2   -42.0   53.924  -20.076    531.8    952.2    283.1      0.0     85.1
     1     1    14     8    31    19     0     1   -43.0   53.854  -20.846    546.9    950.3    282.9      0.0     85.5
     1     1    14     8    31    18     0     0   -44.0   53.790  -21.648    560.1    948.3    282.8      0.0     85.3
     1     1    14     8    31    17     0     1   -45.0   53.727  -22.480    574.6    946.6    282.5      0.0     84.9
     1     1    14     8    31    16     0     2   -46.0   53.662  -23.335    596.1    944.0    282.2      0.0     84.3
     1     1    14     8    31    15     0     3   -47.0   53.598  -24.224    618.3    941.3    281.9      0.0     82.5
     1     1    14     8    31    14     0     2   -48.0   53.549  -25.169    634.9    939.0    281.7      0.0     82.4
     1     1    14     8    31    13     0     1   -49.0   53.509  -26.151    648.9    937.1    281.4      0.0     83.2
     1     1    14     8    31    12     0     0   -50.0   53.472  -27.163    687.0    932.6    281.0      0.0     83.8
     1     1    14     8    31    11     0     1   -51.0   53.441  -28.195    738.7    925.4    280.4      0.0     84.0
     1     1    14     8    31    10     0     2   -52.0   53.420  -29.208    784.7    920.0    279.8      0.0     85.4
     1     1    14     8    31     9     0     3   -53.0   53.390  -30.184    831.0    914.8    279.0      0.0     90.3
     1     1    14     8    31     8     0     2   -54.0   53.367  -31.133    874.4    909.3    278.6      0.0     91.8
     1     1    14     8    31     7     0     1   -55.0   53.382  -32.073    909.0    904.6    278.5      0.0     90.1
     1     1    14     8    31     6     0     0   -56.0   53.412  -33.001    931.9    901.4    278.1      0.0     91.4
     1     1    14     8    31     5     0     1   -57.0   53.465  -33.923    952.2    898.4    277.9      0.0     89.2
     1     1    14     8    31     4     0     2   -58.0   53.577  -34.822    973.7    895.4    277.6      0.0     87.2
     1     1    14     8    31     3     0     3   -59.0   53.721  -35.673   1005.2    891.5    277.3      0.0     83.4
     1     1    14     8    31     2     0     2   -60.0   53.870  -36.499   1041.8    886.3    277.0      0.0     84.1
     1     1    14     8    31     1     0     1   -61.0   54.050  -37.318   1075.5    882.4    276.7      0.0     84.7
     1     1    14     8    31     0     0     0   -62.0   54.257  -38.086   1126.8    876.5    276.3      0.0     82.2
     1     1    14     8    30    23     0     1   -63.0   54.483  -38.793   1187.3    869.0    275.7      0.0     83.6
     1     1    14     8    30    22     0     2   -64.0   54.746  -39.460   1242.4    861.8    275.4      0.0     82.4
     1     1    14     8    30    21     0     3   -65.0   55.042  -40.092   1287.4    856.3    275.2      0.0     78.8
     1     1    14     8    30    20     0     2   -66.0   55.361  -40.676   1325.8    851.6    275.1      0.0     75.2
     1     1    14     8    30    19     0     1   -67.0   55.693  -41.204   1361.8    846.9    274.8      0.0     75.8
     1     1    14     8    30    18     0     0   -68.0   56.026  -41.684   1395.1    842.8    274.6      0.0     75.0
     1     1    14     8    30    17     0     1   -69.0   56.344  -42.095   1433.8    839.4    274.2      0.0     75.5
     1     1    14     8    30    16     0     2   -70.0   56.651  -42.410   1485.3    833.7    273.5      0.0     78.7
     1     1    14     8    30    15     0     3   -71.0   56.955  -42.632   1543.9    826.7    272.7      0.0     84.4
     1     1    14     8    30    14     0     2   -72.0   57.269  -42.794   1603.5    820.3    272.2      0.0     84.0
