     7     1
    GDAS    14     8    22     0     0
    GDAS    14     8    29     0     0
    GDAS    14     9     1     0     0
    GDAS    14     9     8     0     0
    GDAS    14     9    15     0     0
    GDAS    14     9    22     0     0
    GDAS    14     9    29     0     0
     1 BACKWARD OMEGA   
    14     9     9    13   56.467   -2.973   100.0
     4 PRESSURE AIR_TEMP RAINFALL RELHUMID
     1     1    14     9     9    13     0     1     0.0   56.467   -2.973    100.0    977.8    286.7      0.0     70.6
     1     1    14     9     9    12     0     0    -1.0   56.456   -3.030     81.1    979.6    287.1      0.0     70.7
     1     1    14     9     9    11     0     1    -2.0   56.447   -3.086     66.7    981.4    286.5      0.0     74.2
     1     1    14     9     9    10     0     2    -3.0   56.437   -3.151     55.5    982.8    285.8      0.0     77.7
     1     1    14     9     9     9     0     3    -4.0   56.424   -3.219     46.9    983.6    285.2      0.0     81.5
     1     1    14     9     9     8     0     2    -5.0   56.413   -3.293     41.2    983.8    284.0      0.0     82.9
     1     1    14     9     9     7     0     1    -6.0   56.405   -3.374     38.5    983.5    282.8      0.0     84.5
     1     1    14     9     9     6     0     0    -7.0   56.402   -3.462     38.0    982.9    281.6      0.0     86.4
     1     1    14     9     9     5     0     1    -8.0   56.400   -3.552     37.2    982.3    282.0      0.0     85.6
     1     1    14     9     9     4     0     2    -9.0   56.394   -3.636     34.0    982.3    282.2      0.0     84.8
     1     1    14     9     9     3     0     3   -10.0   56.384   -3.715     28.8    982.8    282.3      0.0     83.9
     1     1    14     9     9     2     0     2   -11.0   56.372   -3.787     23.0    984.1    282.0      0.0     82.5
     1     1    14     9     9     1     0     1   -12.0   56.361   -3.848     17.6    985.6    281.6      0.0     81.0
     1     1    14     9     9     0     0     0   -13.0   56.351   -3.900     13.2    987.1    281.0      0.0     79.3
     1     1    14     9     8    23     0     1   -14.0   56.345   -3.949      9.4    987.3    280.5      0.0     78.4
     1     1    14     9     8    22     0     2   -15.0   56.346   -4.000      5.5    986.6    280.4      0.0     77.6
     1     1    14     9     8    21     0     3   -16.0   56.353   -4.054      1.0    986.0    280.5      0.0     77.1
     1     1    14     9     8    20     0     2   -17.0   56.364   -4.109      0.0    985.6    281.9      0.0     76.5
     1     1    14     9     8    19     0     1   -18.0   56.375   -4.162      0.0    985.3    283.1      0.0     75.8
     1     1    14     9     8    18     0     0   -19.0   56.385   -4.213      0.0    985.1    284.4      0.0     74.9
     1     1    14     9     8    17     0     1   -20.0   56.404   -4.268      0.0    984.3    285.1      0.0     73.9
     1     1    14     9     8    16     0     2   -21.0   56.438   -4.335      0.0    983.0    285.8      0.0     73.0
     1     1    14     9     8    15     0     3   -22.0   56.487   -4.412      0.0    981.2    286.3      0.0     72.2
     1     1    14     9     8    14     0     2   -23.0   56.539   -4.497      0.0    979.9    286.3      0.0     72.7
     1     1    14     9     8    13     0     1   -24.0   56.580   -4.586      0.0    979.1    286.3      0.0     73.2
     1     1    14     9     8    12     0     0   -25.0   56.613   -4.677      0.0    978.9    286.3      0.0     73.6
     1     1    14     9     8    11     0     1   -26.0   56.642   -4.760      0.0    978.2    285.4      0.0     77.9
     1     1    14     9     8    10     0     2   -27.0   56.673   -4.829      0.0    977.3    284.5      0.0     82.1
     1     1    14     9     8     9     0     3   -28.0   56.705   -4.886      0.0    976.3    283.6      0.0     86.3
     1     1    14     9     8     8     0     2   -29.0   56.739   -4.936      0.0    976.4    282.7      0.0     89.7
     1     1    14     9     8     7     0     1   -30.0   56.774   -4.986      0.0    976.7    281.8      0.0     92.8
     1     1    14     9     8     6     0     0   -31.0   56.813   -5.034      0.0    977.7    281.2      0.0     95.4
     1     1    14     9     8     5     0     1   -32.0   56.854   -5.089      0.0    978.3    281.5      0.0     95.1
     1     1    14     9     8     4     0     2   -33.0   56.895   -5.153      0.0    979.2    281.7      0.0     94.7
     1     1    14     9     8     3     0     3   -34.0   56.937   -5.226      0.0    980.5    282.0      0.0     94.3
     1     1    14     9     8     2     0     2   -35.0   56.988   -5.305      0.0    982.3    281.7      0.0     93.2
     1     1    14     9     8     1     0     1   -36.0   57.054   -5.390      0.0    985.8    281.6      0.0     91.8
     1     1    14     9     8     0     0     0   -37.0   57.142   -5.488      0.0    990.3    281.9      0.0     90.3
     1     1    14     9     7    23     0     1   -38.0   57.247   -5.598      0.0    995.9    282.8      0.0     88.2
     1     1    14     9     7    22     0     2   -39.0   57.359   -5.717      0.0   1002.2    283.7      0.0     86.2
     1     1    14     9     7    21     0     3   -40.0   57.479   -5.844      0.0   1009.1    284.6      0.0     84.5
     1     1    14     9     7    20     0     2   -41.0   57.617   -5.980      0.0   1015.8    285.7      0.0     82.0
     1     1    14     9     7    19     0     1   -42.0   57.780   -6.132      0.0   1017.4    286.1      0.0     81.1
     1     1    14     9     7    18     0     0   -43.0   57.959   -6.293      0.0   1016.9    286.2      0.0     80.7
     1     1    14     9     7    17     0     1   -44.0   58.147   -6.472      0.0   1015.4    286.3      0.0     79.7
     1     1    14     9     7    16     0     2   -45.0   58.337   -6.686      0.0   1014.6    286.4      0.0     79.2
     1     1    14     9     7    15     0     3   -46.0   58.528   -6.941      0.0   1015.2    286.5      0.0     79.5
     1     1    14     9     7    14     0     2   -47.0   58.720   -7.201      0.1   1016.7    286.4      0.0     80.7
     1     1    14     9     7    13     0     1   -48.0   58.917   -7.430      0.4   1017.7    286.3      0.0     81.4
     1     1    14     9     7    12     0     0   -49.0   59.114   -7.619      0.8   1017.7    286.2      0.0     81.8
     1     1    14     9     7    11     0     1   -50.0   59.305   -7.783      1.2   1017.5    286.0      0.0     82.5
     1     1    14     9     7    10     0     2   -51.0   59.486   -7.937      1.5   1017.4    285.9      0.0     83.1
     1     1    14     9     7     9     0     3   -52.0   59.661   -8.081      1.9   1017.2    285.7      0.0     83.6
     1     1    14     9     7     8     0     2   -53.0   59.835   -8.211      2.3   1017.9    285.8      0.0     84.4
     1     1    14     9     7     7     0     1   -54.0   60.006   -8.324      2.6   1018.7    285.7      0.0     85.1
     1     1    14     9     7     6     0     0   -55.0   60.170   -8.423      2.7   1019.5    285.7      0.0     85.7
     1     1    14     9     7     5     0     1   -56.0   60.325   -8.528      2.8   1019.5    285.6      0.0     85.7
     1     1    14     9     7     4     0     2   -57.0   60.469   -8.657      2.9   1019.6    285.5      0.0     85.7
     1     1    14     9     7     3     0     3   -58.0   60.599   -8.813      2.9   1019.7    285.4      0.0     86.0
     1     1    14     9     7     2     0     2   -59.0   60.705   -8.986      3.1   1019.5    285.4      0.0     85.9
     1     1    14     9     7     1     0     1   -60.0   60.784   -9.160      3.6   1019.3    285.4      0.0     85.5
     1     1    14     9     7     0     0     0   -61.0   60.836   -9.330      4.3   1019.2    285.4      0.0     85.3
     1     1    14     9     6    23     0     1   -62.0   60.880   -9.476      5.0   1019.5    285.4      0.0     85.2
     1     1    14     9     6    22     0     2   -63.0   60.932   -9.583      5.6   1019.7    285.4      0.0     85.1
     1     1    14     9     6    21     0     3   -64.0   60.989   -9.656      6.1   1020.0    285.4      0.0     84.9
     1     1    14     9     6    20     0     2   -65.0   61.053   -9.729      6.6   1018.7    285.3      0.0     84.6
     1     1    14     9     6    19     0     1   -66.0   61.122   -9.835      7.4   1017.6    285.2      0.0     84.3
     1     1    14     9     6    18     0     0   -67.0   61.192   -9.976      8.4   1016.4    285.2      0.0     83.8
     1     1    14     9     6    17     0     1   -68.0   61.261  -10.143      9.5   1016.6    285.2      0.0     83.4
     1     1    14     9     6    16     0     2   -69.0   61.324  -10.326     10.2   1016.8    285.2      0.0     82.5
     1     1    14     9     6    15     0     3   -70.0   61.375  -10.525     10.8   1016.9    285.2      0.0     81.2
     1     1    14     9     6    14     0     2   -71.0   61.416  -10.729     11.1   1017.0    285.2      0.0     81.9
     1     1    14     9     6    13     0     1   -72.0   61.450  -10.923     11.2   1017.1    285.2      0.0     82.2
