     7     1
    GDAS    14     8    22     0     0
    GDAS    14     8    29     0     0
    GDAS    14     9     1     0     0
    GDAS    14     9     8     0     0
    GDAS    14     9    15     0     0
    GDAS    14     9    22     0     0
    GDAS    14     9    29     0     0
     1 BACKWARD OMEGA   
    14     9     3    21   56.467   -2.973   100.0
     4 PRESSURE AIR_TEMP RAINFALL RELHUMID
     1     1    14     9     3    21     0     3     0.0   56.467   -2.973    100.0    980.1    286.3      0.0     87.3
     1     1    14     9     3    20     0     2    -1.0   56.334   -2.892    111.9    985.1    287.4      0.0     82.5
     1     1    14     9     3    19     0     1    -2.0   56.201   -2.794    128.3    989.2    288.3      0.0     77.9
     1     1    14     9     3    18     0     0    -3.0   56.070   -2.677    149.0    992.0    289.1      0.0     73.7
     1     1    14     9     3    17     0     1    -4.0   55.939   -2.552    168.8    991.2    289.0      0.0     72.0
     1     1    14     9     3    16     0     2    -5.0   55.804   -2.423    178.1    989.1    288.7      0.0     71.8
     1     1    14     9     3    15     0     3    -6.0   55.673   -2.289    172.9    988.6    288.6      0.0     71.4
     1     1    14     9     3    14     0     2    -7.0   55.546   -2.154    158.3    989.7    288.4      0.0     73.2
     1     1    14     9     3    13     0     1    -8.0   55.426   -2.033    139.6    990.4    288.3      0.0     75.0
     1     1    14     9     3    12     0     0    -9.0   55.314   -1.930    122.0    992.0    288.4      0.0     75.8
     1     1    14     9     3    11     0     1   -10.0   55.210   -1.849    110.4    993.2    287.8      0.0     78.3
     1     1    14     9     3    10     0     2   -11.0   55.111   -1.792    105.6    993.3    287.2      0.0     81.0
     1     1    14     9     3     9     0     3   -12.0   55.017   -1.759    106.4    992.6    286.4      0.0     84.0
     1     1    14     9     3     8     0     2   -13.0   54.925   -1.744    111.8    991.4    286.1      0.0     85.8
     1     1    14     9     3     7     0     1   -14.0   54.833   -1.742    120.8    989.7    285.7      0.0     87.4
     1     1    14     9     3     6     0     0   -15.0   54.739   -1.752    132.7    987.4    285.3      0.0     88.7
     1     1    14     9     3     5     0     1   -16.0   54.643   -1.760    143.7    984.9    285.1      0.0     88.0
     1     1    14     9     3     4     0     2   -17.0   54.547   -1.751    149.0    983.9    284.9      0.0     87.4
     1     1    14     9     3     3     0     3   -18.0   54.451   -1.727    148.6    984.1    284.6      0.0     86.9
     1     1    14     9     3     2     0     2   -19.0   54.359   -1.683    143.8    985.6    284.6      0.0     86.8
     1     1    14     9     3     1     0     1   -20.0   54.273   -1.614    137.2    987.8    284.7      0.0     86.4
     1     1    14     9     3     0     0     0   -21.0   54.193   -1.522    131.7    990.4    284.8      0.0     85.5
     1     1    14     9     2    23     0     1   -22.0   54.116   -1.403    127.9    993.0    285.4      0.0     82.8
     1     1    14     9     2    22     0     2   -23.0   54.043   -1.255    128.0    996.2    286.2      0.0     80.2
     1     1    14     9     2    21     0     3   -24.0   53.969   -1.074    137.9    999.3    287.0      0.0     77.8
     1     1    14     9     2    20     0     2   -25.0   53.901   -0.871    159.2    997.7    287.7      0.0     75.4
     1     1    14     9     2    19     0     1   -26.0   53.849   -0.670    184.5    993.9    288.1      0.0     73.7
     1     1    14     9     2    18     0     0   -27.0   53.814   -0.470    209.2    990.7    288.4      0.0     72.6
     1     1    14     9     2    17     0     1   -28.0   53.793   -0.279    231.3    987.9    288.5      0.0     70.1
     1     1    14     9     2    16     0     2   -29.0   53.787   -0.105    249.5    985.8    288.6      0.0     67.6
     1     1    14     9     2    15     0     3   -30.0   53.796    0.050    243.8    991.0    287.2      0.0     77.0
     1     1    14     9     2    14     0     2   -31.0   53.816    0.178    221.3    997.1    287.3      0.0     79.9
     1     1    14     9     2    13     0     1   -32.0   53.841    0.272    208.5    998.8    287.2      0.0     82.7
     1     1    14     9     2    12     0     0   -33.0   53.872    0.336    201.8    999.8    287.0      0.0     85.3
     1     1    14     9     2    11     0     1   -34.0   53.913    0.376    200.7    999.9    286.6      0.0     87.4
     1     1    14     9     2    10     0     2   -35.0   53.971    0.394    205.8    999.2    286.1      0.0     89.4
     1     1    14     9     2     9     0     3   -36.0   54.046    0.393    217.2    997.7    285.7      0.0     90.9
     1     1    14     9     2     8     0     2   -37.0   54.132    0.385    230.9    995.5    285.5      0.0     91.0
     1     1    14     9     2     7     0     1   -38.0   54.223    0.379    243.3    993.9    285.3      0.0     91.2
     1     1    14     9     2     6     0     0   -39.0   54.320    0.380    254.0    992.5    285.2      0.0     91.6
     1     1    14     9     2     5     0     1   -40.0   54.427    0.384    262.6    991.4    285.3      0.0     90.4
     1     1    14     9     2     4     0     2   -41.0   54.542    0.389    268.9    990.5    285.3      0.0     89.6
     1     1    14     9     2     3     0     3   -42.0   54.665    0.395    273.0    989.8    285.4      0.0     89.2
     1     1    14     9     2     2     0     2   -43.0   54.795    0.398    276.4    989.3    285.5      0.0     89.3
     1     1    14     9     2     1     0     1   -44.0   54.933    0.383    279.8    988.6    285.5      0.0     89.5
     1     1    14     9     2     0     0     0   -45.0   55.084    0.346    282.7    988.1    285.5      0.0     88.3
     1     1    14     9     1    23     0     1   -46.0   55.247    0.292    288.4    987.6    285.6      0.0     85.5
     1     1    14     9     1    22     0     2   -47.0   55.419    0.226    300.7    985.9    285.5      0.0     84.4
     1     1    14     9     1    21     0     3   -48.0   55.596    0.148    321.0    983.2    285.3      0.0     85.3
     1     1    14     9     1    20     0     2   -49.0   55.766    0.064    346.0    979.3    285.0      0.0     87.4
     1     1    14     9     1    19     0     1   -50.0   55.911   -0.046    371.3    976.4    285.3      0.0     75.3
     1     1    14     9     1    18     0     0   -51.0   56.033   -0.197    397.4    973.1    285.0      0.0     77.4
     1     1    14     9     1    17     0     1   -52.0   56.148   -0.367    429.6    969.8    284.8      0.0     78.9
     1     1    14     9     1    16     0     2   -53.0   56.256   -0.534    470.8    964.1    284.4      0.0     81.1
     1     1    14     9     1    15     0     3   -54.0   56.360   -0.701    517.6    958.0    284.0      0.0     83.6
     1     1    14     9     1    14     0     2   -55.0   56.459   -0.866    567.3    952.0    283.7      0.0     86.5
     1     1    14     9     1    13     0     1   -56.0   56.550   -1.025    617.6    946.3    283.3      0.0     89.3
     1     1    14     9     1    12     0     0   -57.0   56.632   -1.176    661.1    940.1    282.8      0.0     91.6
     1     1    14     9     1    11     0     1   -58.0   56.702   -1.311    682.1    935.9    282.7      0.2     92.1
     1     1    14     9     1    10     0     2   -59.0   56.767   -1.423    673.7    936.6    282.8      0.2     91.9
     1     1    14     9     1     9     0     3   -60.0   56.837   -1.512    641.6    940.2    283.0      0.0     91.3
     1     1    14     9     1     8     0     2   -61.0   56.911   -1.601    593.0    945.8    283.6      0.0     89.7
     1     1    14     9     1     7     0     1   -62.0   56.980   -1.717    534.7    952.2    284.1      0.0     87.9
     1     1    14     9     1     6     0     0   -63.0   57.051   -1.878    476.7    959.5    284.7      0.0     85.8
     1     1    14     9     1     5     0     1   -64.0   57.107   -2.125    446.4    960.1    285.0      0.0     83.9
     1     1    14     9     1     4     0     2   -65.0   57.123   -2.485    480.8    942.2    284.3      0.0     84.7
     1     1    14     9     1     3     0     3   -66.0   57.112   -2.942    593.4    910.4    282.8      0.0     86.5
     1     1    14     9     1     2     0     2   -67.0   57.076   -3.476    735.2    876.8    280.3      0.4     91.7
     1     1    14     9     1     1     0     1   -68.0   57.001   -4.099    813.6    855.3    278.7      0.2     96.4
     1     1    14     9     1     0     0     0   -69.0   56.900   -4.758    831.6    869.5    279.6      0.1     96.3
     1     1    14     8    31    23     0     1   -70.0   56.785   -5.386    787.2    889.5    280.7      0.1     94.8
     1     1    14     8    31    22     0     2   -71.0   56.659   -5.971    636.7    922.9    282.6      0.2     95.9
     1     1    14     8    31    21     0     3   -72.0   56.550   -6.571    483.6    960.3    284.7      0.1     95.7
