     7     1
    GDAS    14     8    22     0     0
    GDAS    14     8    29     0     0
    GDAS    14     9     1     0     0
    GDAS    14     9     8     0     0
    GDAS    14     9    15     0     0
    GDAS    14     9    22     0     0
    GDAS    14     9    29     0     0
     1 BACKWARD OMEGA   
    14     9     6     1   56.467   -2.973   100.0
     4 PRESSURE AIR_TEMP RAINFALL RELHUMID
     1     1    14     9     6     1     0     1     0.0   56.467   -2.973    100.0    973.6    282.2      0.0     91.3
     1     1    14     9     6     0     0     0    -1.0   56.548   -2.963    124.0    969.3    282.1      0.0     91.9
     1     1    14     9     5    23     0     1    -2.0   56.643   -2.962    152.7    962.6    282.1      0.0     91.8
     1     1    14     9     5    22     0     2    -3.0   56.733   -2.965    174.3    956.5    282.0      0.0     92.1
     1     1    14     9     5    21     0     3    -4.0   56.818   -2.963    180.8    952.9    282.0      0.0     92.5
     1     1    14     9     5    20     0     2    -5.0   56.897   -2.941    170.4    952.8    282.1      0.5     93.6
     1     1    14     9     5    19     0     1    -6.0   56.970   -2.883    145.0    956.4    282.4      0.6     94.8
     1     1    14     9     5    18     0     0    -7.0   57.039   -2.786    110.6    966.1    283.2      0.7     94.9
     1     1    14     9     5    17     0     1    -8.0   57.109   -2.686     82.4    977.2    284.2      0.3     93.2
     1     1    14     9     5    16     0     2    -9.0   57.185   -2.610     63.0    985.1    285.0      0.3     92.0
     1     1    14     9     5    15     0     3   -10.0   57.265   -2.547     49.1    991.2    285.5      0.3     91.2
     1     1    14     9     5    14     0     2   -11.0   57.347   -2.499     39.6    995.7    285.7      0.0     90.1
     1     1    14     9     5    13     0     1   -12.0   57.424   -2.474     33.4    998.8    285.9      0.0     89.6
     1     1    14     9     5    12     0     0   -13.0   57.501   -2.475     29.2   1000.9    286.0      0.7     89.6
     1     1    14     9     5    11     0     1   -14.0   57.578   -2.505     26.6   1002.9    286.1      0.1     89.6
     1     1    14     9     5    10     0     2   -15.0   57.660   -2.564     25.5   1004.4    286.2      0.2     90.3
     1     1    14     9     5     9     0     3   -16.0   57.750   -2.651     25.7   1006.3    286.3      0.2     91.8
     1     1    14     9     5     8     0     2   -17.0   57.835   -2.763     25.6   1008.3    286.2      0.0     90.8
     1     1    14     9     5     7     0     1   -18.0   57.899   -2.892     24.1   1010.4    286.1      0.0     89.3
     1     1    14     9     5     6     0     0   -19.0   57.939   -3.033     22.0   1011.8    286.1      0.0     87.9
     1     1    14     9     5     5     0     1   -20.0   57.954   -3.197     25.6   1009.9    286.2      0.0     86.1
     1     1    14     9     5     4     0     2   -21.0   57.942   -3.394     42.2   1004.3    286.2      0.0     85.4
     1     1    14     9     5     3     0     3   -22.0   57.899   -3.619     75.9    994.9    286.4      0.2     85.8
     1     1    14     9     5     2     0     2   -23.0   57.835   -3.851    129.7    981.8    286.3      0.0     86.1
     1     1    14     9     5     1     0     1   -24.0   57.761   -4.078    194.0    966.1    285.9      0.0     86.3
     1     1    14     9     5     0     0     0   -25.0   57.675   -4.313    243.8    953.7    285.4      0.0     88.6
     1     1    14     9     4    23     0     1   -26.0   57.576   -4.548    265.6    946.9    285.0      0.0     91.0
     1     1    14     9     4    22     0     2   -27.0   57.467   -4.766    265.9    944.0    285.0      0.0     92.4
     1     1    14     9     4    21     0     3   -28.0   57.351   -4.948    247.6    944.5    285.3      0.0     92.6
     1     1    14     9     4    20     0     2   -29.0   57.237   -5.107    217.8    950.9    285.9      0.0     90.0
     1     1    14     9     4    19     0     1   -30.0   57.133   -5.260    184.0    959.2    286.6      0.0     86.8
     1     1    14     9     4    18     0     0   -31.0   57.037   -5.406    149.0    967.7    287.3      0.0     83.7
     1     1    14     9     4    17     0     1   -32.0   56.942   -5.539    115.0    977.0    288.0      0.0     81.9
     1     1    14     9     4    16     0     2   -33.0   56.837   -5.653     84.9    986.2    288.7      0.0     79.9
     1     1    14     9     4    15     0     3   -34.0   56.718   -5.748     59.6    994.3    289.5      0.0     77.7
     1     1    14     9     4    14     0     2   -35.0   56.596   -5.808     43.4   1000.0    289.5      0.0     78.3
     1     1    14     9     4    13     0     1   -36.0   56.478   -5.822     36.5   1002.4    289.4      0.0     79.9
     1     1    14     9     4    12     0     0   -37.0   56.369   -5.786     35.7   1002.9    289.3      0.0     82.4
     1     1    14     9     4    11     0     1   -38.0   56.268   -5.711     37.7   1002.1    288.8      0.0     84.3
     1     1    14     9     4    10     0     2   -39.0   56.174   -5.611     39.6   1001.0    288.2      0.0     86.3
     1     1    14     9     4     9     0     3   -40.0   56.089   -5.492     39.5    999.7    287.5      0.0     88.6
     1     1    14     9     4     8     0     2   -41.0   56.020   -5.369     36.8    998.4    286.9      0.0     88.6
     1     1    14     9     4     7     0     1   -42.0   55.967   -5.254     33.1    997.2    286.4      0.0     88.1
     1     1    14     9     4     6     0     0   -43.0   55.930   -5.148     29.7    996.2    285.7      0.0     87.7
     1     1    14     9     4     5     0     1   -44.0   55.897   -5.042     26.3    995.6    285.6      0.0     87.0
     1     1    14     9     4     4     0     2   -45.0   55.856   -4.932     23.3    996.7    285.7      0.0     86.0
     1     1    14     9     4     3     0     3   -46.0   55.806   -4.820     21.3    998.5    285.7      0.0     84.8
     1     1    14     9     4     2     0     2   -47.0   55.750   -4.711     19.8    999.9    285.5      0.0     84.1
     1     1    14     9     4     1     0     1   -48.0   55.691   -4.610     17.8   1001.3    285.2      0.0     83.1
     1     1    14     9     4     0     0     0   -49.0   55.631   -4.515     14.8   1002.7    284.8      0.0     81.9
     1     1    14     9     3    23     0     1   -50.0   55.574   -4.426     11.4   1004.2    284.4      0.0     80.4
     1     1    14     9     3    22     0     2   -51.0   55.518   -4.338      8.0   1005.0    284.2      0.0     78.6
     1     1    14     9     3    21     0     3   -52.0   55.462   -4.250      3.7   1005.2    284.2      0.0     76.6
     1     1    14     9     3    20     0     2   -53.0   55.408   -4.166      0.0   1005.1    285.5      0.0     75.2
     1     1    14     9     3    19     0     1   -54.0   55.354   -4.092      0.0   1005.1    286.9      0.0     73.4
     1     1    14     9     3    18     0     0   -55.0   55.300   -4.032      0.0   1005.0    288.4      0.0     71.4
     1     1    14     9     3    17     0     1   -56.0   55.239   -3.988      0.0   1005.0    289.5      0.0     69.8
     1     1    14     9     3    16     0     2   -57.0   55.162   -3.964      0.0   1005.0    290.6      0.0     68.4
     1     1    14     9     3    15     0     3   -58.0   55.070   -3.957      0.0   1005.0    291.6      0.0     67.0
     1     1    14     9     3    14     0     2   -59.0   54.968   -3.949      0.0   1005.7    291.4      0.0     68.5
     1     1    14     9     3    13     0     1   -60.0   54.867   -3.920      0.0   1007.5    290.9      0.0     69.5
     1     1    14     9     3    12     0     0   -61.0   54.767   -3.872      0.0   1009.3    290.5      0.0     70.3
     1     1    14     9     3    11     0     1   -62.0   54.667   -3.807      0.0   1011.2    289.9      0.0     71.1
     1     1    14     9     3    10     0     2   -63.0   54.569   -3.722      0.0   1013.1    289.3      0.0     72.2
     1     1    14     9     3     9     0     3   -64.0   54.474   -3.620      0.0   1014.9    288.8      0.0     73.6
     1     1    14     9     3     8     0     2   -65.0   54.381   -3.507      0.0   1016.4    288.2      0.0     73.2
     1     1    14     9     3     7     0     1   -66.0   54.291   -3.391      0.0   1017.8    287.8      0.0     72.8
     1     1    14     9     3     6     0     0   -67.0   54.202   -3.270      0.0   1019.0    287.6      0.0     72.5
     1     1    14     9     3     5     0     1   -68.0   54.117   -3.143      0.0   1020.2    287.8      0.0     70.6
     1     1    14     9     3     4     0     2   -69.0   54.034   -3.010      0.0   1021.5    288.0      0.0     69.1
     1     1    14     9     3     3     0     3   -70.0   53.959   -2.878      0.0   1017.8    287.4      0.0     70.4
     1     1    14     9     3     2     0     2   -71.0   53.895   -2.758      0.0   1013.7    286.7      0.0     72.3
     1     1    14     9     3     1     0     1   -72.0   53.839   -2.647      0.0   1010.3    286.1      0.0     74.1
