     7     1
    GDAS    14     8    22     0     0
    GDAS    14     8    29     0     0
    GDAS    14     9     1     0     0
    GDAS    14     9     8     0     0
    GDAS    14     9    15     0     0
    GDAS    14     9    22     0     0
    GDAS    14     9    29     0     0
     1 BACKWARD OMEGA   
    14     9     1    22   56.467   -2.973   100.0
     4 PRESSURE AIR_TEMP RAINFALL RELHUMID
     1     1    14     9     1    22     0     2     0.0   56.467   -2.973    100.0    978.7    283.8      0.0     80.1
     1     1    14     9     1    21     0     3    -1.0   56.465   -3.160    104.6    976.0    284.0      0.0     80.3
     1     1    14     9     1    20     0     2    -2.0   56.463   -3.358    112.6    973.7    284.9      0.0     79.2
     1     1    14     9     1    19     0     1    -3.0   56.465   -3.570    127.0    970.1    285.5      0.0     78.2
     1     1    14     9     1    18     0     0    -4.0   56.468   -3.805    147.6    965.5    285.7      0.0     77.8
     1     1    14     9     1    17     0     1    -5.0   56.473   -4.074    169.3    960.3    285.4      0.0     78.3
     1     1    14     9     1    16     0     2    -6.0   56.472   -4.368    179.3    959.7    285.2      0.0     80.3
     1     1    14     9     1    15     0     3    -7.0   56.456   -4.671    172.4    962.6    285.1      0.0     82.7
     1     1    14     9     1    14     0     2    -8.0   56.424   -4.964    154.7    967.4    285.0      0.0     84.8
     1     1    14     9     1    13     0     1    -9.0   56.378   -5.238    131.8    977.6    285.5      0.0     84.2
     1     1    14     9     1    12     0     0   -10.0   56.317   -5.502    106.8    988.0    286.1      0.0     83.9
     1     1    14     9     1    11     0     1   -11.0   56.249   -5.766     82.9    997.7    286.4      0.0     82.5
     1     1    14     9     1    10     0     2   -12.0   56.177   -6.045     61.5   1006.2    286.8      0.0     79.8
     1     1    14     9     1     9     0     3   -13.0   56.102   -6.347     47.8   1009.0    286.9      0.0     77.5
     1     1    14     9     1     8     0     2   -14.0   56.026   -6.679     42.9   1010.9    286.9      0.0     77.4
     1     1    14     9     1     7     0     1   -15.0   55.952   -7.031     45.1   1011.5    286.8      0.0     77.5
     1     1    14     9     1     6     0     0   -16.0   55.881   -7.384     50.4   1009.5    286.6      0.0     78.9
     1     1    14     9     1     5     0     1   -17.0   55.816   -7.743     51.4   1007.9    286.5      0.0     80.6
     1     1    14     9     1     4     0     2   -18.0   55.756   -8.120     46.2   1007.4    286.6      0.0     79.7
     1     1    14     9     1     3     0     3   -19.0   55.702   -8.519     39.1   1009.1    286.8      0.0     78.3
     1     1    14     9     1     2     0     2   -20.0   55.649   -8.947     34.0   1011.8    287.2      0.0     77.2
     1     1    14     9     1     1     0     1   -21.0   55.591   -9.406     31.7   1012.1    287.3      0.0     76.0
     1     1    14     9     1     0     0     0   -22.0   55.527   -9.897     32.0   1011.3    287.4      0.0     72.9
     1     1    14     8    31    23     0     1   -23.0   55.461  -10.402     34.1   1010.6    287.5      0.0     74.5
     1     1    14     8    31    22     0     2   -24.0   55.400  -10.906     36.2   1010.1    287.6      0.0     74.1
     1     1    14     8    31    21     0     3   -25.0   55.346  -11.419     38.1   1009.9    287.7      0.0     72.9
     1     1    14     8    31    20     0     2   -26.0   55.300  -11.958     41.2   1008.8    287.8      0.0     74.1
     1     1    14     8    31    19     0     1   -27.0   55.257  -12.541     46.3   1007.5    287.8      0.0     75.6
     1     1    14     8    31    18     0     0   -28.0   55.211  -13.168     53.0   1006.0    287.7      0.0     75.5
     1     1    14     8    31    17     0     1   -29.0   55.167  -13.836     58.8   1004.2    287.7      0.0     75.6
     1     1    14     8    31    16     0     2   -30.0   55.131  -14.539     63.9   1003.1    287.7      0.0     74.6
     1     1    14     8    31    15     0     3   -31.0   55.093  -15.283     69.5   1001.3    287.6      0.0     73.0
     1     1    14     8    31    14     0     2   -32.0   55.043  -16.083     73.6   1000.1    287.4      0.0     76.8
     1     1    14     8    31    13     0     1   -33.0   54.999  -16.925     80.3    998.7    287.2      0.1     78.1
     1     1    14     8    31    12     0     0   -34.0   54.956  -17.797     90.1    996.8    286.9      0.1     76.9
     1     1    14     8    31    11     0     1   -35.0   54.887  -18.695    101.0    994.2    287.0      0.1     78.8
     1     1    14     8    31    10     0     2   -36.0   54.821  -19.617    114.1    991.7    286.9      0.0     79.1
     1     1    14     8    31     9     0     3   -37.0   54.781  -20.555    126.4    989.6    286.7      0.0     76.3
     1     1    14     8    31     8     0     2   -38.0   54.743  -21.538    135.9    986.9    286.5      0.1     78.7
     1     1    14     8    31     7     0     1   -39.0   54.733  -22.565    144.0    984.4    286.2      0.0     79.7
     1     1    14     8    31     6     0     0   -40.0   54.793  -23.657    155.1    981.5    285.9      0.0     78.2
     1     1    14     8    31     5     0     1   -41.0   54.838  -24.805    169.8    977.3    285.7      0.0     80.7
     1     1    14     8    31     4     0     2   -42.0   54.923  -26.028    188.5    973.1    285.2      0.0     81.0
     1     1    14     8    31     3     0     3   -43.0   55.069  -27.298    216.5    968.6    284.6      0.0     81.4
     1     1    14     8    31     2     0     2   -44.0   55.242  -28.561    235.8    963.2    284.5      0.3     81.5
     1     1    14     8    31     1     0     1   -45.0   55.544  -29.845    247.3    960.0    284.3      0.5     79.9
     1     1    14     8    31     0     0     0   -46.0   55.983  -31.131    261.4    957.2    283.6      0.7     78.9
     1     1    14     8    30    23     0     1   -47.0   56.480  -32.271    280.7    953.4    282.9      1.7     78.4
     1     1    14     8    30    22     0     2   -48.0   57.012  -33.189    297.5    949.9    282.1      0.7     82.0
     1     1    14     8    30    21     0     3   -49.0   57.542  -33.915    300.4    949.9    281.2      0.3     87.4
     1     1    14     8    30    20     0     2   -50.0   58.028  -34.412    301.8    951.1    281.0      3.9     87.6
     1     1    14     8    30    19     0     1   -51.0   58.432  -34.645    298.5    951.5    280.7      0.8     89.7
     1     1    14     8    30    18     0     0   -52.0   58.770  -34.641    284.2    954.3    280.7      0.0     91.6
     1     1    14     8    30    17     0     1   -53.0   59.010  -34.451    270.0    958.8    280.9      0.3     90.7
     1     1    14     8    30    16     0     2   -54.0   59.135  -34.130    260.8    961.5    280.9      0.3     91.4
     1     1    14     8    30    15     0     3   -55.0   59.169  -33.697    262.7    963.5    280.8      0.3     92.4
     1     1    14     8    30    14     0     2   -56.0   59.151  -33.231    288.0    962.3    280.8      0.0     90.6
     1     1    14     8    30    13     0     1   -57.0   59.080  -32.796    318.7    958.0    280.8      0.0     91.1
     1     1    14     8    30    12     0     0   -58.0   58.936  -32.389    337.7    957.7    280.8      0.0     92.2
     1     1    14     8    30    11     0     1   -59.0   58.755  -32.015    348.7    957.2    280.9      0.0     90.7
     1     1    14     8    30    10     0     2   -60.0   58.556  -31.700    350.0    957.2    281.0      0.0     89.2
     1     1    14     8    30     9     0     3   -61.0   58.315  -31.446    341.2    959.7    281.0      0.1     88.7
     1     1    14     8    30     8     0     2   -62.0   58.045  -31.242    329.4    962.1    281.2      0.0     88.0
     1     1    14     8    30     7     0     1   -63.0   57.767  -31.075    318.7    964.5    281.5      0.0     87.2
     1     1    14     8    30     6     0     0   -64.0   57.477  -30.954    314.2    966.4    281.5      0.0     87.1
     1     1    14     8    30     5     0     1   -65.0   57.178  -30.873    317.1    966.4    281.4      0.0     87.6
     1     1    14     8    30     4     0     2   -66.0   56.876  -30.823    319.8    965.9    281.4      0.0     88.4
     1     1    14     8    30     3     0     3   -67.0   56.564  -30.805    316.8    967.0    281.4      0.0     88.1
     1     1    14     8    30     2     0     2   -68.0   56.255  -30.813    312.7    968.5    281.5      0.0     87.0
     1     1    14     8    30     1     0     1   -69.0   55.953  -30.852    311.7    969.5    281.5      0.0     87.1
     1     1    14     8    30     0     0     0   -70.0   55.656  -30.927    314.3    970.0    281.5      0.0     86.8
     1     1    14     8    29    23     0     1   -71.0   55.376  -31.023    320.3    969.9    281.5      0.2     86.1
     1     1    14     8    29    22     0     2   -72.0   55.112  -31.137    331.3    969.5    281.5      0.2     86.1
