     7     1
    GDAS    14     8    22     0     0
    GDAS    14     8    29     0     0
    GDAS    14     9     1     0     0
    GDAS    14     9     8     0     0
    GDAS    14     9    15     0     0
    GDAS    14     9    22     0     0
    GDAS    14     9    29     0     0
     1 BACKWARD OMEGA   
    14     9    13     8   56.467   -2.973   100.0
     4 PRESSURE AIR_TEMP RAINFALL RELHUMID
     1     1    14     9    13     8     0     2     0.0   56.467   -2.973    100.0    985.3    285.9      0.0     94.2
     1     1    14     9    13     7     0     1    -1.0   56.461   -3.034    115.3    983.0    285.4      0.0     95.5
     1     1    14     9    13     6     0     0    -2.0   56.458   -3.112    134.4    980.3    285.1      0.0     96.6
     1     1    14     9    13     5     0     1    -3.0   56.454   -3.202    154.8    976.5    285.3      0.0     95.8
     1     1    14     9    13     4     0     2    -4.0   56.444   -3.302    174.4    973.1    285.4      0.0     94.9
     1     1    14     9    13     3     0     3    -5.0   56.428   -3.416    193.2    970.2    285.5      0.0     94.2
     1     1    14     9    13     2     0     2    -6.0   56.409   -3.539    209.9    968.2    285.6      0.0     93.9
     1     1    14     9    13     1     0     1    -7.0   56.389   -3.667    223.1    966.8    285.6      0.0     93.9
     1     1    14     9    13     0     0     0    -8.0   56.369   -3.802    231.8    966.0    285.7      0.0     94.3
     1     1    14     9    12    23     0     1    -9.0   56.349   -3.933    238.4    965.6    285.9      0.0     93.4
     1     1    14     9    12    22     0     2   -10.0   56.329   -4.048    245.0    965.5    286.1      0.0     92.3
     1     1    14     9    12    21     0     3   -11.0   56.307   -4.142    250.7    965.9    286.3      0.0     90.9
     1     1    14     9    12    20     0     2   -12.0   56.284   -4.229    250.9    966.3    286.4      0.0     90.1
     1     1    14     9    12    19     0     1   -13.0   56.260   -4.323    242.6    968.0    286.7      0.0     89.2
     1     1    14     9    12    18     0     0   -14.0   56.235   -4.424    229.1    970.2    286.9      0.0     88.5
     1     1    14     9    12    17     0     1   -15.0   56.203   -4.519    214.2    972.9    287.1      0.0     87.4
     1     1    14     9    12    16     0     2   -16.0   56.162   -4.593    199.6    975.6    287.3      0.0     86.7
     1     1    14     9    12    15     0     3   -17.0   56.111   -4.645    183.9    978.7    287.4      0.0     86.3
     1     1    14     9    12    14     0     2   -18.0   56.054   -4.678    168.5    982.9    287.2      0.0     86.9
     1     1    14     9    12    13     0     1   -19.0   55.993   -4.696    155.0    986.7    287.0      0.0     87.3
     1     1    14     9    12    12     0     0   -20.0   55.927   -4.698    143.1    989.2    286.8      0.0     87.3
     1     1    14     9    12    11     0     1   -21.0   55.867   -4.675    136.1    990.8    286.6      0.0     87.8
     1     1    14     9    12    10     0     2   -22.0   55.823   -4.618    136.1    991.2    286.3      0.0     88.4
     1     1    14     9    12     9     0     3   -23.0   55.797   -4.531    141.2    991.0    286.0      0.0     89.2
     1     1    14     9    12     8     0     2   -24.0   55.781   -4.429    146.2    990.2    285.7      0.0     89.3
     1     1    14     9    12     7     0     1   -25.0   55.770   -4.326    147.2    990.3    285.4      0.0     89.5
     1     1    14     9    12     6     0     0   -26.0   55.767   -4.224    144.2    991.0    285.1      0.0     89.9
     1     1    14     9    12     5     0     1   -27.0   55.770   -4.123    136.8    992.1    285.6      0.0     88.9
     1     1    14     9    12     4     0     2   -28.0   55.773   -4.025    125.3    993.4    286.2      0.0     88.1
     1     1    14     9    12     3     0     3   -29.0   55.775   -3.928    111.9    994.8    286.7      0.0     86.9
     1     1    14     9    12     2     0     2   -30.0   55.772   -3.830     99.8    996.4    286.8      0.0     85.4
     1     1    14     9    12     1     0     1   -31.0   55.767   -3.734     91.0    997.6    286.9      0.0     83.9
     1     1    14     9    12     0     0     0   -32.0   55.758   -3.640     84.7    998.5    287.1      0.0     82.5
     1     1    14     9    11    23     0     1   -33.0   55.744   -3.542     81.3    998.9    287.3      0.0     81.7
     1     1    14     9    11    22     0     2   -34.0   55.724   -3.435     81.4    998.8    287.5      0.0     81.0
     1     1    14     9    11    21     0     3   -35.0   55.697   -3.318     85.9    998.2    287.8      0.0     80.4
     1     1    14     9    11    20     0     2   -36.0   55.669   -3.205     91.1    996.8    288.4      0.0     78.9
     1     1    14     9    11    19     0     1   -37.0   55.649   -3.112     90.7    996.3    289.0      0.0     77.4
     1     1    14     9    11    18     0     0   -38.0   55.639   -3.034     82.7    996.8    289.7      0.0     75.8
     1     1    14     9    11    17     0     1   -39.0   55.631   -2.966     70.9    998.9    289.8      0.0     74.2
     1     1    14     9    11    16     0     2   -40.0   55.617   -2.906     59.3   1000.7    290.1      0.0     72.5
     1     1    14     9    11    15     0     3   -41.0   55.598   -2.854     48.2   1001.8    290.4      0.0     71.0
     1     1    14     9    11    14     0     2   -42.0   55.576   -2.807     39.2   1003.3    290.2      0.0     73.2
     1     1    14     9    11    13     0     1   -43.0   55.550   -2.760     33.2   1004.5    290.2      0.0     75.3
     1     1    14     9    11    12     0     0   -44.0   55.522   -2.712     29.3   1005.6    290.3      0.0     77.3
     1     1    14     9    11    11     0     1   -45.0   55.491   -2.665     27.5   1005.4    289.4      0.0     79.8
     1     1    14     9    11    10     0     2   -46.0   55.456   -2.620     28.3   1004.8    288.4      0.0     82.6
     1     1    14     9    11     9     0     3   -47.0   55.418   -2.577     31.7   1003.7    287.3      0.0     85.7
     1     1    14     9    11     8     0     2   -48.0   55.376   -2.536     37.1   1002.0    286.0      0.0     87.3
     1     1    14     9    11     7     0     1   -49.0   55.328   -2.497     43.4   1000.3    284.8      0.0     89.0
     1     1    14     9    11     6     0     0   -50.0   55.277   -2.458     50.9    998.5    283.6      0.0     90.8
     1     1    14     9    11     5     0     1   -51.0   55.219   -2.413     60.0    996.3    283.7      0.0     90.8
     1     1    14     9    11     4     0     2   -52.0   55.152   -2.354     70.7    993.2    283.7      0.0     90.9
     1     1    14     9    11     3     0     3   -53.0   55.076   -2.286     82.4    989.8    283.7      0.0     91.0
     1     1    14     9    11     2     0     2   -54.0   54.992   -2.214     93.3    986.2    283.6      0.0     91.3
     1     1    14     9    11     1     0     1   -55.0   54.903   -2.140    101.0    984.3    283.6      0.0     91.1
     1     1    14     9    11     0     0     0   -56.0   54.807   -2.059    103.8    982.6    283.6      0.0     90.9
     1     1    14     9    10    23     0     1   -57.0   54.716   -1.958     98.3    982.8    283.9      0.0     90.2
     1     1    14     9    10    22     0     2   -58.0   54.638   -1.825     86.1    987.6    284.4      0.0     88.8
     1     1    14     9    10    21     0     3   -59.0   54.573   -1.663     73.1    993.4    284.9      0.0     86.6
     1     1    14     9    10    20     0     2   -60.0   54.519   -1.486     63.0    999.1    285.8      0.0     82.4
     1     1    14     9    10    19     0     1   -61.0   54.471   -1.306     57.3   1004.1    286.6      0.0     78.0
     1     1    14     9    10    18     0     0   -62.0   54.426   -1.120     56.4   1008.4    287.4      0.0     73.8
     1     1    14     9    10    17     0     1   -63.0   54.382   -0.930     60.0   1010.6    288.0      0.0     70.9
     1     1    14     9    10    16     0     2   -64.0   54.342   -0.741     65.6   1009.3    288.5      0.0     68.7
     1     1    14     9    10    15     0     3   -65.0   54.307   -0.556     71.5   1008.2    289.0      0.0     66.5
     1     1    14     9    10    14     0     2   -66.0   54.272   -0.385     75.2   1007.2    289.3      0.0     66.2
     1     1    14     9    10    13     0     1   -67.0   54.231   -0.235     73.6   1007.0    289.7      0.0     65.6
     1     1    14     9    10    12     0     0   -68.0   54.184   -0.107     66.6   1007.7    290.3      0.0     64.9
     1     1    14     9    10    11     0     1   -69.0   54.137    0.017     59.7   1015.7    287.6      0.0     74.2
     1     1    14     9    10    10     0     2   -70.0   54.101    0.150     55.5   1016.2    287.7      0.0     73.8
     1     1    14     9    10     9     0     3   -71.0   54.082    0.285     53.0   1016.5    287.8      0.0     73.7
     1     1    14     9    10     8     0     2   -72.0   54.074    0.413     51.5   1016.3    287.8      0.0     74.7
