     7     1
    GDAS    14     8    22     0     0
    GDAS    14     8    29     0     0
    GDAS    14     9     1     0     0
    GDAS    14     9     8     0     0
    GDAS    14     9    15     0     0
    GDAS    14     9    22     0     0
    GDAS    14     9    29     0     0
     1 BACKWARD OMEGA   
    14     9     7     5   56.467   -2.973   100.0
     4 PRESSURE AIR_TEMP RAINFALL RELHUMID
     1     1    14     9     7     5     0     1     0.0   56.467   -2.973    100.0    971.9    281.3      0.0     90.3
     1     1    14     9     7     4     0     2    -1.0   56.596   -3.244    169.1    957.1    280.5      0.0     90.7
     1     1    14     9     7     3     0     3    -2.0   56.773   -3.513    235.1    937.2    279.6      0.0     92.7
     1     1    14     9     7     2     0     2    -3.0   56.982   -3.786    270.6    918.5    278.4      0.0     96.7
     1     1    14     9     7     1     0     1    -4.0   57.187   -4.058    275.1    925.0    278.9      0.0     96.7
     1     1    14     9     7     0     0     0    -5.0   57.365   -4.309    276.4    936.8    279.7      0.0     95.6
     1     1    14     9     6    23     0     1    -6.0   57.526   -4.550    278.0    941.1    280.2      0.1     94.8
     1     1    14     9     6    22     0     2    -7.0   57.672   -4.791    258.5    945.8    280.6      0.1     94.5
     1     1    14     9     6    21     0     3    -8.0   57.805   -5.028    213.0    952.6    281.2      0.1     94.0
     1     1    14     9     6    20     0     2    -9.0   57.946   -5.242    150.9    970.5    282.4      0.4     90.3
     1     1    14     9     6    19     0     1   -10.0   58.117   -5.414     90.5    988.0    283.8      0.4     86.4
     1     1    14     9     6    18     0     0   -11.0   58.322   -5.537     50.6   1000.7    284.9      0.0     84.5
     1     1    14     9     6    17     0     1   -12.0   58.553   -5.627     29.8   1007.6    285.5      0.0     82.5
     1     1    14     9     6    16     0     2   -13.0   58.806   -5.689     20.4   1011.1    285.8      0.0     81.4
     1     1    14     9     6    15     0     3   -14.0   59.075   -5.708     16.8   1012.1    286.0      0.0     81.2
     1     1    14     9     6    14     0     2   -15.0   59.344   -5.696     15.6   1012.2    285.9      0.0     81.5
     1     1    14     9     6    13     0     1   -16.0   59.600   -5.649     15.2   1012.4    285.8      0.0     81.8
     1     1    14     9     6    12     0     0   -17.0   59.832   -5.525     15.1   1012.5    285.7      0.0     82.1
     1     1    14     9     6    11     0     1   -18.0   60.038   -5.322     14.9   1011.9    285.7      0.0     82.3
     1     1    14     9     6    10     0     2   -19.0   60.221   -5.077     14.6   1011.8    285.6      0.0     82.3
     1     1    14     9     6     9     0     3   -20.0   60.379   -4.814     14.6   1011.7    285.6      0.0     81.7
     1     1    14     9     6     8     0     2   -21.0   60.507   -4.559     14.5   1011.4    285.5      0.5     81.9
     1     1    14     9     6     7     0     1   -22.0   60.597   -4.332     14.2   1011.2    285.5      0.1     82.3
     1     1    14     9     6     6     0     0   -23.0   60.639   -4.119     13.9   1011.2    285.5      0.0     83.0
     1     1    14     9     6     5     0     1   -24.0   60.646   -3.907     13.7   1011.0    285.5      0.0     82.6
     1     1    14     9     6     4     0     2   -25.0   60.634   -3.687     13.3   1010.9    285.6      0.0     82.5
     1     1    14     9     6     3     0     3   -26.0   60.601   -3.463     12.7   1010.7    285.6      0.0     82.8
     1     1    14     9     6     2     0     2   -27.0   60.551   -3.285     12.0   1011.0    285.7      0.1     84.0
     1     1    14     9     6     1     0     1   -28.0   60.503   -3.204     11.4   1011.6    285.8      0.2     84.9
     1     1    14     9     6     0     0     0   -29.0   60.467   -3.226     10.8   1012.2    285.9      0.0     85.8
     1     1    14     9     5    23     0     1   -30.0   60.432   -3.337     10.2   1011.8    285.9      0.0     85.0
     1     1    14     9     5    22     0     2   -31.0   60.388   -3.535      9.9   1011.2    285.8      0.0     84.3
     1     1    14     9     5    21     0     3   -32.0   60.338   -3.826      9.8   1010.5    285.7      0.0     83.8
     1     1    14     9     5    20     0     2   -33.0   60.297   -4.178      9.8   1010.1    285.7      0.1     84.5
     1     1    14     9     5    19     0     1   -34.0   60.282   -4.553      9.8   1010.1    285.7      0.0     84.8
     1     1    14     9     5    18     0     0   -35.0   60.295   -4.945      9.8   1010.1    285.5      0.0     84.6
     1     1    14     9     5    17     0     1   -36.0   60.337   -5.342      9.6   1011.4    285.5      0.0     84.8
     1     1    14     9     5    16     0     2   -37.0   60.414   -5.732      9.2   1011.9    285.6      0.1     85.5
     1     1    14     9     5    15     0     3   -38.0   60.534   -6.124      9.0   1011.9    285.6      0.0     86.7
     1     1    14     9     5    14     0     2   -39.0   60.672   -6.534      8.9   1012.5    285.4      0.2     88.4
     1     1    14     9     5    13     0     1   -40.0   60.826   -6.977      8.7   1012.9    285.3      0.3     90.4
     1     1    14     9     5    12     0     0   -41.0   61.015   -7.423      8.6   1012.5    285.1      0.4     92.4
     1     1    14     9     5    11     0     1   -42.0   61.217   -7.821      8.6   1012.5    285.0      0.1     92.0
     1     1    14     9     5    10     0     2   -43.0   61.417   -8.141      8.7   1013.0    285.0      0.1     93.0
     1     1    14     9     5     9     0     3   -44.0   61.629   -8.371      9.0   1013.1    285.0      0.0     93.3
     1     1    14     9     5     8     0     2   -45.0   61.845   -8.533      9.3   1012.0    284.8      0.2     93.0
     1     1    14     9     5     7     0     1   -46.0   62.050   -8.644      9.5   1010.6    284.7      0.1     93.3
     1     1    14     9     5     6     0     0   -47.0   62.234   -8.691      9.4   1009.8    284.6      0.0     94.0
     1     1    14     9     5     5     0     1   -48.0   62.375   -8.704      9.0   1010.2    284.4      0.0     93.1
     1     1    14     9     5     4     0     2   -49.0   62.459   -8.707      8.2   1010.3    284.3      0.0     92.3
     1     1    14     9     5     3     0     3   -50.0   62.482   -8.704      7.2   1010.4    284.3      0.0     91.3
     1     1    14     9     5     2     0     2   -51.0   62.463   -8.711      6.3   1010.2    284.3      0.0     91.4
     1     1    14     9     5     1     0     1   -52.0   62.424   -8.728      5.9   1010.1    284.3      0.0     91.5
     1     1    14     9     5     0     0     0   -53.0   62.367   -8.767      6.0   1009.9    284.4      0.0     91.5
     1     1    14     9     4    23     0     1   -54.0   62.306   -8.834      6.4   1010.0    284.4      0.3     91.3
     1     1    14     9     4    22     0     2   -55.0   62.253   -8.924      6.9   1010.0    284.5      0.3     91.1
     1     1    14     9     4    21     0     3   -56.0   62.212   -9.028      7.5   1009.9    284.6      0.4     90.7
     1     1    14     9     4    20     0     2   -57.0   62.164   -9.117      7.9   1009.8    284.6      1.0     92.3
     1     1    14     9     4    19     0     1   -58.0   62.095   -9.164      7.5   1009.7    284.6      1.0     94.2
     1     1    14     9     4    18     0     0   -59.0   62.004   -9.144      6.3   1009.8    284.6      1.0     96.8
     1     1    14     9     4    17     0     1   -60.0   61.903   -9.064      5.0   1010.1    284.7      1.0     96.7
     1     1    14     9     4    16     0     2   -61.0   61.803   -8.956      4.0   1010.4    284.7      1.0     96.5
     1     1    14     9     4    15     0     3   -62.0   61.699   -8.818      3.1   1011.0    284.8      1.0     96.3
     1     1    14     9     4    14     0     2   -63.0   61.573   -8.702      2.0   1012.2    284.9      0.3     95.6
     1     1    14     9     4    13     0     1   -64.0   61.418   -8.637      0.7   1013.1    285.0      0.8     94.8
     1     1    14     9     4    12     0     0   -65.0   61.235   -8.556      0.0   1014.2    285.0      0.8     93.5
     1     1    14     9     4    11     0     1   -66.0   61.032   -8.448      0.0   1014.6    285.2      0.2     93.7
     1     1    14     9     4    10     0     2   -67.0   60.812   -8.366      0.0   1015.1    285.3      0.2     93.6
     1     1    14     9     4     9     0     3   -68.0   60.574   -8.318      0.0   1015.6    285.5      0.2     92.6
     1     1    14     9     4     8     0     2   -69.0   60.326   -8.280      0.0   1015.6    285.6      0.0     91.4
     1     1    14     9     4     7     0     1   -70.0   60.083   -8.254      0.0   1015.6    285.7      0.0     89.9
     1     1    14     9     4     6     0     0   -71.0   59.854   -8.252      0.0   1015.6    285.8      0.0     88.3
     1     1    14     9     4     5     0     1   -72.0   59.630   -8.254      0.0   1015.9    285.9      0.2     86.9
