     7     1
    GDAS    14     8    22     0     0
    GDAS    14     8    29     0     0
    GDAS    14     9     1     0     0
    GDAS    14     9     8     0     0
    GDAS    14     9    15     0     0
    GDAS    14     9    22     0     0
    GDAS    14     9    29     0     0
     1 BACKWARD OMEGA   
    14     9    11     0   56.467   -2.973   100.0
     4 PRESSURE AIR_TEMP RAINFALL RELHUMID
     1     1    14     9    11     0     0     0     0.0   56.467   -2.973    100.0    979.0    284.0      0.0     88.2
     1     1    14     9    10    23     0     1    -1.0   56.356   -2.934    125.5    981.2    284.5      0.0     86.3
     1     1    14     9    10    22     0     2    -2.0   56.241   -2.852    151.8    983.5    285.1      0.0     83.8
     1     1    14     9    10    21     0     3    -3.0   56.121   -2.716    177.1    985.8    285.6      0.0     80.5
     1     1    14     9    10    20     0     2    -4.0   55.999   -2.539    199.5    987.8    286.2      0.0     77.0
     1     1    14     9    10    19     0     1    -5.0   55.882   -2.349    217.0    986.0    286.3      0.0     75.2
     1     1    14     9    10    18     0     0    -6.0   55.774   -2.160    227.8    984.3    286.2      0.0     74.4
     1     1    14     9    10    17     0     1    -7.0   55.673   -1.968    227.8    983.2    286.0      0.0     73.9
     1     1    14     9    10    16     0     2    -8.0   55.580   -1.768    218.9    985.5    286.0      0.0     73.1
     1     1    14     9    10    15     0     3    -9.0   55.498   -1.561    209.7    988.8    286.1      0.0     72.2
     1     1    14     9    10    14     0     2   -10.0   55.426   -1.362    207.0    992.3    286.0      0.0     73.2
     1     1    14     9    10    13     0     1   -11.0   55.362   -1.180    213.6    994.6    285.7      0.0     74.4
     1     1    14     9    10    12     0     0   -12.0   55.306   -1.014    228.8    996.0    285.5      0.0     75.8
     1     1    14     9    10    11     0     1   -13.0   55.254   -0.852    246.4    993.5    285.3      0.0     77.1
     1     1    14     9    10    10     0     2   -14.0   55.201   -0.681    260.3    991.7    285.1      0.0     78.5
     1     1    14     9    10     9     0     3   -15.0   55.148   -0.501    269.5    990.3    284.9      0.0     79.9
     1     1    14     9    10     8     0     2   -16.0   55.100   -0.318    275.2    989.6    284.9      0.0     79.7
     1     1    14     9    10     7     0     1   -17.0   55.061   -0.136    278.9    989.0    284.9      0.0     79.4
     1     1    14     9    10     6     0     0   -18.0   55.041    0.033    281.7    988.8    284.2      0.0     80.8
     1     1    14     9    10     5     0     1   -19.0   55.041    0.177    286.1    988.3    284.4      0.0     80.3
     1     1    14     9    10     4     0     2   -20.0   55.047    0.298    292.2    987.3    284.4      0.0     79.8
     1     1    14     9    10     3     0     3   -21.0   55.057    0.396    298.8    986.2    284.5      0.0     79.6
     1     1    14     9    10     2     0     2   -22.0   55.072    0.479    305.0    985.5    284.4      0.0     79.5
     1     1    14     9    10     1     0     1   -23.0   55.093    0.556    310.2    984.9    284.4      0.0     79.6
     1     1    14     9    10     0     0     0   -24.0   55.122    0.627    313.7    984.5    284.4      0.0     79.8
     1     1    14     9     9    23     0     1   -25.0   55.164    0.682    316.0    984.3    284.4      0.0     80.4
     1     1    14     9     9    22     0     2   -26.0   55.225    0.710    318.6    984.0    284.4      0.0     80.8
     1     1    14     9     9    21     0     3   -27.0   55.306    0.709    322.1    983.7    284.3      0.0     81.1
     1     1    14     9     9    20     0     2   -28.0   55.397    0.683    327.4    982.8    284.3      0.0     80.9
     1     1    14     9     9    19     0     1   -29.0   55.489    0.639    334.7    981.8    284.2      0.0     80.8
     1     1    14     9     9    18     0     0   -30.0   55.581    0.580    344.6    980.4    284.2      0.0     80.8
     1     1    14     9     9    17     0     1   -31.0   55.670    0.494    357.4    978.7    284.0      0.0     80.7
     1     1    14     9     9    16     0     2   -32.0   55.747    0.371    372.8    976.6    283.8      0.0     80.7
     1     1    14     9     9    15     0     3   -33.0   55.809    0.215    389.4    974.4    283.6      0.0     80.7
     1     1    14     9     9    14     0     2   -34.0   55.859    0.046    404.2    972.7    283.4      0.0     81.8
     1     1    14     9     9    13     0     1   -35.0   55.876   -0.073    428.6    972.0    283.6      0.0     80.2
     1     1    14     9     9    12     0     0   -36.0   55.862   -0.152    464.3    966.4    283.1      0.0     82.0
     1     1    14     9     9    11     0     1   -37.0   55.849   -0.246    494.8    962.4    282.8      0.0     82.7
     1     1    14     9     9    10     0     2   -38.0   55.837   -0.355    517.1    959.7    282.6      0.0     82.9
     1     1    14     9     9     9     0     3   -39.0   55.828   -0.477    530.0    958.2    282.5      0.0     82.8
     1     1    14     9     9     8     0     2   -40.0   55.830   -0.602    536.7    957.5    282.4      0.0     82.7
     1     1    14     9     9     7     0     1   -41.0   55.857   -0.719    540.3    956.8    282.4      0.0     82.7
     1     1    14     9     9     6     0     0   -42.0   55.908   -0.829    541.2    956.5    282.3      0.0     82.7
     1     1    14     9     9     5     0     1   -43.0   55.981   -0.952    541.5    956.6    282.3      0.0     83.1
     1     1    14     9     9     4     0     2   -44.0   56.067   -1.115    541.9    956.0    282.3      0.0     83.5
     1     1    14     9     9     3     0     3   -45.0   56.155   -1.310    543.2    955.4    282.3      0.0     83.5
     1     1    14     9     9     2     0     2   -46.0   56.241   -1.513    546.3    954.6    282.2      0.0     83.1
     1     1    14     9     9     1     0     1   -47.0   56.325   -1.703    552.6    953.8    282.2      0.0     82.8
     1     1    14     9     9     0     0     0   -48.0   56.410   -1.885    564.2    952.5    282.1      0.0     83.0
     1     1    14     9     8    23     0     1   -49.0   56.496   -2.067    584.0    948.7    282.0      0.0     83.6
     1     1    14     9     8    22     0     2   -50.0   56.583   -2.253    610.2    939.7    281.5      0.0     85.9
     1     1    14     9     8    21     0     3   -51.0   56.676   -2.443    637.5    929.2    280.9      0.0     88.9
     1     1    14     9     8    20     0     2   -52.0   56.782   -2.639    664.7    917.1    280.2      0.0     90.4
     1     1    14     9     8    19     0     1   -53.0   56.911   -2.847    697.9    902.2    279.3      0.0     92.0
     1     1    14     9     8    18     0     0   -54.0   57.071   -3.068    744.6    889.8    278.6      0.0     92.2
     1     1    14     9     8    17     0     1   -55.0   57.251   -3.304    803.5    887.8    278.3      0.0     92.3
     1     1    14     9     8    16     0     2   -56.0   57.439   -3.562    872.1    885.6    278.0      0.0     93.4
     1     1    14     9     8    15     0     3   -57.0   57.631   -3.853    952.4    880.7    277.7      0.0     92.7
     1     1    14     9     8    14     0     2   -58.0   57.820   -4.172   1032.1    875.2    277.2      0.0     93.9
     1     1    14     9     8    13     0     1   -59.0   58.005   -4.507   1089.2    870.4    276.5      0.0     97.3
     1     1    14     9     8    12     0     0   -60.0   58.188   -4.845   1117.6    867.0    276.2      0.0     97.6
     1     1    14     9     8    11     0     1   -61.0   58.370   -5.174   1128.9    873.4    276.5      0.0     92.6
     1     1    14     9     8    10     0     2   -62.0   58.546   -5.488   1128.3    882.5    277.0      0.0     88.9
     1     1    14     9     8     9     0     3   -63.0   58.711   -5.782   1116.2    888.8    277.4      0.0     86.4
     1     1    14     9     8     8     0     2   -64.0   58.874   -6.063   1095.8    892.6    277.6      0.0     85.4
     1     1    14     9     8     7     0     1   -65.0   59.048   -6.348   1076.6    895.0    277.7      0.0     84.0
     1     1    14     9     8     6     0     0   -66.0   59.232   -6.644   1066.2    896.1    277.8      0.0     83.1
     1     1    14     9     8     5     0     1   -67.0   59.419   -6.960   1069.8    896.2    277.8      0.0     82.1
     1     1    14     9     8     4     0     2   -68.0   59.602   -7.297   1089.6    893.7    277.7      0.0     81.9
     1     1    14     9     8     3     0     3   -69.0   59.778   -7.649   1123.2    890.3    277.6      0.0     82.5
     1     1    14     9     8     2     0     2   -70.0   59.943   -8.009   1159.4    885.4    277.3      0.0     82.8
     1     1    14     9     8     1     0     1   -71.0   60.092   -8.371   1181.1    882.5    277.1      0.0     82.0
     1     1    14     9     8     0     0     0   -72.0   60.223   -8.732   1187.3    882.3    277.0      0.0     83.4
