     7     1
    GDAS    14     8    22     0     0
    GDAS    14     8    29     0     0
    GDAS    14     9     1     0     0
    GDAS    14     9     8     0     0
    GDAS    14     9    15     0     0
    GDAS    14     9    22     0     0
    GDAS    14     9    29     0     0
     1 BACKWARD OMEGA   
    14     9     1     1   56.467   -2.973   100.0
     4 PRESSURE AIR_TEMP RAINFALL RELHUMID
     1     1    14     9     1     1     0     1     0.0   56.467   -2.973    100.0    971.6    284.1      0.0     95.0
     1     1    14     9     1     0     0     0    -1.0   56.326   -3.207    158.0    968.8    284.3      0.0     94.3
     1     1    14     8    31    23     0     1    -2.0   56.144   -3.500    214.8    966.8    284.6      0.0     92.5
     1     1    14     8    31    22     0     2    -3.0   55.928   -3.819    230.0    968.9    284.5      0.3     92.2
     1     1    14     8    31    21     0     3    -4.0   55.681   -4.063    171.7    974.0    284.3      0.3     94.1
     1     1    14     8    31    20     0     2    -5.0   55.461   -4.189    103.1    988.7    285.5      0.0     90.3
     1     1    14     8    31    19     0     1    -6.0   55.273   -4.264     61.9    994.7    286.1      0.0     85.9
     1     1    14     8    31    18     0     0    -7.0   55.090   -4.312     40.8    996.3    286.4      0.0     81.2
     1     1    14     8    31    17     0     1    -8.0   54.901   -4.352     28.9    999.3    287.3      0.0     79.0
     1     1    14     8    31    16     0     2    -9.0   54.711   -4.398     21.8   1003.6    288.0      0.0     77.2
     1     1    14     8    31    15     0     3   -10.0   54.525   -4.456     18.2   1007.1    288.4      0.0     75.8
     1     1    14     8    31    14     0     2   -11.0   54.355   -4.535     16.5   1010.3    288.1      0.0     77.8
     1     1    14     8    31    13     0     1   -12.0   54.209   -4.643     16.6   1012.8    288.0      0.0     79.9
     1     1    14     8    31    12     0     0   -13.0   54.082   -4.779     19.8   1014.1    287.8      0.0     81.9
     1     1    14     8    31    11     0     1   -14.0   53.978   -4.936     26.1   1014.3    287.7      0.0     83.5
     1     1    14     8    31    10     0     2   -15.0   53.908   -5.112     32.6   1012.8    287.5      0.0     85.3
     1     1    14     8    31     9     0     3   -16.0   53.876   -5.302     36.1   1010.9    287.1      0.0     87.6
     1     1    14     8    31     8     0     2   -17.0   53.870   -5.498     37.0   1009.0    286.6      0.0     88.8
     1     1    14     8    31     7     0     1   -18.0   53.878   -5.697     37.8   1007.4    285.8      0.0     90.9
     1     1    14     8    31     6     0     0   -19.0   53.893   -5.899     41.6   1005.8    284.8      0.0     93.7
     1     1    14     8    31     5     0     1   -20.0   53.910   -6.103     49.4   1003.6    284.1      0.0     94.0
     1     1    14     8    31     4     0     2   -21.0   53.929   -6.307     62.1   1000.8    283.6      0.0     94.1
     1     1    14     8    31     3     0     3   -22.0   53.957   -6.516     83.3    996.4    283.3      0.0     93.7
     1     1    14     8    31     2     0     2   -23.0   53.998   -6.749    112.3    991.0    283.2      0.0     94.0
     1     1    14     8    31     1     0     1   -24.0   54.050   -7.023    141.5    985.5    283.3      0.0     94.4
     1     1    14     8    31     0     0     0   -25.0   54.110   -7.341    157.3    982.7    283.6      0.0     93.7
     1     1    14     8    30    23     0     1   -26.0   54.170   -7.670    154.4    983.2    283.9      0.0     92.1
     1     1    14     8    30    22     0     2   -27.0   54.227   -7.982    133.2    985.8    284.3      0.0     90.7
     1     1    14     8    30    21     0     3   -28.0   54.282   -8.270    103.5    992.8    284.8      0.0     88.5
     1     1    14     8    30    20     0     2   -29.0   54.339   -8.544     79.9    998.5    285.7      0.1     85.2
     1     1    14     8    30    19     0     1   -30.0   54.406   -8.821     64.8   1003.6    286.6      0.1     81.8
     1     1    14     8    30    18     0     0   -31.0   54.490   -9.120     55.7   1007.3    287.3      0.2     79.3
     1     1    14     8    30    17     0     1   -32.0   54.586   -9.464     48.3   1008.4    287.4      0.0     77.7
     1     1    14     8    30    16     0     2   -33.0   54.690   -9.868     41.2   1009.5    287.5      0.0     76.0
     1     1    14     8    30    15     0     3   -34.0   54.807  -10.331     36.2   1010.9    287.6      0.0     74.5
     1     1    14     8    30    14     0     2   -35.0   54.933  -10.823     35.4   1011.8    287.8      0.0     73.7
     1     1    14     8    30    13     0     1   -36.0   55.064  -11.315     37.4   1010.6    287.8      0.0     74.8
     1     1    14     8    30    12     0     0   -37.0   55.206  -11.805     39.8   1009.4    287.6      0.0     76.1
     1     1    14     8    30    11     0     1   -38.0   55.347  -12.299     41.5   1009.3    287.6      0.0     76.0
     1     1    14     8    30    10     0     2   -39.0   55.480  -12.806     42.6   1009.2    287.6      0.0     75.8
     1     1    14     8    30     9     0     3   -40.0   55.613  -13.327     43.0   1008.8    287.5      0.0     75.4
     1     1    14     8    30     8     0     2   -41.0   55.755  -13.842     43.7   1008.3    287.4      0.1     75.1
     1     1    14     8    30     7     0     1   -42.0   55.911  -14.329     45.9   1007.2    287.3      0.1     74.9
     1     1    14     8    30     6     0     0   -43.0   56.088  -14.793     50.0   1005.9    287.2      0.0     74.5
     1     1    14     8    30     5     0     1   -44.0   56.277  -15.279     54.1   1005.2    286.9      0.0     74.0
     1     1    14     8    30     4     0     2   -45.0   56.461  -15.826     56.2   1004.5    286.7      0.0     73.1
     1     1    14     8    30     3     0     3   -46.0   56.646  -16.436     56.8   1003.8    286.6      0.0     71.9
     1     1    14     8    30     2     0     2   -47.0   56.832  -17.072     57.8   1003.6    286.5      0.3     71.1
     1     1    14     8    30     1     0     1   -48.0   57.016  -17.709     60.8   1002.5    286.4      0.1     70.5
     1     1    14     8    30     0     0     0   -49.0   57.197  -18.340     65.7   1001.6    286.2      0.1     70.0
     1     1    14     8    29    23     0     1   -50.0   57.383  -18.962     73.0   1000.7    286.1      0.0     69.6
     1     1    14     8    29    22     0     2   -51.0   57.577  -19.582     82.5    999.2    286.0      0.0     68.8
     1     1    14     8    29    21     0     3   -52.0   57.777  -20.196     94.7    997.7    285.9      0.0     66.2
     1     1    14     8    29    20     0     2   -53.0   57.978  -20.815    109.2    994.9    285.6      0.1     67.0
     1     1    14     8    29    19     0     1   -54.0   58.169  -21.451    124.4    992.5    285.4      0.2     67.6
     1     1    14     8    29    18     0     0   -55.0   58.351  -22.103    141.0    990.2    285.2      0.0     66.5
     1     1    14     8    29    17     0     1   -56.0   58.516  -22.753    157.2    987.1    284.7      0.0     67.1
     1     1    14     8    29    16     0     2   -57.0   58.654  -23.394    169.0    984.9    284.4      0.0     66.5
     1     1    14     8    29    15     0     3   -58.0   58.754  -24.025    172.7    983.6    284.3      0.0     65.3
     1     1    14     8    29    14     0     2   -59.0   58.828  -24.666    172.0    983.6    284.3      0.3     66.3
     1     1    14     8    29    13     0     1   -60.0   58.885  -25.324    172.9    982.9    284.2      0.3     65.8
     1     1    14     8    29    12     0     0   -61.0   58.916  -25.984    179.4    982.0    284.1      0.0     64.8
     1     1    14     8    29    11     0     1   -62.0   58.924  -26.649    193.7    979.5    283.8      0.0     65.6
     1     1    14     8    29    10     0     2   -63.0   58.906  -27.320    209.9    976.7    283.6      0.0     65.9
     1     1    14     8    29     9     0     3   -64.0   58.857  -28.011    224.8    974.7    283.5      0.0     66.5
     1     1    14     8    29     8     0     2   -65.0   58.777  -28.730    240.1    972.4    283.2      0.0     66.6
     1     1    14     8    29     7     0     1   -66.0   58.666  -29.473    255.5    969.8    283.0      0.0     66.4
     1     1    14     8    29     6     0     0   -67.0   58.524  -30.238    270.9    967.5    282.9      0.0     66.9
     1     1    14     8    29     5     0     1   -68.0   58.358  -31.016    296.3    963.9    282.4      0.0     68.2
     1     1    14     8    29     4     0     2   -69.0   58.179  -31.817    321.6    960.1    282.0      0.0     68.4
     1     1    14     8    29     3     0     3   -70.0   57.974  -32.649    330.0    958.2    281.8      0.0     69.0
     1     1    14     8    29     2     0     2   -71.0   57.754  -33.559    326.1    958.9    281.7      0.0     69.4
     1     1    14     8    29     1     0     1   -72.0   57.535  -34.547    340.9    956.0    281.4      0.0     70.5
