     7     1
    GDAS    14     8    22     0     0
    GDAS    14     8    29     0     0
    GDAS    14     9     1     0     0
    GDAS    14     9     8     0     0
    GDAS    14     9    15     0     0
    GDAS    14     9    22     0     0
    GDAS    14     9    29     0     0
     1 BACKWARD OMEGA   
    14     9    13    10   56.467   -2.973   100.0
     4 PRESSURE AIR_TEMP RAINFALL RELHUMID
     1     1    14     9    13    10     0     2     0.0   56.467   -2.973    100.0    985.7    287.0      0.0     88.3
     1     1    14     9    13     9     0     3    -1.0   56.455   -2.991    102.3    985.9    286.4      0.0     92.9
     1     1    14     9    13     8     0     2    -2.0   56.446   -3.034    114.9    983.6    285.8      0.0     94.2
     1     1    14     9    13     7     0     1    -3.0   56.440   -3.095    131.3    981.5    285.4      0.0     95.4
     1     1    14     9    13     6     0     0    -4.0   56.436   -3.171    150.6    978.6    285.1      0.0     96.5
     1     1    14     9    13     5     0     1    -5.0   56.432   -3.259    170.6    974.9    285.2      0.0     95.6
     1     1    14     9    13     4     0     2    -6.0   56.421   -3.358    189.8    971.8    285.3      0.0     94.7
     1     1    14     9    13     3     0     3    -7.0   56.405   -3.471    208.5    969.1    285.5      0.0     94.0
     1     1    14     9    13     2     0     2    -8.0   56.386   -3.594    225.5    967.1    285.5      0.0     93.7
     1     1    14     9    13     1     0     1    -9.0   56.366   -3.722    238.9    965.8    285.6      0.0     93.8
     1     1    14     9    13     0     0     0   -10.0   56.345   -3.858    248.0    965.1    285.7      0.0     94.4
     1     1    14     9    12    23     0     1   -11.0   56.325   -3.989    255.0    964.8    285.9      0.0     93.5
     1     1    14     9    12    22     0     2   -12.0   56.304   -4.101    261.8    965.0    286.0      0.0     92.1
     1     1    14     9    12    21     0     3   -13.0   56.281   -4.190    267.0    965.3    286.2      0.0     90.8
     1     1    14     9    12    20     0     2   -14.0   56.256   -4.272    266.9    965.7    286.3      0.0     90.1
     1     1    14     9    12    19     0     1   -15.0   56.230   -4.363    259.2    967.6    286.5      0.0     89.4
     1     1    14     9    12    18     0     0   -16.0   56.203   -4.463    247.0    969.6    286.7      0.0     88.8
     1     1    14     9    12    17     0     1   -17.0   56.169   -4.557    233.7    972.0    286.9      0.0     88.0
     1     1    14     9    12    16     0     2   -18.0   56.125   -4.629    220.2    974.4    287.0      0.0     87.5
     1     1    14     9    12    15     0     3   -19.0   56.072   -4.677    205.4    977.4    287.2      0.0     87.3
     1     1    14     9    12    14     0     2   -20.0   56.012   -4.706    190.7    981.4    286.9      0.0     87.9
     1     1    14     9    12    13     0     1   -21.0   55.946   -4.720    177.6    984.1    286.8      0.0     87.8
     1     1    14     9    12    12     0     0   -22.0   55.875   -4.719    166.2    986.6    286.6      0.0     87.8
     1     1    14     9    12    11     0     1   -23.0   55.808   -4.694    159.2    988.4    286.4      0.0     88.1
     1     1    14     9    12    10     0     2   -24.0   55.756   -4.635    158.5    988.9    286.2      0.0     88.5
     1     1    14     9    12     9     0     3   -25.0   55.720   -4.548    161.2    988.7    286.0      0.0     89.1
     1     1    14     9    12     8     0     2   -26.0   55.692   -4.450    162.6    988.5    285.9      0.0     88.9
     1     1    14     9    12     7     0     1   -27.0   55.669   -4.354    159.6    989.1    285.7      0.0     88.8
     1     1    14     9    12     6     0     0   -28.0   55.653   -4.261    152.3    990.2    285.5      0.0     88.8
     1     1    14     9    12     5     0     1   -29.0   55.641   -4.174    140.3    991.7    286.0      0.0     87.5
     1     1    14     9    12     4     0     2   -30.0   55.628   -4.092    123.0    993.4    286.5      0.0     86.2
     1     1    14     9    12     3     0     3   -31.0   55.613   -4.016    101.2    995.6    287.1      0.0     84.7
     1     1    14     9    12     2     0     2   -32.0   55.597   -3.942     80.5    998.8    287.2      0.0     83.1
     1     1    14     9    12     1     0     1   -33.0   55.582   -3.870     65.6   1000.9    287.2      0.0     81.5
     1     1    14     9    12     0     0     0   -34.0   55.566   -3.800     56.0   1002.3    287.2      0.0     80.1
     1     1    14     9    11    23     0     1   -35.0   55.549   -3.728     50.0   1002.6    287.1      0.0     79.6
     1     1    14     9    11    22     0     2   -36.0   55.530   -3.648     46.6   1002.9    287.1      0.0     79.2
     1     1    14     9    11    21     0     3   -37.0   55.507   -3.561     45.9   1002.9    287.4      0.0     78.8
     1     1    14     9    11    20     0     2   -38.0   55.485   -3.480     46.8   1002.4    288.2      0.0     77.6
     1     1    14     9    11    19     0     1   -39.0   55.470   -3.423     47.0   1002.0    288.8      0.0     76.4
     1     1    14     9    11    18     0     0   -40.0   55.463   -3.390     45.6   1001.7    289.4      0.0     75.3
     1     1    14     9    11    17     0     1   -41.0   55.458   -3.372     42.2   1002.0    289.8      0.0     74.4
     1     1    14     9    11    16     0     2   -42.0   55.447   -3.362     36.9   1002.4    290.3      0.0     73.5
     1     1    14     9    11    15     0     3   -43.0   55.432   -3.362     30.4   1003.1    291.0      0.0     72.7
     1     1    14     9    11    14     0     2   -44.0   55.415   -3.363     24.5   1004.3    291.1      0.0     74.9
     1     1    14     9    11    13     0     1   -45.0   55.397   -3.359     20.0   1005.3    291.3      0.0     77.1
     1     1    14     9    11    12     0     0   -46.0   55.377   -3.350     16.6   1006.3    291.6      0.0     79.2
     1     1    14     9    11    11     0     1   -47.0   55.358   -3.334     14.5   1006.6    290.6      0.0     81.6
     1     1    14     9    11    10     0     2   -48.0   55.339   -3.309     13.8   1006.5    289.4      0.0     83.9
     1     1    14     9    11     9     0     3   -49.0   55.320   -3.275     14.4   1006.3    288.1      0.0     86.2
     1     1    14     9    11     8     0     2   -50.0   55.301   -3.233     16.3   1005.7    286.5      0.0     87.2
     1     1    14     9    11     7     0     1   -51.0   55.279   -3.184     19.3   1005.0    284.9      0.0     88.1
     1     1    14     9    11     6     0     0   -52.0   55.253   -3.126     24.3   1004.0    283.4      0.0     89.1
     1     1    14     9    11     5     0     1   -53.0   55.221   -3.055     34.2   1002.8    283.8      0.0     88.6
     1     1    14     9    11     4     0     2   -54.0   55.178   -2.964     54.8   1000.4    284.4      0.0     88.5
     1     1    14     9    11     3     0     3   -55.0   55.121   -2.857     82.8    994.9    284.8      0.0     88.1
     1     1    14     9    11     2     0     2   -56.0   55.050   -2.748    109.4    990.4    284.9      0.0     88.3
     1     1    14     9    11     1     0     1   -57.0   54.967   -2.637    133.4    986.8    285.0      0.0     88.5
     1     1    14     9    11     0     0     0   -58.0   54.870   -2.519    153.6    983.4    285.2      0.0     88.1
     1     1    14     9    10    23     0     1   -59.0   54.769   -2.380    166.4    979.9    285.3      0.0     87.1
     1     1    14     9    10    22     0     2   -60.0   54.674   -2.209    165.3    977.1    285.2      0.0     86.9
     1     1    14     9    10    21     0     3   -61.0   54.587   -2.007    142.1    975.8    285.0      0.0     87.7
     1     1    14     9    10    20     0     2   -62.0   54.518   -1.796    110.2    985.7    285.8      0.0     84.1
     1     1    14     9    10    19     0     1   -63.0   54.462   -1.594     87.5    993.0    286.6      0.0     79.9
     1     1    14     9    10    18     0     0   -64.0   54.416   -1.398     74.1    999.1    287.4      0.0     75.5
     1     1    14     9    10    17     0     1   -65.0   54.373   -1.204     68.8   1004.4    288.0      0.0     71.6
     1     1    14     9    10    16     0     2   -66.0   54.333   -1.015     71.0   1008.5    288.6      0.0     68.7
     1     1    14     9    10    15     0     3   -67.0   54.297   -0.830     77.0   1007.4    289.0      0.0     66.4
     1     1    14     9    10    14     0     2   -68.0   54.261   -0.659     80.9   1006.3    289.2      0.0     66.1
     1     1    14     9    10    13     0     1   -69.0   54.220   -0.509     79.1   1006.2    289.6      0.0     65.5
     1     1    14     9    10    12     0     0   -70.0   54.173   -0.382     71.4   1006.9    290.2      0.0     64.7
     1     1    14     9    10    11     0     1   -71.0   54.126   -0.268     61.8   1008.2    290.3      0.0     66.1
     1     1    14     9    10    10     0     2   -72.0   54.087   -0.155     53.4   1009.0    290.2      0.0     67.8
