     7     1
    GDAS    14     8    22     0     0
    GDAS    14     8    29     0     0
    GDAS    14     9     1     0     0
    GDAS    14     9     8     0     0
    GDAS    14     9    15     0     0
    GDAS    14     9    22     0     0
    GDAS    14     9    29     0     0
     1 BACKWARD OMEGA   
    14     9    18    15   56.467   -2.973   100.0
     4 PRESSURE AIR_TEMP RAINFALL RELHUMID
     1     1    14     9    18    15     0     3     0.0   56.467   -2.973    100.0    971.7    287.1      0.0     94.8
     1     1    14     9    18    14     0     2    -1.0   56.450   -2.782     69.4    982.7    287.3      0.0     93.6
     1     1    14     9    18    13     0     1    -2.0   56.422   -2.594     50.0    990.3    287.4      0.0     93.4
     1     1    14     9    18    12     0     0    -3.0   56.381   -2.405     37.4    997.1    287.3      0.0     93.6
     1     1    14     9    18    11     0     1    -4.0   56.329   -2.210     28.5   1003.0    287.1      0.0     94.0
     1     1    14     9    18    10     0     2    -5.0   56.270   -2.003     22.0   1008.4    286.9      0.0     94.4
     1     1    14     9    18     9     0     3    -6.0   56.206   -1.778     17.5   1009.9    286.8      0.0     93.8
     1     1    14     9    18     8     0     2    -7.0   56.136   -1.531     15.0   1011.4    286.9      0.0     93.3
     1     1    14     9    18     7     0     1    -8.0   56.059   -1.271     13.8   1012.8    286.9      0.0     93.1
     1     1    14     9    18     6     0     0    -9.0   55.975   -1.003     13.5   1014.1    286.9      0.0     93.1
     1     1    14     9    18     5     0     1   -10.0   55.897   -0.738     13.7   1013.9    287.1      0.0     94.5
     1     1    14     9    18     4     0     2   -11.0   55.834   -0.476     14.6   1013.7    287.2      0.0     95.8
     1     1    14     9    18     3     0     3   -12.0   55.785   -0.216     16.0   1013.4    287.2      0.0     97.0
     1     1    14     9    18     2     0     2   -13.0   55.734    0.081     16.2   1012.3    287.4      0.0     92.6
     1     1    14     9    18     1     0     1   -14.0   55.674    0.415     15.1   1012.9    287.4      0.0     91.9
     1     1    14     9    18     0     0     0   -15.0   55.610    0.744     14.6   1012.8    287.6      0.0     91.4
     1     1    14     9    17    23     0     1   -16.0   55.541    1.074     14.3   1013.0    287.8      0.0     90.5
     1     1    14     9    17    22     0     2   -17.0   55.466    1.417     14.0   1013.5    287.9      0.0     89.2
     1     1    14     9    17    21     0     3   -18.0   55.386    1.772     13.7   1014.2    288.0      0.0     87.5
     1     1    14     9    17    20     0     2   -19.0   55.305    2.143     13.5   1014.2    288.3      0.0     87.0
     1     1    14     9    17    19     0     1   -20.0   55.226    2.532     13.3   1014.2    288.5      0.0     86.7
     1     1    14     9    17    18     0     0   -21.0   55.150    2.932     13.1   1014.2    288.8      0.0     86.5
     1     1    14     9    17    17     0     1   -22.0   55.077    3.349     13.1   1013.9    289.0      0.0     85.7
     1     1    14     9    17    16     0     2   -23.0   55.007    3.792     13.1   1013.7    289.2      0.0     85.4
     1     1    14     9    17    15     0     3   -24.0   54.934    4.252     13.0   1013.5    289.4      0.0     85.2
     1     1    14     9    17    14     0     2   -25.0   54.859    4.719     12.8   1013.9    289.7      0.1     84.1
     1     1    14     9    17    13     0     1   -26.0   54.789    5.199     12.2   1014.9    289.8      0.1     83.7
     1     1    14     9    17    12     0     0   -27.0   54.734    5.700     11.3   1015.6    289.9      0.0     83.8
     1     1    14     9    17    11     0     1   -28.0   54.680    6.217     10.7   1015.7    290.1      0.0     83.0
     1     1    14     9    17    10     0     2   -29.0   54.611    6.728     10.7   1015.7    290.1      0.0     82.7
     1     1    14     9    17     9     0     3   -30.0   54.536    7.216     11.0   1015.7    290.1      0.0     83.8
     1     1    14     9    17     8     0     2   -31.0   54.470    7.696     11.2   1015.7    290.3      0.0     83.2
     1     1    14     9    17     7     0     1   -32.0   54.423    8.168     11.4   1015.5    290.2      0.0     83.5
     1     1    14     9    17     6     0     0   -33.0   54.393    8.579     12.3   1014.5    288.7      0.0     85.6
     1     1    14     9    17     5     0     1   -34.0   54.378    8.913     14.2   1014.5    287.8      0.0     84.5
     1     1    14     9    17     4     0     2   -35.0   54.370    9.210     16.3   1014.6    287.5      0.0     83.2
     1     1    14     9    17     3     0     3   -36.0   54.362    9.499     17.4   1014.3    287.6      0.0     82.1
     1     1    14     9    17     2     0     2   -37.0   54.355    9.790     17.6   1013.6    287.9      0.0     81.5
     1     1    14     9    17     1     0     1   -38.0   54.348   10.087     17.5   1013.1    288.1      0.0     80.7
     1     1    14     9    17     0     0     0   -39.0   54.338   10.394     16.9   1014.2    288.3      0.0     79.1
     1     1    14     9    16    23     0     1   -40.0   54.326   10.716     15.9   1015.4    288.5      0.0     76.5
     1     1    14     9    16    22     0     2   -41.0   54.314   11.051     14.3   1015.9    288.7      0.0     74.0
     1     1    14     9    16    21     0     3   -42.0   54.307   11.392     13.1   1015.9    288.6      0.0     72.5
     1     1    14     9    16    20     0     2   -43.0   54.306   11.729     12.5   1016.0    288.7      0.0     71.2
     1     1    14     9    16    19     0     1   -44.0   54.310   12.065     12.6   1016.2    288.9      0.0     70.1
     1     1    14     9    16    18     0     0   -45.0   54.320   12.413     12.9   1017.5    289.3      0.0     69.0
     1     1    14     9    16    17     0     1   -46.0   54.335   12.782     12.7   1018.7    290.8      0.0     65.2
     1     1    14     9    16    16     0     2   -47.0   54.359   13.170     12.3   1019.4    291.8      0.0     61.3
     1     1    14     9    16    15     0     3   -48.0   54.401   13.578     11.8   1019.4    291.8      0.0     58.3
     1     1    14     9    16    14     0     2   -49.0   54.458   13.994     11.3   1020.2    290.8      0.0     59.0
     1     1    14     9    16    13     0     1   -50.0   54.507   14.392     11.2   1020.3    291.4      0.0     58.7
     1     1    14     9    16    12     0     0   -51.0   54.537   14.757     11.4   1019.8    292.2      0.0     57.5
     1     1    14     9    16    11     0     1   -52.0   54.549   15.108     12.0   1019.3    292.3      0.0     58.0
     1     1    14     9    16    10     0     2   -53.0   54.540   15.461     13.3   1018.5    292.1      0.0     59.0
     1     1    14     9    16     9     0     3   -54.0   54.512   15.814     15.8   1017.4    291.8      0.0     60.0
     1     1    14     9    16     8     0     2   -55.0   54.474   16.163     20.0   1016.2    290.7      0.0     60.7
     1     1    14     9    16     7     0     1   -56.0   54.439   16.512     25.1   1013.6    289.3      0.0     62.4
     1     1    14     9    16     6     0     0   -57.0   54.405   16.864     28.6   1010.3    287.8      0.0     65.4
     1     1    14     9    16     5     0     1   -58.0   54.372   17.194     30.2   1008.3    287.2      0.0     65.6
     1     1    14     9    16     4     0     2   -59.0   54.336   17.476     31.9   1006.9    286.7      0.0     65.8
     1     1    14     9    16     3     0     3   -60.0   54.298   17.714     34.0   1005.5    286.1      0.0     65.8
     1     1    14     9    16     2     0     2   -61.0   54.258   17.933     34.8   1004.7    286.1      0.0     65.5
     1     1    14     9    16     1     0     1   -62.0   54.212   18.152     33.0   1006.1    286.0      0.0     63.7
     1     1    14     9    16     0     0     0   -63.0   54.159   18.368     30.1   1008.2    286.0      0.0     60.9
     1     1    14     9    15    23     0     1   -64.0   54.113   18.576     28.4   1010.5    286.1      0.0     58.4
     1     1    14     9    15    22     0     2   -65.0   54.083   18.779     28.2   1013.0    286.5      0.0     55.0
     1     1    14     9    15    21     0     3   -66.0   54.066   18.981     28.3   1015.8    287.0      0.0     50.8
     1     1    14     9    15    20     0     2   -67.0   54.060   19.188     28.9   1014.1    287.4      0.0     50.6
     1     1    14     9    15    19     0     1   -68.0   54.065   19.405     30.1   1011.9    287.8      0.0     50.0
     1     1    14     9    15    18     0     0   -69.0   54.082   19.639     30.8   1009.7    288.4      0.0     48.5
     1     1    14     9    15    17     0     1   -70.0   54.104   19.885     30.3   1007.8    290.2      0.0     45.8
     1     1    14     9    15    16     0     2   -71.0   54.128   20.133     28.4   1007.3    292.0      0.0     42.6
     1     1    14     9    15    15     0     3   -72.0   54.156   20.375     25.2   1008.1    293.7      0.0     39.0
