     7     1
    GDAS    14     8    22     0     0
    GDAS    14     8    29     0     0
    GDAS    14     9     1     0     0
    GDAS    14     9     8     0     0
    GDAS    14     9    15     0     0
    GDAS    14     9    22     0     0
    GDAS    14     9    29     0     0
     1 BACKWARD OMEGA   
    14     9    15     6   56.467   -2.973   100.0
     4 PRESSURE AIR_TEMP RAINFALL RELHUMID
     1     1    14     9    15     6     0     0     0.0   56.467   -2.973    100.0    981.8    283.2      0.0     99.4
     1     1    14     9    15     5     0     1    -1.0   56.563   -2.751     58.7    992.5    283.8      0.0     98.0
     1     1    14     9    15     4     0     2    -2.0   56.657   -2.549     34.3    999.8    284.2      0.0     96.0
     1     1    14     9    15     3     0     3    -3.0   56.749   -2.351     20.9   1007.4    284.7      0.0     93.3
     1     1    14     9    15     2     0     2    -4.0   56.838   -2.146     13.5   1016.2    285.4      0.0     91.3
     1     1    14     9    15     1     0     1    -5.0   56.922   -1.918      8.8   1022.7    286.0      0.0     89.4
     1     1    14     9    15     0     0     0    -6.0   56.997   -1.661      6.2   1023.8    286.1      0.0     87.3
     1     1    14     9    14    23     0     1    -7.0   57.062   -1.370      4.6   1025.3    286.3      0.0     84.6
     1     1    14     9    14    22     0     2    -8.0   57.125   -1.048      4.2   1026.8    286.4      0.0     82.4
     1     1    14     9    14    21     0     3    -9.0   57.188   -0.711      4.5   1027.3    286.4      0.0     82.1
     1     1    14     9    14    20     0     2   -10.0   57.243   -0.379      5.0   1027.6    286.4      0.0     82.0
     1     1    14     9    14    19     0     1   -11.0   57.287   -0.057      5.2   1027.9    286.5      0.0     82.1
     1     1    14     9    14    18     0     0   -12.0   57.337    0.268      5.5   1027.4    286.7      0.0     79.8
     1     1    14     9    14    17     0     1   -13.0   57.402    0.596      5.8   1026.7    286.9      0.0     79.2
     1     1    14     9    14    16     0     2   -14.0   57.479    0.917      5.9   1026.8    286.9      0.0     79.1
     1     1    14     9    14    15     0     3   -15.0   57.571    1.226      6.0   1027.3    287.0      0.0     79.8
     1     1    14     9    14    14     0     2   -16.0   57.667    1.516      6.3   1028.5    287.1      0.0     79.8
     1     1    14     9    14    13     0     1   -17.0   57.760    1.783      6.8   1029.4    287.1      0.0     80.0
     1     1    14     9    14    12     0     0   -18.0   57.849    2.024      7.4   1030.0    287.1      0.0     80.3
     1     1    14     9    14    11     0     1   -19.0   57.937    2.250      8.2   1029.9    287.3      0.0     82.9
     1     1    14     9    14    10     0     2   -20.0   58.024    2.477      8.8   1029.4    287.4      0.0     85.6
     1     1    14     9    14     9     0     3   -21.0   58.114    2.702      9.4   1028.5    287.6      0.0     87.9
     1     1    14     9    14     8     0     2   -22.0   58.213    2.917     10.0   1028.1    287.6      0.0     87.5
     1     1    14     9    14     7     0     1   -23.0   58.323    3.119     10.3   1028.0    287.6      0.0     86.7
     1     1    14     9    14     6     0     0   -24.0   58.441    3.304     10.6   1027.9    287.6      0.0     86.4
     1     1    14     9    14     5     0     1   -25.0   58.565    3.459     11.0   1028.0    287.7      0.0     84.6
     1     1    14     9    14     4     0     2   -26.0   58.697    3.573     11.4   1028.1    287.8      0.0     82.6
     1     1    14     9    14     3     0     3   -27.0   58.838    3.645     12.1   1028.2    287.8      0.0     80.3
     1     1    14     9    14     2     0     2   -28.0   58.975    3.689     12.9   1029.4    287.8      0.0     79.2
     1     1    14     9    14     1     0     1   -29.0   59.094    3.727     13.8   1030.3    287.8      0.0     78.4
     1     1    14     9    14     0     0     0   -30.0   59.193    3.765     14.6   1031.0    287.8      0.0     77.6
     1     1    14     9    13    23     0     1   -31.0   59.282    3.792     15.5   1029.8    287.8      0.0     77.5
     1     1    14     9    13    22     0     2   -32.0   59.369    3.799     16.5   1028.9    287.8      0.0     77.6
     1     1    14     9    13    21     0     3   -33.0   59.452    3.787     17.7   1028.2    287.8      0.0     77.8
     1     1    14     9    13    20     0     2   -34.0   59.527    3.762     18.9   1028.3    287.7      0.0     78.0
     1     1    14     9    13    19     0     1   -35.0   59.591    3.729     19.8   1028.4    287.6      0.0     78.2
     1     1    14     9    13    18     0     0   -36.0   59.646    3.688     20.7   1028.6    287.6      0.0     78.4
     1     1    14     9    13    17     0     1   -37.0   59.691    3.635     21.5   1028.6    287.5      0.0     78.6
     1     1    14     9    13    16     0     2   -38.0   59.721    3.566     22.4   1028.6    287.5      0.0     78.8
     1     1    14     9    13    15     0     3   -39.0   59.736    3.481     23.4   1028.6    287.4      0.0     78.9
     1     1    14     9    13    14     0     2   -40.0   59.734    3.388     24.7   1028.8    287.4      0.0     79.6
     1     1    14     9    13    13     0     1   -41.0   59.716    3.297     26.6   1028.9    287.3      0.0     80.3
     1     1    14     9    13    12     0     0   -42.0   59.683    3.211     29.1   1029.0    287.3      0.0     81.0
     1     1    14     9    13    11     0     1   -43.0   59.638    3.142     31.8   1027.3    287.2      0.0     81.3
     1     1    14     9    13    10     0     2   -44.0   59.585    3.101     33.9   1025.7    287.2      0.0     81.5
     1     1    14     9    13     9     0     3   -45.0   59.527    3.090     35.2   1024.3    287.2      0.0     81.7
     1     1    14     9    13     8     0     2   -46.0   59.476    3.089     36.5   1024.6    287.2      0.0     82.1
     1     1    14     9    13     7     0     1   -47.0   59.439    3.079     38.0   1024.7    287.2      0.0     82.6
     1     1    14     9    13     6     0     0   -48.0   59.413    3.058     39.7   1024.9    287.1      0.0     83.1
     1     1    14     9    13     5     0     1   -49.0   59.385    3.025     41.1   1024.4    287.1      0.0     82.2
     1     1    14     9    13     4     0     2   -50.0   59.346    2.982     41.9   1024.1    287.1      0.0     81.1
     1     1    14     9    13     3     0     3   -51.0   59.296    2.928     42.2   1023.8    287.1      0.0     80.0
     1     1    14     9    13     2     0     2   -52.0   59.241    2.864     42.8   1023.9    287.1      0.0     80.4
     1     1    14     9    13     1     0     1   -53.0   59.186    2.795     44.3   1024.0    287.1      0.0     80.7
     1     1    14     9    13     0     0     0   -54.0   59.133    2.720     46.4   1024.2    287.0      0.0     80.8
     1     1    14     9    12    23     0     1   -55.0   59.082    2.648     48.6   1023.1    287.0      0.0     80.1
     1     1    14     9    12    22     0     2   -56.0   59.034    2.584     49.9   1022.0    287.0      0.0     79.5
     1     1    14     9    12    21     0     3   -57.0   58.991    2.524     50.3   1021.0    287.1      0.0     79.0
     1     1    14     9    12    20     0     2   -58.0   58.955    2.458     50.4   1021.2    287.1      0.0     79.2
     1     1    14     9    12    19     0     1   -59.0   58.929    2.374     50.4   1021.4    287.1      0.0     79.2
     1     1    14     9    12    18     0     0   -60.0   58.911    2.275     50.4   1021.5    287.0      0.0     79.0
     1     1    14     9    12    17     0     1   -61.0   58.895    2.164     50.8   1020.8    287.0      0.0     78.9
     1     1    14     9    12    16     0     2   -62.0   58.875    2.049     51.9   1020.0    286.9      0.0     78.9
     1     1    14     9    12    15     0     3   -63.0   58.849    1.929     53.8   1019.1    286.8      0.0     79.0
     1     1    14     9    12    14     0     2   -64.0   58.817    1.811     55.5   1019.2    286.7      0.0     79.6
     1     1    14     9    12    13     0     1   -65.0   58.780    1.700     56.5   1019.5    286.7      0.0     80.3
     1     1    14     9    12    12     0     0   -66.0   58.738    1.596     56.8   1020.0    286.7      0.0     80.9
     1     1    14     9    12    11     0     1   -67.0   58.694    1.502     57.0   1020.0    286.7      0.0     82.3
     1     1    14     9    12    10     0     2   -68.0   58.646    1.421     57.4   1019.8    286.7      0.0     83.8
     1     1    14     9    12     9     0     3   -69.0   58.595    1.354     57.9   1019.5    286.7      0.0     85.4
     1     1    14     9    12     8     0     2   -70.0   58.545    1.288     58.4   1019.4    286.6      0.0     85.7
     1     1    14     9    12     7     0     1   -71.0   58.499    1.210     58.6   1019.3    286.6      0.0     86.0
     1     1    14     9    12     6     0     0   -72.0   58.455    1.119     58.6   1019.2    286.5      0.0     86.3
