     7     1
    GDAS    14     8    22     0     0
    GDAS    14     8    29     0     0
    GDAS    14     9     1     0     0
    GDAS    14     9     8     0     0
    GDAS    14     9    15     0     0
    GDAS    14     9    22     0     0
    GDAS    14     9    29     0     0
     1 BACKWARD OMEGA   
    14     9    14    18   56.467   -2.973   100.0
     4 PRESSURE AIR_TEMP RAINFALL RELHUMID
     1     1    14     9    14    18     0     0     0.0   56.467   -2.973    100.0    984.5    284.5      0.0     95.0
     1     1    14     9    14    17     0     1    -1.0   56.478   -2.717     54.2    998.6    285.5      0.0     91.0
     1     1    14     9    14    16     0     2    -2.0   56.495   -2.481     27.8   1009.1    286.1      0.0     88.5
     1     1    14     9    14    15     0     3    -3.0   56.513   -2.246     14.4   1017.1    286.6      0.0     87.4
     1     1    14     9    14    14     0     2    -4.0   56.535   -2.014      9.4   1024.9    286.7      0.0     89.4
     1     1    14     9    14    13     0     1    -5.0   56.559   -1.793      8.0   1026.0    286.7      0.0     90.2
     1     1    14     9    14    12     0     0    -6.0   56.580   -1.575      7.1   1027.1    286.7      0.0     91.2
     1     1    14     9    14    11     0     1    -7.0   56.597   -1.354      6.6   1027.2    286.7      0.0     91.5
     1     1    14     9    14    10     0     2    -8.0   56.613   -1.127      6.4   1027.3    286.7      0.0     92.6
     1     1    14     9    14     9     0     3    -9.0   56.628   -0.901      6.6   1027.0    286.8      0.0     93.9
     1     1    14     9    14     8     0     2   -10.0   56.642   -0.683      6.8   1027.3    286.7      0.0     92.6
     1     1    14     9    14     7     0     1   -11.0   56.655   -0.477      6.7   1027.7    286.6      0.0     91.3
     1     1    14     9    14     6     0     0   -12.0   56.667   -0.281      6.5   1028.0    286.6      0.0     90.0
     1     1    14     9    14     5     0     1   -13.0   56.677   -0.096      6.2   1028.2    286.5      0.0     89.7
     1     1    14     9    14     4     0     2   -14.0   56.692    0.110      6.1   1028.4    286.9      0.0     94.0
     1     1    14     9    14     3     0     3   -15.0   56.717    0.338      6.1   1028.6    287.0      0.0     93.3
     1     1    14     9    14     2     0     2   -16.0   56.742    0.564      6.2   1028.6    287.0      0.0     92.8
     1     1    14     9    14     1     0     1   -17.0   56.768    0.790      6.2   1028.7    287.1      0.0     93.1
     1     1    14     9    14     0     0     0   -18.0   56.791    1.018      6.2   1028.8    287.2      0.0     93.9
     1     1    14     9    13    23     0     1   -19.0   56.822    1.248      6.2   1029.0    287.3      0.0     91.3
     1     1    14     9    13    22     0     2   -20.0   56.870    1.473      6.4   1029.3    287.4      0.0     89.9
     1     1    14     9    13    21     0     3   -21.0   56.933    1.696      6.5   1029.5    287.6      0.0     89.5
     1     1    14     9    13    20     0     2   -22.0   57.005    1.907      6.6   1029.8    287.7      0.0     89.2
     1     1    14     9    13    19     0     1   -23.0   57.078    2.095      6.7   1030.1    287.8      0.0     88.4
     1     1    14     9    13    18     0     0   -24.0   57.150    2.262      6.7   1030.4    287.9      0.0     87.5
     1     1    14     9    13    17     0     1   -25.0   57.224    2.418      6.7   1030.1    287.9      0.0     87.0
     1     1    14     9    13    16     0     2   -26.0   57.307    2.570      6.8   1029.7    288.0      0.0     86.9
     1     1    14     9    13    15     0     3   -27.0   57.400    2.722      6.9   1029.2    288.0      0.0     87.2
     1     1    14     9    13    14     0     2   -28.0   57.495    2.861      7.1   1029.5    288.0      0.0     87.1
     1     1    14     9    13    13     0     1   -29.0   57.583    2.975      7.2   1030.0    288.0      0.0     87.0
     1     1    14     9    13    12     0     0   -30.0   57.665    3.066      7.2   1030.5    288.0      0.0     86.4
     1     1    14     9    13    11     0     1   -31.0   57.742    3.152      7.3   1029.6    288.0      0.0     86.2
     1     1    14     9    13    10     0     2   -32.0   57.813    3.255      7.4   1028.7    288.1      0.0     86.5
     1     1    14     9    13     9     0     3   -33.0   57.882    3.382      7.6   1027.8    288.2      0.0     87.4
     1     1    14     9    13     8     0     2   -34.0   57.955    3.524      7.7   1028.2    288.2      0.0     87.0
     1     1    14     9    13     7     0     1   -35.0   58.038    3.668      7.7   1028.6    288.2      0.0     86.7
     1     1    14     9    13     6     0     0   -36.0   58.134    3.806      7.5   1029.0    288.2      0.0     86.3
     1     1    14     9    13     5     0     1   -37.0   58.233    3.921      7.5   1028.8    288.2      0.0     84.6
     1     1    14     9    13     4     0     2   -38.0   58.324    3.999      7.6   1028.5    288.2      0.0     82.8
     1     1    14     9    13     3     0     3   -39.0   58.400    4.043      7.8   1028.2    288.2      0.0     81.2
     1     1    14     9    13     2     0     2   -40.0   58.461    4.063      8.1   1028.6    288.2      0.0     81.2
     1     1    14     9    13     1     0     1   -41.0   58.513    4.061      8.5   1029.0    288.2      0.0     81.2
     1     1    14     9    13     0     0     0   -42.0   58.555    4.039      9.0   1029.4    288.2      0.0     81.4
     1     1    14     9    12    23     0     1   -43.0   58.593    4.009      9.5   1028.3    288.2      0.0     80.8
     1     1    14     9    12    22     0     2   -44.0   58.632    3.985     10.1   1027.1    288.2      0.0     80.2
     1     1    14     9    12    21     0     3   -45.0   58.670    3.969     10.7   1025.8    288.1      0.0     79.7
     1     1    14     9    12    20     0     2   -46.0   58.710    3.944     11.3   1025.9    288.1      0.0     79.8
     1     1    14     9    12    19     0     1   -47.0   58.753    3.890     11.6   1026.1    288.0      0.0     80.1
     1     1    14     9    12    18     0     0   -48.0   58.798    3.808     11.8   1026.4    288.0      0.0     80.5
     1     1    14     9    12    17     0     1   -49.0   58.845    3.702     11.8   1025.5    287.9      0.0     80.1
     1     1    14     9    12    16     0     2   -50.0   58.889    3.578     12.1   1024.6    287.9      0.0     80.0
     1     1    14     9    12    15     0     3   -51.0   58.929    3.436     12.6   1023.6    287.9      0.0     80.2
     1     1    14     9    12    14     0     2   -52.0   58.960    3.292     13.1   1023.7    287.7      0.0     81.3
     1     1    14     9    12    13     0     1   -53.0   58.976    3.158     13.4   1023.8    287.6      0.0     82.2
     1     1    14     9    12    12     0     0   -54.0   58.978    3.037     13.5   1023.9    287.5      0.0     82.8
     1     1    14     9    12    11     0     1   -55.0   58.974    2.925     13.7   1024.2    287.4      0.0     83.5
     1     1    14     9    12    10     0     2   -56.0   58.972    2.821     14.0   1024.4    287.4      0.0     84.2
     1     1    14     9    12     9     0     3   -57.0   58.972    2.725     14.7   1024.5    287.4      0.0     85.0
     1     1    14     9    12     8     0     2   -58.0   58.974    2.631     15.4   1024.3    287.4      0.0     85.3
     1     1    14     9    12     7     0     1   -59.0   58.982    2.531     15.9   1024.2    287.3      0.0     85.6
     1     1    14     9    12     6     0     0   -60.0   58.995    2.423     16.0   1024.1    287.3      0.0     86.0
     1     1    14     9    12     5     0     1   -61.0   59.000    2.307     16.1   1024.5    287.3      0.0     86.1
     1     1    14     9    12     4     0     2   -62.0   58.985    2.182     16.2   1024.8    287.3      0.0     86.4
     1     1    14     9    12     3     0     3   -63.0   58.950    2.051     16.3   1025.2    287.2      0.0     86.7
     1     1    14     9    12     2     0     2   -64.0   58.900    1.914     16.4   1024.8    287.1      0.0     86.4
     1     1    14     9    12     1     0     1   -65.0   58.845    1.768     16.5   1024.7    287.0      0.0     86.1
     1     1    14     9    12     0     0     0   -66.0   58.783    1.615     16.5   1024.8    287.0      0.0     85.7
     1     1    14     9    11    23     0     1   -67.0   58.713    1.467     16.6   1024.3    287.1      0.0     83.8
     1     1    14     9    11    22     0     2   -68.0   58.637    1.341     16.9   1023.7    287.2      0.0     81.8
     1     1    14     9    11    21     0     3   -69.0   58.554    1.236     17.1   1023.2    287.3      0.0     79.5
     1     1    14     9    11    20     0     2   -70.0   58.466    1.144     17.5   1023.1    287.2      0.0     79.7
     1     1    14     9    11    19     0     1   -71.0   58.372    1.056     18.1   1023.1    287.2      0.0     79.9
     1     1    14     9    11    18     0     0   -72.0   58.273    0.968     19.2   1023.0    287.1      0.0     80.2
