     7     1
    GDAS    14     8    22     0     0
    GDAS    14     8    29     0     0
    GDAS    14     9     1     0     0
    GDAS    14     9     8     0     0
    GDAS    14     9    15     0     0
    GDAS    14     9    22     0     0
    GDAS    14     9    29     0     0
     1 BACKWARD OMEGA   
    14     9    19    19   56.467   -2.973   100.0
     4 PRESSURE AIR_TEMP RAINFALL RELHUMID
     1     1    14     9    19    19     0     1     0.0   56.467   -2.973    100.0    972.1    285.1      0.0     84.1
     1     1    14     9    19    18     0     0    -1.0   56.479   -3.030    108.0    969.1    285.4      0.0     83.7
     1     1    14     9    19    17     0     1    -2.0   56.482   -3.074    111.9    968.0    286.1      0.0     82.9
     1     1    14     9    19    16     0     2    -3.0   56.478   -3.096    109.9    968.1    286.7      0.0     82.0
     1     1    14     9    19    15     0     3    -4.0   56.467   -3.097    102.7    969.2    287.4      0.0     80.9
     1     1    14     9    19    14     0     2    -5.0   56.453   -3.079     94.6    971.2    287.3      0.0     81.8
     1     1    14     9    19    13     0     1    -6.0   56.439   -3.047     88.9    972.5    287.0      0.0     82.9
     1     1    14     9    19    12     0     0    -7.0   56.427   -3.002     85.1    973.6    286.8      0.0     84.2
     1     1    14     9    19    11     0     1    -8.0   56.418   -2.948     81.5    975.7    286.3      0.0     87.4
     1     1    14     9    19    10     0     2    -9.0   56.415   -2.888     76.9    978.0    286.0      0.0     90.4
     1     1    14     9    19     9     0     3   -10.0   56.417   -2.822     71.3    980.6    285.7      0.0     93.2
     1     1    14     9    19     8     0     2   -11.0   56.421   -2.747     65.8    983.4    285.5      0.0     93.6
     1     1    14     9    19     7     0     1   -12.0   56.427   -2.662     61.3    986.1    285.3      0.0     93.9
     1     1    14     9    19     6     0     0   -13.0   56.435   -2.567     57.2    989.0    285.1      0.0     94.1
     1     1    14     9    19     5     0     1   -14.0   56.444   -2.466     52.6    992.2    285.4      0.0     94.8
     1     1    14     9    19     4     0     2   -15.0   56.451   -2.361     47.5    995.6    285.7      0.0     95.5
     1     1    14     9    19     3     0     3   -16.0   56.454   -2.251     42.2    999.3    286.1      0.0     96.3
     1     1    14     9    19     2     0     2   -17.0   56.453   -2.132     36.6   1003.3    286.4      0.0     95.9
     1     1    14     9    19     1     0     1   -18.0   56.445   -2.000     30.6   1007.9    286.6      0.0     95.5
     1     1    14     9    19     0     0     0   -19.0   56.431   -1.850     25.2   1009.4    286.7      0.0     95.4
     1     1    14     9    18    23     0     1   -20.0   56.410   -1.677     21.5   1010.7    286.7      0.0     95.2
     1     1    14     9    18    22     0     2   -21.0   56.381   -1.479     19.7   1011.9    286.7      0.0     95.1
     1     1    14     9    18    21     0     3   -22.0   56.341   -1.246     19.3   1013.0    286.8      0.0     95.2
     1     1    14     9    18    20     0     2   -23.0   56.293   -0.980     20.0   1012.9    286.8      0.0     94.6
     1     1    14     9    18    19     0     1   -24.0   56.244   -0.705     21.7   1011.7    286.8      0.0     94.0
     1     1    14     9    18    18     0     0   -25.0   56.196   -0.435     24.1   1010.5    286.7      0.0     93.6
     1     1    14     9    18    17     0     1   -26.0   56.145   -0.172     26.6   1010.1    286.9      0.0     93.6
     1     1    14     9    18    16     0     2   -27.0   56.097    0.116     26.2   1009.8    287.2      0.0     92.8
     1     1    14     9    18    15     0     3   -28.0   56.060    0.449     23.8   1010.4    287.3      0.0     92.0
     1     1    14     9    18    14     0     2   -29.0   56.031    0.818     22.4   1011.0    287.4      0.0     91.0
     1     1    14     9    18    13     0     1   -30.0   55.999    1.218     22.2   1011.2    287.5      0.0     90.0
     1     1    14     9    18    12     0     0   -31.0   55.961    1.632     22.2   1011.4    287.7      0.0     88.9
     1     1    14     9    18    11     0     1   -32.0   55.928    2.063     22.2   1011.7    287.9      0.0     88.1
     1     1    14     9    18    10     0     2   -33.0   55.913    2.523     22.2   1012.0    288.1      0.0     86.8
     1     1    14     9    18     9     0     3   -34.0   55.916    3.015     22.2   1012.3    288.3      0.0     84.8
     1     1    14     9    18     8     0     2   -35.0   55.929    3.520     22.2   1012.5    288.5      0.0     83.8
     1     1    14     9    18     7     0     1   -36.0   55.950    4.021     22.2   1012.7    288.7      0.0     82.6
     1     1    14     9    18     6     0     0   -37.0   55.980    4.527     21.8   1012.9    288.9      0.0     80.7
     1     1    14     9    18     5     0     1   -38.0   56.011    5.050     20.8   1013.1    289.1      0.0     78.6
     1     1    14     9    18     4     0     2   -39.0   56.040    5.593     20.3   1013.3    289.2      0.0     76.2
     1     1    14     9    18     3     0     3   -40.0   56.073    6.148     20.3   1013.4    289.3      0.0     73.6
     1     1    14     9    18     2     0     2   -41.0   56.100    6.701     20.3   1013.7    289.4      0.0     72.0
     1     1    14     9    18     1     0     1   -42.0   56.110    7.235     21.1   1013.9    289.5      0.0     70.8
     1     1    14     9    18     0     0     0   -43.0   56.111    7.735     24.2   1013.8    289.5      0.0     69.5
     1     1    14     9    17    23     0     1   -44.0   56.109    8.183     31.3   1013.0    288.7      0.0     72.1
     1     1    14     9    17    22     0     2   -45.0   56.106    8.578     43.2   1010.1    287.4      0.0     75.7
     1     1    14     9    17    21     0     3   -46.0   56.104    8.937     61.5   1006.3    286.7      0.0     77.8
     1     1    14     9    17    20     0     2   -47.0   56.101    9.304     78.5   1003.4    287.6      0.0     75.3
     1     1    14     9    17    19     0     1   -48.0   56.102    9.680     77.8   1004.1    288.2      0.0     74.0
     1     1    14     9    17    18     0     0   -49.0   56.112   10.023     62.5   1008.0    288.3      0.0     73.8
     1     1    14     9    17    17     0     1   -50.0   56.123   10.325     48.8   1012.0    289.4      0.0     69.7
     1     1    14     9    17    16     0     2   -51.0   56.133   10.609     42.2   1013.3    290.0      0.0     67.9
     1     1    14     9    17    15     0     3   -52.0   56.151   10.872     40.1   1014.5    289.9      0.0     68.6
     1     1    14     9    17    14     0     2   -53.0   56.169   11.119     40.8   1015.5    289.7      0.0     71.6
     1     1    14     9    17    13     0     1   -54.0   56.168   11.354     41.7   1015.9    289.9      0.0     72.3
     1     1    14     9    17    12     0     0   -55.0   56.148   11.572     41.7   1016.6    290.1      0.0     72.4
     1     1    14     9    17    11     0     1   -56.0   56.116   11.791     40.8   1016.5    290.0      0.0     73.9
     1     1    14     9    17    10     0     2   -57.0   56.079   12.029     39.7   1016.2    289.9      0.0     77.2
     1     1    14     9    17     9     0     3   -58.0   56.044   12.289     40.4   1014.6    290.3      0.0     80.3
     1     1    14     9    17     8     0     2   -59.0   56.011   12.555     45.2   1012.5    289.6      0.0     82.2
     1     1    14     9    17     7     0     1   -60.0   55.982   12.816     57.1   1009.9    287.9      0.0     87.0
     1     1    14     9    17     6     0     0   -61.0   55.959   13.087     79.7   1005.7    285.7      0.0     93.8
     1     1    14     9    17     5     0     1   -62.0   55.940   13.399    101.6   1001.9    285.7      0.0     92.2
     1     1    14     9    17     4     0     2   -63.0   55.936   13.736     98.9   1001.6    285.8      0.0     91.5
     1     1    14     9    17     3     0     3   -64.0   55.960   14.057     74.7   1005.3    285.6      0.0     91.4
     1     1    14     9    17     2     0     2   -65.0   55.997   14.345     52.1   1012.6    286.3      0.0     89.2
     1     1    14     9    17     1     0     1   -66.0   56.024   14.633     38.5   1016.3    287.3      0.0     86.2
     1     1    14     9    17     0     0     0   -67.0   56.041   14.943     30.4   1019.9    288.5      0.0     83.0
     1     1    14     9    16    23     0     1   -68.0   56.043   15.279     25.6   1020.6    289.0      0.0     80.2
     1     1    14     9    16    22     0     2   -69.0   56.029   15.629     22.1   1021.2    289.4      0.0     77.2
     1     1    14     9    16    21     0     3   -70.0   56.000   15.991     19.6   1021.7    289.8      0.0     74.0
     1     1    14     9    16    20     0     2   -71.0   55.964   16.371     18.0   1021.9    289.9      0.0     73.1
     1     1    14     9    16    19     0     1   -72.0   55.928   16.771     17.3   1022.0    289.9      0.0     72.6
