     7     1
    GDAS    14     8    22     0     0
    GDAS    14     8    29     0     0
    GDAS    14     9     1     0     0
    GDAS    14     9     8     0     0
    GDAS    14     9    15     0     0
    GDAS    14     9    22     0     0
    GDAS    14     9    29     0     0
     1 BACKWARD OMEGA   
    14     9    20    17   56.467   -2.973   100.0
     4 PRESSURE AIR_TEMP RAINFALL RELHUMID
     1     1    14     9    20    17     0     1     0.0   56.467   -2.973    100.0    977.4    285.6      0.0     74.2
     1     1    14     9    20    16     0     2    -1.0   56.579   -3.057    112.0    971.2    285.7      0.0     73.0
     1     1    14     9    20    15     0     3    -2.0   56.700   -3.179    138.0    962.4    285.7      0.0     71.1
     1     1    14     9    20    14     0     2    -3.0   56.830   -3.328    171.6    950.9    284.5      0.0     74.0
     1     1    14     9    20    13     0     1    -4.0   56.969   -3.501    202.9    938.6    283.3      0.0     76.6
     1     1    14     9    20    12     0     0    -5.0   57.105   -3.699    225.7    936.7    282.7      0.0     79.7
     1     1    14     9    20    11     0     1    -6.0   57.221   -3.913    247.3    937.3    282.2      0.0     84.2
     1     1    14     9    20    10     0     2    -7.0   57.311   -4.135    279.9    937.5    281.7      0.0     88.7
     1     1    14     9    20     9     0     3    -8.0   57.377   -4.361    319.4    935.6    281.0      0.0     93.3
     1     1    14     9    20     8     0     2    -9.0   57.431   -4.574    350.8    933.2    280.8      0.0     94.9
     1     1    14     9    20     7     0     1   -10.0   57.484   -4.765    365.3    932.8    280.7      0.0     95.8
     1     1    14     9    20     6     0     0   -11.0   57.532   -4.937    360.7    933.6    280.7      0.0     96.5
     1     1    14     9    20     5     0     1   -12.0   57.581   -5.103    342.2    940.6    281.4      0.0     96.7
     1     1    14     9    20     4     0     2   -13.0   57.637   -5.277    316.9    951.2    282.2      0.0     96.6
     1     1    14     9    20     3     0     3   -14.0   57.701   -5.457    287.5    962.2    282.9      0.0     96.7
     1     1    14     9    20     2     0     2   -15.0   57.768   -5.628    256.9    973.6    283.5      0.0     97.1
     1     1    14     9    20     1     0     1   -16.0   57.838   -5.776    230.3    982.9    284.0      0.0     97.1
     1     1    14     9    20     0     0     0   -17.0   57.911   -5.904    209.2    990.8    284.4      0.0     97.2
     1     1    14     9    19    23     0     1   -18.0   57.989   -6.016    188.4    997.0    284.7      0.0     95.7
     1     1    14     9    19    22     0     2   -19.0   58.072   -6.127    166.3    998.9    284.9      0.0     94.3
     1     1    14     9    19    21     0     3   -20.0   58.158   -6.254    149.8    999.7    285.0      0.0     93.1
     1     1    14     9    19    20     0     2   -21.0   58.251   -6.408    141.5    999.2    285.1      0.0     92.6
     1     1    14     9    19    19     0     1   -22.0   58.356   -6.601    141.8    997.6    285.2      0.0     92.4
     1     1    14     9    19    18     0     0   -23.0   58.467   -6.825    148.6    995.4    285.1      0.0     92.4
     1     1    14     9    19    17     0     1   -24.0   58.564   -7.056    160.6    993.4    285.1      0.1     92.0
     1     1    14     9    19    16     0     2   -25.0   58.637   -7.268    173.2    992.2    285.0      0.1     91.5
     1     1    14     9    19    15     0     3   -26.0   58.688   -7.459    181.2    991.7    285.0      0.2     91.3
     1     1    14     9    19    14     0     2   -27.0   58.725   -7.613    186.3    991.8    285.0      0.3     91.2
     1     1    14     9    19    13     0     1   -28.0   58.756   -7.704    191.6    991.5    285.0      0.3     91.1
     1     1    14     9    19    12     0     0   -29.0   58.784   -7.720    199.0    990.8    284.9      0.3     90.9
     1     1    14     9    19    11     0     1   -30.0   58.827   -7.692    207.7    989.5    284.9      0.0     90.8
     1     1    14     9    19    10     0     2   -31.0   58.897   -7.657    215.1    988.6    285.0      0.0     90.6
     1     1    14     9    19     9     0     3   -32.0   58.995   -7.618    220.4    988.0    285.1      0.0     90.1
     1     1    14     9    19     8     0     2   -33.0   59.110   -7.589    222.7    987.6    285.0      0.0     91.1
     1     1    14     9    19     7     0     1   -34.0   59.230   -7.587    221.7    987.5    285.0      0.0     91.7
     1     1    14     9    19     6     0     0   -35.0   59.354   -7.611    217.7    987.9    285.0      0.0     92.0
     1     1    14     9    19     5     0     1   -36.0   59.472   -7.644    215.6    988.7    285.0      0.0     91.3
     1     1    14     9    19     4     0     2   -37.0   59.577   -7.671    220.3    988.2    284.9      0.0     90.6
     1     1    14     9    19     3     0     3   -38.0   59.669   -7.690    232.3    986.9    284.8      0.0     89.8
     1     1    14     9    19     2     0     2   -39.0   59.756   -7.709    249.7    985.1    284.7      0.0     90.4
     1     1    14     9    19     1     0     1   -40.0   59.841   -7.739    269.9    983.2    284.5      0.0     91.0
     1     1    14     9    19     0     0     0   -41.0   59.924   -7.777    293.8    980.5    284.3      0.0     91.8
     1     1    14     9    18    23     0     1   -42.0   60.003   -7.818    317.8    977.0    284.2      0.0     92.4
     1     1    14     9    18    22     0     2   -43.0   60.078   -7.855    336.6    974.7    284.2      0.0     93.0
     1     1    14     9    18    21     0     3   -44.0   60.151   -7.886    349.6    973.2    284.1      0.0     93.5
     1     1    14     9    18    20     0     2   -45.0   60.216   -7.923    361.2    972.2    284.0      0.0     93.9
     1     1    14     9    18    19     0     1   -46.0   60.268   -7.976    374.8    970.4    283.9      0.0     94.5
     1     1    14     9    18    18     0     0   -47.0   60.309   -8.044    389.1    968.6    283.8      0.0     94.9
     1     1    14     9    18    17     0     1   -48.0   60.333   -8.104    403.1    966.9    283.7      0.0     95.2
     1     1    14     9    18    16     0     2   -49.0   60.336   -8.127    416.4    965.3    283.6      0.0     95.6
     1     1    14     9    18    15     0     3   -50.0   60.321   -8.109    428.5    963.8    283.5      0.0     96.0
     1     1    14     9    18    14     0     2   -51.0   60.310   -8.077    438.0    962.9    283.6      0.0     95.7
     1     1    14     9    18    13     0     1   -52.0   60.322   -8.063    444.0    962.5    283.6      0.0     95.3
     1     1    14     9    18    12     0     0   -53.0   60.355   -8.070    446.6    962.6    283.7      0.0     94.8
     1     1    14     9    18    11     0     1   -54.0   60.384   -8.083    450.3    962.3    284.0      0.0     95.6
     1     1    14     9    18    10     0     2   -55.0   60.386   -8.086    459.2    960.9    284.3      0.0     96.3
     1     1    14     9    18     9     0     3   -56.0   60.363   -8.077    472.8    958.8    284.6      0.0     97.0
     1     1    14     9    18     8     0     2   -57.0   60.331   -8.040    484.3    956.8    284.6      0.0     97.1
     1     1    14     9    18     7     0     1   -58.0   60.305   -7.960    487.9    956.5    284.5      0.0     97.3
     1     1    14     9    18     6     0     0   -59.0   60.285   -7.836    485.5    957.0    284.5      0.0     97.8
     1     1    14     9    18     5     0     1   -60.0   60.264   -7.688    486.1    958.1    284.7      0.0     97.1
     1     1    14     9    18     4     0     2   -61.0   60.236   -7.538    496.4    956.9    284.8      0.0     96.4
     1     1    14     9    18     3     0     3   -62.0   60.200   -7.393    514.3    954.9    284.9      0.0     95.6
     1     1    14     9    18     2     0     2   -63.0   60.159   -7.235    531.1    952.3    284.9      0.0     96.0
     1     1    14     9    18     1     0     1   -64.0   60.121   -7.036    538.9    951.5    284.8      0.0     96.6
     1     1    14     9    18     0     0     0   -65.0   60.085   -6.783    537.4    951.7    284.9      0.0     97.5
     1     1    14     9    17    23     0     1   -66.0   60.040   -6.506    531.3    953.6    285.0      0.0     96.8
     1     1    14     9    17    22     0     2   -67.0   59.989   -6.243    529.1    954.7    285.0      0.0     96.3
     1     1    14     9    17    21     0     3   -68.0   59.939   -5.998    534.7    954.8    285.1      0.0     95.5
     1     1    14     9    17    20     0     2   -69.0   59.882   -5.764    537.5    952.8    285.1      0.0     94.1
     1     1    14     9    17    19     0     1   -70.0   59.810   -5.527    528.7    954.1    285.3      0.0     93.7
     1     1    14     9    17    18     0     0   -71.0   59.729   -5.282    517.1    955.6    285.5      0.0     94.0
     1     1    14     9    17    17     0     1   -72.0   59.637   -5.030    509.1    957.1    285.6      0.0     92.0
