     7     1
    GDAS    14     8    22     0     0
    GDAS    14     8    29     0     0
    GDAS    14     9     1     0     0
    GDAS    14     9     8     0     0
    GDAS    14     9    15     0     0
    GDAS    14     9    22     0     0
    GDAS    14     9    29     0     0
     1 BACKWARD OMEGA   
    14     9     3     1   56.467   -2.973   100.0
     4 PRESSURE AIR_TEMP RAINFALL RELHUMID
     1     1    14     9     3     1     0     1     0.0   56.467   -2.973    100.0    980.1    284.3      0.0     83.3
     1     1    14     9     3     0     0     0    -1.0   56.395   -2.975    121.7    980.6    284.9      0.0     81.6
     1     1    14     9     2    23     0     1    -2.0   56.321   -2.979    144.3    980.5    285.5      0.0     80.1
     1     1    14     9     2    22     0     2    -3.0   56.244   -2.994    165.0    980.2    286.0      0.0     78.3
     1     1    14     9     2    21     0     3    -4.0   56.164   -3.027    184.0    980.7    286.5      0.0     76.3
     1     1    14     9     2    20     0     2    -5.0   56.086   -3.069    204.0    981.1    286.7      0.0     74.9
     1     1    14     9     2    19     0     1    -6.0   56.017   -3.114    228.8    980.8    286.8      0.0     74.3
     1     1    14     9     2    18     0     0    -7.0   55.953   -3.167    258.9    977.9    286.7      0.0     74.7
     1     1    14     9     2    17     0     1    -8.0   55.893   -3.229    289.0    973.6    286.2      0.0     76.3
     1     1    14     9     2    16     0     2    -9.0   55.835   -3.302    314.0    970.4    285.9      0.0     77.4
     1     1    14     9     2    15     0     3   -10.0   55.785   -3.385    334.2    968.0    285.6      0.0     78.3
     1     1    14     9     2    14     0     2   -11.0   55.744   -3.477    352.4    966.5    285.0      0.0     79.9
     1     1    14     9     2    13     0     1   -12.0   55.712   -3.576    371.5    964.7    284.4      0.0     81.8
     1     1    14     9     2    12     0     0   -13.0   55.690   -3.683    391.4    962.8    283.8      0.0     83.9
     1     1    14     9     2    11     0     1   -14.0   55.677   -3.796    411.7    960.4    283.3      0.0     85.9
     1     1    14     9     2    10     0     2   -15.0   55.674   -3.919    432.0    958.1    282.9      0.0     87.7
     1     1    14     9     2     9     0     3   -16.0   55.681   -4.052    453.3    955.2    282.5      0.0     89.2
     1     1    14     9     2     8     0     2   -17.0   55.693   -4.200    475.3    951.8    282.1      0.0     89.4
     1     1    14     9     2     7     0     1   -18.0   55.707   -4.364    496.2    948.6    281.7      0.0     89.8
     1     1    14     9     2     6     0     0   -19.0   55.723   -4.547    513.9    945.6    281.4      0.0     90.7
     1     1    14     9     2     5     0     1   -20.0   55.741   -4.735    533.0    943.3    281.7      0.0     90.4
     1     1    14     9     2     4     0     2   -21.0   55.762   -4.915    562.0    939.4    282.0      0.0     90.5
     1     1    14     9     2     3     0     3   -22.0   55.787   -5.094    602.2    935.4    282.4      0.0     90.0
     1     1    14     9     2     2     0     2   -23.0   55.810   -5.286    643.3    932.3    282.2      0.0     90.3
     1     1    14     9     2     1     0     1   -24.0   55.824   -5.503    673.0    931.5    282.2      0.0     90.2
     1     1    14     9     2     0     0     0   -25.0   55.831   -5.744    687.2    933.0    282.3      0.0     89.9
     1     1    14     9     1    23     0     1   -26.0   55.832   -6.015    683.0    937.0    282.6      0.0     90.5
     1     1    14     9     1    22     0     2   -27.0   55.826   -6.334    670.2    940.4    283.0      0.0     90.3
     1     1    14     9     1    21     0     3   -28.0   55.812   -6.714    663.4    941.9    283.2      0.0     88.9
     1     1    14     9     1    20     0     2   -29.0   55.779   -7.154    666.1    941.7    283.3      0.0     88.5
     1     1    14     9     1    19     0     1   -30.0   55.723   -7.641    680.0    938.7    283.1      0.0     89.3
     1     1    14     9     1    18     0     0   -31.0   55.643   -8.165    705.5    935.0    282.9      0.0     89.8
     1     1    14     9     1    17     0     1   -32.0   55.541   -8.694    728.9    932.8    282.8      0.0     89.6
     1     1    14     9     1    16     0     2   -33.0   55.428   -9.209    736.0    933.9    282.9      0.0     89.7
     1     1    14     9     1    15     0     3   -34.0   55.318   -9.718    733.8    934.8    283.0      0.0     89.9
     1     1    14     9     1    14     0     2   -35.0   55.214  -10.223    733.2    935.0    283.0      0.0     90.0
     1     1    14     9     1    13     0     1   -36.0   55.111  -10.724    737.9    934.3    282.9      0.0     90.5
     1     1    14     9     1    12     0     0   -37.0   55.012  -11.221    751.4    932.9    282.8      0.0     91.2
     1     1    14     9     1    11     0     1   -38.0   54.924  -11.721    774.4    929.8    282.5      0.0     91.4
     1     1    14     9     1    10     0     2   -39.0   54.852  -12.230    799.0    926.3    282.3      0.0     91.9
     1     1    14     9     1     9     0     3   -40.0   54.792  -12.754    816.0    923.7    282.1      0.0     92.5
     1     1    14     9     1     8     0     2   -41.0   54.738  -13.301    824.0    922.6    281.9      0.0     93.2
     1     1    14     9     1     7     0     1   -42.0   54.689  -13.883    827.8    922.0    281.9      0.0     93.0
     1     1    14     9     1     6     0     0   -43.0   54.638  -14.503    827.5    921.3    281.9      0.0     93.3
     1     1    14     9     1     5     0     1   -44.0   54.581  -15.167    823.3    921.9    281.9      0.0     92.3
     1     1    14     9     1     4     0     2   -45.0   54.517  -15.877    822.1    922.3    281.8      0.0     92.0
     1     1    14     9     1     3     0     3   -46.0   54.441  -16.618    836.9    921.5    281.6      0.0     92.2
     1     1    14     9     1     2     0     2   -47.0   54.351  -17.371    871.8    917.1    281.3      0.0     93.1
     1     1    14     9     1     1     0     1   -48.0   54.248  -18.131    917.6    911.1    281.0      0.0     93.8
     1     1    14     9     1     0     0     0   -49.0   54.136  -18.887    965.6    905.5    280.5      0.0     96.1
     1     1    14     8    31    23     0     1   -50.0   54.027  -19.639   1004.8    900.6    280.3      0.0     92.3
     1     1    14     8    31    22     0     2   -51.0   53.934  -20.401   1029.0    897.8    280.1      0.0     89.1
     1     1    14     8    31    21     0     3   -52.0   53.858  -21.184   1049.5    895.1    279.9      0.0     86.7
     1     1    14     8    31    20     0     2   -53.0   53.794  -22.000   1059.5    893.5    280.0      0.0     82.0
     1     1    14     8    31    19     0     1   -54.0   53.731  -22.853   1069.4    892.2    280.1      0.0     80.1
     1     1    14     8    31    18     0     0   -55.0   53.670  -23.733   1089.7    889.5    279.9      0.0     79.8
     1     1    14     8    31    17     0     1   -56.0   53.612  -24.635   1113.4    886.6    279.9      0.0     73.7
     1     1    14     8    31    16     0     2   -57.0   53.567  -25.567   1130.1    884.3    279.9      0.0     70.1
     1     1    14     8    31    15     0     3   -58.0   53.549  -26.539   1124.6    884.6    279.9      0.0     67.9
     1     1    14     8    31    14     0     2   -59.0   53.549  -27.544   1124.1    884.9    279.8      0.0     67.9
     1     1    14     8    31    13     0     1   -60.0   53.531  -28.568   1156.8    880.8    279.5      0.0     69.7
     1     1    14     8    31    12     0     0   -61.0   53.510  -29.596   1205.3    874.9    279.1      0.0     69.0
     1     1    14     8    31    11     0     1   -62.0   53.495  -30.610   1253.6    869.0    278.7      0.0     67.9
     1     1    14     8    31    10     0     2   -63.0   53.472  -31.599   1296.8    864.2    278.2      0.0     67.5
     1     1    14     8    31     9     0     3   -64.0   53.477  -32.568   1342.5    858.5    277.8      0.0     61.1
     1     1    14     8    31     8     0     2   -65.0   53.526  -33.518   1363.7    855.8    277.7      0.0     61.2
     1     1    14     8    31     7     0     1   -66.0   53.573  -34.465   1368.8    854.4    277.6      0.0     61.9
     1     1    14     8    31     6     0     0   -67.0   53.630  -35.430   1357.9    855.4    277.9      0.0     56.7
     1     1    14     8    31     5     0     1   -68.0   53.727  -36.376   1358.0    855.0    277.8      0.0     57.8
     1     1    14     8    31     4     0     2   -69.0   53.803  -37.270   1370.3    853.1    277.1      0.0     66.3
     1     1    14     8    31     3     0     3   -70.0   53.877  -38.154   1389.0    850.8    276.8      0.0     59.0
     1     1    14     8    31     2     0     2   -71.0   53.995  -39.041   1412.9    848.0    276.9      0.0     54.6
     1     1    14     8    31     1     0     1   -72.0   54.105  -39.884   1445.5    844.2    276.1      0.0     71.3
