     7     1
    GDAS    14     8    22     0     0
    GDAS    14     8    29     0     0
    GDAS    14     9     1     0     0
    GDAS    14     9     8     0     0
    GDAS    14     9    15     0     0
    GDAS    14     9    22     0     0
    GDAS    14     9    29     0     0
     1 BACKWARD OMEGA   
    14     9     2     8   56.467   -2.973   100.0
     4 PRESSURE AIR_TEMP RAINFALL RELHUMID
     1     1    14     9     2     8     0     2     0.0   56.467   -2.973    100.0    980.6    284.4      0.0     81.0
     1     1    14     9     2     7     0     1    -1.0   56.427   -3.094    119.1    978.6    283.6      0.0     83.0
     1     1    14     9     2     6     0     0    -2.0   56.394   -3.242    144.7    975.8    283.0      0.0     85.1
     1     1    14     9     2     5     0     1    -3.0   56.366   -3.409    171.0    971.7    283.2      0.0     85.3
     1     1    14     9     2     4     0     2    -4.0   56.343   -3.585    194.5    968.9    283.4      0.0     85.4
     1     1    14     9     2     3     0     3    -5.0   56.323   -3.766    218.8    966.1    283.6      0.0     85.4
     1     1    14     9     2     2     0     2    -6.0   56.308   -3.961    248.1    962.8    283.7      0.0     85.9
     1     1    14     9     2     1     0     1    -7.0   56.298   -4.171    283.8    958.8    283.6      0.0     86.8
     1     1    14     9     2     0     0     0    -8.0   56.292   -4.389    324.0    954.2    283.4      0.0     88.1
     1     1    14     9     1    23     0     1    -9.0   56.294   -4.623    365.9    949.0    283.2      0.0     90.2
     1     1    14     9     1    22     0     2   -10.0   56.303   -4.890    403.3    944.3    283.0      0.0     93.4
     1     1    14     9     1    21     0     3   -11.0   56.315   -5.203    426.1    945.5    283.2      0.0     94.9
     1     1    14     9     1    20     0     2   -12.0   56.313   -5.562    418.4    953.8    283.7      0.0     92.7
     1     1    14     9     1    19     0     1   -13.0   56.287   -5.961    372.3    968.2    284.7      0.0     90.4
     1     1    14     9     1    18     0     0   -14.0   56.235   -6.404    321.6    981.0    285.6      0.0     88.3
     1     1    14     9     1    17     0     1   -15.0   56.153   -6.906    308.3    985.8    286.1      0.0     86.8
     1     1    14     9     1    16     0     2   -16.0   56.040   -7.441    318.7    982.5    286.0      0.0     86.4
     1     1    14     9     1    15     0     3   -17.0   55.903   -7.970    328.3    979.2    285.8      0.0     87.0
     1     1    14     9     1    14     0     2   -18.0   55.762   -8.481    332.4    978.1    285.7      0.0     87.0
     1     1    14     9     1    13     0     1   -19.0   55.626   -8.984    330.3    979.8    285.8      0.0     86.3
     1     1    14     9     1    12     0     0   -20.0   55.489   -9.478    325.8    980.8    285.9      0.0     85.7
     1     1    14     9     1    11     0     1   -21.0   55.364   -9.982    326.2    980.7    286.0      0.0     84.0
     1     1    14     9     1    10     0     2   -22.0   55.257  -10.507    334.1    979.5    285.9      0.0     82.9
     1     1    14     9     1     9     0     3   -23.0   55.167  -11.043    351.0    977.5    285.8      0.0     81.0
     1     1    14     9     1     8     0     2   -24.0   55.089  -11.586    375.6    973.9    285.6      0.0     81.9
     1     1    14     9     1     7     0     1   -25.0   55.024  -12.136    404.0    970.3    285.4      0.0     81.9
     1     1    14     9     1     6     0     0   -26.0   54.971  -12.707    431.5    966.5    285.2      0.0     82.0
     1     1    14     9     1     5     0     1   -27.0   54.923  -13.317    451.6    963.4    284.9      0.0     82.6
     1     1    14     9     1     4     0     2   -28.0   54.870  -13.978    463.4    962.1    284.7      0.0     82.1
     1     1    14     9     1     3     0     3   -29.0   54.809  -14.693    468.9    961.2    284.5      0.0     83.9
     1     1    14     9     1     2     0     2   -30.0   54.732  -15.450    474.0    961.1    284.5      0.0     84.9
     1     1    14     9     1     1     0     1   -31.0   54.638  -16.228    490.0    958.8    284.3      0.0     85.1
     1     1    14     9     1     0     0     0   -32.0   54.530  -17.014    516.8    955.4    284.0      0.0     86.5
     1     1    14     8    31    23     0     1   -33.0   54.419  -17.794    545.6    951.7    283.5      0.0     87.2
     1     1    14     8    31    22     0     2   -34.0   54.311  -18.561    574.5    948.3    283.0      0.0     87.3
     1     1    14     8    31    21     0     3   -35.0   54.213  -19.327    603.3    944.7    282.4      0.0     87.5
     1     1    14     8    31    20     0     2   -36.0   54.129  -20.110    625.1    941.8    282.2      0.0     88.4
     1     1    14     8    31    19     0     1   -37.0   54.052  -20.922    642.1    939.5    282.0      0.0     88.8
     1     1    14     8    31    18     0     0   -38.0   53.978  -21.769    658.8    937.0    281.8      0.0     89.0
     1     1    14     8    31    17     0     1   -39.0   53.905  -22.643    677.1    934.6    281.6      0.0     88.5
     1     1    14     8    31    16     0     2   -40.0   53.830  -23.538    698.2    931.8    281.3      0.0     86.9
     1     1    14     8    31    15     0     3   -41.0   53.761  -24.473    711.9    929.8    281.1      0.0     84.1
     1     1    14     8    31    14     0     2   -42.0   53.714  -25.473    715.7    929.1    281.0      0.0     83.8
     1     1    14     8    31    13     0     1   -43.0   53.670  -26.505    731.2    927.4    280.8      0.0     83.8
     1     1    14     8    31    12     0     0   -44.0   53.622  -27.562    781.7    921.0    280.3      0.0     84.8
     1     1    14     8    31    11     0     1   -45.0   53.578  -28.623    836.0    914.4    279.6      0.0     85.6
     1     1    14     8    31    10     0     2   -46.0   53.543  -29.651    884.3    909.1    279.0      0.0     87.6
     1     1    14     8    31     9     0     3   -47.0   53.497  -30.637    934.6    902.9    278.3      0.0     90.1
     1     1    14     8    31     8     0     2   -48.0   53.468  -31.597    978.0    897.2    278.2      0.0     86.8
     1     1    14     8    31     7     0     1   -49.0   53.484  -32.547   1007.7    893.1    278.0      0.0     85.8
     1     1    14     8    31     6     0     0   -50.0   53.504  -33.482   1020.8    891.4    277.8      0.0     87.3
     1     1    14     8    31     5     0     1   -51.0   53.550  -34.412   1033.9    889.2    277.6      0.0     84.3
     1     1    14     8    31     4     0     2   -52.0   53.654  -35.306   1048.8    887.3    277.5      0.0     80.4
     1     1    14     8    31     3     0     3   -53.0   53.770  -36.148   1077.3    883.7    277.0      0.0     79.1
     1     1    14     8    31     2     0     2   -54.0   53.883  -36.965   1104.0    880.0    276.8      0.0     83.7
     1     1    14     8    31     1     0     1   -55.0   54.034  -37.765   1139.2    876.1    276.5      0.0     81.5
     1     1    14     8    31     0     0     0   -56.0   54.201  -38.506   1195.5    869.6    276.0      0.0     82.0
     1     1    14     8    30    23     0     1   -57.0   54.382  -39.197   1258.8    861.5    275.5      0.0     81.6
     1     1    14     8    30    22     0     2   -58.0   54.603  -39.853   1309.6    854.9    275.2      0.0     78.1
     1     1    14     8    30    21     0     3   -59.0   54.850  -40.480   1348.5    850.5    275.1      0.0     73.5
     1     1    14     8    30    20     0     2   -60.0   55.110  -41.066   1381.4    846.6    275.0      0.0     70.5
     1     1    14     8    30    19     0     1   -61.0   55.382  -41.604   1409.9    842.4    274.8      0.0     70.3
     1     1    14     8    30    18     0     0   -62.0   55.654  -42.100   1432.9    839.9    274.8      0.0     66.2
     1     1    14     8    30    17     0     1   -63.0   55.906  -42.523   1457.8    837.3    274.5      0.0     66.5
     1     1    14     8    30    16     0     2   -64.0   56.150  -42.844   1493.2    833.9    274.0      0.0     68.1
     1     1    14     8    30    15     0     3   -65.0   56.405  -43.065   1542.4    828.2    273.2      0.0     73.6
     1     1    14     8    30    14     0     2   -66.0   56.672  -43.218   1603.4    821.6    272.7      0.0     75.5
     1     1    14     8    30    13     0     1   -67.0   56.942  -43.335   1673.3    814.1    272.2      0.0     75.8
     1     1    14     8    30    12     0     0   -68.0   57.219  -43.424   1740.7    806.4    271.6      0.0     76.1
     1     1    14     8    30    11     0     1   -69.0   57.500  -43.504   1790.6    800.5    271.3      0.0     79.2
     1     1    14     8    30    10     0     2   -70.0   57.772  -43.598   1828.2    797.8    271.1      0.0     81.3
     1     1    14     8    30     9     0     3   -71.0   58.033  -43.704   1879.3    793.7    270.8      0.0     81.5
     1     1    14     8    30     8     0     2   -72.0   58.284  -43.801   1947.8    785.8    270.2      0.0     85.4
