     7     1
    GDAS    14     8    22     0     0
    GDAS    14     8    29     0     0
    GDAS    14     9     1     0     0
    GDAS    14     9     8     0     0
    GDAS    14     9    15     0     0
    GDAS    14     9    22     0     0
    GDAS    14     9    29     0     0
     1 BACKWARD OMEGA   
    14     9    13     6   56.467   -2.973   100.0
     4 PRESSURE AIR_TEMP RAINFALL RELHUMID
     1     1    14     9    13     6     0     0     0.0   56.467   -2.973    100.0    985.2    285.0      0.0     96.6
     1     1    14     9    13     5     0     1    -1.0   56.462   -3.067    119.9    981.5    285.2      0.0     95.9
     1     1    14     9    13     4     0     2    -2.0   56.453   -3.173    140.3    978.3    285.5      0.0     95.1
     1     1    14     9    13     3     0     3    -3.0   56.437   -3.290    159.9    974.9    285.6      0.0     94.3
     1     1    14     9    13     2     0     2    -4.0   56.419   -3.415    177.5    972.5    285.7      0.0     93.8
     1     1    14     9    13     1     0     1    -5.0   56.400   -3.544    191.7    970.7    285.8      0.0     93.6
     1     1    14     9    13     0     0     0    -6.0   56.380   -3.680    201.8    969.6    285.9      0.0     93.9
     1     1    14     9    12    23     0     1    -7.0   56.360   -3.811    209.4    968.9    286.1      0.0     92.9
     1     1    14     9    12    22     0     2    -8.0   56.339   -3.928    217.3    968.3    286.3      0.0     92.0
     1     1    14     9    12    21     0     3    -9.0   56.318   -4.029    225.1    968.0    286.5      0.0     91.0
     1     1    14     9    12    20     0     2   -10.0   56.297   -4.123    227.4    968.0    286.7      0.0     90.0
     1     1    14     9    12    19     0     1   -11.0   56.277   -4.221    220.1    969.6    286.9      0.0     89.0
     1     1    14     9    12    18     0     0   -12.0   56.256   -4.324    206.4    971.8    287.1      0.0     88.0
     1     1    14     9    12    17     0     1   -13.0   56.229   -4.421    191.2    974.7    287.4      0.0     86.8
     1     1    14     9    12    16     0     2   -14.0   56.192   -4.497    176.9    977.4    287.6      0.0     85.8
     1     1    14     9    12    15     0     3   -15.0   56.146   -4.552    162.4    980.5    287.8      0.0     85.1
     1     1    14     9    12    14     0     2   -16.0   56.093   -4.589    148.5    984.6    287.5      0.0     85.8
     1     1    14     9    12    13     0     1   -17.0   56.038   -4.611    136.3    988.3    287.2      0.0     86.4
     1     1    14     9    12    12     0     0   -18.0   55.979   -4.618    125.7    991.1    287.0      0.0     86.9
     1     1    14     9    12    11     0     1   -19.0   55.926   -4.599    119.5    992.4    286.8      0.0     87.6
     1     1    14     9    12    10     0     2   -20.0   55.892   -4.545    120.3    992.6    286.4      0.0     88.4
     1     1    14     9    12     9     0     3   -21.0   55.875   -4.460    126.7    992.3    286.0      0.0     89.4
     1     1    14     9    12     8     0     2   -22.0   55.871   -4.356    134.1    991.6    285.5      0.0     89.8
     1     1    14     9    12     7     0     1   -23.0   55.874   -4.249    138.1    991.6    285.1      0.0     90.3
     1     1    14     9    12     6     0     0   -24.0   55.887   -4.137    138.1    992.0    284.6      0.0     91.1
     1     1    14     9    12     5     0     1   -25.0   55.906   -4.022    134.7    992.9    285.1      0.0     90.6
     1     1    14     9    12     4     0     2   -26.0   55.926   -3.907    130.4    993.3    285.7      0.0     89.9
     1     1    14     9    12     3     0     3   -27.0   55.940   -3.787    126.7    993.4    286.3      0.0     89.1
     1     1    14     9    12     2     0     2   -28.0   55.946   -3.665    123.6    993.9    286.5      0.0     87.6
     1     1    14     9    12     1     0     1   -29.0   55.946   -3.545    120.9    994.3    286.7      0.0     86.2
     1     1    14     9    12     0     0     0   -30.0   55.939   -3.428    118.5    994.7    287.0      0.0     84.8
     1     1    14     9    11    23     0     1   -31.0   55.924   -3.307    118.5    994.8    287.2      0.0     83.9
     1     1    14     9    11    22     0     2   -32.0   55.898   -3.177    123.6    994.2    287.4      0.0     83.1
     1     1    14     9    11    21     0     3   -33.0   55.862   -3.035    135.7    993.0    287.6      0.0     82.4
     1     1    14     9    11    20     0     2   -34.0   55.822   -2.897    147.3    991.1    288.0      0.0     80.2
     1     1    14     9    11    19     0     1   -35.0   55.785   -2.779    148.6    991.3    288.3      0.0     78.3
     1     1    14     9    11    18     0     0   -36.0   55.749   -2.671    139.6    992.8    288.7      0.0     76.6
     1     1    14     9    11    17     0     1   -37.0   55.710   -2.564    125.9    995.0    288.6      0.0     75.3
     1     1    14     9    11    16     0     2   -38.0   55.665   -2.455    111.9    996.3    288.7      0.0     74.0
     1     1    14     9    11    15     0     3   -39.0   55.618   -2.343     97.4    997.2    288.9      0.0     72.5
     1     1    14     9    11    14     0     2   -40.0   55.568   -2.226     83.6    998.9    288.7      0.0     73.9
     1     1    14     9    11    13     0     1   -41.0   55.515   -2.108     71.1   1000.3    288.8      0.0     75.2
     1     1    14     9    11    12     0     0   -42.0   55.460   -1.991     59.8   1001.7    289.1      0.0     76.2
     1     1    14     9    11    11     0     1   -43.0   55.402   -1.885     51.9   1003.2    288.5      0.0     79.7
     1     1    14     9    11    10     0     2   -44.0   55.339   -1.796     48.0   1003.6    287.8      0.0     83.3
     1     1    14     9    11     9     0     3   -45.0   55.273   -1.722     46.7   1003.7    287.1      0.0     87.0
     1     1    14     9    11     8     0     2   -46.0   55.204   -1.660     46.4   1003.7    286.1      0.0     88.6
     1     1    14     9    11     7     0     1   -47.0   55.137   -1.607     45.8   1003.7    285.2      0.0     90.3
     1     1    14     9    11     6     0     0   -48.0   55.071   -1.563     44.9   1003.8    284.3      0.0     92.0
     1     1    14     9    11     5     0     1   -49.0   55.004   -1.520     44.3   1004.0    284.4      0.0     91.6
     1     1    14     9    11     4     0     2   -50.0   54.935   -1.468     44.7   1004.7    284.5      0.0     90.9
     1     1    14     9    11     3     0     3   -51.0   54.862   -1.407     46.0   1005.6    284.5      0.0     90.0
     1     1    14     9    11     2     0     2   -52.0   54.788   -1.337     47.3   1006.6    284.6      0.0     89.3
     1     1    14     9    11     1     0     1   -53.0   54.711   -1.256     47.4   1008.1    284.8      0.0     88.6
     1     1    14     9    11     0     0     0   -54.0   54.632   -1.165     46.2   1009.9    285.0      0.0     87.9
     1     1    14     9    10    23     0     1   -55.0   54.557   -1.056     44.6   1012.4    285.3      0.0     85.2
     1     1    14     9    10    22     0     2   -56.0   54.490   -0.920     44.5   1013.3    285.5      0.0     82.5
     1     1    14     9    10    21     0     3   -57.0   54.433   -0.761     46.3   1012.7    285.7      0.0     80.3
     1     1    14     9    10    20     0     2   -58.0   54.382   -0.587     49.4   1011.8    286.2      0.0     77.9
     1     1    14     9    10    19     0     1   -59.0   54.335   -0.410     53.3   1010.9    286.9      0.0     75.1
     1     1    14     9    10    18     0     0   -60.0   54.290   -0.229     57.9   1009.8    287.7      0.0     72.0
     1     1    14     9    10    17     0     1   -61.0   54.247   -0.047     63.1   1008.7    288.3      0.0     69.8
     1     1    14     9    10    16     0     2   -62.0   54.217    0.125     63.3   1013.9    287.5      0.0     75.0
     1     1    14     9    10    15     0     3   -63.0   54.206    0.282     58.8   1015.3    287.7      0.0     73.9
     1     1    14     9    10    14     0     2   -64.0   54.201    0.427     55.9   1016.0    287.7      0.0     74.5
     1     1    14     9    10    13     0     1   -65.0   54.195    0.557     55.2   1016.2    287.6      0.0     75.0
     1     1    14     9    10    12     0     0   -66.0   54.187    0.675     56.5   1016.2    287.5      0.0     75.5
     1     1    14     9    10    11     0     1   -67.0   54.184    0.789     59.4   1015.6    287.5      0.0     75.6
     1     1    14     9    10    10     0     2   -68.0   54.194    0.909     63.6   1015.1    287.5      0.0     75.9
     1     1    14     9    10     9     0     3   -69.0   54.218    1.032     68.9   1014.3    287.4      0.0     76.2
     1     1    14     9    10     8     0     2   -70.0   54.253    1.147     74.4   1013.2    287.3      0.0     76.7
     1     1    14     9    10     7     0     1   -71.0   54.293    1.247     79.2   1012.3    287.2      0.0     77.2
     1     1    14     9    10     6     0     0   -72.0   54.341    1.336     83.6   1011.6    287.1      0.0     77.7
