     7     1
    GDAS    14     8    22     0     0
    GDAS    14     8    29     0     0
    GDAS    14     9     1     0     0
    GDAS    14     9     8     0     0
    GDAS    14     9    15     0     0
    GDAS    14     9    22     0     0
    GDAS    14     9    29     0     0
     1 BACKWARD OMEGA   
    14     9    22    21   56.467   -2.973   100.0
     4 PRESSURE AIR_TEMP RAINFALL RELHUMID
     1     1    14     9    22    21     0     3     0.0   56.467   -2.973    100.0    976.5    284.0      0.0     87.3
     1     1    14     9    22    20     0     2    -1.0   56.390   -3.266    153.0    971.0    284.4      0.0     83.8
     1     1    14     9    22    19     0     1    -2.0   56.309   -3.596    197.8    967.0    284.6      0.0     82.2
     1     1    14     9    22    18     0     0    -3.0   56.228   -3.947    229.6    966.1    284.6      0.0     82.6
     1     1    14     9    22    17     0     1    -4.0   56.148   -4.277    245.6    967.4    284.8      0.0     79.3
     1     1    14     9    22    16     0     2    -5.0   56.069   -4.554    245.2    969.6    284.9      0.0     77.3
     1     1    14     9    22    15     0     3    -6.0   55.995   -4.777    228.8    972.5    285.2      0.0     76.5
     1     1    14     9    22    14     0     2    -7.0   55.924   -4.968    203.1    976.4    285.4      0.0     76.9
     1     1    14     9    22    13     0     1    -8.0   55.850   -5.148    181.4    983.8    285.9      0.0     76.1
     1     1    14     9    22    12     0     0    -9.0   55.767   -5.325    170.7    989.2    286.0      0.0     75.6
     1     1    14     9    22    11     0     1   -10.0   55.682   -5.500    168.0    992.1    285.7      0.0     76.9
     1     1    14     9    22    10     0     2   -11.0   55.598   -5.682    171.2    994.0    285.3      0.0     78.0
     1     1    14     9    22     9     0     3   -12.0   55.516   -5.876    183.1    994.4    284.9      0.0     78.9
     1     1    14     9    22     8     0     2   -13.0   55.432   -6.088    204.6    991.9    284.6      0.0     78.7
     1     1    14     9    22     7     0     1   -14.0   55.345   -6.321    232.1    987.5    284.3      0.0     78.9
     1     1    14     9    22     6     0     0   -15.0   55.259   -6.579    262.7    982.9    284.0      0.0     79.0
     1     1    14     9    22     5     0     1   -16.0   55.175   -6.842    294.6    977.4    283.9      0.0     77.8
     1     1    14     9    22     4     0     2   -17.0   55.096   -7.094    325.0    972.2    283.9      0.0     76.8
     1     1    14     9    22     3     0     3   -18.0   55.020   -7.339    350.7    968.2    284.1      0.0     76.5
     1     1    14     9    22     2     0     2   -19.0   54.939   -7.585    369.4    966.0    284.1      0.0     75.9
     1     1    14     9    22     1     0     1   -20.0   54.847   -7.833    378.8    965.1    284.3      0.0     75.3
     1     1    14     9    22     0     0     0   -21.0   54.751   -8.077    378.1    966.4    284.5      0.0     74.7
     1     1    14     9    21    23     0     1   -22.0   54.656   -8.281    371.4    970.1    284.8      0.0     73.1
     1     1    14     9    21    22     0     2   -23.0   54.561   -8.416    361.6    972.7    285.2      0.0     71.7
     1     1    14     9    21    21     0     3   -24.0   54.468   -8.483    347.5    974.7    285.6      0.0     70.9
     1     1    14     9    21    20     0     2   -25.0   54.382   -8.504    330.4    976.8    285.8      0.0     70.0
     1     1    14     9    21    19     0     1   -26.0   54.306   -8.505    312.4    978.7    286.1      0.0     69.1
     1     1    14     9    21    18     0     0   -27.0   54.240   -8.484    295.2    980.4    286.4      0.0     68.0
     1     1    14     9    21    17     0     1   -28.0   54.174   -8.446    281.2    981.7    286.6      0.0     67.6
     1     1    14     9    21    16     0     2   -29.0   54.100   -8.396    271.6    982.1    286.7      0.0     67.3
     1     1    14     9    21    15     0     3   -30.0   54.020   -8.337    265.8    982.0    286.7      0.0     67.1
     1     1    14     9    21    14     0     2   -31.0   53.942   -8.263    262.4    981.9    286.1      0.0     69.1
     1     1    14     9    21    13     0     1   -32.0   53.876   -8.166    260.0    981.6    285.5      0.0     71.3
     1     1    14     9    21    12     0     0   -33.0   53.822   -8.046    258.2    981.1    284.8      0.0     73.6
     1     1    14     9    21    11     0     1   -34.0   53.788   -7.909    257.7    980.9    284.1      0.0     75.6
     1     1    14     9    21    10     0     2   -35.0   53.784   -7.759    261.4    980.6    283.4      0.0     77.2
     1     1    14     9    21     9     0     3   -36.0   53.811   -7.593    271.8    979.5    282.8      0.0     78.1
     1     1    14     9    21     8     0     2   -37.0   53.862   -7.415    290.5    976.7    282.7      0.0     77.6
     1     1    14     9    21     7     0     1   -38.0   53.931   -7.232    317.3    972.8    282.7      0.0     76.4
     1     1    14     9    21     6     0     0   -39.0   54.016   -7.043    351.0    968.3    282.6      0.0     75.1
     1     1    14     9    21     5     0     1   -40.0   54.118   -6.860    383.5    964.5    282.7      0.0     77.6
     1     1    14     9    21     4     0     2   -41.0   54.243   -6.695    405.5    962.8    282.7      0.0     80.2
     1     1    14     9    21     3     0     3   -42.0   54.390   -6.556    415.7    962.1    282.7      0.0     82.0
     1     1    14     9    21     2     0     2   -43.0   54.560   -6.440    414.5    962.7    282.8      0.0     82.5
     1     1    14     9    21     1     0     1   -44.0   54.757   -6.348    400.8    964.1    282.9      0.0     82.5
     1     1    14     9    21     0     0     0   -45.0   54.976   -6.287    370.3    967.0    283.1      0.0     82.0
     1     1    14     9    20    23     0     1   -46.0   55.218   -6.257    336.7    974.5    283.5      0.0     82.1
     1     1    14     9    20    22     0     2   -47.0   55.479   -6.243    319.4    979.1    283.8      0.0     81.0
     1     1    14     9    20    21     0     3   -48.0   55.757   -6.241    322.8    981.3    284.0      0.0     79.3
     1     1    14     9    20    20     0     2   -49.0   56.051   -6.248    350.4    979.9    283.9      0.0     78.8
     1     1    14     9    20    19     0     1   -50.0   56.352   -6.261    397.6    972.1    283.3      0.0     81.6
     1     1    14     9    20    18     0     0   -51.0   56.645   -6.280    460.9    963.6    282.5      0.0     83.9
     1     1    14     9    20    17     0     1   -52.0   56.920   -6.314    534.2    952.1    281.7      0.0     87.1
     1     1    14     9    20    16     0     2   -53.0   57.181   -6.385    593.2    945.0    281.3      0.0     89.9
     1     1    14     9    20    15     0     3   -54.0   57.441   -6.515    625.7    942.9    281.1      0.0     90.5
     1     1    14     9    20    14     0     2   -55.0   57.698   -6.701    639.5    942.0    280.9      0.1     91.7
     1     1    14     9    20    13     0     1   -56.0   57.947   -6.926    650.9    939.4    280.6      0.1     92.8
     1     1    14     9    20    12     0     0   -57.0   58.197   -7.193    673.5    938.2    280.3      0.1     93.2
     1     1    14     9    20    11     0     1   -58.0   58.454   -7.513    695.9    936.6    280.3      0.0     93.3
     1     1    14     9    20    10     0     2   -59.0   58.725   -7.904    706.4    936.5    280.3      0.0     92.7
     1     1    14     9    20     9     0     3   -60.0   59.006   -8.378    712.2    936.5    280.3      0.0     90.6
     1     1    14     9    20     8     0     2   -61.0   59.284   -8.891    729.4    934.6    280.3      0.0     91.6
     1     1    14     9    20     7     0     1   -62.0   59.550   -9.405    755.7    930.4    279.9      0.0     93.4
     1     1    14     9    20     6     0     0   -63.0   59.804   -9.939    790.3    926.4    279.5      0.0     95.0
     1     1    14     9    20     5     0     1   -64.0   60.059  -10.495    826.4    920.9    279.3      0.0     95.7
     1     1    14     9    20     4     0     2   -65.0   60.327  -11.057    851.1    917.7    279.2      0.0     95.0
     1     1    14     9    20     3     0     3   -66.0   60.613  -11.624    868.3    915.9    279.3      0.0     92.5
     1     1    14     9    20     2     0     2   -67.0   60.905  -12.234    877.2    914.1    279.2      0.2     92.0
     1     1    14     9    20     1     0     1   -68.0   61.192  -12.899    881.1    914.3    279.2      0.1     93.2
     1     1    14     9    20     0     0     0   -69.0   61.477  -13.604    890.8    913.1    279.2      0.0     91.1
     1     1    14     9    19    23     0     1   -70.0   61.748  -14.323    896.6    910.7    279.4      0.0     86.3
     1     1    14     9    19    22     0     2   -71.0   62.002  -15.040    884.2    911.7    279.7      0.0     83.3
     1     1    14     9    19    21     0     3   -72.0   62.244  -15.762    867.0    915.1    280.0      0.0     82.1
