     7     1
    GDAS    14     8    22     0     0
    GDAS    14     8    29     0     0
    GDAS    14     9     1     0     0
    GDAS    14     9     8     0     0
    GDAS    14     9    15     0     0
    GDAS    14     9    22     0     0
    GDAS    14     9    29     0     0
     1 BACKWARD OMEGA   
    14     9    17    14   56.467   -2.973   100.0
     4 PRESSURE AIR_TEMP RAINFALL RELHUMID
     1     1    14     9    17    14     0     2     0.0   56.467   -2.973    100.0    973.6    286.5      0.0     89.6
     1     1    14     9    17    13     0     1    -1.0   56.490   -2.891     90.8    976.4    286.4      0.0     89.0
     1     1    14     9    17    12     0     0    -2.0   56.509   -2.804     80.4    980.0    286.4      0.0     88.6
     1     1    14     9    17    11     0     1    -3.0   56.533   -2.722     70.9    983.2    286.2      0.0     88.8
     1     1    14     9    17    10     0     2    -4.0   56.572   -2.653     63.8    985.2    285.9      0.0     88.9
     1     1    14     9    17     9     0     3    -5.0   56.625   -2.599     58.8    986.4    285.8      0.0     88.8
     1     1    14     9    17     8     0     2    -6.0   56.687   -2.552     55.6    987.6    284.8      0.0     88.3
     1     1    14     9    17     7     0     1    -7.0   56.753   -2.510     54.2    988.6    283.8      0.0     87.5
     1     1    14     9    17     6     0     0    -8.0   56.823   -2.476     54.9    989.3    282.7      0.0     86.3
     1     1    14     9    17     5     0     1    -9.0   56.892   -2.461     58.5    988.4    282.8      0.0     86.8
     1     1    14     9    17     4     0     2   -10.0   56.950   -2.476     66.7    985.8    282.8      0.0     87.4
     1     1    14     9    17     3     0     3   -11.0   56.994   -2.520     82.7    981.3    282.8      0.0     88.0
     1     1    14     9    17     2     0     2   -12.0   57.020   -2.578    110.0    976.5    283.0      0.0     89.2
     1     1    14     9    17     1     0     1   -13.0   57.031   -2.637    150.3    970.5    283.3      0.0     90.6
     1     1    14     9    17     0     0     0   -14.0   57.023   -2.691    202.7    961.3    283.2      0.0     91.2
     1     1    14     9    16    23     0     1   -15.0   56.994   -2.727    258.8    952.4    283.3      0.0     91.7
     1     1    14     9    16    22     0     2   -16.0   56.943   -2.728    308.1    947.2    283.4      0.0     91.9
     1     1    14     9    16    21     0     3   -17.0   56.875   -2.695    349.6    945.6    283.5      0.0     92.5
     1     1    14     9    16    20     0     2   -18.0   56.801   -2.648    389.5    945.0    283.6      0.0     92.4
     1     1    14     9    16    19     0     1   -19.0   56.724   -2.608    432.6    943.3    283.6      0.0     92.7
     1     1    14     9    16    18     0     0   -20.0   56.644   -2.581    478.8    939.8    283.4      0.0     93.2
     1     1    14     9    16    17     0     1   -21.0   56.557   -2.544    522.4    936.8    283.4      0.0     94.0
     1     1    14     9    16    16     0     2   -22.0   56.460   -2.475    558.4    936.5    283.3      0.0     95.0
     1     1    14     9    16    15     0     3   -23.0   56.352   -2.375    592.7    936.9    283.3      0.0     96.0
     1     1    14     9    16    14     0     2   -24.0   56.239   -2.265    627.0    936.4    283.2      0.0     96.6
     1     1    14     9    16    13     0     1   -25.0   56.122   -2.160    655.7    935.2    283.1      0.0     96.2
     1     1    14     9    16    12     0     0   -26.0   55.998   -2.060    675.0    934.2    283.2      0.0     96.1
     1     1    14     9    16    11     0     1   -27.0   55.875   -1.948    689.7    931.6    283.1      0.0     95.3
     1     1    14     9    16    10     0     2   -28.0   55.760   -1.815    707.6    928.4    283.0      0.0     94.3
     1     1    14     9    16     9     0     3   -29.0   55.657   -1.664    729.6    925.8    282.9      0.0     93.6
     1     1    14     9    16     8     0     2   -30.0   55.563   -1.512    749.5    923.4    282.9      0.0     93.0
     1     1    14     9    16     7     0     1   -31.0   55.474   -1.371    760.5    923.3    282.9      0.0     92.9
     1     1    14     9    16     6     0     0   -32.0   55.390   -1.237    762.8    924.5    283.0      0.0     92.8
     1     1    14     9    16     5     0     1   -33.0   55.303   -1.112    763.9    927.0    283.4      0.0     90.6
     1     1    14     9    16     4     0     2   -34.0   55.210   -0.999    771.6    928.2    283.7      0.0     88.0
     1     1    14     9    16     3     0     3   -35.0   55.109   -0.896    786.4    926.6    283.8      0.0     85.5
     1     1    14     9    16     2     0     2   -36.0   55.003   -0.790    808.5    924.2    283.6      0.0     86.3
     1     1    14     9    16     1     0     1   -37.0   54.892   -0.668    835.8    920.5    283.4      0.0     87.7
     1     1    14     9    16     0     0     0   -38.0   54.776   -0.537    867.9    916.4    283.1      0.0     89.0
     1     1    14     9    15    23     0     1   -39.0   54.663   -0.402    900.8    911.5    282.9      0.0     89.6
     1     1    14     9    15    22     0     2   -40.0   54.565   -0.263    930.2    907.5    282.8      0.0     89.6
     1     1    14     9    15    21     0     3   -41.0   54.479   -0.116    956.2    904.0    282.7      0.0     89.3
     1     1    14     9    15    20     0     2   -42.0   54.378    0.047    965.7    905.0    283.1      0.0     81.0
     1     1    14     9    15    19     0     1   -43.0   54.262    0.219    963.3    907.5    283.3      0.0     80.8
     1     1    14     9    15    18     0     0   -44.0   54.160    0.388    968.3    906.4    283.2      0.0     80.2
     1     1    14     9    15    17     0     1   -45.0   54.069    0.561    973.6    905.5    283.3      0.0     78.2
     1     1    14     9    15    16     0     2   -46.0   53.981    0.745    979.0    905.3    283.5      0.0     76.7
     1     1    14     9    15    15     0     3   -47.0   53.889    0.936    991.6    904.3    283.6      0.0     76.2
     1     1    14     9    15    14     0     2   -48.0   53.796    1.126   1006.3    902.1    283.4      0.0     78.8
     1     1    14     9    15    13     0     1   -49.0   53.710    1.307   1013.9    901.5    283.2      0.0     80.7
     1     1    14     9    15    12     0     0   -50.0   53.629    1.478   1014.7    901.8    283.1      0.0     81.7
     1     1    14     9    15    11     0     1   -51.0   53.547    1.648   1009.9    902.2    283.2      0.0     80.7
     1     1    14     9    15    10     0     2   -52.0   53.456    1.828   1002.8    903.2    283.4      0.0     79.7
     1     1    14     9    15     9     0     3   -53.0   53.348    2.012    999.7    903.7    283.4      0.0     79.0
     1     1    14     9    15     8     0     2   -54.0   53.237    2.198   1006.0    903.4    283.2      0.0     81.4
     1     1    14     9    15     7     0     1   -55.0   53.135    2.385   1020.1    901.6    283.0      0.0     83.4
     1     1    14     9    15     6     0     0   -56.0   53.036    2.572   1038.6    899.6    282.8      0.0     84.7
     1     1    14     9    15     5     0     1   -57.0   52.944    2.753   1050.6    897.1    282.7      0.0     84.5
     1     1    14     9    15     4     0     2   -58.0   52.867    2.925   1045.3    897.3    282.7      0.0     84.1
     1     1    14     9    15     3     0     3   -59.0   52.799    3.084   1021.3    899.6    282.9      0.0     83.8
     1     1    14     9    15     2     0     2   -60.0   52.748    3.249    993.7    904.8    283.2      0.0     83.9
     1     1    14     9    15     1     0     1   -61.0   52.719    3.434    976.4    907.0    283.3      0.0     84.4
     1     1    14     9    15     0     0     0   -62.0   52.707    3.633    966.3    908.4    283.4      0.0     85.2
     1     1    14     9    14    23     0     1   -63.0   52.702    3.818    963.4    909.1    283.6      0.0     84.0
     1     1    14     9    14    22     0     2   -64.0   52.699    3.969    971.8    908.7    283.8      0.0     83.0
     1     1    14     9    14    21     0     3   -65.0   52.704    4.086    995.2    906.4    283.8      0.0     81.9
     1     1    14     9    14    20     0     2   -66.0   52.721    4.199   1024.6    902.2    283.4      0.0     83.8
     1     1    14     9    14    19     0     1   -67.0   52.751    4.333   1047.4    899.6    283.1      0.0     85.9
     1     1    14     9    14    18     0     0   -68.0   52.795    4.488   1060.2    898.1    282.8      0.0     88.1
     1     1    14     9    14    17     0     1   -69.0   52.856    4.653   1072.4    898.2    282.8      0.0     87.3
     1     1    14     9    14    16     0     2   -70.0   52.940    4.818   1097.8    896.0    282.6      0.0     87.2
     1     1    14     9    14    15     0     3   -71.0   53.054    4.988   1141.3    891.9    282.3      0.0     88.4
     1     1    14     9    14    14     0     2   -72.0   53.186    5.182   1178.8    886.1    281.8      0.0     89.3
