     7     1
    GDAS    14     8    22     0     0
    GDAS    14     8    29     0     0
    GDAS    14     9     1     0     0
    GDAS    14     9     8     0     0
    GDAS    14     9    15     0     0
    GDAS    14     9    22     0     0
    GDAS    14     9    29     0     0
     1 BACKWARD OMEGA   
    14     9    13     1   56.467   -2.973   100.0
     4 PRESSURE AIR_TEMP RAINFALL RELHUMID
     1     1    14     9    13     1     0     1     0.0   56.467   -2.973    100.0    984.0    285.9      0.0     91.8
     1     1    14     9    13     0     0     0    -1.0   56.446   -3.099    119.6    981.1    286.1      0.0     91.4
     1     1    14     9    12    23     0     1    -2.0   56.422   -3.222    138.1    979.1    286.4      0.0     90.5
     1     1    14     9    12    22     0     2    -3.0   56.390   -3.331    155.6    977.1    286.6      0.0     89.6
     1     1    14     9    12    21     0     3    -4.0   56.354   -3.425    172.8    975.8    286.8      0.0     88.5
     1     1    14     9    12    20     0     2    -5.0   56.318   -3.507    184.5    974.4    287.0      0.0     87.8
     1     1    14     9    12    19     0     1    -6.0   56.290   -3.581    185.8    974.9    287.2      0.0     86.8
     1     1    14     9    12    18     0     0    -7.0   56.267   -3.651    177.7    976.3    287.6      0.0     85.8
     1     1    14     9    12    17     0     1    -8.0   56.245   -3.717    166.7    978.8    287.9      0.0     84.4
     1     1    14     9    12    16     0     2    -9.0   56.219   -3.774    158.9    980.6    288.2      0.0     83.2
     1     1    14     9    12    15     0     3   -10.0   56.188   -3.821    154.8    982.2    288.4      0.0     82.1
     1     1    14     9    12    14     0     2   -11.0   56.155   -3.859    153.3    984.1    287.8      0.0     83.6
     1     1    14     9    12    13     0     1   -12.0   56.120   -3.892    152.8    986.1    287.2      0.0     85.1
     1     1    14     9    12    12     0     0   -13.0   56.085   -3.917    152.5    988.1    286.6      0.0     86.5
     1     1    14     9    12    11     0     1   -14.0   56.057   -3.918    154.1    989.4    286.2      0.0     87.8
     1     1    14     9    12    10     0     2   -15.0   56.043   -3.881    159.9    989.1    285.7      0.0     89.2
     1     1    14     9    12     9     0     3   -16.0   56.040   -3.805    169.6    987.9    285.1      0.0     90.7
     1     1    14     9    12     8     0     2   -17.0   56.041   -3.709    180.0    986.0    284.7      0.0     91.4
     1     1    14     9    12     7     0     1   -18.0   56.043   -3.610    188.2    984.9    284.4      0.0     91.8
     1     1    14     9    12     6     0     0   -19.0   56.048   -3.512    195.2    983.9    284.2      0.0     92.1
     1     1    14     9    12     5     0     1   -20.0   56.050   -3.410    201.4    982.9    284.7      0.0     91.5
     1     1    14     9    12     4     0     2   -21.0   56.046   -3.299    206.0    982.3    285.1      0.0     91.0
     1     1    14     9    12     3     0     3   -22.0   56.036   -3.172    208.0    982.2    285.6      0.0     90.4
     1     1    14     9    12     2     0     2   -23.0   56.019   -3.039    208.2    983.1    285.9      0.0     88.8
     1     1    14     9    12     1     0     1   -24.0   55.994   -2.911    208.2    985.0    286.3      0.0     86.9
     1     1    14     9    12     0     0     0   -25.0   55.957   -2.793    207.6    986.3    286.6      0.0     84.9
     1     1    14     9    11    23     0     1   -26.0   55.908   -2.678    209.5    987.3    286.7      0.0     83.1
     1     1    14     9    11    22     0     2   -27.0   55.848   -2.558    217.3    986.8    286.8      0.0     81.1
     1     1    14     9    11    21     0     3   -28.0   55.777   -2.436    230.5    985.3    286.9      0.0     79.1
     1     1    14     9    11    20     0     2   -29.0   55.702   -2.321    240.8    982.7    287.0      0.0     77.8
     1     1    14     9    11    19     0     1   -30.0   55.632   -2.217    240.1    981.7    287.1      0.0     77.0
     1     1    14     9    11    18     0     0   -31.0   55.564   -2.113    228.0    981.8    287.2      0.0     76.4
     1     1    14     9    11    17     0     1   -32.0   55.496   -1.995    208.2    983.0    287.2      0.0     75.4
     1     1    14     9    11    16     0     2   -33.0   55.429   -1.862    188.0    986.3    287.4      0.0     74.4
     1     1    14     9    11    15     0     3   -34.0   55.366   -1.719    171.9    989.6    287.6      0.0     73.6
     1     1    14     9    11    14     0     2   -35.0   55.304   -1.572    162.2    993.1    287.3      0.0     75.4
     1     1    14     9    11    13     0     1   -36.0   55.240   -1.428    159.4    996.1    286.9      0.0     77.0
     1     1    14     9    11    12     0     0   -37.0   55.173   -1.291    164.1    998.4    286.5      0.0     78.7
     1     1    14     9    11    11     0     1   -38.0   55.103   -1.163    176.3    999.1    285.9      0.0     81.9
     1     1    14     9    11    10     0     2   -39.0   55.026   -1.044    193.8    999.3    285.3      0.0     85.0
     1     1    14     9    11     9     0     3   -40.0   54.942   -0.935    210.6    997.2    284.9      0.0     87.8
     1     1    14     9    11     8     0     2   -41.0   54.861   -0.837    220.2    994.9    284.7      0.0     88.2
     1     1    14     9    11     7     0     1   -42.0   54.787   -0.748    220.9    994.1    284.5      0.0     88.9
     1     1    14     9    11     6     0     0   -43.0   54.720   -0.669    214.2    994.3    284.4      0.0     89.8
     1     1    14     9    11     5     0     1   -44.0   54.656   -0.592    206.7    995.3    284.6      0.0     89.1
     1     1    14     9    11     4     0     2   -45.0   54.591   -0.510    204.0    995.0    284.7      0.0     88.3
     1     1    14     9    11     3     0     3   -46.0   54.527   -0.421    205.5    994.3    284.8      0.0     87.6
     1     1    14     9    11     2     0     2   -47.0   54.460   -0.323    207.0    993.1    284.9      0.0     87.3
     1     1    14     9    11     1     0     1   -48.0   54.387   -0.215    203.6    993.0    285.0      0.0     87.1
     1     1    14     9    11     0     0     0   -49.0   54.306   -0.097    195.2    993.4    285.2      0.0     87.1
     1     1    14     9    10    23     0     1   -50.0   54.252    0.048    185.5   1000.3    285.8      0.0     81.1
     1     1    14     9    10    22     0     2   -51.0   54.241    0.225    178.4   1001.2    285.9      0.0     78.9
     1     1    14     9    10    21     0     3   -52.0   54.259    0.423    174.6   1001.7    286.1      0.0     76.7
     1     1    14     9    10    20     0     2   -53.0   54.295    0.618    175.8   1001.7    286.2      0.0     76.4
     1     1    14     9    10    19     0     1   -54.0   54.335    0.789    183.3   1000.7    286.1      0.0     76.2
     1     1    14     9    10    18     0     0   -55.0   54.376    0.931    197.1    999.1    286.0      0.0     76.2
     1     1    14     9    10    17     0     1   -56.0   54.423    1.054    213.2    996.8    285.6      0.0     76.1
     1     1    14     9    10    16     0     2   -57.0   54.479    1.170    227.0    995.2    285.3      0.0     76.1
     1     1    14     9    10    15     0     3   -58.0   54.545    1.278    237.9    994.1    285.1      0.0     76.1
     1     1    14     9    10    14     0     2   -59.0   54.616    1.375    248.2    993.4    285.0      0.0     76.5
     1     1    14     9    10    13     0     1   -60.0   54.689    1.459    259.9    992.3    284.8      0.0     77.0
     1     1    14     9    10    12     0     0   -61.0   54.763    1.530    272.7    990.9    284.6      0.0     77.6
     1     1    14     9    10    11     0     1   -62.0   54.840    1.591    288.0    988.9    284.3      0.0     78.5
     1     1    14     9    10    10     0     2   -63.0   54.921    1.645    307.6    986.2    283.9      0.0     79.5
     1     1    14     9    10     9     0     3   -64.0   55.005    1.690    331.8    983.0    283.5      0.0     80.7
     1     1    14     9    10     8     0     2   -65.0   55.093    1.729    358.4    979.5    283.2      0.0     81.9
     1     1    14     9    10     7     0     1   -66.0   55.189    1.765    384.7    976.5    282.9      0.0     83.1
     1     1    14     9    10     6     0     0   -67.0   55.293    1.799    411.0    973.6    282.5      0.0     84.3
     1     1    14     9    10     5     0     1   -68.0   55.401    1.818    435.5    970.5    282.5      0.0     85.1
     1     1    14     9    10     4     0     2   -69.0   55.511    1.816    455.8    967.7    282.4      0.0     85.2
     1     1    14     9    10     3     0     3   -70.0   55.623    1.793    472.0    965.6    282.4      0.0     85.0
     1     1    14     9    10     2     0     2   -71.0   55.740    1.765    485.0    964.2    282.3      0.0     84.7
     1     1    14     9    10     1     0     1   -72.0   55.868    1.745    495.8    962.9    282.1      0.0     84.2
