     7     1
    GDAS    14     8    22     0     0
    GDAS    14     8    29     0     0
    GDAS    14     9     1     0     0
    GDAS    14     9     8     0     0
    GDAS    14     9    15     0     0
    GDAS    14     9    22     0     0
    GDAS    14     9    29     0     0
     1 BACKWARD OMEGA   
    14     9    21    17   56.467   -2.973   100.0
     4 PRESSURE AIR_TEMP RAINFALL RELHUMID
     1     1    14     9    21    17     0     1     0.0   56.467   -2.973    100.0    983.3    284.5      0.0     71.7
     1     1    14     9    21    16     0     2    -1.0   56.493   -3.026    109.8    980.6    284.6      0.0     70.7
     1     1    14     9    21    15     0     3    -2.0   56.531   -3.102    120.8    977.3    284.7      0.0     69.7
     1     1    14     9    21    14     0     2    -3.0   56.581   -3.187    132.7    973.6    284.1      0.0     71.7
     1     1    14     9    21    13     0     1    -4.0   56.641   -3.266    148.8    968.7    283.3      0.0     74.1
     1     1    14     9    21    12     0     0    -5.0   56.712   -3.338    173.1    962.2    282.3      0.0     77.1
     1     1    14     9    21    11     0     1    -6.0   56.799   -3.413    209.0    953.6    281.1      0.0     81.9
     1     1    14     9    21    10     0     2    -7.0   56.909   -3.495    260.7    942.6    279.7      0.0     87.3
     1     1    14     9    21     9     0     3    -8.0   57.047   -3.578    335.0    931.1    278.2      0.0     93.1
     1     1    14     9    21     8     0     2    -9.0   57.212   -3.669    420.2    926.7    277.9      0.0     94.6
     1     1    14     9    21     7     0     1   -10.0   57.398   -3.775    495.9    924.4    278.0      0.0     92.3
     1     1    14     9    21     6     0     0   -11.0   57.597   -3.898    564.0    924.6    278.1      0.0     91.7
     1     1    14     9    21     5     0     1   -12.0   57.808   -4.031    633.4    925.9    278.4      0.0     92.2
     1     1    14     9    21     4     0     2   -13.0   58.028   -4.166    705.9    924.3    278.3      0.0     94.5
     1     1    14     9    21     3     0     3   -14.0   58.251   -4.288    769.6    918.3    278.1      0.0     95.2
     1     1    14     9    21     2     0     2   -15.0   58.472   -4.404    813.0    916.1    277.9      0.0     96.2
     1     1    14     9    21     1     0     1   -16.0   58.687   -4.525    827.6    918.1    278.0      0.0     97.3
     1     1    14     9    21     0     0     0   -17.0   58.896   -4.649    810.3    924.6    278.3      0.0     98.1
     1     1    14     9    20    23     0     1   -18.0   59.114   -4.785    779.3    932.5    279.0      0.0     96.7
     1     1    14     9    20    22     0     2   -19.0   59.355   -4.931    759.3    935.1    279.3      0.0     95.3
     1     1    14     9    20    21     0     3   -20.0   59.624   -5.082    758.3    935.0    279.4      0.0     93.4
     1     1    14     9    20    20     0     2   -21.0   59.913   -5.233    776.8    932.2    279.4      0.0     91.8
     1     1    14     9    20    19     0     1   -22.0   60.214   -5.396    807.5    927.5    279.2      0.0     90.1
     1     1    14     9    20    18     0     0   -23.0   60.533   -5.577    842.6    922.9    279.0      0.0     88.3
     1     1    14     9    20    17     0     1   -24.0   60.868   -5.787    879.6    918.1    278.7      0.0     87.7
     1     1    14     9    20    16     0     2   -25.0   61.205   -6.044    922.2    912.9    278.3      0.0     87.1
     1     1    14     9    20    15     0     3   -26.0   61.545   -6.349    980.9    905.3    277.8      0.0     87.4
     1     1    14     9    20    14     0     2   -27.0   61.890   -6.665   1063.8    894.6    277.3      0.0     88.1
     1     1    14     9    20    13     0     1   -28.0   62.243   -6.960   1155.4    882.1    276.8      0.0     87.0
     1     1    14     9    20    12     0     0   -29.0   62.613   -7.226   1218.0    874.0    276.5      0.0     84.6
     1     1    14     9    20    11     0     1   -30.0   62.991   -7.481   1237.0    872.9    276.4      0.0     84.8
     1     1    14     9    20    10     0     2   -31.0   63.373   -7.755   1243.7    874.3    276.5      0.0     83.9
     1     1    14     9    20     9     0     3   -32.0   63.774   -8.038   1267.4    871.4    276.4      0.0     77.3
     1     1    14     9    20     8     0     2   -33.0   64.186   -8.314   1306.8    865.7    276.2      0.3     78.7
     1     1    14     9    20     7     0     1   -34.0   64.589   -8.597   1348.3    859.6    275.8      0.3     79.3
     1     1    14     9    20     6     0     0   -35.0   64.992   -8.899   1379.9    855.0    275.5      0.3     75.3
     1     1    14     9    20     5     0     1   -36.0   65.375   -9.218   1402.7    853.1    275.3      0.2     79.6
     1     1    14     9    20     4     0     2   -37.0   65.716   -9.558   1423.6    850.9    275.2      0.0     79.9
     1     1    14     9    20     3     0     3   -38.0   66.015   -9.921   1449.6    848.8    275.2      0.0     74.5
     1     1    14     9    20     2     0     2   -39.0   66.272  -10.293   1473.8    844.6    274.9      0.3     76.4
     1     1    14     9    20     1     0     1   -40.0   66.491  -10.648   1488.8    843.6    274.7      0.6     76.8
     1     1    14     9    20     0     0     0   -41.0   66.679  -10.956   1507.3    841.9    274.5      0.0     74.4
     1     1    14     9    19    23     0     1   -42.0   66.842  -11.216   1533.8    838.9    274.3      0.0     74.1
     1     1    14     9    19    22     0     2   -43.0   66.987  -11.431   1565.8    835.3    274.1      0.0     72.7
     1     1    14     9    19    21     0     3   -44.0   67.115  -11.576   1600.2    831.5    273.9      0.0     72.8
     1     1    14     9    19    20     0     2   -45.0   67.235  -11.674   1627.4    827.7    273.7      0.0     72.1
     1     1    14     9    19    19     0     1   -46.0   67.355  -11.766   1640.5    826.3    273.7      0.0     70.8
     1     1    14     9    19    18     0     0   -47.0   67.478  -11.851   1642.1    826.2    273.7      0.0     69.0
     1     1    14     9    19    17     0     1   -48.0   67.601  -11.930   1640.2    827.1    273.7      0.0     68.2
     1     1    14     9    19    16     0     2   -49.0   67.726  -12.005   1642.7    827.1    273.7      0.0     66.4
     1     1    14     9    19    15     0     3   -50.0   67.853  -12.077   1653.5    826.2    273.6      0.0     64.6
     1     1    14     9    19    14     0     2   -51.0   67.977  -12.146   1672.1    824.2    273.4      0.0     65.5
     1     1    14     9    19    13     0     1   -52.0   68.090  -12.203   1694.2    821.9    273.1      0.0     66.8
     1     1    14     9    19    12     0     0   -53.0   68.193  -12.243   1718.7    819.6    272.7      0.0     68.0
     1     1    14     9    19    11     0     1   -54.0   68.282  -12.252   1746.5    817.1    272.6      0.0     66.5
     1     1    14     9    19    10     0     2   -55.0   68.357  -12.225   1778.4    814.2    272.5      0.0     65.2
     1     1    14     9    19     9     0     3   -56.0   68.418  -12.173   1815.2    810.8    272.3      0.0     64.2
     1     1    14     9    19     8     0     2   -57.0   68.473  -12.112   1852.9    806.7    272.1      0.0     63.3
     1     1    14     9    19     7     0     1   -58.0   68.533  -12.050   1886.5    803.1    271.9      0.0     62.8
     1     1    14     9    19     6     0     0   -59.0   68.597  -11.984   1915.0    800.2    271.8      0.0     61.9
     1     1    14     9    19     5     0     1   -60.0   68.661  -11.938   1942.9    798.2    271.8      0.0     64.1
     1     1    14     9    19     4     0     2   -61.0   68.719  -11.944   1975.4    795.4    271.7      0.0     67.1
     1     1    14     9    19     3     0     3   -62.0   68.771  -12.010   2013.1    792.1    271.5      0.0     70.7
     1     1    14     9    19     2     0     2   -63.0   68.815  -12.122   2053.4    788.2    271.2      0.0     72.0
     1     1    14     9    19     1     0     1   -64.0   68.846  -12.256   2093.9    784.6    270.9      0.0     73.3
     1     1    14     9    19     0     0     0   -65.0   68.867  -12.409   2135.7    781.0    270.6      0.0     74.8
     1     1    14     9    18    23     0     1   -66.0   68.881  -12.610   2179.8    776.9    270.6      0.0     76.4
     1     1    14     9    18    22     0     2   -67.0   68.889  -12.893   2225.9    772.6    270.5      0.0     78.1
     1     1    14     9    18    21     0     3   -68.0   68.888  -13.261   2272.2    768.2    270.4      0.0     80.2
     1     1    14     9    18    20     0     2   -69.0   68.873  -13.684   2315.6    763.8    270.1      0.0     80.8
     1     1    14     9    18    19     0     1   -70.0   68.842  -14.115   2354.8    760.2    269.8      0.0     81.1
     1     1    14     9    18    18     0     0   -71.0   68.794  -14.538   2387.1    756.9    269.6      0.0     81.5
     1     1    14     9    18    17     0     1   -72.0   68.728  -14.928   2405.7    754.8    269.3      0.0     84.0
