     7     1
    GDAS    14     8    22     0     0
    GDAS    14     8    29     0     0
    GDAS    14     9     1     0     0
    GDAS    14     9     8     0     0
    GDAS    14     9    15     0     0
    GDAS    14     9    22     0     0
    GDAS    14     9    29     0     0
     1 BACKWARD OMEGA   
    14     9    14     9   56.467   -2.973   100.0
     4 PRESSURE AIR_TEMP RAINFALL RELHUMID
     1     1    14     9    14     9     0     3     0.0   56.467   -2.973    100.0    985.7    283.8      0.0     91.6
     1     1    14     9    14     8     0     2    -1.0   56.441   -2.811     76.2    994.4    284.0      0.0     91.9
     1     1    14     9    14     7     0     1    -2.0   56.420   -2.668     58.8   1001.5    284.1      0.0     92.2
     1     1    14     9    14     6     0     0    -3.0   56.401   -2.543     47.1   1006.5    284.0      0.0     92.3
     1     1    14     9    14     5     0     1    -4.0   56.383   -2.423     39.2   1010.6    284.4      0.0     91.2
     1     1    14     9    14     4     0     2    -5.0   56.364   -2.298     33.5   1014.8    284.9      0.0     90.1
     1     1    14     9    14     3     0     3    -6.0   56.338   -2.170     29.4   1018.8    285.4      0.0     88.9
     1     1    14     9    14     2     0     2    -7.0   56.301   -2.035     26.5   1022.4    285.9      0.0     86.6
     1     1    14     9    14     1     0     1    -8.0   56.255   -1.888     23.8   1023.8    286.2      0.0     84.8
     1     1    14     9    14     0     0     0    -9.0   56.203   -1.725     21.5   1024.5    286.4      0.0     83.1
     1     1    14     9    13    23     0     1   -10.0   56.148   -1.546     20.1   1025.5    286.5      0.0     81.4
     1     1    14     9    13    22     0     2   -11.0   56.092   -1.351     19.6   1026.3    286.6      0.0     79.4
     1     1    14     9    13    21     0     3   -12.0   56.033   -1.142     20.3   1027.2    286.7      0.0     77.1
     1     1    14     9    13    20     0     2   -13.0   55.972   -0.931     21.7   1027.8    286.7      0.0     77.1
     1     1    14     9    13    19     0     1   -14.0   55.906   -0.731     23.7   1027.7    286.7      0.0     77.2
     1     1    14     9    13    18     0     0   -15.0   55.835   -0.543     26.1   1027.7    286.7      0.0     77.2
     1     1    14     9    13    17     0     1   -16.0   55.761   -0.362     29.2   1026.6    286.8      0.0     77.3
     1     1    14     9    13    16     0     2   -17.0   55.690   -0.182     33.3   1025.5    286.8      0.0     77.1
     1     1    14     9    13    15     0     3   -18.0   55.622   -0.001     38.8   1024.5    286.9      0.0     76.9
     1     1    14     9    13    14     0     2   -19.0   55.589    0.157     43.0   1023.0    286.8      0.0     83.6
     1     1    14     9    13    13     0     1   -20.0   55.587    0.282     44.7   1023.3    286.9      0.0     83.5
     1     1    14     9    13    12     0     0   -21.0   55.582    0.392     46.1   1023.6    286.9      0.0     83.6
     1     1    14     9    13    11     0     1   -22.0   55.574    0.495     47.3   1023.3    287.0      0.0     85.7
     1     1    14     9    13    10     0     2   -23.0   55.561    0.598     48.4   1023.1    287.1      0.0     87.9
     1     1    14     9    13     9     0     3   -24.0   55.539    0.703     49.6   1022.8    287.2      0.0     90.2
     1     1    14     9    13     8     0     2   -25.0   55.513    0.814     50.7   1023.0    287.2      0.0     90.4
     1     1    14     9    13     7     0     1   -26.0   55.483    0.932     51.4   1023.3    287.2      0.0     90.8
     1     1    14     9    13     6     0     0   -27.0   55.450    1.057     51.6   1023.6    287.3      0.0     91.1
     1     1    14     9    13     5     0     1   -28.0   55.424    1.183     51.6   1023.2    287.3      0.0     90.4
     1     1    14     9    13     4     0     2   -29.0   55.412    1.306     51.6   1022.7    287.3      0.0     89.8
     1     1    14     9    13     3     0     3   -30.0   55.409    1.427     51.6   1022.0    287.4      0.0     89.3
     1     1    14     9    13     2     0     2   -31.0   55.409    1.545     51.6   1021.4    287.4      0.0     89.0
     1     1    14     9    13     1     0     1   -32.0   55.409    1.658     51.6   1021.0    287.5      0.0     88.9
     1     1    14     9    13     0     0     0   -33.0   55.410    1.768     51.6   1020.7    287.5      0.0     88.8
     1     1    14     9    12    23     0     1   -34.0   55.412    1.881     52.2   1020.8    287.7      0.0     89.1
     1     1    14     9    12    22     0     2   -35.0   55.417    2.006     53.8   1020.7    287.8      0.0     89.2
     1     1    14     9    12    21     0     3   -36.0   55.425    2.142     56.6   1020.5    287.9      0.0     89.0
     1     1    14     9    12    20     0     2   -37.0   55.442    2.288     59.3   1020.1    287.9      0.0     88.6
     1     1    14     9    12    19     0     1   -38.0   55.471    2.443     60.9   1020.0    287.9      0.0     88.3
     1     1    14     9    12    18     0     0   -39.0   55.513    2.606     61.4   1020.1    287.9      0.0     88.0
     1     1    14     9    12    17     0     1   -40.0   55.566    2.763     61.4   1019.5    288.0      0.0     87.2
     1     1    14     9    12    16     0     2   -41.0   55.630    2.897     61.4   1018.8    288.1      0.0     86.3
     1     1    14     9    12    15     0     3   -42.0   55.705    3.010     61.4   1018.1    288.2      0.0     85.3
     1     1    14     9    12    14     0     2   -43.0   55.784    3.112     61.4   1018.2    288.1      0.0     85.3
     1     1    14     9    12    13     0     1   -44.0   55.859    3.219     61.5   1018.4    288.1      0.0     85.4
     1     1    14     9    12    12     0     0   -45.0   55.931    3.330     61.5   1018.6    288.1      0.0     85.5
     1     1    14     9    12    11     0     1   -46.0   56.002    3.441     62.0   1018.7    288.1      0.0     85.8
     1     1    14     9    12    10     0     2   -47.0   56.077    3.546     63.5   1018.7    288.1      0.0     85.8
     1     1    14     9    12     9     0     3   -48.0   56.154    3.637     66.2   1018.4    288.1      0.0     85.9
     1     1    14     9    12     8     0     2   -49.0   56.232    3.713     69.2   1017.9    288.0      0.0     85.9
     1     1    14     9    12     7     0     1   -50.0   56.311    3.773     71.7   1017.5    288.0      0.0     85.9
     1     1    14     9    12     6     0     0   -51.0   56.390    3.822     74.0   1017.1    287.9      0.0     85.8
     1     1    14     9    12     5     0     1   -52.0   56.469    3.866     75.9   1016.6    287.9      0.0     85.5
     1     1    14     9    12     4     0     2   -53.0   56.545    3.913     77.3   1016.2    288.0      0.0     85.2
     1     1    14     9    12     3     0     3   -54.0   56.620    3.963     77.8   1016.0    288.0      0.0     84.9
     1     1    14     9    12     2     0     2   -55.0   56.692    4.016     77.8   1016.5    288.0      0.0     84.4
     1     1    14     9    12     1     0     1   -56.0   56.755    4.076     77.8   1016.7    288.0      0.0     84.0
     1     1    14     9    12     0     0     0   -57.0   56.810    4.146     77.8   1016.9    288.1      0.0     83.7
     1     1    14     9    11    23     0     1   -58.0   56.867    4.216     77.8   1016.6    288.1      0.0     83.5
     1     1    14     9    11    22     0     2   -59.0   56.933    4.275     77.8   1016.4    288.2      0.0     83.2
     1     1    14     9    11    21     0     3   -60.0   57.008    4.323     77.8   1016.1    288.2      0.0     83.0
     1     1    14     9    11    20     0     2   -61.0   57.083    4.355     78.0   1015.8    288.2      0.0     82.1
     1     1    14     9    11    19     0     1   -62.0   57.149    4.369     78.2   1015.6    288.2      0.0     81.4
     1     1    14     9    11    18     0     0   -63.0   57.207    4.367     78.4   1015.5    288.2      0.0     80.8
     1     1    14     9    11    17     0     1   -64.0   57.258    4.364     78.1   1014.9    288.2      0.0     80.8
     1     1    14     9    11    16     0     2   -65.0   57.304    4.375     77.4   1014.4    288.2      0.0     80.8
     1     1    14     9    11    15     0     3   -66.0   57.344    4.400     76.4   1013.9    288.2      0.0     80.9
     1     1    14     9    11    14     0     2   -67.0   57.379    4.439     75.6   1014.5    288.2      0.0     80.9
     1     1    14     9    11    13     0     1   -68.0   57.411    4.492     74.9   1015.0    288.3      0.0     80.9
     1     1    14     9    11    12     0     0   -69.0   57.440    4.562     74.1   1015.5    288.3      0.0     80.9
     1     1    14     9    11    11     0     1   -70.0   57.465    4.638     73.4   1015.1    288.4      0.0     81.9
     1     1    14     9    11    10     0     2   -71.0   57.486    4.710     73.3   1014.5    288.4      0.0     82.8
     1     1    14     9    11     9     0     3   -72.0   57.505    4.777     73.7   1013.7    288.5      0.0     83.6
