     7     1
    GDAS    14     8    22     0     0
    GDAS    14     8    29     0     0
    GDAS    14     9     1     0     0
    GDAS    14     9     8     0     0
    GDAS    14     9    15     0     0
    GDAS    14     9    22     0     0
    GDAS    14     9    29     0     0
     1 BACKWARD OMEGA   
    14     9     5    20   56.467   -2.973   100.0
     4 PRESSURE AIR_TEMP RAINFALL RELHUMID
     1     1    14     9     5    20     0     2     0.0   56.467   -2.973    100.0    974.3    283.3      0.3     95.9
     1     1    14     9     5    19     0     1    -1.0   56.531   -2.863     76.9    978.7    283.9      0.6     95.6
     1     1    14     9     5    18     0     0    -2.0   56.596   -2.739     58.1    983.7    284.7      0.7     95.5
     1     1    14     9     5    17     0     1    -3.0   56.670   -2.622     44.0    987.3    285.2      0.3     94.6
     1     1    14     9     5    16     0     2    -4.0   56.754   -2.529     33.9    989.9    285.5      0.3     94.5
     1     1    14     9     5    15     0     3    -5.0   56.849   -2.451     26.2    992.3    285.8      0.6     95.2
     1     1    14     9     5    14     0     2    -6.0   56.946   -2.376     20.5    994.7    286.0      0.0     95.3
     1     1    14     9     5    13     0     1    -7.0   57.034   -2.309     16.9    998.1    286.2      0.0     94.6
     1     1    14     9     5    12     0     0    -8.0   57.112   -2.258     14.5   1001.7    286.3      0.0     93.3
     1     1    14     9     5    11     0     1    -9.0   57.183   -2.236     13.2   1004.1    286.5      0.0     91.7
     1     1    14     9     5    10     0     2   -10.0   57.251   -2.249     12.9   1004.8    286.6      0.0     90.8
     1     1    14     9     5     9     0     3   -11.0   57.316   -2.294     13.3   1004.4    286.7      0.0     90.5
     1     1    14     9     5     8     0     2   -12.0   57.373   -2.364     14.0   1003.1    286.3      0.0     90.9
     1     1    14     9     5     7     0     1   -13.0   57.414   -2.451     14.6   1001.4    286.0      0.0     91.3
     1     1    14     9     5     6     0     0   -14.0   57.438   -2.552     15.0    999.2    285.5      0.0     91.6
     1     1    14     9     5     5     0     1   -15.0   57.442   -2.672     15.9    996.0    285.4      0.0     90.5
     1     1    14     9     5     4     0     2   -16.0   57.427   -2.818     17.9    991.2    285.2      0.0     89.9
     1     1    14     9     5     3     0     3   -17.0   57.400   -2.991     22.0    984.6    285.0      0.0     90.0
     1     1    14     9     5     2     0     2   -18.0   57.363   -3.167     29.9    979.3    284.9      0.0     91.2
     1     1    14     9     5     1     0     1   -19.0   57.314   -3.321     42.8    973.1    285.0      0.0     92.1
     1     1    14     9     5     0     0     0   -20.0   57.252   -3.462     61.1    965.9    285.0      0.0     93.0
     1     1    14     9     4    23     0     1   -21.0   57.173   -3.589     83.7    957.2    285.2      0.0     93.8
     1     1    14     9     4    22     0     2   -22.0   57.078   -3.699    107.8    948.0    285.2      0.0     94.6
     1     1    14     9     4    21     0     3   -23.0   56.964   -3.792    131.7    941.8    285.4      0.0     94.3
     1     1    14     9     4    20     0     2   -24.0   56.846   -3.887    150.4    943.3    286.2      0.0     90.8
     1     1    14     9     4    19     0     1   -25.0   56.734   -4.006    160.5    946.2    286.9      0.0     87.5
     1     1    14     9     4    18     0     0   -26.0   56.629   -4.143    159.6    952.6    287.7      0.0     84.3
     1     1    14     9     4    17     0     1   -27.0   56.525   -4.280    149.3    960.2    288.3      0.1     82.1
     1     1    14     9     4    16     0     2   -28.0   56.415   -4.405    133.5    967.3    288.9      0.1     79.9
     1     1    14     9     4    15     0     3   -29.0   56.299   -4.516    112.1    974.3    289.5      0.0     77.8
     1     1    14     9     4    14     0     2   -30.0   56.186   -4.599     91.0    981.8    290.0      0.0     78.6
     1     1    14     9     4    13     0     1   -31.0   56.082   -4.637     75.5    988.1    290.2      0.0     81.1
     1     1    14     9     4    12     0     0   -32.0   55.992   -4.631     66.0    993.3    290.2      0.0     84.8
     1     1    14     9     4    11     0     1   -33.0   55.912   -4.593     60.5    994.4    289.4      0.0     86.7
     1     1    14     9     4    10     0     2   -34.0   55.838   -4.541     57.0    995.5    288.6      0.0     88.7
     1     1    14     9     4     9     0     3   -35.0   55.768   -4.474     54.3    996.4    288.0      0.0     90.9
     1     1    14     9     4     8     0     2   -36.0   55.697   -4.400     48.8    997.4    287.7      0.0     90.6
     1     1    14     9     4     7     0     1   -37.0   55.628   -4.326     38.3    999.0    287.2      0.0     90.9
     1     1    14     9     4     6     0     0   -38.0   55.565   -4.251     25.1   1001.0    286.4      0.0     91.7
     1     1    14     9     4     5     0     1   -39.0   55.513   -4.178     15.0   1003.5    285.8      0.0     91.0
     1     1    14     9     4     4     0     2   -40.0   55.465   -4.104      8.0   1004.2    285.5      0.0     90.3
     1     1    14     9     4     3     0     3   -41.0   55.424   -4.027      3.0   1004.4    285.2      0.0     89.7
     1     1    14     9     4     2     0     2   -42.0   55.385   -3.949      0.0   1004.5    284.9      0.0     88.2
     1     1    14     9     4     1     0     1   -43.0   55.347   -3.871      0.0   1004.7    284.6      0.0     86.6
     1     1    14     9     4     0     0     0   -44.0   55.310   -3.792      0.0   1004.8    284.3      0.0     85.0
     1     1    14     9     3    23     0     1   -45.0   55.271   -3.710      0.0   1005.0    284.6      0.0     82.6
     1     1    14     9     3    22     0     2   -46.0   55.228   -3.621      0.0   1005.4    284.7      0.0     80.3
     1     1    14     9     3    21     0     3   -47.0   55.181   -3.525      0.0   1006.0    284.8      0.0     78.0
     1     1    14     9     3    20     0     2   -48.0   55.131   -3.432      0.0   1006.4    286.2      0.0     75.5
     1     1    14     9     3    19     0     1   -49.0   55.076   -3.353      0.0   1006.9    287.6      0.0     72.7
     1     1    14     9     3    18     0     0   -50.0   55.016   -3.290      0.0   1007.3    289.0      0.0     69.4
     1     1    14     9     3    17     0     1   -51.0   54.949   -3.244      0.0   1007.3    289.9      0.0     67.6
     1     1    14     9     3    16     0     2   -52.0   54.876   -3.209      0.0   1007.5    290.6      0.0     65.7
     1     1    14     9     3    15     0     3   -53.0   54.796   -3.181      0.0   1007.6    291.2      0.0     63.7
     1     1    14     9     3    14     0     2   -54.0   54.710   -3.154      0.0   1009.8    291.1      0.0     63.6
     1     1    14     9     3    13     0     1   -55.0   54.619   -3.120      0.0   1012.1    291.0      0.0     63.2
     1     1    14     9     3    12     0     0   -56.0   54.520   -3.081      0.0   1014.5    290.9      0.0     62.3
     1     1    14     9     3    11     0     1   -57.0   54.419   -3.029      0.0   1016.1    290.1      0.0     65.0
     1     1    14     9     3    10     0     2   -58.0   54.327   -2.954      0.0   1016.4    289.5      0.0     68.4
     1     1    14     9     3     9     0     3   -59.0   54.246   -2.858      0.0   1015.0    288.8      0.0     72.6
     1     1    14     9     3     8     0     2   -60.0   54.171   -2.754      0.0   1012.7    288.1      0.0     74.4
     1     1    14     9     3     7     0     1   -61.0   54.099   -2.652      0.0   1010.2    287.3      0.0     76.3
     1     1    14     9     3     6     0     0   -62.0   54.030   -2.555      0.0   1007.5    286.2      0.0     78.3
     1     1    14     9     3     5     0     1   -63.0   53.966   -2.463      0.0   1004.8    285.6      0.0     79.4
     1     1    14     9     3     4     0     2   -64.0   53.911   -2.376      0.0   1002.4    285.0      0.0     80.7
     1     1    14     9     3     3     0     3   -65.0   53.865   -2.294      0.0   1000.3    284.3      0.0     81.6
     1     1    14     9     3     2     0     2   -66.0   53.826   -2.212      0.0    998.2    284.0      0.0     82.9
     1     1    14     9     3     1     0     1   -67.0   53.790   -2.126      0.0    996.2    283.6      0.0     84.3
     1     1    14     9     3     0     0     0   -68.0   53.757   -2.034      0.0    994.2    283.2      0.0     85.7
     1     1    14     9     2    23     0     1   -69.0   53.725   -1.935      0.0    995.3    284.2      0.0     82.8
     1     1    14     9     2    22     0     2   -70.0   53.694   -1.831      0.0    998.1    285.2      0.0     79.3
     1     1    14     9     2    21     0     3   -71.0   53.665   -1.722      0.0   1000.8    286.1      0.0     75.9
     1     1    14     9     2    20     0     2   -72.0   53.637   -1.610      0.0   1003.3    287.1      0.0     72.8
