     7     1
    GDAS    14     8    22     0     0
    GDAS    14     8    29     0     0
    GDAS    14     9     1     0     0
    GDAS    14     9     8     0     0
    GDAS    14     9    15     0     0
    GDAS    14     9    22     0     0
    GDAS    14     9    29     0     0
     1 BACKWARD OMEGA   
    14     9    15    14   56.467   -2.973   100.0
     4 PRESSURE AIR_TEMP RAINFALL RELHUMID
     1     1    14     9    15    14     0     2     0.0   56.467   -2.973    100.0    978.1    284.8      0.2     99.0
     1     1    14     9    15    13     0     1    -1.0   56.595   -2.824     51.2    988.0    285.1      0.0     98.4
     1     1    14     9    15    12     0     0    -2.0   56.713   -2.679     27.6    993.4    285.1      0.0     98.1
     1     1    14     9    15    11     0     1    -3.0   56.832   -2.523     15.6    997.6    285.3      0.0     97.6
     1     1    14     9    15    10     0     2    -4.0   56.959   -2.355      9.1   1003.6    285.6      0.0     96.6
     1     1    14     9    15     9     0     3    -5.0   57.099   -2.169      5.4   1013.7    286.2      0.0     94.4
     1     1    14     9    15     8     0     2    -6.0   57.240   -1.935      2.1   1022.3    286.4      0.0     92.1
     1     1    14     9    15     7     0     1    -7.0   57.368   -1.638      0.0   1023.6    286.3      0.0     89.9
     1     1    14     9    15     6     0     0    -8.0   57.491   -1.283      0.0   1024.9    286.4      0.0     87.5
     1     1    14     9    15     5     0     1    -9.0   57.609   -0.893      0.0   1025.3    286.5      0.0     84.5
     1     1    14     9    15     4     0     2   -10.0   57.710   -0.506      0.0   1025.7    286.4      0.0     82.2
     1     1    14     9    15     3     0     3   -11.0   57.787   -0.137      0.0   1026.1    286.4      0.0     80.1
     1     1    14     9    15     2     0     2   -12.0   57.865    0.237      0.0   1026.3    286.7      0.0     81.4
     1     1    14     9    15     1     0     1   -13.0   57.952    0.615      0.1   1026.5    286.8      0.0     80.0
     1     1    14     9    15     0     0     0   -14.0   58.035    0.966      0.2   1026.3    286.9      0.0     79.0
     1     1    14     9    14    23     0     1   -15.0   58.117    1.290      0.4   1026.7    287.1      0.0     78.3
     1     1    14     9    14    22     0     2   -16.0   58.201    1.586      0.7   1027.0    287.2      0.0     77.0
     1     1    14     9    14    21     0     3   -17.0   58.290    1.854      1.2   1027.4    287.3      0.0     75.2
     1     1    14     9    14    20     0     2   -18.0   58.382    2.096      1.6   1027.6    287.4      0.0     76.0
     1     1    14     9    14    19     0     1   -19.0   58.474    2.316      1.8   1027.9    287.4      0.0     76.9
     1     1    14     9    14    18     0     0   -20.0   58.567    2.511      1.9   1028.2    287.4      0.0     77.6
     1     1    14     9    14    17     0     1   -21.0   58.664    2.678      2.0   1028.5    287.4      0.0     79.3
     1     1    14     9    14    16     0     2   -22.0   58.768    2.814      2.4   1028.7    287.5      0.0     81.0
     1     1    14     9    14    15     0     3   -23.0   58.876    2.914      3.1   1029.0    287.6      0.0     82.5
     1     1    14     9    14    14     0     2   -24.0   58.982    2.986      3.8   1029.4    287.6      0.0     83.3
     1     1    14     9    14    13     0     1   -25.0   59.080    3.045      4.4   1029.7    287.6      0.0     83.9
     1     1    14     9    14    12     0     0   -26.0   59.167    3.098      4.8   1030.1    287.5      0.0     84.6
     1     1    14     9    14    11     0     1   -27.0   59.249    3.152      5.1   1030.3    287.6      0.0     84.8
     1     1    14     9    14    10     0     2   -28.0   59.330    3.209      5.3   1030.5    287.7      0.0     85.0
     1     1    14     9    14     9     0     3   -29.0   59.412    3.267      5.3   1030.5    287.8      0.0     85.2
     1     1    14     9    14     8     0     2   -30.0   59.495    3.323      5.4   1029.5    287.7      0.0     85.4
     1     1    14     9    14     7     0     1   -31.0   59.575    3.376      5.6   1028.7    287.7      0.0     85.6
     1     1    14     9    14     6     0     0   -32.0   59.653    3.426      6.0   1028.0    287.7      0.0     85.9
     1     1    14     9    14     5     0     1   -33.0   59.732    3.461      6.4   1028.2    287.7      0.0     84.3
     1     1    14     9    14     4     0     2   -34.0   59.815    3.465      7.0   1028.4    287.7      0.0     82.5
     1     1    14     9    14     3     0     3   -35.0   59.901    3.438      7.6   1028.6    287.6      0.0     80.7
     1     1    14     9    14     2     0     2   -36.0   59.976    3.394      8.2   1028.7    287.6      0.0     80.2
     1     1    14     9    14     1     0     1   -37.0   60.031    3.351      8.7   1028.8    287.6      0.0     79.7
     1     1    14     9    14     0     0     0   -38.0   60.069    3.312      8.9   1029.0    287.6      0.0     79.4
     1     1    14     9    13    23     0     1   -39.0   60.094    3.270      9.0   1029.2    287.6      0.0     79.9
     1     1    14     9    13    22     0     2   -40.0   60.109    3.217      9.2   1029.4    287.6      0.0     80.4
     1     1    14     9    13    21     0     3   -41.0   60.115    3.154      9.3   1029.5    287.7      0.0     80.8
     1     1    14     9    13    20     0     2   -42.0   60.111    3.081      9.3   1029.8    287.6      0.0     81.0
     1     1    14     9    13    19     0     1   -43.0   60.099    2.997      9.2   1030.1    287.4      0.0     81.3
     1     1    14     9    13    18     0     0   -44.0   60.081    2.901      9.0   1030.4    287.3      0.0     81.6
     1     1    14     9    13    17     0     1   -45.0   60.050    2.789      8.7   1030.6    287.3      0.0     81.4
     1     1    14     9    13    16     0     2   -46.0   59.999    2.660      8.6   1030.7    287.3      0.0     81.1
     1     1    14     9    13    15     0     3   -47.0   59.928    2.518      8.7   1030.9    287.3      0.0     80.5
     1     1    14     9    13    14     0     2   -48.0   59.843    2.378      8.9   1031.2    287.3      0.0     80.9
     1     1    14     9    13    13     0     1   -49.0   59.751    2.250      9.1   1031.6    287.3      0.0     81.1
     1     1    14     9    13    12     0     0   -50.0   59.651    2.134      9.5   1032.0    287.3      0.0     81.2
     1     1    14     9    13    11     0     1   -51.0   59.544    2.036      9.8   1030.6    287.2      0.0     81.3
     1     1    14     9    13    10     0     2   -52.0   59.429    1.960     10.1   1029.2    287.1      0.0     81.6
     1     1    14     9    13     9     0     3   -53.0   59.306    1.910     10.4   1027.8    287.0      0.0     82.1
     1     1    14     9    13     8     0     2   -54.0   59.186    1.879     10.6   1028.1    287.0      0.0     81.7
     1     1    14     9    13     7     0     1   -55.0   59.074    1.858     10.8   1028.4    287.1      0.0     81.3
     1     1    14     9    13     6     0     0   -56.0   58.969    1.845     10.9   1028.8    287.1      0.0     80.9
     1     1    14     9    13     5     0     1   -57.0   58.869    1.831     11.0   1028.6    287.1      0.0     80.0
     1     1    14     9    13     4     0     2   -58.0   58.769    1.806     11.5   1028.3    287.1      0.0     79.3
     1     1    14     9    13     3     0     3   -59.0   58.669    1.772     12.4   1027.9    287.0      0.0     78.8
     1     1    14     9    13     2     0     2   -60.0   58.573    1.735     13.4   1027.8    287.0      0.0     78.3
     1     1    14     9    13     1     0     1   -61.0   58.481    1.703     14.5   1027.8    287.0      0.0     77.9
     1     1    14     9    13     0     0     0   -62.0   58.393    1.673     15.5   1027.9    287.0      0.0     77.4
     1     1    14     9    12    23     0     1   -63.0   58.308    1.645     16.5   1026.8    287.1      0.0     77.9
     1     1    14     9    12    22     0     2   -64.0   58.225    1.617     17.5   1025.7    287.1      0.0     78.6
     1     1    14     9    12    21     0     3   -65.0   58.143    1.588     18.6   1024.5    287.2      0.0     79.5
     1     1    14     9    12    20     0     2   -66.0   58.066    1.560     19.7   1024.5    287.1      0.0     79.3
     1     1    14     9    12    19     0     1   -67.0   57.999    1.536     20.4   1024.7    287.1      0.0     79.0
     1     1    14     9    12    18     0     0   -68.0   57.943    1.518     20.7   1024.8    287.1      0.0     78.5
     1     1    14     9    12    17     0     1   -69.0   57.892    1.495     20.8   1024.1    287.1      0.0     79.6
     1     1    14     9    12    16     0     2   -70.0   57.837    1.458     21.4   1023.3    287.1      0.0     80.8
     1     1    14     9    12    15     0     3   -71.0   57.779    1.407     22.3   1022.5    287.1      0.0     82.1
     1     1    14     9    12    14     0     2   -72.0   57.721    1.352     23.3   1023.6    287.1      0.0     82.2
