     7     1
    GDAS    14     8    22     0     0
    GDAS    14     8    29     0     0
    GDAS    14     9     1     0     0
    GDAS    14     9     8     0     0
    GDAS    14     9    15     0     0
    GDAS    14     9    22     0     0
    GDAS    14     9    29     0     0
     1 BACKWARD OMEGA   
    14     9    17     4   56.467   -2.973   100.0
     4 PRESSURE AIR_TEMP RAINFALL RELHUMID
     1     1    14     9    17     4     0     2     0.0   56.467   -2.973    100.0    974.6    282.6      0.0     89.2
     1     1    14     9    17     3     0     3    -1.0   56.494   -2.949    113.8    973.5    282.9      0.0     90.4
     1     1    14     9    17     2     0     2    -2.0   56.515   -2.937    135.5    971.1    283.2      0.0     91.0
     1     1    14     9    17     1     0     1    -3.0   56.526   -2.921    162.6    967.9    283.4      0.0     91.5
     1     1    14     9    17     0     0     0    -4.0   56.529   -2.898    192.3    964.9    283.5      0.0     92.0
     1     1    14     9    16    23     0     1    -5.0   56.519   -2.856    220.6    963.0    283.8      0.0     92.5
     1     1    14     9    16    22     0     2    -6.0   56.497   -2.782    242.7    963.6    284.2      0.0     93.0
     1     1    14     9    16    21     0     3    -7.0   56.462   -2.679    261.0    965.7    284.5      0.0     93.2
     1     1    14     9    16    20     0     2    -8.0   56.422   -2.566    278.2    967.3    284.8      0.0     92.3
     1     1    14     9    16    19     0     1    -9.0   56.379   -2.461    295.1    968.3    285.0      0.0     91.6
     1     1    14     9    16    18     0     0   -10.0   56.333   -2.364    310.2    969.1    285.1      0.0     91.0
     1     1    14     9    16    17     0     1   -11.0   56.278   -2.264    323.8    970.3    285.2      0.0     91.4
     1     1    14     9    16    16     0     2   -12.0   56.212   -2.150    339.0    971.3    285.3      0.0     91.8
     1     1    14     9    16    15     0     3   -13.0   56.132   -2.022    361.0    971.3    285.2      0.0     92.3
     1     1    14     9    16    14     0     2   -14.0   56.042   -1.895    385.9    968.3    285.0      0.0     93.8
     1     1    14     9    16    13     0     1   -15.0   55.952   -1.781    403.8    965.8    284.9      0.0     94.9
     1     1    14     9    16    12     0     0   -16.0   55.858   -1.678    412.5    964.1    284.9      0.0     95.6
     1     1    14     9    16    11     0     1   -17.0   55.769   -1.571    418.4    963.8    284.8      0.0     96.0
     1     1    14     9    16    10     0     2   -18.0   55.690   -1.450    427.8    963.1    284.7      0.0     96.3
     1     1    14     9    16     9     0     3   -19.0   55.621   -1.317    440.9    962.5    284.6      0.0     96.6
     1     1    14     9    16     8     0     2   -20.0   55.558   -1.180    452.4    961.7    284.6      0.0     96.8
     1     1    14     9    16     7     0     1   -21.0   55.498   -1.044    456.0    962.9    284.8      0.0     97.1
     1     1    14     9    16     6     0     0   -22.0   55.437   -0.910    451.3    964.0    284.8      0.0     97.4
     1     1    14     9    16     5     0     1   -23.0   55.372   -0.787    445.7    965.5    285.2      0.0     94.8
     1     1    14     9    16     4     0     2   -24.0   55.301   -0.683    446.9    965.3    285.4      0.0     92.0
     1     1    14     9    16     3     0     3   -25.0   55.225   -0.597    456.2    964.1    285.6      0.0     89.1
     1     1    14     9    16     2     0     2   -26.0   55.146   -0.506    472.2    962.1    285.5      0.0     89.8
     1     1    14     9    16     1     0     1   -27.0   55.066   -0.389    492.8    959.8    285.4      0.0     90.4
     1     1    14     9    16     0     0     0   -28.0   54.984   -0.246    518.2    956.9    285.2      0.0     91.1
     1     1    14     9    15    23     0     1   -29.0   54.901   -0.095    545.6    952.8    285.0      0.0     91.5
     1     1    14     9    15    22     0     2   -30.0   54.786    0.066    547.8    950.7    285.6      0.0     82.3
     1     1    14     9    15    21     0     3   -31.0   54.638    0.258    523.0    956.0    286.0      0.0     80.1
     1     1    14     9    15    20     0     2   -32.0   54.495    0.468    504.4    959.3    286.3      0.0     79.7
     1     1    14     9    15    19     0     1   -33.0   54.369    0.686    500.1    959.4    286.3      0.0     79.0
     1     1    14     9    15    18     0     0   -34.0   54.257    0.906    504.8    958.4    286.2      0.0     77.7
     1     1    14     9    15    17     0     1   -35.0   54.152    1.116    512.6    957.1    286.4      0.0     75.7
     1     1    14     9    15    16     0     2   -36.0   54.051    1.308    518.8    956.2    286.5      0.0     75.1
     1     1    14     9    15    15     0     3   -37.0   53.945    1.480    520.7    955.8    286.6      0.0     74.9
     1     1    14     9    15    14     0     2   -38.0   53.839    1.646    516.8    956.4    286.7      0.0     76.0
     1     1    14     9    15    13     0     1   -39.0   53.735    1.816    508.7    958.0    286.8      0.0     76.5
     1     1    14     9    15    12     0     0   -40.0   53.631    1.989    501.7    959.4    286.8      0.0     76.6
     1     1    14     9    15    11     0     1   -41.0   53.526    2.173    498.6    959.7    286.8      0.0     76.4
     1     1    14     9    15    10     0     2   -42.0   53.420    2.372    500.9    959.5    286.8      0.0     76.4
     1     1    14     9    15     9     0     3   -43.0   53.310    2.580    511.0    958.3    286.6      0.0     76.4
     1     1    14     9    15     8     0     2   -44.0   53.204    2.784    527.7    956.2    286.4      0.0     78.3
     1     1    14     9    15     7     0     1   -45.0   53.109    2.974    547.5    953.9    286.1      0.0     79.6
     1     1    14     9    15     6     0     0   -46.0   53.023    3.146    565.9    951.6    285.9      0.0     81.1
     1     1    14     9    15     5     0     1   -47.0   52.942    3.309    573.0    949.9    285.9      0.0     81.4
     1     1    14     9    15     4     0     2   -48.0   52.860    3.468    565.0    950.9    286.0      0.0     81.2
     1     1    14     9    15     3     0     3   -49.0   52.766    3.622    547.9    952.8    286.1      0.0     80.5
     1     1    14     9    15     2     0     2   -50.0   52.677    3.780    532.4    955.8    286.4      0.0     81.2
     1     1    14     9    15     1     0     1   -51.0   52.609    3.955    523.9    957.1    286.5      0.0     82.0
     1     1    14     9    15     0     0     0   -52.0   52.557    4.147    520.3    957.8    286.6      0.0     82.5
     1     1    14     9    14    23     0     1   -53.0   52.521    4.338    522.8    958.0    286.7      0.0     81.6
     1     1    14     9    14    22     0     2   -54.0   52.496    4.504    534.1    956.9    286.7      0.0     81.3
     1     1    14     9    14    21     0     3   -55.0   52.482    4.638    555.6    954.8    286.6      0.0     81.4
     1     1    14     9    14    20     0     2   -56.0   52.484    4.760    581.8    951.3    286.3      0.0     82.8
     1     1    14     9    14    19     0     1   -57.0   52.506    4.893    606.3    948.7    286.1      0.0     84.7
     1     1    14     9    14    18     0     0   -58.0   52.548    5.037    628.7    946.4    285.8      0.0     87.0
     1     1    14     9    14    17     0     1   -59.0   52.610    5.182    644.7    944.0    285.7      0.0     87.1
     1     1    14     9    14    16     0     2   -60.0   52.698    5.313    652.8    943.4    285.6      0.0     87.8
     1     1    14     9    14    15     0     3   -61.0   52.816    5.424    656.9    943.4    285.4      0.0     89.2
     1     1    14     9    14    14     0     2   -62.0   52.954    5.530    660.7    944.0    285.3      0.0     89.5
     1     1    14     9    14    13     0     1   -63.0   53.094    5.660    658.6    944.5    285.2      0.0     89.4
     1     1    14     9    14    12     0     0   -64.0   53.241    5.824    647.3    946.7    285.3      0.0     89.9
     1     1    14     9    14    11     0     1   -65.0   53.403    6.028    634.6    949.1    285.0      0.0     92.6
     1     1    14     9    14    10     0     2   -66.0   53.583    6.267    628.7    950.1    284.7      0.0     94.5
     1     1    14     9    14     9     0     3   -67.0   53.777    6.521    628.8    949.9    284.3      0.0     96.5
     1     1    14     9    14     8     0     2   -68.0   53.989    6.778    623.2    949.7    284.2      0.0     97.3
     1     1    14     9    14     7     0     1   -69.0   54.213    7.056    607.8    952.2    284.3      0.0     97.8
     1     1    14     9    14     6     0     0   -70.0   54.446    7.372    595.2    954.7    284.3      0.0     98.1
     1     1    14     9    14     5     0     1   -71.0   54.676    7.725    593.2    955.3    284.4      0.0     94.8
     1     1    14     9    14     4     0     2   -72.0   54.892    8.103    603.6    954.1    284.6      0.0     90.0
