     7     1
    GDAS    14     8    22     0     0
    GDAS    14     8    29     0     0
    GDAS    14     9     1     0     0
    GDAS    14     9     8     0     0
    GDAS    14     9    15     0     0
    GDAS    14     9    22     0     0
    GDAS    14     9    29     0     0
     1 BACKWARD OMEGA   
    14     9     6    19   56.467   -2.973   100.0
     4 PRESSURE AIR_TEMP RAINFALL RELHUMID
     1     1    14     9     6    19     0     1     0.0   56.467   -2.973    100.0    970.9    283.4      0.0     81.1
     1     1    14     9     6    18     0     0    -1.0   56.534   -3.270    147.2    961.0    283.5      0.3     79.8
     1     1    14     9     6    17     0     1    -2.0   56.598   -3.594    182.9    948.9    282.8      0.3     79.4
     1     1    14     9     6    16     0     2    -3.0   56.661   -3.921    184.9    941.6    282.4      0.3     78.9
     1     1    14     9     6    15     0     3    -4.0   56.725   -4.232    159.9    944.4    282.8      0.3     76.9
     1     1    14     9     6    14     0     2    -5.0   56.784   -4.515    126.4    950.8    283.1      0.3     78.3
     1     1    14     9     6    13     0     1    -6.0   56.826   -4.762     96.8    956.5    283.6      0.3     79.8
     1     1    14     9     6    12     0     0    -7.0   56.851   -4.973     74.9    961.7    284.4      0.3     81.2
     1     1    14     9     6    11     0     1    -8.0   56.870   -5.167     57.7    969.9    284.2      0.0     83.2
     1     1    14     9     6    10     0     2    -9.0   56.896   -5.364     40.5    978.3    284.0      0.0     84.8
     1     1    14     9     6     9     0     3   -10.0   56.927   -5.566     23.6    988.0    284.2      0.3     86.0
     1     1    14     9     6     8     0     2   -11.0   56.966   -5.757     11.9    997.6    284.5      0.0     85.8
     1     1    14     9     6     7     0     1   -12.0   57.018   -5.930      4.1   1004.4    284.9      0.0     85.3
     1     1    14     9     6     6     0     0   -13.0   57.085   -6.095      0.0   1008.6    285.4      0.0     84.5
     1     1    14     9     6     5     0     1   -14.0   57.176   -6.277      0.0   1010.0    285.5      0.0     82.4
     1     1    14     9     6     4     0     2   -15.0   57.294   -6.499      0.0   1011.5    285.8      0.0     81.0
     1     1    14     9     6     3     0     3   -16.0   57.430   -6.770      0.0   1012.6    285.9      0.0     80.4
     1     1    14     9     6     2     0     2   -17.0   57.584   -7.076      0.0   1012.6    285.9      0.0     80.1
     1     1    14     9     6     1     0     1   -18.0   57.747   -7.394      0.0   1013.5    286.0      0.0     79.4
     1     1    14     9     6     0     0     0   -19.0   57.909   -7.727      0.0   1015.3    286.3      0.0     78.2
     1     1    14     9     5    23     0     1   -20.0   58.082   -8.075      0.0   1017.3    286.5      0.0     78.0
     1     1    14     9     5    22     0     2   -21.0   58.274   -8.418      0.0   1017.5    286.5      0.0     77.6
     1     1    14     9     5    21     0     3   -22.0   58.482   -8.744      0.0   1017.9    286.5      0.0     76.7
     1     1    14     9     5    20     0     2   -23.0   58.716   -9.077      0.1   1017.9    286.4      0.0     76.2
     1     1    14     9     5    19     0     1   -24.0   58.978   -9.442      0.4   1017.9    286.2      0.0     76.6
     1     1    14     9     5    18     0     0   -25.0   59.264   -9.830      0.8   1017.7    286.2      0.0     77.2
     1     1    14     9     5    17     0     1   -26.0   59.562  -10.229      1.2   1017.8    286.1      0.0     77.2
     1     1    14     9     5    16     0     2   -27.0   59.861  -10.642      1.5   1017.8    285.9      0.0     77.4
     1     1    14     9     5    15     0     3   -28.0   60.160  -11.068      1.9   1017.8    285.8      0.0     77.4
     1     1    14     9     5    14     0     2   -29.0   60.460  -11.474      2.5   1017.7    285.8      0.0     77.7
     1     1    14     9     5    13     0     1   -30.0   60.761  -11.844      3.3   1017.6    285.7      0.0     78.3
     1     1    14     9     5    12     0     0   -31.0   61.062  -12.177      4.4   1017.4    285.6      0.0     79.1
     1     1    14     9     5    11     0     1   -32.0   61.364  -12.466      5.5   1018.5    285.5      0.0     79.0
     1     1    14     9     5    10     0     2   -33.0   61.672  -12.713      6.3   1018.6    285.3      0.0     78.6
     1     1    14     9     5     9     0     3   -34.0   61.985  -12.926      7.0   1017.4    285.2      0.0     78.0
     1     1    14     9     5     8     0     2   -35.0   62.300  -13.086      7.8   1018.2    284.9      0.0     78.1
     1     1    14     9     5     7     0     1   -36.0   62.614  -13.178      8.6   1018.0    284.7      0.0     78.3
     1     1    14     9     5     6     0     0   -37.0   62.930  -13.205      9.3   1017.1    284.5      0.0     78.4
     1     1    14     9     5     5     0     1   -38.0   63.254  -13.180     10.0   1017.0    284.3      0.0     79.4
     1     1    14     9     5     4     0     2   -39.0   63.583  -13.111     10.7   1016.8    284.0      0.0     80.1
     1     1    14     9     5     3     0     3   -40.0   63.919  -13.004     11.7   1016.6    283.7      0.0     80.2
     1     1    14     9     5     2     0     2   -41.0   64.248  -12.884     13.7   1017.1    283.6      0.0     80.6
     1     1    14     9     5     1     0     1   -42.0   64.554  -12.780     16.8   1017.3    283.4      0.0     80.8
     1     1    14     9     5     0     0     0   -43.0   64.838  -12.694     21.0   1017.3    283.2      0.0     80.3
     1     1    14     9     4    23     0     1   -44.0   65.097  -12.621     25.7   1015.5    283.0      0.0     80.6
     1     1    14     9     4    22     0     2   -45.0   65.331  -12.547     30.2   1013.7    282.9      0.0     81.4
     1     1    14     9     4    21     0     3   -46.0   65.543  -12.458     33.9   1012.6    282.8      0.0     82.3
     1     1    14     9     4    20     0     2   -47.0   65.743  -12.370     36.7   1011.8    282.6      0.0     82.4
     1     1    14     9     4    19     0     1   -48.0   65.938  -12.307     38.7   1011.0    282.5      0.0     82.1
     1     1    14     9     4    18     0     0   -49.0   66.130  -12.280     40.9   1010.0    282.3      0.0     81.5
     1     1    14     9     4    17     0     1   -50.0   66.307  -12.281     43.4   1009.9    282.3      0.0     81.6
     1     1    14     9     4    16     0     2   -51.0   66.466  -12.307     46.1   1009.8    282.2      0.0     81.9
     1     1    14     9     4    15     0     3   -52.0   66.616  -12.366     48.7   1009.6    282.1      0.0     82.3
     1     1    14     9     4    14     0     2   -53.0   66.765  -12.465     50.6   1009.3    282.0      0.0     82.9
     1     1    14     9     4    13     0     1   -54.0   66.914  -12.607     51.9   1009.0    281.9      0.0     83.5
     1     1    14     9     4    12     0     0   -55.0   67.060  -12.797     52.3   1008.8    281.8      0.0     84.0
     1     1    14     9     4    11     0     1   -56.0   67.205  -13.027     52.9   1009.0    281.8      0.0     84.1
     1     1    14     9     4    10     0     2   -57.0   67.351  -13.290     54.7   1008.6    281.6      0.0     84.3
     1     1    14     9     4     9     0     3   -58.0   67.500  -13.589     57.8   1007.9    281.4      0.0     84.2
     1     1    14     9     4     8     0     2   -59.0   67.659  -13.940     61.3   1006.2    281.0      0.0     84.3
     1     1    14     9     4     7     0     1   -60.0   67.830  -14.355     63.8   1005.1    280.6      0.0     84.6
     1     1    14     9     4     6     0     0   -61.0   68.011  -14.831     65.3   1004.4    280.2      0.0     84.4
     1     1    14     9     4     5     0     1   -62.0   68.205  -15.327     66.9   1003.8    279.9      0.0     84.9
     1     1    14     9     4     4     0     2   -63.0   68.416  -15.814     69.3   1002.8    279.4      0.0     85.3
     1     1    14     9     4     3     0     3   -64.0   68.649  -16.299     71.1   1001.8    278.8      0.0     85.2
     1     1    14     9     4     2     0     2   -65.0   68.900  -16.800     72.8   1001.0    278.3      0.7     85.6
     1     1    14     9     4     1     0     1   -66.0   69.162  -17.317     76.6   1000.1    277.9      0.7     86.2
     1     1    14     9     4     0     0     0   -67.0   69.435  -17.823     86.1    998.9    277.4      0.7     86.5
     1     1    14     9     3    23     0     1   -68.0   69.734  -18.287    100.9    995.8    276.8      0.2     86.8
     1     1    14     9     3    22     0     2   -69.0   70.078  -18.678    117.6    992.9    276.2      0.2     87.5
     1     1    14     9     3    21     0     3   -70.0   70.474  -18.979    134.1    990.3    275.7      0.2     87.9
     1     1    14     9     3    20     0     2   -71.0   70.918  -19.208    148.9    987.4    275.3      0.3     88.2
     1     1    14     9     3    19     0     1   -72.0   71.397  -19.383    162.7    984.9    275.1      0.3     87.6
