     7     1
    GDAS    14     8    22     0     0
    GDAS    14     8    29     0     0
    GDAS    14     9     1     0     0
    GDAS    14     9     8     0     0
    GDAS    14     9    15     0     0
    GDAS    14     9    22     0     0
    GDAS    14     9    29     0     0
     1 BACKWARD OMEGA   
    14     9     4    13   56.467   -2.973   100.0
     4 PRESSURE AIR_TEMP RAINFALL RELHUMID
     1     1    14     9     4    13     0     1     0.0   56.467   -2.973    100.0    977.5    289.4      0.0     81.3
     1     1    14     9     4    12     0     0    -1.0   56.371   -2.908     89.0    984.5    289.7      0.0     79.9
     1     1    14     9     4    11     0     1    -2.0   56.277   -2.835     87.5    989.3    289.2      0.0     81.6
     1     1    14     9     4    10     0     2    -3.0   56.172   -2.766     97.4    992.2    288.8      0.0     82.8
     1     1    14     9     4     9     0     3    -4.0   56.046   -2.706    119.8    993.8    288.7      0.0     83.3
     1     1    14     9     4     8     0     2    -5.0   55.900   -2.651    151.1    990.8    288.3      0.0     83.7
     1     1    14     9     4     7     0     1    -6.0   55.739   -2.595    181.4    985.8    287.8      0.0     84.4
     1     1    14     9     4     6     0     0    -7.0   55.569   -2.541    208.6    981.3    287.5      0.0     85.1
     1     1    14     9     4     5     0     1    -8.0   55.397   -2.483    232.5    976.9    287.3      0.0     84.6
     1     1    14     9     4     4     0     2    -9.0   55.232   -2.411    251.6    972.7    287.1      0.0     83.9
     1     1    14     9     4     3     0     3   -10.0   55.074   -2.321    262.2    968.6    286.9      0.0     83.1
     1     1    14     9     4     2     0     2   -11.0   54.921   -2.209    261.1    966.6    286.8      0.0     83.9
     1     1    14     9     4     1     0     1   -12.0   54.773   -2.072    246.8    966.4    286.6      0.0     85.2
     1     1    14     9     4     0     0     0   -13.0   54.635   -1.913    222.4    970.2    286.7      0.0     85.9
     1     1    14     9     3    23     0     1   -14.0   54.510   -1.731    196.2    977.8    287.1      0.0     84.9
     1     1    14     9     3    22     0     2   -15.0   54.398   -1.519    177.8    985.5    287.5      0.0     83.8
     1     1    14     9     3    21     0     3   -16.0   54.294   -1.275    178.3    991.6    288.0      0.0     82.5
     1     1    14     9     3    20     0     2   -17.0   54.199   -1.016    206.7    993.7    288.6      0.0     79.1
     1     1    14     9     3    19     0     1   -18.0   54.109   -0.768    252.2    987.0    288.7      0.0     76.9
     1     1    14     9     3    18     0     0   -19.0   54.020   -0.536    302.5    980.1    288.6      0.0     75.8
     1     1    14     9     3    17     0     1   -20.0   53.938   -0.316    358.9    973.4    288.2      0.0     75.9
     1     1    14     9     3    16     0     2   -21.0   53.869   -0.098    422.6    966.3    287.7      0.0     76.5
     1     1    14     9     3    15     0     3   -22.0   53.829    0.125    449.4    964.8    286.9      0.0     80.2
     1     1    14     9     3    14     0     2   -23.0   53.815    0.343    438.3    972.6    287.2      0.0     80.3
     1     1    14     9     3    13     0     1   -24.0   53.800    0.536    437.6    973.2    287.1      0.0     80.9
     1     1    14     9     3    12     0     0   -25.0   53.783    0.706    443.7    972.8    287.0      0.0     81.4
     1     1    14     9     3    11     0     1   -26.0   53.760    0.868    451.6    971.7    286.8      0.0     81.2
     1     1    14     9     3    10     0     2   -27.0   53.731    1.035    456.9    971.1    286.7      0.0     81.1
     1     1    14     9     3     9     0     3   -28.0   53.696    1.210    458.4    971.0    286.7      0.0     80.6
     1     1    14     9     3     8     0     2   -29.0   53.659    1.390    459.6    971.1    286.8      0.0     79.5
     1     1    14     9     3     7     0     1   -30.0   53.626    1.566    464.1    970.4    286.8      0.0     78.7
     1     1    14     9     3     6     0     0   -31.0   53.598    1.736    472.6    969.2    286.8      0.0     78.1
     1     1    14     9     3     5     0     1   -32.0   53.568    1.905    482.1    967.6    286.7      0.0     78.8
     1     1    14     9     3     4     0     2   -33.0   53.531    2.077    489.4    966.7    286.7      0.0     79.5
     1     1    14     9     3     3     0     3   -34.0   53.487    2.253    495.0    966.0    286.8      0.0     80.5
     1     1    14     9     3     2     0     2   -35.0   53.439    2.437    500.4    965.7    286.8      0.0     80.4
     1     1    14     9     3     1     0     1   -36.0   53.393    2.632    505.6    965.1    286.8      0.0     80.6
     1     1    14     9     3     0     0     0   -37.0   53.353    2.840    508.6    964.8    286.8      0.0     81.0
     1     1    14     9     2    23     0     1   -38.0   53.319    3.067    511.0    964.7    287.0      0.0     79.6
     1     1    14     9     2    22     0     2   -39.0   53.292    3.312    516.7    964.1    287.0      0.0     78.3
     1     1    14     9     2    21     0     3   -40.0   53.270    3.567    527.6    962.8    287.0      0.0     78.8
     1     1    14     9     2    20     0     2   -41.0   53.260    3.812    542.4    960.9    286.9      0.0     79.9
     1     1    14     9     2    19     0     1   -42.0   53.266    4.031    558.2    959.0    286.8      0.0     80.4
     1     1    14     9     2    18     0     0   -43.0   53.290    4.230    574.9    957.1    286.7      0.0     80.4
     1     1    14     9     2    17     0     1   -44.0   53.328    4.413    595.7    954.9    286.5      0.0     80.8
     1     1    14     9     2    16     0     2   -45.0   53.382    4.578    622.0    951.6    286.3      0.0     82.6
     1     1    14     9     2    15     0     3   -46.0   53.452    4.723    651.6    947.9    285.9      0.0     85.8
     1     1    14     9     2    14     0     2   -47.0   53.524    4.863    680.7    944.3    285.6      0.0     87.1
     1     1    14     9     2    13     0     1   -48.0   53.586    5.014    707.2    941.5    285.4      0.0     88.2
     1     1    14     9     2    12     0     0   -49.0   53.639    5.179    730.7    938.9    285.1      0.0     88.4
     1     1    14     9     2    11     0     1   -50.0   53.691    5.341    749.0    936.3    285.0      0.0     87.7
     1     1    14     9     2    10     0     2   -51.0   53.756    5.491    761.3    934.5    284.8      0.0     88.2
     1     1    14     9     2     9     0     3   -52.0   53.834    5.632    767.2    933.4    284.7      0.0     90.1
     1     1    14     9     2     8     0     2   -53.0   53.922    5.773    772.1    933.2    284.7      0.0     91.3
     1     1    14     9     2     7     0     1   -54.0   54.020    5.920    782.6    931.9    284.5      0.0     93.2
     1     1    14     9     2     6     0     0   -55.0   54.129    6.074    798.3    929.8    284.4      0.0     93.7
     1     1    14     9     2     5     0     1   -56.0   54.235    6.232    811.1    927.5    284.4      0.0     92.5
     1     1    14     9     2     4     0     2   -57.0   54.332    6.396    813.4    927.1    284.5      0.0     92.5
     1     1    14     9     2     3     0     3   -58.0   54.423    6.567    804.8    927.9    284.6      0.1     93.5
     1     1    14     9     2     2     0     2   -59.0   54.510    6.735    791.9    929.8    284.7      0.1     94.3
     1     1    14     9     2     1     0     1   -60.0   54.600    6.890    782.2    930.7    284.8      0.1     95.7
     1     1    14     9     2     0     0     0   -61.0   54.693    7.036    774.9    931.2    284.8      0.1     97.3
     1     1    14     9     1    23     0     1   -62.0   54.774    7.175    762.8    931.6    284.7      0.0     96.6
     1     1    14     9     1    22     0     2   -63.0   54.834    7.307    741.3    934.1    284.8      0.0     96.2
     1     1    14     9     1    21     0     3   -64.0   54.876    7.433    715.1    937.1    284.9      0.0     96.0
     1     1    14     9     1    20     0     2   -65.0   54.903    7.573    682.5    940.1    285.0      0.1     96.1
     1     1    14     9     1    19     0     1   -66.0   54.919    7.760    634.3    944.9    285.2      0.1     96.6
     1     1    14     9     1    18     0     0   -67.0   54.923    8.013    560.9    952.1    285.7      0.1     97.3
     1     1    14     9     1    17     0     1   -68.0   54.927    8.309    498.1    962.1    286.3      0.1     95.9
     1     1    14     9     1    16     0     2   -69.0   54.931    8.638    462.7    963.3    286.4      0.2     95.5
     1     1    14     9     1    15     0     3   -70.0   54.934    9.046    433.2    964.3    286.6      0.2     95.2
     1     1    14     9     1    14     0     2   -71.0   54.938    9.503    414.0    969.3    286.7      0.1     94.1
     1     1    14     9     1    13     0     1   -72.0   54.941    9.969    400.4    970.9    286.8      0.1     93.9
