     7     1
    GDAS    14     8    22     0     0
    GDAS    14     8    29     0     0
    GDAS    14     9     1     0     0
    GDAS    14     9     8     0     0
    GDAS    14     9    15     0     0
    GDAS    14     9    22     0     0
    GDAS    14     9    29     0     0
     1 BACKWARD OMEGA   
    14     9    12    11   56.467   -2.973   100.0
     4 PRESSURE AIR_TEMP RAINFALL RELHUMID
     1     1    14     9    12    11     0     1     0.0   56.467   -2.973    100.0    983.1    286.4      0.0     84.5
     1     1    14     9    12    10     0     2    -1.0   56.426   -2.960     98.7    984.8    286.0      0.0     87.2
     1     1    14     9    12     9     0     3    -2.0   56.384   -2.924    101.8    986.5    285.5      0.0     90.1
     1     1    14     9    12     8     0     2    -3.0   56.341   -2.875    107.9    988.2    284.7      0.0     90.7
     1     1    14     9    12     7     0     1    -4.0   56.302   -2.827    115.7    989.4    284.2      0.0     91.2
     1     1    14     9    12     6     0     0    -5.0   56.269   -2.782    124.6    990.3    283.7      0.0     91.6
     1     1    14     9    12     5     0     1    -6.0   56.234   -2.726    132.2    991.2    284.2      0.0     91.1
     1     1    14     9    12     4     0     2    -7.0   56.192   -2.647    135.9    993.1    284.7      0.0     90.1
     1     1    14     9    12     3     0     3    -8.0   56.140   -2.544    136.6    995.7    285.2      0.0     88.7
     1     1    14     9    12     2     0     2    -9.0   56.077   -2.428    136.1    998.8    285.6      0.0     86.9
     1     1    14     9    12     1     0     1   -10.0   56.001   -2.310    136.0   1001.3    286.0      0.0     85.0
     1     1    14     9    12     0     0     0   -11.0   55.916   -2.193    135.9   1001.2    286.0      0.0     83.5
     1     1    14     9    11    23     0     1   -12.0   55.819   -2.080    137.3   1000.3    285.9      0.0     81.6
     1     1    14     9    11    22     0     2   -13.0   55.712   -1.970    141.3    998.2    285.8      0.0     79.9
     1     1    14     9    11    21     0     3   -14.0   55.602   -1.859    147.0    996.3    285.8      0.0     78.3
     1     1    14     9    11    20     0     2   -15.0   55.497   -1.743    150.2    994.8    286.1      0.0     77.5
     1     1    14     9    11    19     0     1   -16.0   55.402   -1.614    148.1    995.7    286.4      0.0     76.7
     1     1    14     9    11    18     0     0   -17.0   55.315   -1.467    144.5    998.1    286.6      0.0     75.7
     1     1    14     9    11    17     0     1   -18.0   55.234   -1.304    145.7   1000.8    286.7      0.0     75.1
     1     1    14     9    11    16     0     2   -19.0   55.158   -1.125    157.3   1002.7    286.4      0.0     75.0
     1     1    14     9    11    15     0     3   -20.0   55.088   -0.925    181.7   1002.0    286.0      0.0     75.3
     1     1    14     9    11    14     0     2   -21.0   55.022   -0.728    215.2    997.9    285.7      0.0     76.2
     1     1    14     9    11    13     0     1   -22.0   54.959   -0.557    253.2    993.5    285.4      0.0     77.2
     1     1    14     9    11    12     0     0   -23.0   54.899   -0.418    295.3    988.1    285.0      0.0     78.4
     1     1    14     9    11    11     0     1   -24.0   54.838   -0.303    336.1    981.7    284.4      0.0     81.3
     1     1    14     9    11    10     0     2   -25.0   54.774   -0.199    368.3    977.1    283.9      0.0     84.4
     1     1    14     9    11     9     0     3   -26.0   54.704   -0.100    389.7    973.8    283.5      0.0     87.7
     1     1    14     9    11     8     0     2   -27.0   54.637   -0.006    400.1    972.0    283.4      0.0     87.5
     1     1    14     9    11     7     0     1   -28.0   54.605    0.091    408.1    974.6    283.2      0.0     86.8
     1     1    14     9    11     6     0     0   -29.0   54.606    0.196    415.7    973.2    283.1      0.0     87.0
     1     1    14     9    11     5     0     1   -30.0   54.616    0.302    423.0    972.8    283.1      0.0     87.1
     1     1    14     9    11     4     0     2   -31.0   54.630    0.409    434.5    971.5    283.1      0.0     87.6
     1     1    14     9    11     3     0     3   -32.0   54.650    0.516    450.8    969.4    283.0      0.0     88.1
     1     1    14     9    11     2     0     2   -33.0   54.669    0.630    468.4    966.9    282.9      0.0     88.8
     1     1    14     9    11     1     0     1   -34.0   54.683    0.760    483.8    965.3    282.7      0.0     90.1
     1     1    14     9    11     0     0     0   -35.0   54.693    0.909    497.7    963.8    282.5      0.0     92.1
     1     1    14     9    10    23     0     1   -36.0   54.716    1.075    513.6    962.2    282.5      0.0     89.2
     1     1    14     9    10    22     0     2   -37.0   54.768    1.252    532.8    959.7    282.5      0.0     86.0
     1     1    14     9    10    21     0     3   -38.0   54.852    1.435    554.5    957.3    282.5      0.0     83.7
     1     1    14     9    10    20     0     2   -39.0   54.955    1.607    576.5    954.6    282.2      0.0     85.3
     1     1    14     9    10    19     0     1   -40.0   55.060    1.754    597.3    952.4    281.9      0.0     86.6
     1     1    14     9    10    18     0     0   -41.0   55.168    1.880    617.7    950.2    281.7      0.0     87.5
     1     1    14     9    10    17     0     1   -42.0   55.280    1.992    637.1    948.0    281.4      0.0     88.8
     1     1    14     9    10    16     0     2   -43.0   55.398    2.096    654.9    945.9    281.3      0.0     88.6
     1     1    14     9    10    15     0     3   -44.0   55.523    2.187    671.7    943.8    281.2      0.0     88.9
     1     1    14     9    10    14     0     2   -45.0   55.657    2.269    685.5    942.0    281.0      0.0     88.8
     1     1    14     9    10    13     0     1   -46.0   55.805    2.346    693.4    941.0    280.9      0.0     89.8
     1     1    14     9    10    12     0     0   -47.0   55.967    2.419    694.0    941.0    280.7      0.0     91.8
     1     1    14     9    10    11     0     1   -48.0   56.137    2.473    696.6    941.6    280.9      0.0     89.9
     1     1    14     9    10    10     0     2   -49.0   56.303    2.500    711.3    939.6    280.9      0.0     87.1
     1     1    14     9    10     9     0     3   -50.0   56.463    2.501    737.1    936.3    280.9      0.0     84.5
     1     1    14     9    10     8     0     2   -51.0   56.624    2.491    766.6    932.0    280.7      0.0     82.2
     1     1    14     9    10     7     0     1   -52.0   56.793    2.478    792.2    929.0    280.6      0.0     80.9
     1     1    14     9    10     6     0     0   -53.0   56.971    2.460    812.8    926.5    280.3      0.0     80.6
     1     1    14     9    10     5     0     1   -54.0   57.158    2.430    830.4    924.7    280.5      0.0     76.9
     1     1    14     9    10     4     0     2   -55.0   57.356    2.387    848.2    922.7    280.6      0.0     73.0
     1     1    14     9    10     3     0     3   -56.0   57.564    2.332    866.7    920.5    280.8      0.0     68.8
     1     1    14     9    10     2     0     2   -57.0   57.778    2.273    888.8    918.4    280.7      0.0     67.7
     1     1    14     9    10     1     0     1   -58.0   57.996    2.212    917.2    915.1    280.6      0.0     67.2
     1     1    14     9    10     0     0     0   -59.0   58.213    2.147    951.8    911.1    280.3      0.0     68.0
     1     1    14     9     9    23     0     1   -60.0   58.429    2.067    988.7    906.4    280.1      0.0     69.1
     1     1    14     9     9    22     0     2   -61.0   58.648    1.963   1024.6    902.4    279.8      0.0     69.4
     1     1    14     9     9    21     0     3   -62.0   58.869    1.838   1061.0    898.4    279.5      0.0     68.7
     1     1    14     9     9    20     0     2   -63.0   59.082    1.695   1098.9    894.0    279.3      0.0     69.4
     1     1    14     9     9    19     0     1   -64.0   59.280    1.537   1137.4    889.6    278.9      0.0     70.4
     1     1    14     9     9    18     0     0   -65.0   59.466    1.369   1174.3    885.3    278.6      0.0     71.4
     1     1    14     9     9    17     0     1   -66.0   59.639    1.200   1207.8    881.0    278.3      0.0     74.2
     1     1    14     9     9    16     0     2   -67.0   59.798    1.034   1237.6    877.3    278.0      0.0     77.9
     1     1    14     9     9    15     0     3   -68.0   59.944    0.870   1264.7    874.0    277.7      0.0     82.5
     1     1    14     9     9    14     0     2   -69.0   60.083    0.709   1292.8    871.2    277.4      0.0     84.1
     1     1    14     9     9    13     0     1   -70.0   60.218    0.554   1322.9    867.6    277.2      0.0     84.9
     1     1    14     9     9    12     0     0   -71.0   60.352    0.400   1350.4    864.3    277.0      0.0     85.4
     1     1    14     9     9    11     0     1   -72.0   60.479    0.223   1372.2    861.8    277.0      0.0     84.5
