     7     1
    GDAS    14     8    22     0     0
    GDAS    14     8    29     0     0
    GDAS    14     9     1     0     0
    GDAS    14     9     8     0     0
    GDAS    14     9    15     0     0
    GDAS    14     9    22     0     0
    GDAS    14     9    29     0     0
     1 BACKWARD OMEGA   
    14     9    16    12   56.467   -2.973   100.0
     4 PRESSURE AIR_TEMP RAINFALL RELHUMID
     1     1    14     9    16    12     0     0     0.0   56.467   -2.973    100.0    975.0    286.1      0.0     91.8
     1     1    14     9    16    11     0     1    -1.0   56.407   -2.861     95.6    980.5    285.9      0.0     92.5
     1     1    14     9    16    10     0     2    -2.0   56.349   -2.740     94.2    985.4    285.8      0.0     93.4
     1     1    14     9    16     9     0     3    -3.0   56.292   -2.612     96.0    989.6    285.7      0.0     94.2
     1     1    14     9    16     8     0     2    -4.0   56.235   -2.481     98.6    992.7    285.7      0.0     94.8
     1     1    14     9    16     7     0     1    -5.0   56.180   -2.357     99.3    995.6    285.8      0.0     95.6
     1     1    14     9    16     6     0     0    -6.0   56.128   -2.240     97.5    998.1    285.8      0.0     96.4
     1     1    14     9    16     5     0     1    -7.0   56.076   -2.138     96.3   1000.4    286.1      0.0     96.3
     1     1    14     9    16     4     0     2    -8.0   56.019   -2.056     99.3   1001.1    286.3      0.0     96.1
     1     1    14     9    16     3     0     3    -9.0   55.956   -1.996    106.5    999.8    286.4      0.0     95.9
     1     1    14     9    16     2     0     2   -10.0   55.899   -1.930    111.2    997.8    286.4      0.3     96.2
     1     1    14     9    16     1     0     1   -11.0   55.858   -1.835    108.1    998.1    286.4      0.3     96.2
     1     1    14     9    16     0     0     0   -12.0   55.829   -1.718     99.3    999.8    286.5      0.4     96.2
     1     1    14     9    15    23     0     1   -13.0   55.805   -1.596     88.8   1002.2    286.6      0.2     95.6
     1     1    14     9    15    22     0     2   -14.0   55.782   -1.483     79.2   1004.4    286.7      0.0     95.0
     1     1    14     9    15    21     0     3   -15.0   55.757   -1.376     71.6   1006.4    286.8      0.0     94.3
     1     1    14     9    15    20     0     2   -16.0   55.731   -1.239     65.8   1008.1    286.9      0.0     94.5
     1     1    14     9    15    19     0     1   -17.0   55.706   -1.034     63.3   1010.5    287.0      0.0     94.8
     1     1    14     9    15    18     0     0   -18.0   55.690   -0.760     63.4   1010.3    287.0      0.0     95.7
     1     1    14     9    15    17     0     1   -19.0   55.693   -0.454     63.4   1010.3    287.0      0.0     96.5
     1     1    14     9    15    16     0     2   -20.0   55.715   -0.149     63.4   1010.3    286.9      0.0     97.3
     1     1    14     9    15    15     0     3   -21.0   55.741    0.218     58.8   1010.1    287.5      0.0     91.4
     1     1    14     9    15    14     0     2   -22.0   55.750    0.659     51.7   1012.5    287.5      0.5     91.7
     1     1    14     9    15    13     0     1   -23.0   55.743    1.126     46.9   1013.8    287.5      0.5     92.1
     1     1    14     9    15    12     0     0   -24.0   55.732    1.611     44.2   1014.9    287.7      1.6     92.4
     1     1    14     9    15    11     0     1   -25.0   55.732    2.122     42.0   1015.1    287.9      1.5     91.7
     1     1    14     9    15    10     0     2   -26.0   55.747    2.673     40.0   1015.4    288.1      1.6     92.1
     1     1    14     9    15     9     0     3   -27.0   55.774    3.262     39.1   1015.6    288.3      1.6     93.3
     1     1    14     9    15     8     0     2   -28.0   55.802    3.870     37.7   1015.6    288.6      0.0     93.2
     1     1    14     9    15     7     0     1   -29.0   55.830    4.469     34.6   1015.9    288.9      0.0     93.5
     1     1    14     9    15     6     0     0   -30.0   55.878    5.054     29.8   1016.3    289.2      0.0     94.9
     1     1    14     9    15     5     0     1   -31.0   55.935    5.653     24.3   1018.3    289.4      0.3     92.4
     1     1    14     9    15     4     0     2   -32.0   55.986    6.295     20.5   1018.8    289.6      0.3     91.7
     1     1    14     9    15     3     0     3   -33.0   56.035    6.970     18.5   1017.9    289.6      0.3     89.2
     1     1    14     9    15     2     0     2   -34.0   56.078    7.603     20.1   1020.6    289.7      0.0     90.4
     1     1    14     9    15     1     0     1   -35.0   56.107    8.139     27.4   1019.7    289.4      0.0     91.5
     1     1    14     9    15     0     0     0   -36.0   56.120    8.590     38.7   1016.6    288.5      0.0     93.5
     1     1    14     9    14    23     0     1   -37.0   56.134    8.982     53.4   1013.0    287.9      0.0     93.4
     1     1    14     9    14    22     0     2   -38.0   56.158    9.383     65.1   1010.9    288.2      0.0     90.8
     1     1    14     9    14    21     0     3   -39.0   56.188    9.796     62.6   1012.1    288.7      0.5     88.9
     1     1    14     9    14    20     0     2   -40.0   56.231   10.196     52.4   1015.4    289.1      0.2     86.4
     1     1    14     9    14    19     0     1   -41.0   56.292   10.628     43.9   1018.3    289.6      0.1     82.6
     1     1    14     9    14    18     0     0   -42.0   56.369   11.122     39.9   1020.3    290.1      0.1     78.5
     1     1    14     9    14    17     0     1   -43.0   56.443   11.600     39.0   1020.2    290.1      0.3     77.1
     1     1    14     9    14    16     0     2   -44.0   56.501   12.020     40.0   1019.5    290.2      0.0     74.9
     1     1    14     9    14    15     0     3   -45.0   56.544   12.406     46.7   1015.0    290.8      0.0     73.2
     1     1    14     9    14    14     0     2   -46.0   56.582   12.781     67.3   1009.3    291.2      0.0     73.6
     1     1    14     9    14    13     0     1   -47.0   56.621   13.180    103.1   1001.5    290.8      0.0     74.5
     1     1    14     9    14    12     0     0   -48.0   56.670   13.612    129.5    995.9    289.7      0.0     76.7
     1     1    14     9    14    11     0     1   -49.0   56.736   14.076    127.6    994.3    288.9      0.0     79.8
     1     1    14     9    14    10     0     2   -50.0   56.818   14.569    129.1    993.3    288.3      0.0     83.1
     1     1    14     9    14     9     0     3   -51.0   56.916   15.095    156.5    986.6    287.3      0.0     88.7
     1     1    14     9    14     8     0     2   -52.0   57.037   15.628    161.5    986.6    286.5      0.0     92.2
     1     1    14     9    14     7     0     1   -53.0   57.176   16.079    114.0   1001.1    286.9      0.0     92.7
     1     1    14     9    14     6     0     0   -54.0   57.315   16.445     75.0   1014.1    287.7      0.0     93.8
     1     1    14     9    14     5     0     1   -55.0   57.453   16.818     55.5   1020.0    288.5      0.0     91.7
     1     1    14     9    14     4     0     2   -56.0   57.588   17.216     46.7   1022.8    289.0      0.0     89.4
     1     1    14     9    14     3     0     3   -57.0   57.717   17.627     43.0   1023.1    289.1      0.0     87.8
     1     1    14     9    14     2     0     2   -58.0   57.832   18.048     42.6   1023.6    289.2      0.0     87.0
     1     1    14     9    14     1     0     1   -59.0   57.935   18.475     42.9   1023.8    289.1      0.0     86.1
     1     1    14     9    14     0     0     0   -60.0   58.032   18.898     41.5   1024.3    289.2      0.0     84.3
     1     1    14     9    13    23     0     1   -61.0   58.129   19.318     39.6   1023.8    289.2      0.0     84.2
     1     1    14     9    13    22     0     2   -62.0   58.229   19.738     38.6   1023.4    289.2      0.0     82.6
     1     1    14     9    13    21     0     3   -63.0   58.333   20.156     38.5   1023.0    289.2      0.0     80.6
     1     1    14     9    13    20     0     2   -64.0   58.440   20.561     39.0   1023.1    289.2      0.0     80.7
     1     1    14     9    13    19     0     1   -65.0   58.551   20.947     40.3   1022.9    289.2      0.0     80.1
     1     1    14     9    13    18     0     0   -66.0   58.667   21.312     42.4   1022.4    289.2      0.0     79.0
     1     1    14     9    13    17     0     1   -67.0   58.786   21.653     45.3   1022.2    289.1      0.0     79.5
     1     1    14     9    13    16     0     2   -68.0   58.912   21.975     49.1   1021.9    289.0      0.0     80.3
     1     1    14     9    13    15     0     3   -69.0   59.047   22.278     53.3   1021.5    289.1      0.0     79.7
     1     1    14     9    13    14     0     2   -70.0   59.171   22.546     56.8   1021.2    289.2      0.0     77.6
     1     1    14     9    13    13     0     1   -71.0   59.272   22.783     59.7   1020.7    289.3      0.0     76.3
     1     1    14     9    13    12     0     0   -72.0   59.360   23.000     62.2   1019.9    289.4      0.0     75.3
