     7     1
    GDAS    14     8    22     0     0
    GDAS    14     8    29     0     0
    GDAS    14     9     1     0     0
    GDAS    14     9     8     0     0
    GDAS    14     9    15     0     0
    GDAS    14     9    22     0     0
    GDAS    14     9    29     0     0
     1 BACKWARD OMEGA   
    14     9    18    23   56.467   -2.973   100.0
     4 PRESSURE AIR_TEMP RAINFALL RELHUMID
     1     1    14     9    18    23     0     1     0.0   56.467   -2.973    100.0    972.7    285.1      0.0     97.7
     1     1    14     9    18    22     0     2    -1.0   56.432   -2.825     86.4    979.6    285.6      0.0     97.1
     1     1    14     9    18    21     0     3    -2.0   56.399   -2.668     74.7    986.3    286.0      0.0     96.6
     1     1    14     9    18    20     0     2    -3.0   56.369   -2.499     64.6    992.1    286.2      0.0     96.0
     1     1    14     9    18    19     0     1    -4.0   56.343   -2.316     55.1    998.1    286.5      0.0     95.2
     1     1    14     9    18    18     0     0    -5.0   56.318   -2.117     45.8   1003.9    286.7      0.0     94.4
     1     1    14     9    18    17     0     1    -6.0   56.290   -1.901     37.5   1007.4    286.9      0.0     93.0
     1     1    14     9    18    16     0     2    -7.0   56.255   -1.673     31.6   1008.0    287.0      0.0     92.1
     1     1    14     9    18    15     0     3    -8.0   56.213   -1.438     27.8   1008.6    287.1      0.0     91.7
     1     1    14     9    18    14     0     2    -9.0   56.154   -1.191     25.3   1009.8    287.0      0.0     92.0
     1     1    14     9    18    13     0     1   -10.0   56.073   -0.918     23.4   1010.9    287.0      0.0     92.0
     1     1    14     9    18    12     0     0   -11.0   55.976   -0.620     21.1   1011.4    287.0      0.0     92.1
     1     1    14     9    18    11     0     1   -12.0   55.879   -0.316     19.2   1012.0    287.0      0.0     92.4
     1     1    14     9    18    10     0     2   -13.0   55.792   -0.017     18.2   1012.4    287.1      0.0     92.6
     1     1    14     9    18     9     0     3   -14.0   55.715    0.347     18.1   1012.7    287.4      0.0     87.8
     1     1    14     9    18     8     0     2   -15.0   55.650    0.781     18.1   1012.4    287.6      0.0     87.1
     1     1    14     9    18     7     0     1   -16.0   55.592    1.215     17.4   1012.2    287.7      0.0     86.1
     1     1    14     9    18     6     0     0   -17.0   55.539    1.652     16.2   1012.0    287.9      0.0     85.7
     1     1    14     9    18     5     0     1   -18.0   55.499    2.101     15.2   1012.7    288.1      0.0     85.4
     1     1    14     9    18     4     0     2   -19.0   55.472    2.571     14.6   1013.5    288.3      0.0     84.1
     1     1    14     9    18     3     0     3   -20.0   55.450    3.057     14.5   1013.7    288.5      0.0     82.1
     1     1    14     9    18     2     0     2   -21.0   55.430    3.552     14.5   1013.9    288.8      0.0     81.7
     1     1    14     9    18     1     0     1   -22.0   55.407    4.056     14.5   1014.1    289.1      0.0     80.4
     1     1    14     9    18     0     0     0   -23.0   55.378    4.576     14.8   1014.2    289.5      0.0     78.6
     1     1    14     9    17    23     0     1   -24.0   55.346    5.110     15.2   1014.2    289.6      0.0     77.0
     1     1    14     9    17    22     0     2   -25.0   55.312    5.652     15.4   1014.5    289.7      0.0     75.0
     1     1    14     9    17    21     0     3   -26.0   55.277    6.200     15.1   1015.1    289.9      0.0     72.4
     1     1    14     9    17    20     0     2   -27.0   55.247    6.755     14.9   1014.8    290.0      0.0     70.1
     1     1    14     9    17    19     0     1   -28.0   55.232    7.312     15.4   1014.6    290.2      0.0     67.5
     1     1    14     9    17    18     0     0   -29.0   55.235    7.862     16.6   1014.7    290.2      0.0     65.7
     1     1    14     9    17    17     0     1   -30.0   55.246    8.355     19.7   1013.4    290.2      0.0     64.6
     1     1    14     9    17    16     0     2   -31.0   55.252    8.768     25.4   1011.4    291.3      0.0     63.0
     1     1    14     9    17    15     0     3   -32.0   55.254    9.134     33.0   1009.7    292.7      0.0     60.6
     1     1    14     9    17    14     0     2   -33.0   55.253    9.494     39.7   1010.0    292.4      0.0     63.6
     1     1    14     9    17    13     0     1   -34.0   55.254    9.860     42.7   1011.1    291.7      0.0     67.9
     1     1    14     9    17    12     0     0   -35.0   55.255   10.217     43.3   1012.6    291.2      0.0     71.2
     1     1    14     9    17    11     0     1   -36.0   55.256   10.564     43.5   1013.4    290.6      0.0     74.7
     1     1    14     9    17    10     0     2   -37.0   55.259   10.904     43.1   1014.7    290.0      0.0     78.7
     1     1    14     9    17     9     0     3   -38.0   55.257   11.240     41.5   1015.0    289.9      0.0     82.1
     1     1    14     9    17     8     0     2   -39.0   55.246   11.563     38.4   1014.7    289.8      0.0     82.8
     1     1    14     9    17     7     0     1   -40.0   55.231   11.864     34.5   1014.8    289.6      0.0     83.9
     1     1    14     9    17     6     0     0   -41.0   55.216   12.142     30.6   1015.3    289.1      0.0     85.0
     1     1    14     9    17     5     0     1   -42.0   55.200   12.426     27.8   1015.8    288.9      0.0     82.7
     1     1    14     9    17     4     0     2   -43.0   55.182   12.739     26.7   1016.5    288.8      0.0     80.0
     1     1    14     9    17     3     0     3   -44.0   55.164   13.078     26.9   1017.6    288.9      0.0     76.8
     1     1    14     9    17     2     0     2   -45.0   55.141   13.431     25.9   1017.4    289.2      0.0     74.4
     1     1    14     9    17     1     0     1   -46.0   55.110   13.791     22.5   1017.9    289.5      0.0     72.0
     1     1    14     9    17     0     0     0   -47.0   55.069   14.159     18.3   1018.9    289.8      0.0     69.5
     1     1    14     9    16    23     0     1   -48.0   55.018   14.545     15.5   1020.5    290.0      0.0     66.8
     1     1    14     9    16    22     0     2   -49.0   54.964   14.947     14.4   1021.4    290.0      0.0     65.4
     1     1    14     9    16    21     0     3   -50.0   54.918   15.359     14.4   1021.9    289.9      0.0     64.7
     1     1    14     9    16    20     0     2   -51.0   54.882   15.778     15.2   1021.3    289.9      0.0     64.3
     1     1    14     9    16    19     0     1   -52.0   54.858   16.199     16.6   1020.4    289.9      0.0     64.3
     1     1    14     9    16    18     0     0   -53.0   54.851   16.629     18.6   1019.2    289.8      0.0     64.7
     1     1    14     9    16    17     0     1   -54.0   54.854   17.044     20.8   1017.9    289.9      0.0     62.5
     1     1    14     9    16    16     0     2   -55.0   54.864   17.423     22.5   1017.6    290.3      0.0     60.5
     1     1    14     9    16    15     0     3   -56.0   54.881   17.772     23.4   1017.5    290.5      0.0     59.5
     1     1    14     9    16    14     0     2   -57.0   54.887   18.098     23.9   1018.7    290.5      0.0     60.2
     1     1    14     9    16    13     0     1   -58.0   54.875   18.402     24.6   1019.9    290.5      0.0     60.5
     1     1    14     9    16    12     0     0   -59.0   54.842   18.678     26.3   1020.7    290.7      0.0     61.3
     1     1    14     9    16    11     0     1   -60.0   54.794   18.939     28.7   1020.8    290.7      0.0     63.5
     1     1    14     9    16    10     0     2   -61.0   54.738   19.201     31.3   1019.9    290.6      0.0     64.3
     1     1    14     9    16     9     0     3   -62.0   54.676   19.463     33.9   1018.4    290.3      0.0     64.6
     1     1    14     9    16     8     0     2   -63.0   54.611   19.727     36.4   1016.4    289.2      0.0     66.1
     1     1    14     9    16     7     0     1   -64.0   54.544   19.991     38.9   1013.8    287.7      0.0     69.9
     1     1    14     9    16     6     0     0   -65.0   54.477   20.252     41.1   1012.3    285.8      0.0     75.5
     1     1    14     9    16     5     0     1   -66.0   54.414   20.497     43.4   1011.1    285.0      0.0     75.6
     1     1    14     9    16     4     0     2   -67.0   54.356   20.718     46.6   1010.1    284.1      0.0     76.2
     1     1    14     9    16     3     0     3   -68.0   54.300   20.921     51.2   1009.0    283.2      0.0     77.3
     1     1    14     9    16     2     0     2   -69.0   54.243   21.116     57.7   1007.0    283.2      0.0     75.8
     1     1    14     9    16     1     0     1   -70.0   54.183   21.317     66.8   1003.9    283.3      0.0     73.9
     1     1    14     9    16     0     0     0   -71.0   54.117   21.529     79.2   1000.4    283.7      0.0     71.8
     1     1    14     9    15    23     0     1   -72.0   54.047   21.763     94.9    996.4    284.2      0.0     68.8
