     7     1
    GDAS    14     8    22     0     0
    GDAS    14     8    29     0     0
    GDAS    14     9     1     0     0
    GDAS    14     9     8     0     0
    GDAS    14     9    15     0     0
    GDAS    14     9    22     0     0
    GDAS    14     9    29     0     0
     1 BACKWARD OMEGA   
    14     9     3     2   56.467   -2.973   100.0
     4 PRESSURE AIR_TEMP RAINFALL RELHUMID
     1     1    14     9     3     2     0     2     0.0   56.467   -2.973    100.0    980.0    284.0      0.0     84.0
     1     1    14     9     3     1     0     1    -1.0   56.389   -2.970    120.2    981.0    284.7      0.0     82.4
     1     1    14     9     3     0     0     0    -2.0   56.315   -2.960    143.2    981.5    285.3      0.0     80.6
     1     1    14     9     2    23     0     1    -3.0   56.241   -2.953    165.9    980.9    285.8      0.0     79.0
     1     1    14     9     2    22     0     2    -4.0   56.162   -2.959    186.2    981.1    286.3      0.0     77.1
     1     1    14     9     2    21     0     3    -5.0   56.079   -2.982    204.9    981.5    286.7      0.0     75.0
     1     1    14     9     2    20     0     2    -6.0   56.000   -3.017    225.4    981.8    286.9      0.0     73.9
     1     1    14     9     2    19     0     1    -7.0   55.928   -3.057    248.6    979.0    286.8      0.0     74.1
     1     1    14     9     2    18     0     0    -8.0   55.862   -3.102    272.5    976.1    286.7      0.0     74.5
     1     1    14     9     2    17     0     1    -9.0   55.801   -3.153    294.1    972.9    286.4      0.0     75.7
     1     1    14     9     2    16     0     2   -10.0   55.745   -3.215    310.8    970.8    286.2      0.0     76.4
     1     1    14     9     2    15     0     3   -11.0   55.696   -3.287    323.1    969.3    286.0      0.0     77.0
     1     1    14     9     2    14     0     2   -12.0   55.657   -3.367    334.2    968.7    285.5      0.0     78.3
     1     1    14     9     2    13     0     1   -13.0   55.626   -3.453    347.4    967.5    284.9      0.0     80.0
     1     1    14     9     2    12     0     0   -14.0   55.604   -3.547    363.1    966.0    284.2      0.0     81.9
     1     1    14     9     2    11     0     1   -15.0   55.590   -3.647    380.0    963.8    283.7      0.0     84.0
     1     1    14     9     2    10     0     2   -16.0   55.585   -3.752    396.9    961.9    283.3      0.0     86.0
     1     1    14     9     2     9     0     3   -17.0   55.590   -3.866    414.6    959.9    282.9      0.0     87.8
     1     1    14     9     2     8     0     2   -18.0   55.607   -3.999    433.2    957.7    282.6      0.0     88.1
     1     1    14     9     2     7     0     1   -19.0   55.631   -4.154    452.0    954.8    282.2      0.0     88.3
     1     1    14     9     2     6     0     0   -20.0   55.656   -4.327    468.7    952.0    281.9      0.0     88.9
     1     1    14     9     2     5     0     1   -21.0   55.682   -4.505    485.2    949.8    282.2      0.0     88.4
     1     1    14     9     2     4     0     2   -22.0   55.710   -4.675    506.9    946.7    282.5      0.0     88.3
     1     1    14     9     2     3     0     3   -23.0   55.742   -4.839    538.1    942.6    282.8      0.0     88.3
     1     1    14     9     2     2     0     2   -24.0   55.779   -5.013    581.3    936.8    282.4      0.0     90.1
     1     1    14     9     2     1     0     1   -25.0   55.815   -5.214    626.9    933.2    282.1      0.0     90.4
     1     1    14     9     2     0     0     0   -26.0   55.842   -5.444    661.3    931.9    282.1      0.0     90.2
     1     1    14     9     1    23     0     1   -27.0   55.864   -5.709    678.9    933.3    282.4      0.0     90.8
     1     1    14     9     1    22     0     2   -28.0   55.878   -6.016    675.0    938.0    282.8      0.0     91.1
     1     1    14     9     1    21     0     3   -29.0   55.883   -6.379    662.2    942.0    283.2      0.0     90.1
     1     1    14     9     1    20     0     2   -30.0   55.867   -6.805    658.1    943.3    283.3      0.0     88.6
     1     1    14     9     1    19     0     1   -31.0   55.825   -7.287    667.4    942.0    283.3      0.0     88.9
     1     1    14     9     1    18     0     0   -32.0   55.760   -7.812    691.9    937.6    283.1      0.0     89.7
     1     1    14     9     1    17     0     1   -33.0   55.667   -8.351    718.6    933.1    282.8      0.0     89.8
     1     1    14     9     1    16     0     2   -34.0   55.557   -8.878    729.3    933.5    282.9      0.0     89.6
     1     1    14     9     1    15     0     3   -35.0   55.446   -9.395    724.9    935.3    283.1      0.0     89.7
     1     1    14     9     1    14     0     2   -36.0   55.339   -9.907    720.6    936.6    283.2      0.0     89.6
     1     1    14     9     1    13     0     1   -37.0   55.235  -10.415    722.7    935.8    283.1      0.0     90.0
     1     1    14     9     1    12     0     0   -38.0   55.134  -10.920    732.1    935.0    283.0      0.0     90.5
     1     1    14     9     1    11     0     1   -39.0   55.043  -11.427    752.5    932.3    282.8      0.0     90.5
     1     1    14     9     1    10     0     2   -40.0   54.969  -11.943    779.2    928.6    282.5      0.0     91.0
     1     1    14     9     1     9     0     3   -41.0   54.909  -12.469    802.0    925.2    282.2      0.0     91.7
     1     1    14     9     1     8     0     2   -42.0   54.855  -13.015    813.4    923.4    282.0      0.0     92.8
     1     1    14     9     1     7     0     1   -43.0   54.806  -13.593    816.9    923.0    282.0      0.0     92.9
     1     1    14     9     1     6     0     0   -44.0   54.758  -14.211    816.2    922.5    282.1      0.0     92.7
     1     1    14     9     1     5     0     1   -45.0   54.706  -14.876    811.3    922.9    282.0      0.0     92.0
     1     1    14     9     1     4     0     2   -46.0   54.644  -15.590    807.2    923.6    281.9      0.0     91.4
     1     1    14     9     1     3     0     3   -47.0   54.572  -16.342    814.7    923.3    281.8      0.0     91.6
     1     1    14     9     1     2     0     2   -48.0   54.484  -17.112    845.6    919.2    281.4      0.0     92.7
     1     1    14     9     1     1     0     1   -49.0   54.380  -17.890    889.0    914.2    281.1      0.0     94.3
     1     1    14     9     1     0     0     0   -50.0   54.266  -18.668    934.2    908.8    280.7      0.0     96.4
     1     1    14     8    31    23     0     1   -51.0   54.152  -19.438    973.8    903.8    280.4      0.0     93.3
     1     1    14     8    31    22     0     2   -52.0   54.053  -20.214   1000.0    900.7    280.2      0.0     91.1
     1     1    14     8    31    21     0     3   -53.0   53.972  -21.008   1023.0    897.9    279.9      0.0     89.5
     1     1    14     8    31    20     0     2   -54.0   53.903  -21.834   1037.6    895.6    280.0      0.0     84.2
     1     1    14     8    31    19     0     1   -55.0   53.836  -22.699   1047.8    894.3    280.1      0.0     82.4
     1     1    14     8    31    18     0     0   -56.0   53.771  -23.592   1067.8    891.6    279.9      0.0     82.5
     1     1    14     8    31    17     0     1   -57.0   53.709  -24.507   1089.6    888.9    279.9      0.0     75.9
     1     1    14     8    31    16     0     2   -58.0   53.659  -25.455   1102.0    887.0    279.9      0.0     71.8
     1     1    14     8    31    15     0     3   -59.0   53.636  -26.443   1093.6    887.7    279.9      0.0     70.1
     1     1    14     8    31    14     0     2   -60.0   53.632  -27.466   1095.1    887.7    279.9      0.0     69.6
     1     1    14     8    31    13     0     1   -61.0   53.609  -28.507   1129.4    883.3    279.5      0.0     71.3
     1     1    14     8    31    12     0     0   -62.0   53.582  -29.550   1175.7    878.0    279.1      0.0     71.4
     1     1    14     8    31    11     0     1   -63.0   53.561  -30.576   1223.4    872.1    278.7      0.0     69.8
     1     1    14     8    31    10     0     2   -64.0   53.533  -31.574   1267.6    867.2    278.2      0.0     69.5
     1     1    14     8    31     9     0     3   -65.0   53.532  -32.548   1313.9    861.3    277.8      0.0     63.7
     1     1    14     8    31     8     0     2   -66.0   53.577  -33.503   1332.5    858.9    277.8      0.0     63.1
     1     1    14     8    31     7     0     1   -67.0   53.621  -34.454   1334.3    857.9    277.7      0.0     63.7
     1     1    14     8    31     6     0     0   -68.0   53.672  -35.421   1319.9    859.3    277.9      0.0     59.0
     1     1    14     8    31     5     0     1   -69.0   53.764  -36.367   1319.0    859.0    277.9      0.0     59.0
     1     1    14     8    31     4     0     2   -70.0   53.838  -37.262   1330.9    857.2    277.2      0.0     67.4
     1     1    14     8    31     3     0     3   -71.0   53.905  -38.143   1349.3    854.9    276.8      0.0     61.6
     1     1    14     8    31     2     0     2   -72.0   54.017  -39.025   1373.9    852.0    276.9      0.0     56.1
