     7     1
    GDAS    14     8    22     0     0
    GDAS    14     8    29     0     0
    GDAS    14     9     1     0     0
    GDAS    14     9     8     0     0
    GDAS    14     9    15     0     0
    GDAS    14     9    22     0     0
    GDAS    14     9    29     0     0
     1 BACKWARD OMEGA   
    14     9    12    18   56.467   -2.973   100.0
     4 PRESSURE AIR_TEMP RAINFALL RELHUMID
     1     1    14     9    12    18     0     0     0.0   56.467   -2.973    100.0    983.2    287.3      0.0     83.6
     1     1    14     9    12    17     0     1    -1.0   56.421   -2.944     83.5    987.2    287.9      0.0     81.2
     1     1    14     9    12    16     0     2    -2.0   56.376   -2.911     71.9    990.6    288.5      0.0     79.1
     1     1    14     9    12    15     0     3    -3.0   56.331   -2.871     65.2    993.4    289.2      0.0     77.4
     1     1    14     9    12    14     0     2    -4.0   56.288   -2.833     61.0    996.4    288.6      0.0     78.2
     1     1    14     9    12    13     0     1    -5.0   56.251   -2.805     57.3    999.1    288.2      0.0     79.2
     1     1    14     9    12    12     0     0    -6.0   56.220   -2.791     53.5   1001.2    287.9      0.0     80.3
     1     1    14     9    12    11     0     1    -7.0   56.192   -2.774     51.2   1002.3    287.4      0.0     83.5
     1     1    14     9    12    10     0     2    -8.0   56.158   -2.736     51.5   1003.6    286.7      0.0     86.9
     1     1    14     9    12     9     0     3    -9.0   56.115   -2.675     54.3   1005.2    286.1      0.0     90.4
     1     1    14     9    12     8     0     2   -10.0   56.069   -2.602     57.7   1006.5    285.5      0.0     91.1
     1     1    14     9    12     7     0     1   -11.0   56.023   -2.530     59.9   1007.9    285.2      0.0     91.6
     1     1    14     9    12     6     0     0   -12.0   55.979   -2.460     60.8   1008.7    284.9      0.0     91.9
     1     1    14     9    12     5     0     1   -13.0   55.929   -2.386     61.0   1008.8    285.1      0.0     90.2
     1     1    14     9    12     4     0     2   -14.0   55.868   -2.301     61.3   1008.7    285.2      0.0     88.4
     1     1    14     9    12     3     0     3   -15.0   55.795   -2.208     61.8   1008.2    285.1      0.0     86.4
     1     1    14     9    12     2     0     2   -16.0   55.714   -2.116     62.5   1007.3    284.9      0.0     85.4
     1     1    14     9    12     1     0     1   -17.0   55.628   -2.032     63.0   1005.8    284.6      0.0     84.8
     1     1    14     9    12     0     0     0   -18.0   55.539   -1.952     63.2   1004.4    284.5      0.0     84.4
     1     1    14     9    11    23     0     1   -19.0   55.447   -1.874     63.6   1003.7    284.6      0.0     83.1
     1     1    14     9    11    22     0     2   -20.0   55.356   -1.792     64.5   1003.2    284.7      0.0     81.7
     1     1    14     9    11    21     0     3   -21.0   55.268   -1.705     65.8   1003.1    284.9      0.0     80.2
     1     1    14     9    11    20     0     2   -22.0   55.185   -1.604     65.7   1003.7    285.6      0.0     78.7
     1     1    14     9    11    19     0     1   -23.0   55.110   -1.481     63.9   1006.1    286.2      0.0     77.0
     1     1    14     9    11    18     0     0   -24.0   55.040   -1.327     63.1   1009.7    286.7      0.0     75.2
     1     1    14     9    11    17     0     1   -25.0   54.974   -1.144     66.6   1013.0    287.0      0.0     74.0
     1     1    14     9    11    16     0     2   -26.0   54.912   -0.941     76.0   1014.2    287.1      0.0     73.3
     1     1    14     9    11    15     0     3   -27.0   54.858   -0.726     89.0   1011.0    287.2      0.0     72.5
     1     1    14     9    11    14     0     2   -28.0   54.812   -0.523    103.2   1009.5    287.2      0.0     73.2
     1     1    14     9    11    13     0     1   -29.0   54.765   -0.348    117.9   1008.0    287.1      0.0     74.0
     1     1    14     9    11    12     0     0   -30.0   54.720   -0.200    132.7   1006.4    286.8      0.0     74.8
     1     1    14     9    11    11     0     1   -31.0   54.672   -0.073    145.7   1003.9    286.3      0.0     78.2
     1     1    14     9    11    10     0     2   -32.0   54.636    0.025    156.0   1005.2    285.8      0.0     80.9
     1     1    14     9    11     9     0     3   -33.0   54.616    0.108    164.2   1003.6    285.7      0.0     81.5
     1     1    14     9    11     8     0     2   -34.0   54.603    0.196    170.8   1002.7    285.6      0.0     81.9
     1     1    14     9    11     7     0     1   -35.0   54.600    0.286    177.3   1001.6    285.5      0.0     82.4
     1     1    14     9    11     6     0     0   -36.0   54.605    0.378    182.7   1000.7    285.4      0.0     82.7
     1     1    14     9    11     5     0     1   -37.0   54.618    0.473    187.8   1000.1    285.4      0.0     83.0
     1     1    14     9    11     4     0     2   -38.0   54.637    0.573    193.8    999.3    285.4      0.0     83.4
     1     1    14     9    11     3     0     3   -39.0   54.662    0.677    201.0    998.4    285.3      0.0     84.1
     1     1    14     9    11     2     0     2   -40.0   54.689    0.791    208.8    997.4    285.2      0.0     84.4
     1     1    14     9    11     1     0     1   -41.0   54.711    0.922    216.0    996.7    285.2      0.0     84.9
     1     1    14     9    11     0     0     0   -42.0   54.731    1.071    222.4    996.1    285.1      0.0     85.1
     1     1    14     9    10    23     0     1   -43.0   54.763    1.234    228.3    995.4    285.2      0.0     82.8
     1     1    14     9    10    22     0     2   -44.0   54.824    1.402    234.5    994.7    285.2      0.0     80.8
     1     1    14     9    10    21     0     3   -45.0   54.913    1.573    241.2    993.9    285.2      0.0     79.2
     1     1    14     9    10    20     0     2   -46.0   55.018    1.732    248.4    993.2    285.2      0.0     79.0
     1     1    14     9    10    19     0     1   -47.0   55.124    1.865    256.8    992.4    285.1      0.0     79.2
     1     1    14     9    10    18     0     0   -48.0   55.229    1.975    266.8    991.4    285.0      0.0     79.7
     1     1    14     9    10    17     0     1   -49.0   55.340    2.063    276.8    989.8    284.8      0.0     80.6
     1     1    14     9    10    16     0     2   -50.0   55.462    2.133    285.5    988.7    284.6      0.0     81.3
     1     1    14     9    10    15     0     3   -51.0   55.593    2.183    293.6    987.7    284.4      0.0     82.0
     1     1    14     9    10    14     0     2   -52.0   55.728    2.216    300.2    986.8    284.3      0.0     82.8
     1     1    14     9    10    13     0     1   -53.0   55.866    2.239    304.0    986.4    284.2      0.0     83.4
     1     1    14     9    10    12     0     0   -54.0   56.006    2.254    304.6    986.5    284.1      0.0     83.8
     1     1    14     9    10    11     0     1   -55.0   56.147    2.257    306.0    986.6    284.1      0.0     83.9
     1     1    14     9    10    10     0     2   -56.0   56.286    2.241    312.8    985.5    283.9      0.0     84.7
     1     1    14     9    10     9     0     3   -57.0   56.423    2.208    324.4    983.8    283.7      0.0     86.0
     1     1    14     9    10     8     0     2   -58.0   56.560    2.162    337.1    981.7    283.4      0.0     87.4
     1     1    14     9    10     7     0     1   -59.0   56.700    2.110    346.7    980.5    283.2      0.0     88.9
     1     1    14     9    10     6     0     0   -60.0   56.843    2.051    352.3    979.7    283.1      0.0     90.6
     1     1    14     9    10     5     0     1   -61.0   56.991    1.981    354.5    979.4    283.2      0.0     90.0
     1     1    14     9    10     4     0     2   -62.0   57.149    1.898    356.3    979.2    283.2      0.0     87.9
     1     1    14     9    10     3     0     3   -63.0   57.315    1.805    359.0    978.6    283.3      0.0     86.0
     1     1    14     9    10     2     0     2   -64.0   57.485    1.705    364.1    978.3    283.3      0.0     85.7
     1     1    14     9    10     1     0     1   -65.0   57.656    1.606    373.3    977.3    283.2      0.0     86.1
     1     1    14     9    10     0     0     0   -66.0   57.828    1.506    387.5    975.8    283.0      0.0     87.2
     1     1    14     9     9    23     0     1   -67.0   58.006    1.389    405.0    973.5    282.9      0.0     87.1
     1     1    14     9     9    22     0     2   -68.0   58.187    1.241    422.3    971.5    282.8      0.0     86.7
     1     1    14     9     9    21     0     3   -69.0   58.367    1.063    438.0    969.6    282.8      0.0     86.5
     1     1    14     9     9    20     0     2   -70.0   58.538    0.863    454.0    967.6    282.7      0.0     85.6
     1     1    14     9     9    19     0     1   -71.0   58.695    0.647    473.7    964.9    282.5      0.0     85.0
     1     1    14     9     9    18     0     0   -72.0   58.840    0.420    496.8    961.7    282.3      0.0     85.4
