     7     1
    GDAS    14     8    22     0     0
    GDAS    14     8    29     0     0
    GDAS    14     9     1     0     0
    GDAS    14     9     8     0     0
    GDAS    14     9    15     0     0
    GDAS    14     9    22     0     0
    GDAS    14     9    29     0     0
     1 BACKWARD OMEGA   
    14     9    19     3   56.467   -2.973   100.0
     4 PRESSURE AIR_TEMP RAINFALL RELHUMID
     1     1    14     9    19     3     0     3     0.0   56.467   -2.973    100.0    972.0    284.6      0.0     98.6
     1     1    14     9    19     2     0     2    -1.0   56.446   -2.857     92.9    976.7    285.0      0.0     98.0
     1     1    14     9    19     1     0     1    -2.0   56.424   -2.730     84.0    982.0    285.3      0.0     97.4
     1     1    14     9    19     0     0     0    -3.0   56.399   -2.591     73.7    987.7    285.7      0.0     96.8
     1     1    14     9    18    23     0     1    -4.0   56.373   -2.442     63.7    993.6    286.1      0.0     96.3
     1     1    14     9    18    22     0     2    -5.0   56.346   -2.283     55.6    999.2    286.4      0.0     95.8
     1     1    14     9    18    21     0     3    -6.0   56.313   -2.114     49.9   1004.0    286.6      0.0     95.3
     1     1    14     9    18    20     0     2    -7.0   56.277   -1.927     45.2   1007.0    286.7      0.0     94.7
     1     1    14     9    18    19     0     1    -8.0   56.240   -1.715     40.8   1007.9    286.8      0.0     94.4
     1     1    14     9    18    18     0     0    -9.0   56.202   -1.478     38.1   1008.3    286.8      0.0     94.0
     1     1    14     9    18    17     0     1   -10.0   56.158   -1.228     37.4   1008.6    286.9      0.0     93.5
     1     1    14     9    18    16     0     2   -11.0   56.105   -0.975     38.3   1008.9    287.0      0.0     93.5
     1     1    14     9    18    15     0     3   -12.0   56.043   -0.729     39.1   1008.6    287.2      0.0     93.6
     1     1    14     9    18    14     0     2   -13.0   55.974   -0.475     38.3   1008.9    287.2      0.0     93.4
     1     1    14     9    18    13     0     1   -14.0   55.894   -0.200     36.4   1009.3    287.2      0.0     92.9
     1     1    14     9    18    12     0     0   -15.0   55.815    0.151     35.5   1009.9    287.3      0.0     89.6
     1     1    14     9    18    11     0     1   -16.0   55.750    0.574     36.0   1009.9    287.5      0.0     89.2
     1     1    14     9    18    10     0     2   -17.0   55.697    1.014     36.1   1010.2    287.7      0.0     88.6
     1     1    14     9    18     9     0     3   -18.0   55.661    1.478     36.1   1010.4    287.8      0.0     87.9
     1     1    14     9    18     8     0     2   -19.0   55.640    1.959     35.7   1010.3    288.0      0.0     87.0
     1     1    14     9    18     7     0     1   -20.0   55.626    2.442     34.6   1010.6    288.2      0.0     86.3
     1     1    14     9    18     6     0     0   -21.0   55.625    2.924     33.4   1011.2    288.4      0.0     85.8
     1     1    14     9    18     5     0     1   -22.0   55.633    3.414     32.6   1011.4    288.6      0.0     84.0
     1     1    14     9    18     4     0     2   -23.0   55.639    3.921     32.4   1011.5    288.7      0.0     82.5
     1     1    14     9    18     3     0     3   -24.0   55.642    4.445     32.4   1011.5    288.9      0.0     80.8
     1     1    14     9    18     2     0     2   -25.0   55.639    4.982     32.6   1011.7    289.2      0.0     79.0
     1     1    14     9    18     1     0     1   -26.0   55.630    5.530     32.9   1011.8    289.4      0.0     76.7
     1     1    14     9    18     0     0     0   -27.0   55.615    6.086     33.1   1011.9    289.4      0.0     74.8
     1     1    14     9    17    23     0     1   -28.0   55.591    6.646     32.9   1012.6    289.6      0.0     73.0
     1     1    14     9    17    22     0     2   -29.0   55.563    7.203     33.4   1013.3    289.7      0.0     71.7
     1     1    14     9    17    21     0     3   -30.0   55.537    7.744     36.0   1013.7    289.7      0.0     69.2
     1     1    14     9    17    20     0     2   -31.0   55.523    8.247     42.3   1011.9    289.3      0.0     69.4
     1     1    14     9    17    19     0     1   -32.0   55.529    8.696     53.7   1008.7    288.6      0.0     71.2
     1     1    14     9    17    18     0     0   -33.0   55.544    9.117     69.5   1005.1    288.7      0.0     71.5
     1     1    14     9    17    17     0     1   -34.0   55.556    9.533     79.0   1004.0    289.9      0.0     68.7
     1     1    14     9    17    16     0     2   -35.0   55.564    9.926     73.8   1006.0    290.5      0.0     67.2
     1     1    14     9    17    15     0     3   -36.0   55.571   10.285     65.0   1009.3    291.0      0.0     64.9
     1     1    14     9    17    14     0     2   -37.0   55.579   10.626     60.6   1011.5    290.5      0.0     67.5
     1     1    14     9    17    13     0     1   -38.0   55.584   10.954     61.0   1012.9    290.1      0.0     70.6
     1     1    14     9    17    12     0     0   -39.0   55.579   11.264     63.3   1012.8    290.2      0.0     71.4
     1     1    14     9    17    11     0     1   -40.0   55.561   11.565     63.8   1012.5    290.2      0.0     73.3
     1     1    14     9    17    10     0     2   -41.0   55.534   11.869     61.5   1012.6    290.2      0.0     76.1
     1     1    14     9    17     9     0     3   -42.0   55.495   12.181     58.5   1012.6    290.2      0.0     78.7
     1     1    14     9    17     8     0     2   -43.0   55.446   12.503     57.5   1012.4    289.7      0.0     79.1
     1     1    14     9    17     7     0     1   -44.0   55.393   12.831     60.1   1011.5    288.9      0.0     80.3
     1     1    14     9    17     6     0     0   -45.0   55.333   13.159     64.2   1010.6    288.3      0.0     81.6
     1     1    14     9    17     5     0     1   -46.0   55.269   13.484     64.9   1011.4    288.6      0.0     78.3
     1     1    14     9    17     4     0     2   -47.0   55.205   13.801     60.1   1012.9    289.0      0.0     74.4
     1     1    14     9    17     3     0     3   -48.0   55.139   14.101     52.4   1014.8    289.4      0.0     70.1
     1     1    14     9    17     2     0     2   -49.0   55.063   14.402     45.3   1016.3    289.8      0.0     67.0
     1     1    14     9    17     1     0     1   -50.0   54.966   14.724     40.6   1016.7    289.9      0.0     64.1
     1     1    14     9    17     0     0     0   -51.0   54.846   15.054     37.9   1016.9    289.7      0.0     62.1
     1     1    14     9    16    23     0     1   -52.0   54.727   15.385     38.8   1016.9    289.4      0.0     61.3
     1     1    14     9    16    22     0     2   -53.0   54.626   15.722     44.5   1015.7    289.1      0.0     60.2
     1     1    14     9    16    21     0     3   -54.0   54.539   16.063     54.1   1013.5    289.0      0.0     59.1
     1     1    14     9    16    20     0     2   -55.0   54.464   16.409     66.1   1008.8    289.2      0.0     59.1
     1     1    14     9    16    19     0     1   -56.0   54.401   16.763     78.8   1003.6    289.4      0.0     58.5
     1     1    14     9    16    18     0     0   -57.0   54.348   17.126     89.2    999.3    289.7      0.0     57.1
     1     1    14     9    16    17     0     1   -58.0   54.304   17.470     92.5    997.7    290.2      0.0     53.9
     1     1    14     9    16    16     0     2   -59.0   54.265   17.774     87.5    997.4    290.9      0.0     50.4
     1     1    14     9    16    15     0     3   -60.0   54.226   18.041     77.0    998.5    291.9      0.0     46.1
     1     1    14     9    16    14     0     2   -61.0   54.182   18.276     64.6   1003.1    292.3      0.0     44.8
     1     1    14     9    16    13     0     1   -62.0   54.127   18.479     53.3   1006.8    293.0      0.0     43.8
     1     1    14     9    16    12     0     0   -63.0   54.060   18.651     44.0   1009.2    294.2      0.0     42.8
     1     1    14     9    16    11     0     1   -64.0   53.993   18.804     38.1   1011.4    294.0      0.0     45.1
     1     1    14     9    16    10     0     2   -65.0   53.940   18.956     36.0   1013.6    293.2      0.0     48.7
     1     1    14     9    16     9     0     3   -66.0   53.902   19.116     35.7   1013.1    292.0      0.0     52.2
     1     1    14     9    16     8     0     2   -67.0   53.865   19.290     35.9   1011.8    289.6      0.0     57.1
     1     1    14     9    16     7     0     1   -68.0   53.823   19.480     36.4   1010.2    287.2      0.0     63.1
     1     1    14     9    16     6     0     0   -69.0   53.775   19.684     37.6   1008.1    284.8      0.0     70.1
     1     1    14     9    16     5     0     1   -70.0   53.726   19.896     40.3   1005.5    284.0      0.0     71.6
     1     1    14     9    16     4     0     2   -71.0   53.679   20.107     44.7   1004.0    283.3      0.0     73.2
     1     1    14     9    16     3     0     3   -72.0   53.634   20.315     49.7   1003.4    282.8      0.0     74.7
