     7     1
    GDAS    14     8    22     0     0
    GDAS    14     8    29     0     0
    GDAS    14     9     1     0     0
    GDAS    14     9     8     0     0
    GDAS    14     9    15     0     0
    GDAS    14     9    22     0     0
    GDAS    14     9    29     0     0
     1 BACKWARD OMEGA   
    14     9    20     6   56.467   -2.973   100.0
     4 PRESSURE AIR_TEMP RAINFALL RELHUMID
     1     1    14     9    20     6     0     0     0.0   56.467   -2.973    100.0    974.4    283.7      0.2     95.7
     1     1    14     9    20     5     0     1    -1.0   56.557   -2.915     95.3    974.1    283.9      0.2     94.5
     1     1    14     9    20     4     0     2    -2.0   56.659   -2.895     99.2    971.0    284.1      0.2     94.2
     1     1    14     9    20     3     0     3    -3.0   56.773   -2.902    110.2    966.0    284.1      0.2     94.8
     1     1    14     9    20     2     0     2    -4.0   56.894   -2.924    127.6    959.6    284.0      0.0     95.8
     1     1    14     9    20     1     0     1    -5.0   57.017   -2.944    149.4    953.4    284.0      0.0     96.9
     1     1    14     9    20     0     0     0    -6.0   57.139   -2.969    168.6    955.1    284.3      0.0     96.0
     1     1    14     9    19    23     0     1    -7.0   57.257   -3.010    182.8    958.4    284.6      0.0     94.4
     1     1    14     9    19    22     0     2    -8.0   57.375   -3.072    196.1    961.9    284.9      0.0     93.1
     1     1    14     9    19    21     0     3    -9.0   57.492   -3.153    210.5    964.8    285.1      0.0     92.3
     1     1    14     9    19    20     0     2   -10.0   57.598   -3.247    226.3    966.4    285.3      0.0     90.8
     1     1    14     9    19    19     0     1   -11.0   57.686   -3.345    244.2    967.1    285.5      0.0     89.6
     1     1    14     9    19    18     0     0   -12.0   57.759   -3.448    267.9    966.4    285.6      0.0     88.7
     1     1    14     9    19    17     0     1   -13.0   57.819   -3.549    299.1    963.5    285.5      0.2     88.6
     1     1    14     9    19    16     0     2   -14.0   57.866   -3.636    335.6    959.6    285.4      0.2     88.6
     1     1    14     9    19    15     0     3   -15.0   57.892   -3.708    373.6    954.9    285.2      0.2     88.7
     1     1    14     9    19    14     0     2   -16.0   57.901   -3.780    413.6    950.1    284.7      0.2     89.0
     1     1    14     9    19    13     0     1   -17.0   57.897   -3.867    459.8    943.1    284.3      0.2     88.6
     1     1    14     9    19    12     0     0   -18.0   57.880   -3.960    511.8    934.6    284.0      0.2     87.2
     1     1    14     9    19    11     0     1   -19.0   57.854   -4.045    565.8    925.6    284.0      0.3     86.8
     1     1    14     9    19    10     0     2   -20.0   57.824   -4.112    619.3    917.8    283.8      0.3     87.0
     1     1    14     9    19     9     0     3   -21.0   57.791   -4.158    672.6    909.8    283.7      0.3     86.8
     1     1    14     9    19     8     0     2   -22.0   57.754   -4.199    723.0    901.8    283.4      0.0     86.2
     1     1    14     9    19     7     0     1   -23.0   57.713   -4.251    767.1    894.9    283.1      0.0     86.1
     1     1    14     9    19     6     0     0   -24.0   57.667   -4.316    806.7    888.6    282.9      0.0     86.4
     1     1    14     9    19     5     0     1   -25.0   57.608   -4.385    838.4    882.6    282.8      0.0     84.8
     1     1    14     9    19     4     0     2   -26.0   57.523   -4.447    859.9    877.7    282.7      0.0     82.8
     1     1    14     9    19     3     0     3   -27.0   57.411   -4.503    874.5    872.9    282.6      0.0     80.4
     1     1    14     9    19     2     0     2   -28.0   57.274   -4.541    897.8    868.1    282.3      0.0     81.8
     1     1    14     9    19     1     0     1   -29.0   57.116   -4.552    942.9    859.1    281.6      0.0     83.0
     1     1    14     9    19     0     0     0   -30.0   56.936   -4.532   1007.1    850.6    281.1      0.0     83.8
     1     1    14     9    18    23     0     1   -31.0   56.742   -4.476   1061.6    848.6    281.4      0.0     83.2
     1     1    14     9    18    22     0     2   -32.0   56.545   -4.374   1083.4    853.1    281.9      0.0     83.5
     1     1    14     9    18    21     0     3   -33.0   56.353   -4.211   1076.8    861.1    282.5      0.0     84.7
     1     1    14     9    18    20     0     2   -34.0   56.173   -3.987   1053.6    872.3    283.2      0.0     85.3
     1     1    14     9    18    19     0     1   -35.0   56.010   -3.716   1027.5    882.9    283.9      0.0     87.1
     1     1    14     9    18    18     0     0   -36.0   55.857   -3.428   1009.1    885.8    284.4      0.0     85.5
     1     1    14     9    18    17     0     1   -37.0   55.704   -3.162   1006.3    885.9    284.6      0.0     82.2
     1     1    14     9    18    16     0     2   -38.0   55.548   -2.927   1015.2    884.7    284.9      0.0     78.1
     1     1    14     9    18    15     0     3   -39.0   55.392   -2.718   1027.4    882.0    285.0      0.0     74.6
     1     1    14     9    18    14     0     2   -40.0   55.226   -2.497   1039.1    879.1    285.0      0.0     73.7
     1     1    14     9    18    13     0     1   -41.0   55.042   -2.224   1052.3    873.5    284.7      0.0     74.9
     1     1    14     9    18    12     0     0   -42.0   54.844   -1.898   1068.5    870.9    284.3      0.0     78.6
     1     1    14     9    18    11     0     1   -43.0   54.664   -1.542   1085.9    875.8    284.6      0.0     77.5
     1     1    14     9    18    10     0     2   -44.0   54.518   -1.162   1106.8    882.0    284.9      0.0     76.1
     1     1    14     9    18     9     0     3   -45.0   54.394   -0.744   1144.4    881.1    285.0      0.0     71.9
     1     1    14     9    18     8     0     2   -46.0   54.275   -0.320   1191.8    874.0    284.8      0.0     70.1
     1     1    14     9    18     7     0     1   -47.0   54.176    0.079   1214.4    874.0    284.8      0.0     67.0
     1     1    14     9    18     6     0     0   -48.0   54.099    0.466   1205.1    877.9    284.9      0.0     69.7
     1     1    14     9    18     5     0     1   -49.0   54.029    0.853   1195.7    879.3    285.2      0.0     68.0
     1     1    14     9    18     4     0     2   -50.0   53.962    1.250   1187.8    880.1    285.4      0.0     68.2
     1     1    14     9    18     3     0     3   -51.0   53.901    1.662   1179.8    881.1    285.7      0.0     68.4
     1     1    14     9    18     2     0     2   -52.0   53.842    2.077   1173.8    882.2    285.8      0.0     67.9
     1     1    14     9    18     1     0     1   -53.0   53.783    2.482   1174.2    882.5    285.9      0.0     67.3
     1     1    14     9    18     0     0     0   -54.0   53.726    2.875   1181.5    881.8    286.0      0.0     67.1
     1     1    14     9    17    23     0     1   -55.0   53.668    3.266   1190.5    880.7    285.9      0.0     68.6
     1     1    14     9    17    22     0     2   -56.0   53.599    3.658   1196.4    880.2    285.8      0.0     71.3
     1     1    14     9    17    21     0     3   -57.0   53.512    4.048   1197.1    880.3    285.7      0.0     75.4
     1     1    14     9    17    20     0     2   -58.0   53.414    4.433   1195.0    880.8    285.8      0.0     74.4
     1     1    14     9    17    19     0     1   -59.0   53.316    4.824   1191.3    880.8    285.8      0.0     74.8
     1     1    14     9    17    18     0     0   -60.0   53.217    5.236   1179.6    881.5    285.8      0.0     76.1
     1     1    14     9    17    17     0     1   -61.0   53.111    5.651   1161.6    884.1    286.1      0.0     76.1
     1     1    14     9    17    16     0     2   -62.0   53.004    6.046   1136.2    886.1    286.3      0.0     76.1
     1     1    14     9    17    15     0     3   -63.0   52.909    6.424   1101.7    890.0    286.8      0.0     74.2
     1     1    14     9    17    14     0     2   -64.0   52.813    6.802   1070.2    893.3    287.0      0.0     71.0
     1     1    14     9    17    13     0     1   -65.0   52.705    7.196   1050.1    894.4    287.1      0.0     68.9
     1     1    14     9    17    12     0     0   -66.0   52.581    7.601   1043.6    893.6    286.9      0.0     67.3
     1     1    14     9    17    11     0     1   -67.0   52.447    8.012   1037.1    891.6    286.8      0.0     66.3
     1     1    14     9    17    10     0     2   -68.0   52.309    8.428   1029.1    889.5    286.6      0.0     64.6
     1     1    14     9    17     9     0     3   -69.0   52.156    8.857   1045.1    882.9    286.3      0.0     60.4
     1     1    14     9    17     8     0     2   -70.0   51.995    9.287   1084.6    873.0    285.7      0.0     58.7
     1     1    14     9    17     7     0     1   -71.0   51.841    9.696   1116.4    866.4    285.3      0.0     58.5
     1     1    14     9    17     6     0     0   -72.0   51.703   10.078   1124.0    864.0    285.1      0.0     59.3
