     7     1
    GDAS    14     8    22     0     0
    GDAS    14     8    29     0     0
    GDAS    14     9     1     0     0
    GDAS    14     9     8     0     0
    GDAS    14     9    15     0     0
    GDAS    14     9    22     0     0
    GDAS    14     9    29     0     0
     1 BACKWARD OMEGA   
    14     9    18    16   56.467   -2.973   100.0
     4 PRESSURE AIR_TEMP RAINFALL RELHUMID
     1     1    14     9    18    16     0     2     0.0   56.467   -2.973    100.0    971.8    286.6      0.0     95.6
     1     1    14     9    18    15     0     3    -1.0   56.453   -2.782     70.7    981.6    287.4      0.0     93.3
     1     1    14     9    18    14     0     2    -2.0   56.433   -2.591     50.5    989.9    287.4      0.0     92.8
     1     1    14     9    18    13     0     1    -3.0   56.401   -2.398     37.3    996.8    287.3      0.0     92.9
     1     1    14     9    18    12     0     0    -4.0   56.352   -2.203     28.3   1003.3    287.2      0.0     93.4
     1     1    14     9    18    11     0     1    -5.0   56.291   -2.001     22.0   1008.6    287.0      0.0     93.9
     1     1    14     9    18    10     0     2    -6.0   56.225   -1.780     17.6   1009.8    286.9      0.0     93.5
     1     1    14     9    18     9     0     3    -7.0   56.152   -1.531     14.9   1011.2    286.8      0.0     92.9
     1     1    14     9    18     8     0     2    -8.0   56.072   -1.259     13.6   1012.7    286.9      0.0     92.6
     1     1    14     9    18     7     0     1    -9.0   55.986   -0.977     13.3   1013.9    287.0      0.0     92.7
     1     1    14     9    18     6     0     0   -10.0   55.901   -0.704     13.3   1014.0    287.0      0.0     93.3
     1     1    14     9    18     5     0     1   -11.0   55.828   -0.446     13.5   1014.0    287.1      0.0     94.7
     1     1    14     9    18     4     0     2   -12.0   55.771   -0.191     14.3   1013.7    287.2      0.0     95.9
     1     1    14     9    18     3     0     3   -13.0   55.716    0.114     14.1   1012.6    287.4      0.0     91.0
     1     1    14     9    18     2     0     2   -14.0   55.656    0.476     12.9   1013.3    287.4      0.0     90.1
     1     1    14     9    18     1     0     1   -15.0   55.595    0.840     12.3   1013.4    287.6      0.0     89.4
     1     1    14     9    18     0     0     0   -16.0   55.529    1.197     12.1   1012.9    287.8      0.0     88.7
     1     1    14     9    17    23     0     1   -17.0   55.460    1.557     12.1   1013.3    287.9      0.0     87.6
     1     1    14     9    17    22     0     2   -18.0   55.386    1.932     12.0   1013.8    288.1      0.0     86.1
     1     1    14     9    17    21     0     3   -19.0   55.308    2.323     11.7   1014.5    288.3      0.0     84.0
     1     1    14     9    17    20     0     2   -20.0   55.229    2.732     11.1   1014.6    288.5      0.0     83.5
     1     1    14     9    17    19     0     1   -21.0   55.153    3.157     10.5   1014.8    288.8      0.0     83.1
     1     1    14     9    17    18     0     0   -22.0   55.081    3.592     10.3   1014.8    289.2      0.0     81.9
     1     1    14     9    17    17     0     1   -23.0   55.011    4.046     10.2   1014.5    289.4      0.0     81.4
     1     1    14     9    17    16     0     2   -24.0   54.941    4.518     10.2   1014.2    289.6      0.0     80.8
     1     1    14     9    17    15     0     3   -25.0   54.864    4.999     10.2   1014.0    289.9      0.0     80.2
     1     1    14     9    17    14     0     2   -26.0   54.792    5.495     10.1   1014.7    289.9      0.1     78.8
     1     1    14     9    17    13     0     1   -27.0   54.739    6.021      9.7   1015.3    290.0      0.0     78.5
     1     1    14     9    17    12     0     0   -28.0   54.703    6.559      9.6   1015.8    290.1      0.0     77.7
     1     1    14     9    17    11     0     1   -29.0   54.669    7.086      9.9   1015.8    290.2      0.0     77.1
     1     1    14     9    17    10     0     2   -30.0   54.628    7.588     10.3   1016.0    290.4      0.0     78.3
     1     1    14     9    17     9     0     3   -31.0   54.590    8.063     10.5   1015.9    290.7      0.0     80.6
     1     1    14     9    17     8     0     2   -32.0   54.563    8.492     10.9   1015.6    290.8      0.0     81.1
     1     1    14     9    17     7     0     1   -33.0   54.550    8.849     12.2   1014.7    289.5      0.0     83.6
     1     1    14     9    17     6     0     0   -34.0   54.549    9.152     14.8   1013.7    287.8      0.0     87.4
     1     1    14     9    17     5     0     1   -35.0   54.550    9.440     17.5   1014.1    287.9      0.0     85.9
     1     1    14     9    17     4     0     2   -36.0   54.550    9.737     18.6   1014.2    288.1      0.0     84.5
     1     1    14     9    17     3     0     3   -37.0   54.551   10.041     17.7   1014.0    288.4      0.0     83.3
     1     1    14     9    17     2     0     2   -38.0   54.551   10.355     16.1   1014.6    288.5      0.0     81.6
     1     1    14     9    17     1     0     1   -39.0   54.549   10.684     14.7   1015.8    288.5      0.0     79.9
     1     1    14     9    17     0     0     0   -40.0   54.544   11.031     13.1   1017.9    288.6      0.0     78.3
     1     1    14     9    16    23     0     1   -41.0   54.539   11.378     11.7   1017.9    288.5      0.0     76.1
     1     1    14     9    16    22     0     2   -42.0   54.537   11.714     10.9   1017.6    288.3      0.0     74.4
     1     1    14     9    16    21     0     3   -43.0   54.540   12.047     10.3   1017.4    288.2      0.0     73.0
     1     1    14     9    16    20     0     2   -44.0   54.546   12.400     10.0   1018.0    288.8      0.0     71.2
     1     1    14     9    16    19     0     1   -45.0   54.556   12.798      9.9   1019.6    289.2      0.0     70.1
     1     1    14     9    16    18     0     0   -46.0   54.574   13.244      9.9   1021.4    289.7      0.0     68.6
     1     1    14     9    16    17     0     1   -47.0   54.609   13.715      9.9   1021.2    290.4      0.0     64.6
     1     1    14     9    16    16     0     2   -48.0   54.663   14.182     10.0   1021.1    290.6      0.0     62.7
     1     1    14     9    16    15     0     3   -49.0   54.733   14.624     10.5   1021.0    291.1      0.0     61.9
     1     1    14     9    16    14     0     2   -50.0   54.802   15.038     11.5   1020.8    291.1      0.0     62.2
     1     1    14     9    16    13     0     1   -51.0   54.857   15.429     12.8   1020.4    290.9      0.0     61.9
     1     1    14     9    16    12     0     0   -52.0   54.899   15.802     14.6   1020.0    290.7      0.0     61.4
     1     1    14     9    16    11     0     1   -53.0   54.923   16.175     16.8   1020.3    290.4      0.0     63.0
     1     1    14     9    16    10     0     2   -54.0   54.922   16.560     19.1   1021.0    290.3      0.0     64.3
     1     1    14     9    16     9     0     3   -55.0   54.902   16.950     21.4   1021.4    290.1      0.0     65.2
     1     1    14     9    16     8     0     2   -56.0   54.871   17.335     23.4   1020.2    289.8      0.0     67.4
     1     1    14     9    16     7     0     1   -57.0   54.835   17.703     24.1   1019.1    289.3      0.0     69.9
     1     1    14     9    16     6     0     0   -58.0   54.798   18.055     23.7   1018.4    288.8      0.0     72.7
     1     1    14     9    16     5     0     1   -59.0   54.757   18.381     23.0   1018.7    288.6      0.0     71.4
     1     1    14     9    16     4     0     2   -60.0   54.706   18.673     22.8   1019.3    288.2      0.0     70.0
     1     1    14     9    16     3     0     3   -61.0   54.651   18.932     22.7   1020.4    287.7      0.0     68.4
     1     1    14     9    16     2     0     2   -62.0   54.591   19.177     23.1   1019.4    287.2      0.0     66.0
     1     1    14     9    16     1     0     1   -63.0   54.524   19.421     24.4   1017.6    286.6      0.0     64.3
     1     1    14     9    16     0     0     0   -64.0   54.452   19.662     27.5   1015.5    286.1      0.0     62.9
     1     1    14     9    15    23     0     1   -65.0   54.384   19.906     33.1   1012.3    285.8      0.0     61.9
     1     1    14     9    15    22     0     2   -66.0   54.327   20.165     41.8   1009.7    285.8      0.0     60.6
     1     1    14     9    15    21     0     3   -67.0   54.280   20.439     53.1   1007.7    285.9      0.0     59.2
     1     1    14     9    15    20     0     2   -68.0   54.249   20.725     64.2   1005.5    286.4      0.0     57.0
     1     1    14     9    15    19     0     1   -69.0   54.235   21.014     71.1   1004.2    286.8      0.0     55.1
     1     1    14     9    15    18     0     0   -70.0   54.240   21.309     73.9   1003.0    287.2      0.0     53.1
     1     1    14     9    15    17     0     1   -71.0   54.257   21.603     74.7   1002.2    288.5      0.0     49.3
     1     1    14     9    15    16     0     2   -72.0   54.276   21.885     75.9   1001.2    289.9      0.0     45.1
