     7     1
    GDAS    14     8    22     0     0
    GDAS    14     8    29     0     0
    GDAS    14     9     1     0     0
    GDAS    14     9     8     0     0
    GDAS    14     9    15     0     0
    GDAS    14     9    22     0     0
    GDAS    14     9    29     0     0
     1 BACKWARD OMEGA   
    14     9    18    10   56.467   -2.973   100.0
     4 PRESSURE AIR_TEMP RAINFALL RELHUMID
     1     1    14     9    18    10     0     2     0.0   56.467   -2.973    100.0    972.1    286.5      0.0     97.1
     1     1    14     9    18     9     0     3    -1.0   56.439   -2.794     69.6    982.4    286.7      0.0     96.9
     1     1    14     9    18     8     0     2    -2.0   56.408   -2.616     49.5    989.8    286.7      0.3     96.7
     1     1    14     9    18     7     0     1    -3.0   56.373   -2.435     35.9    996.3    286.7      0.0     96.4
     1     1    14     9    18     6     0     0    -4.0   56.334   -2.249     26.3   1002.5    286.8      0.0     96.2
     1     1    14     9    18     5     0     1    -5.0   56.291   -2.051     19.6   1008.1    286.9      0.0     96.2
     1     1    14     9    18     4     0     2    -6.0   56.242   -1.836     15.3   1010.5    286.9      0.0     96.5
     1     1    14     9    18     3     0     3    -7.0   56.188   -1.603     13.1   1011.7    286.9      0.0     97.2
     1     1    14     9    18     2     0     2    -8.0   56.138   -1.357     12.2   1012.9    287.0      0.0     97.2
     1     1    14     9    18     1     0     1    -9.0   56.094   -1.100     12.3   1014.0    287.0      0.0     97.2
     1     1    14     9    18     0     0     0   -10.0   56.054   -0.836     13.2   1014.3    287.1      0.0     97.1
     1     1    14     9    17    23     0     1   -11.0   56.020   -0.574     14.5   1014.1    287.0      0.0     96.7
     1     1    14     9    17    22     0     2   -12.0   55.990   -0.321     16.0   1013.8    287.0      0.0     96.3
     1     1    14     9    17    21     0     3   -13.0   55.963   -0.076     17.8   1013.5    287.0      0.0     96.0
     1     1    14     9    17    20     0     2   -14.0   55.919    0.190     18.5   1013.1    287.3      0.2     96.3
     1     1    14     9    17    19     0     1   -15.0   55.854    0.486     17.9   1013.3    287.4      0.2     96.0
     1     1    14     9    17    18     0     0   -16.0   55.786    0.799     17.6   1013.4    287.5      0.0     96.3
     1     1    14     9    17    17     0     1   -17.0   55.709    1.135     17.5   1013.1    287.7      0.0     95.6
     1     1    14     9    17    16     0     2   -18.0   55.626    1.492     17.7   1012.9    287.9      0.0     94.9
     1     1    14     9    17    15     0     3   -19.0   55.542    1.867     18.1   1012.7    288.1      0.4     95.1
     1     1    14     9    17    14     0     2   -20.0   55.459    2.253     18.4   1012.8    288.2      0.2     94.9
     1     1    14     9    17    13     0     1   -21.0   55.375    2.643     17.8   1012.9    288.4      0.7     94.7
     1     1    14     9    17    12     0     0   -22.0   55.284    3.034     15.9   1013.0    288.5      1.0     94.6
     1     1    14     9    17    11     0     1   -23.0   55.186    3.428     14.0   1013.3    288.7      1.1     93.8
     1     1    14     9    17    10     0     2   -24.0   55.074    3.832     13.0   1014.1    289.0      0.5     93.9
     1     1    14     9    17     9     0     3   -25.0   54.938    4.239     12.0   1015.2    289.3      0.5     94.2
     1     1    14     9    17     8     0     2   -26.0   54.803    4.662     11.1   1014.6    289.5      0.5     93.1
     1     1    14     9    17     7     0     1   -27.0   54.690    5.113     10.5   1014.3    289.7      0.5     92.3
     1     1    14     9    17     6     0     0   -28.0   54.592    5.584     10.0   1014.2    289.9      0.6     91.4
     1     1    14     9    17     5     0     1   -29.0   54.501    6.059      9.5   1014.6    290.1      0.6     89.6
     1     1    14     9    17     4     0     2   -30.0   54.407    6.528      8.8   1014.9    290.3      0.1     86.6
     1     1    14     9    17     3     0     3   -31.0   54.310    6.994      8.2   1014.4    290.4      0.1     83.3
     1     1    14     9    17     2     0     2   -32.0   54.219    7.460      7.6   1015.8    290.4      1.9     81.4
     1     1    14     9    17     1     0     1   -33.0   54.144    7.930      7.4   1016.6    290.4      0.0     80.3
     1     1    14     9    17     0     0     0   -34.0   54.094    8.365      7.8   1016.5    289.7      0.0     79.8
     1     1    14     9    16    23     0     1   -35.0   54.068    8.733      8.6   1016.1    289.3      0.0     79.0
     1     1    14     9    16    22     0     2   -36.0   54.056    9.048      9.8   1015.7    289.2      0.0     78.3
     1     1    14     9    16    21     0     3   -37.0   54.050    9.338     11.7   1015.1    289.3      0.0     77.6
     1     1    14     9    16    20     0     2   -38.0   54.048    9.620     14.0   1014.5    289.6      0.0     75.9
     1     1    14     9    16    19     0     1   -39.0   54.057    9.893     15.7   1014.0    290.0      0.0     74.4
     1     1    14     9    16    18     0     0   -40.0   54.074   10.168     15.9   1013.9    290.4      0.0     72.3
     1     1    14     9    16    17     0     1   -41.0   54.087   10.461     14.4   1014.0    291.9      0.0     66.1
     1     1    14     9    16    16     0     2   -42.0   54.088   10.769     11.7   1014.3    293.5      0.0     59.9
     1     1    14     9    16    15     0     3   -43.0   54.081   11.086      8.5   1014.4    295.1      0.0     54.1
     1     1    14     9    16    14     0     2   -44.0   54.070   11.400      5.6   1015.4    295.8      0.0     54.7
     1     1    14     9    16    13     0     1   -45.0   54.057   11.705      3.4   1016.4    296.6      0.0     54.9
     1     1    14     9    16    12     0     0   -46.0   54.041   12.000      1.9   1017.4    297.7      0.0     54.7
     1     1    14     9    16    11     0     1   -47.0   54.024   12.288      1.0   1017.5    296.7      0.0     57.9
     1     1    14     9    16    10     0     2   -48.0   54.014   12.572      0.5   1017.7    295.8      0.0     60.8
     1     1    14     9    16     9     0     3   -49.0   54.009   12.853      0.3   1017.9    294.9      0.0     63.4
     1     1    14     9    16     8     0     2   -50.0   54.006   13.122      0.3   1018.0    292.6      0.0     66.4
     1     1    14     9    16     7     0     1   -51.0   53.998   13.385      0.0   1018.7    290.5      0.0     68.5
     1     1    14     9    16     6     0     0   -52.0   53.984   13.665      0.0   1019.3    289.5      0.0     69.5
     1     1    14     9    16     5     0     1   -53.0   53.957   13.975      0.0   1020.6    289.7      0.0     67.2
     1     1    14     9    16     4     0     2   -54.0   53.918   14.289      0.0   1020.0    289.2      0.0     65.2
     1     1    14     9    16     3     0     3   -55.0   53.875   14.576      0.7   1018.6    288.6      0.0     63.2
     1     1    14     9    16     2     0     2   -56.0   53.832   14.844      2.0   1017.3    288.4      0.0     62.7
     1     1    14     9    16     1     0     1   -57.0   53.790   15.103      3.9   1016.3    288.2      0.0     62.7
     1     1    14     9    16     0     0     0   -58.0   53.745   15.353      6.2   1015.5    288.1      0.0     63.0
     1     1    14     9    15    23     0     1   -59.0   53.707   15.597      8.7   1014.8    288.2      0.0     62.8
     1     1    14     9    15    22     0     2   -60.0   53.684   15.838     11.6   1014.0    288.4      0.0     63.0
     1     1    14     9    15    21     0     3   -61.0   53.677   16.084     15.5   1012.6    288.6      0.0     63.8
     1     1    14     9    15    20     0     2   -62.0   53.681   16.341     20.3   1009.5    289.2      0.0     62.7
     1     1    14     9    15    19     0     1   -63.0   53.693   16.611     25.2   1006.4    289.9      0.0     62.3
     1     1    14     9    15    18     0     0   -64.0   53.715   16.898     29.2   1003.3    290.6      0.0     62.7
     1     1    14     9    15    17     0     1   -65.0   53.739   17.189     31.0   1001.7    292.3      0.0     57.7
     1     1    14     9    15    16     0     2   -66.0   53.762   17.469     29.8   1001.2    293.9      0.0     52.9
     1     1    14     9    15    15     0     3   -67.0   53.786   17.742     25.5   1001.0    295.6      0.0     48.9
     1     1    14     9    15    14     0     2   -68.0   53.809   18.005     20.1   1002.0    296.0      0.0     49.0
     1     1    14     9    15    13     0     1   -69.0   53.825   18.252     15.8   1006.5    297.1      0.0     47.9
     1     1    14     9    15    12     0     0   -70.0   53.835   18.479     13.2   1010.7    298.2      0.0     47.7
     1     1    14     9    15    11     0     1   -71.0   53.842   18.690     11.5   1013.8    297.4      0.0     52.5
     1     1    14     9    15    10     0     2   -72.0   53.849   18.886     10.4   1017.1    296.7      0.0     56.9
