     7     1
    GDAS    14     8    22     0     0
    GDAS    14     8    29     0     0
    GDAS    14     9     1     0     0
    GDAS    14     9     8     0     0
    GDAS    14     9    15     0     0
    GDAS    14     9    22     0     0
    GDAS    14     9    29     0     0
     1 BACKWARD OMEGA   
    14     9    20     8   56.467   -2.973   100.0
     4 PRESSURE AIR_TEMP RAINFALL RELHUMID
     1     1    14     9    20     8     0     2     0.0   56.467   -2.973    100.0    975.3    284.1      0.0     92.0
     1     1    14     9    20     7     0     1    -1.0   56.556   -2.938    100.2    973.3    283.8      0.3     93.6
     1     1    14     9    20     6     0     0    -2.0   56.654   -2.903    105.3    970.5    283.4      0.3     96.0
     1     1    14     9    20     5     0     1    -3.0   56.765   -2.887    118.3    966.5    283.5      0.2     95.7
     1     1    14     9    20     4     0     2    -4.0   56.894   -2.902    141.7    959.8    283.5      0.2     96.4
     1     1    14     9    20     3     0     3    -5.0   57.042   -2.942    172.9    952.4    283.5      0.2     97.4
     1     1    14     9    20     2     0     2    -6.0   57.197   -3.003    202.6    953.4    283.7      0.0     96.1
     1     1    14     9    20     1     0     1    -7.0   57.343   -3.081    224.7    956.9    284.1      0.0     95.3
     1     1    14     9    20     0     0     0    -8.0   57.480   -3.170    241.2    960.7    284.3      0.0     95.1
     1     1    14     9    19    23     0     1    -9.0   57.612   -3.276    260.3    964.2    284.6      0.0     94.1
     1     1    14     9    19    22     0     2   -10.0   57.743   -3.403    291.5    965.0    284.7      0.0     93.8
     1     1    14     9    19    21     0     3   -11.0   57.876   -3.551    341.9    963.3    284.6      0.0     94.2
     1     1    14     9    19    20     0     2   -12.0   58.011   -3.724    421.5    957.9    284.3      0.6     94.1
     1     1    14     9    19    19     0     1   -13.0   58.141   -3.937    524.7    942.2    283.8      0.6     94.8
     1     1    14     9    19    18     0     0   -14.0   58.265   -4.198    618.4    927.7    283.3      0.6     95.9
     1     1    14     9    19    17     0     1   -15.0   58.367   -4.463    668.4    920.0    282.7      0.2     96.2
     1     1    14     9    19    16     0     2   -16.0   58.439   -4.690    683.7    918.6    282.5      0.2     96.6
     1     1    14     9    19    15     0     3   -17.0   58.489   -4.876    678.8    919.2    282.4      0.2     97.2
     1     1    14     9    19    14     0     2   -18.0   58.527   -5.026    666.3    922.0    282.6      0.3     97.6
     1     1    14     9    19    13     0     1   -19.0   58.560   -5.147    655.8    926.6    282.8      0.3     97.3
     1     1    14     9    19    12     0     0   -20.0   58.587   -5.239    648.8    929.4    282.9      0.3     97.2
     1     1    14     9    19    11     0     1   -21.0   58.612   -5.311    642.6    931.4    283.3      0.0     97.1
     1     1    14     9    19    10     0     2   -22.0   58.640   -5.377    636.3    933.6    283.6      0.0     97.1
     1     1    14     9    19     9     0     3   -23.0   58.672   -5.436    632.5    935.4    283.9      0.0     97.1
     1     1    14     9    19     8     0     2   -24.0   58.708   -5.483    630.7    936.3    283.9      0.0     97.5
     1     1    14     9    19     7     0     1   -25.0   58.751   -5.513    627.0    937.3    283.9      0.0     98.1
     1     1    14     9    19     6     0     0   -26.0   58.799   -5.527    619.3    938.6    283.9      0.0     98.8
     1     1    14     9    19     5     0     1   -27.0   58.845   -5.534    613.6    940.6    284.2      0.0     97.8
     1     1    14     9    19     4     0     2   -28.0   58.878   -5.540    617.0    940.9    284.3      0.0     96.9
     1     1    14     9    19     3     0     3   -29.0   58.896   -5.546    630.3    939.9    284.5      0.0     96.0
     1     1    14     9    19     2     0     2   -30.0   58.901   -5.547    645.8    937.5    284.5      0.0     95.8
     1     1    14     9    19     1     0     1   -31.0   58.895   -5.542    654.8    936.5    284.5      0.0     95.5
     1     1    14     9    19     0     0     0   -32.0   58.879   -5.528    657.2    936.2    284.6      0.0     95.3
     1     1    14     9    18    23     0     1   -33.0   58.851   -5.505    653.1    936.2    285.0      0.0     93.4
     1     1    14     9    18    22     0     2   -34.0   58.808   -5.471    642.6    936.6    285.3      0.0     91.6
     1     1    14     9    18    21     0     3   -35.0   58.749   -5.427    626.7    937.3    285.7      0.0     89.9
     1     1    14     9    18    20     0     2   -36.0   58.678   -5.367    613.9    937.4    285.8      0.0     89.2
     1     1    14     9    18    19     0     1   -37.0   58.593   -5.286    613.4    934.7    285.8      0.0     88.9
     1     1    14     9    18    18     0     0   -38.0   58.492   -5.183    630.0    929.0    285.6      0.3     89.4
     1     1    14     9    18    17     0     1   -39.0   58.375   -5.057    655.4    919.0    285.1      0.2     90.1
     1     1    14     9    18    16     0     2   -40.0   58.250   -4.910    668.7    912.3    284.7      0.2     90.6
     1     1    14     9    18    15     0     3   -41.0   58.119   -4.735    650.4    912.1    284.7      0.2     91.5
     1     1    14     9    18    14     0     2   -42.0   57.988   -4.538    608.2    919.1    284.9      0.0     91.6
     1     1    14     9    18    13     0     1   -43.0   57.855   -4.342    566.4    922.9    285.0      0.0     91.4
     1     1    14     9    18    12     0     0   -44.0   57.722   -4.153    531.7    923.7    284.8      0.0     92.1
     1     1    14     9    18    11     0     1   -45.0   57.586   -3.955    503.9    921.8    284.5      0.0     94.4
     1     1    14     9    18    10     0     2   -46.0   57.440   -3.734    481.4    920.7    284.5      0.2     95.2
     1     1    14     9    18     9     0     3   -47.0   57.283   -3.491    449.2    919.4    284.6      0.3     95.7
     1     1    14     9    18     8     0     2   -48.0   57.131   -3.234    382.1    922.6    284.7      0.3     96.6
     1     1    14     9    18     7     0     1   -49.0   57.010   -2.992    273.3    933.0    284.9      0.3     97.9
     1     1    14     9    18     6     0     0   -50.0   56.933   -2.783    166.5    961.3    285.7      0.3     97.7
     1     1    14     9    18     5     0     1   -51.0   56.877   -2.588     99.0    978.5    286.1      0.3     98.2
     1     1    14     9    18     4     0     2   -52.0   56.827   -2.391     59.8    991.0    286.5      0.0     98.4
     1     1    14     9    18     3     0     3   -53.0   56.774   -2.179     37.8   1001.1    286.7      0.0     98.7
     1     1    14     9    18     2     0     2   -54.0   56.726   -1.957     24.6   1009.5    286.8      0.0     98.5
     1     1    14     9    18     1     0     1   -55.0   56.688   -1.735     17.1   1011.4    286.7      0.0     98.3
     1     1    14     9    18     0     0     0   -56.0   56.655   -1.508     13.2   1012.8    286.8      0.0     98.5
     1     1    14     9    17    23     0     1   -57.0   56.615   -1.268     11.3   1014.1    286.8      0.4     97.8
     1     1    14     9    17    22     0     2   -58.0   56.559   -1.008     10.8   1014.9    286.8      0.4     97.1
     1     1    14     9    17    21     0     3   -59.0   56.496   -0.738     10.6   1014.8    286.8      0.0     96.5
     1     1    14     9    17    20     0     2   -60.0   56.445   -0.481     10.7   1014.8    286.8      0.2     96.4
     1     1    14     9    17    19     0     1   -61.0   56.415   -0.244     11.0   1014.7    286.9      0.2     96.4
     1     1    14     9    17    18     0     0   -62.0   56.405   -0.027     11.5   1014.5    286.9      0.2     96.4
     1     1    14     9    17    17     0     1   -63.0   56.367    0.233     11.6   1014.1    287.1      0.1     96.7
     1     1    14     9    17    16     0     2   -64.0   56.289    0.559     11.1   1014.1    287.2      0.0     96.5
     1     1    14     9    17    15     0     3   -65.0   56.200    0.925     10.7   1013.9    287.3      0.0     96.2
     1     1    14     9    17    14     0     2   -66.0   56.103    1.316     10.5   1014.2    287.5      0.0     96.5
     1     1    14     9    17    13     0     1   -67.0   56.008    1.708     10.6   1015.1    287.6      0.8     97.3
     1     1    14     9    17    12     0     0   -68.0   55.912    2.110     10.6   1016.3    287.7      0.8     97.7
     1     1    14     9    17    11     0     1   -69.0   55.820    2.523     10.1   1015.7    287.9      1.4     97.1
     1     1    14     9    17    10     0     2   -70.0   55.730    2.947      9.3   1015.2    288.2      1.4     96.7
     1     1    14     9    17     9     0     3   -71.0   55.629    3.386      8.5   1015.0    288.5      1.4     95.5
     1     1    14     9    17     8     0     2   -72.0   55.526    3.849      7.7   1015.2    288.9      0.0     94.5
