     7     1
    GDAS    14     8    22     0     0
    GDAS    14     8    29     0     0
    GDAS    14     9     1     0     0
    GDAS    14     9     8     0     0
    GDAS    14     9    15     0     0
    GDAS    14     9    22     0     0
    GDAS    14     9    29     0     0
     1 BACKWARD OMEGA   
    14     9    23     9   56.467   -2.973   100.0
     4 PRESSURE AIR_TEMP RAINFALL RELHUMID
     1     1    14     9    23     9     0     3     0.0   56.467   -2.973    100.0    973.2    283.1      0.0     82.2
     1     1    14     9    23     8     0     2    -1.0   56.485   -3.174    130.0    968.0    282.5      0.0     86.2
     1     1    14     9    23     7     0     1    -2.0   56.500   -3.409    164.6    961.1    281.9      0.0     90.1
     1     1    14     9    23     6     0     0    -3.0   56.520   -3.686    196.9    953.6    281.2      0.0     93.0
     1     1    14     9    23     5     0     1    -4.0   56.530   -3.994    222.1    947.5    281.1      0.0     94.1
     1     1    14     9    23     4     0     2    -5.0   56.515   -4.309    236.9    948.2    281.5      0.0     94.8
     1     1    14     9    23     3     0     3    -6.0   56.488   -4.613    235.4    951.0    281.9      0.0     95.9
     1     1    14     9    23     2     0     2    -7.0   56.460   -4.897    209.7    955.9    282.2      0.1     96.1
     1     1    14     9    23     1     0     1    -8.0   56.431   -5.154    161.8    968.0    283.1      0.2     94.6
     1     1    14     9    23     0     0     0    -9.0   56.407   -5.389    108.8    982.9    284.3      0.2     91.8
     1     1    14     9    22    23     0     1   -10.0   56.390   -5.619     64.6    996.0    285.3      0.1     88.3
     1     1    14     9    22    22     0     2   -11.0   56.380   -5.866     32.4   1006.8    286.2      0.1     87.4
     1     1    14     9    22    21     0     3   -12.0   56.380   -6.151     12.7   1013.9    287.1      0.2     87.5
     1     1    14     9    22    20     0     2   -13.0   56.374   -6.469      4.1   1016.4    287.4      0.1     84.8
     1     1    14     9    22    19     0     1   -14.0   56.345   -6.820      0.6   1019.1    287.7      0.8     85.8
     1     1    14     9    22    18     0     0   -15.0   56.296   -7.213      0.0   1020.5    287.8      0.8     88.6
     1     1    14     9    22    17     0     1   -16.0   56.226   -7.605      0.0   1019.9    287.9      1.0     87.6
     1     1    14     9    22    16     0     2   -17.0   56.130   -7.984      0.0   1018.5    287.9      1.0     90.8
     1     1    14     9    22    15     0     3   -18.0   56.016   -8.362      0.0   1018.9    287.9      1.0     93.3
     1     1    14     9    22    14     0     2   -19.0   55.912   -8.720      0.0   1020.9    288.1      0.0     93.5
     1     1    14     9    22    13     0     1   -20.0   55.806   -9.052      0.0   1022.4    288.1      0.0     94.7
     1     1    14     9    22    12     0     0   -21.0   55.677   -9.359      0.0   1022.2    288.2      0.0     94.1
     1     1    14     9    22    11     0     1   -22.0   55.532   -9.648      0.0   1021.8    288.2      0.4     93.0
     1     1    14     9    22    10     0     2   -23.0   55.366   -9.937      0.0   1021.8    288.3      0.1     93.2
     1     1    14     9    22     9     0     3   -24.0   55.160  -10.223      0.0   1022.6    288.3      0.1     93.1
     1     1    14     9    22     8     0     2   -25.0   54.926  -10.493      0.0   1022.6    288.4      0.0     93.3
     1     1    14     9    22     7     0     1   -26.0   54.696  -10.739      0.0   1022.0    288.5      0.0     92.0
     1     1    14     9    22     6     0     0   -27.0   54.473  -10.965      0.0   1022.0    288.7      0.0     91.3
     1     1    14     9    22     5     0     1   -28.0   54.256  -11.177      0.0   1023.4    288.7      0.0     91.3
     1     1    14     9    22     4     0     2   -29.0   54.048  -11.383      0.0   1024.3    288.7      0.0     90.7
     1     1    14     9    22     3     0     3   -30.0   53.854  -11.586      0.1   1024.7    288.8      0.0     88.7
     1     1    14     9    22     2     0     2   -31.0   53.667  -11.774      0.3   1025.1    288.9      0.0     88.0
     1     1    14     9    22     1     0     1   -32.0   53.473  -11.936      0.3   1025.4    289.0      0.0     88.3
     1     1    14     9    22     0     0     0   -33.0   53.269  -12.074      0.3   1025.8    289.0      0.0     88.5
     1     1    14     9    21    23     0     1   -34.0   53.070  -12.188      0.5   1025.9    289.0      0.0     87.3
     1     1    14     9    21    22     0     2   -35.0   52.892  -12.273      0.9   1026.1    289.0      0.0     86.1
     1     1    14     9    21    21     0     3   -36.0   52.733  -12.325      1.4   1026.3    289.1      0.0     84.8
     1     1    14     9    21    20     0     2   -37.0   52.585  -12.346      2.0   1026.0    289.1      0.0     83.8
     1     1    14     9    21    19     0     1   -38.0   52.442  -12.339      2.4   1025.7    289.1      0.0     82.9
     1     1    14     9    21    18     0     0   -39.0   52.302  -12.308      2.8   1025.5    289.1      0.0     82.3
     1     1    14     9    21    17     0     1   -40.0   52.167  -12.264      3.2   1025.5    289.2      0.0     81.6
     1     1    14     9    21    16     0     2   -41.0   52.036  -12.216      3.5   1025.7    289.2      0.0     81.2
     1     1    14     9    21    15     0     3   -42.0   51.912  -12.160      3.6   1025.7    289.2      0.0     80.9
     1     1    14     9    21    14     0     2   -43.0   51.799  -12.089      3.9   1025.6    289.3      0.0     80.8
     1     1    14     9    21    13     0     1   -44.0   51.701  -12.000      4.4   1025.6    289.4      0.0     80.6
     1     1    14     9    21    12     0     0   -45.0   51.615  -11.898      5.2   1025.6    289.5      0.0     80.2
     1     1    14     9    21    11     0     1   -46.0   51.546  -11.778      6.0   1025.7    289.5      0.0     80.1
     1     1    14     9    21    10     0     2   -47.0   51.497  -11.632      6.4   1025.8    289.5      0.0     79.7
     1     1    14     9    21     9     0     3   -48.0   51.467  -11.457      6.7   1025.9    289.4      0.0     79.2
     1     1    14     9    21     8     0     2   -49.0   51.452  -11.266      7.1   1025.0    289.4      0.0     78.5
     1     1    14     9    21     7     0     1   -50.0   51.445  -11.071      7.6   1024.3    289.4      0.0     77.7
     1     1    14     9    21     6     0     0   -51.0   51.447  -10.876      8.5   1022.5    289.0      0.0     77.4
     1     1    14     9    21     5     0     1   -52.0   51.450  -10.681      9.7   1020.6    288.2      0.0     77.2
     1     1    14     9    21     4     0     2   -53.0   51.446  -10.480     11.4   1018.4    287.5      0.0     76.6
     1     1    14     9    21     3     0     3   -54.0   51.437  -10.277     13.9   1016.1    287.0      0.0     75.5
     1     1    14     9    21     2     0     2   -55.0   51.433  -10.075     17.9   1013.6    286.5      0.0     75.5
     1     1    14     9    21     1     0     1   -56.0   51.447   -9.881     23.4   1011.5    286.2      0.0     75.8
     1     1    14     9    21     0     0     0   -57.0   51.477   -9.701     29.7   1009.8    285.9      0.0     76.2
     1     1    14     9    20    23     0     1   -58.0   51.528   -9.531     36.6   1007.2    285.6      0.0     76.6
     1     1    14     9    20    22     0     2   -59.0   51.605   -9.372     44.7   1003.8    285.2      0.0     77.4
     1     1    14     9    20    21     0     3   -60.0   51.704   -9.228     53.4    999.6    284.8      0.0     78.3
     1     1    14     9    20    20     0     2   -61.0   51.816   -9.107     61.2    994.9    284.9      0.0     77.6
     1     1    14     9    20    19     0     1   -62.0   51.936   -9.013     66.6    990.4    285.3      0.0     76.5
     1     1    14     9    20    18     0     0   -63.0   52.066   -8.936     72.1    990.3    286.5      0.0     74.1
     1     1    14     9    20    17     0     1   -64.0   52.209   -8.865     80.1    991.7    287.3      0.0     73.1
     1     1    14     9    20    16     0     2   -65.0   52.361   -8.795     90.1    992.5    287.8      0.0     72.6
     1     1    14     9    20    15     0     3   -66.0   52.518   -8.727    100.9    993.0    288.0      0.0     72.6
     1     1    14     9    20    14     0     2   -67.0   52.680   -8.647    111.9    993.8    287.5      0.0     74.6
     1     1    14     9    20    13     0     1   -68.0   52.852   -8.546    122.8    994.1    287.0      0.0     76.3
     1     1    14     9    20    12     0     0   -69.0   53.035   -8.431    130.4    993.7    286.5      0.0     77.5
     1     1    14     9    20    11     0     1   -70.0   53.230   -8.322    133.9    992.3    286.1      0.0     80.9
     1     1    14     9    20    10     0     2   -71.0   53.433   -8.230    136.0    991.2    285.7      0.0     83.8
     1     1    14     9    20     9     0     3   -72.0   53.638   -8.153    137.9    990.1    285.3      0.0     86.5
