     7     1
    GDAS    14     8    22     0     0
    GDAS    14     8    29     0     0
    GDAS    14     9     1     0     0
    GDAS    14     9     8     0     0
    GDAS    14     9    15     0     0
    GDAS    14     9    22     0     0
    GDAS    14     9    29     0     0
     1 BACKWARD OMEGA   
    14     9     8    15   56.467   -2.973   100.0
     4 PRESSURE AIR_TEMP RAINFALL RELHUMID
     1     1    14     9     8    15     0     3     0.0   56.467   -2.973    100.0    976.6    286.1      0.0     68.9
     1     1    14     9     8    14     0     2    -1.0   56.567   -3.113    113.6    970.8    285.3      0.0     70.5
     1     1    14     9     8    13     0     1    -2.0   56.665   -3.277    142.5    962.5    284.2      0.0     72.8
     1     1    14     9     8    12     0     0    -3.0   56.762   -3.464    177.6    951.0    282.9      0.0     76.1
     1     1    14     9     8    11     0     1    -4.0   56.864   -3.664    211.3    939.6    281.5      0.0     82.1
     1     1    14     9     8    10     0     2    -5.0   56.977   -3.861    242.6    927.3    280.1      0.0     88.2
     1     1    14     9     8     9     0     3    -6.0   57.098   -4.048    275.0    926.0    279.5      0.0     92.4
     1     1    14     9     8     8     0     2    -7.0   57.236   -4.229    312.3    929.7    279.6      0.0     94.0
     1     1    14     9     8     7     0     1    -8.0   57.400   -4.410    347.2    932.6    279.7      0.0     95.4
     1     1    14     9     8     6     0     0    -9.0   57.586   -4.593    365.3    935.8    279.8      0.0     96.5
     1     1    14     9     8     5     0     1   -10.0   57.786   -4.802    347.5    940.1    280.2      0.0     97.2
     1     1    14     9     8     4     0     2   -11.0   57.984   -5.051    263.7    950.6    281.0      0.0     97.9
     1     1    14     9     8     3     0     3   -12.0   58.175   -5.304    168.6    982.6    283.2      0.0     92.7
     1     1    14     9     8     2     0     2   -13.0   58.377   -5.547    113.3    998.4    284.5      0.0     89.0
     1     1    14     9     8     1     0     1   -14.0   58.596   -5.788     86.6   1007.5    285.2      0.0     87.2
     1     1    14     9     8     0     0     0   -15.0   58.832   -6.042     76.8   1011.0    285.5      0.0     86.9
     1     1    14     9     7    23     0     1   -16.0   59.077   -6.309     75.7   1010.2    285.4      0.0     86.8
     1     1    14     9     7    22     0     2   -17.0   59.316   -6.572     77.9   1009.3    285.3      0.0     87.6
     1     1    14     9     7    21     0     3   -18.0   59.551   -6.820     80.6   1008.6    285.2      0.0     89.1
     1     1    14     9     7    20     0     2   -19.0   59.785   -7.066     82.8   1008.0    285.1      0.0     89.6
     1     1    14     9     7    19     0     1   -20.0   60.019   -7.329     84.6   1007.6    285.0      0.0     89.6
     1     1    14     9     7    18     0     0   -21.0   60.250   -7.622     87.7   1007.1    284.9      0.0     90.1
     1     1    14     9     7    17     0     1   -22.0   60.464   -7.955     92.4   1006.8    284.8      0.0     90.7
     1     1    14     9     7    16     0     2   -23.0   60.653   -8.319     98.4   1006.5    284.7      0.0     91.2
     1     1    14     9     7    15     0     3   -24.0   60.823   -8.710    106.3   1006.0    284.5      0.0     91.8
     1     1    14     9     7    14     0     2   -25.0   60.973   -9.115    113.9   1004.8    284.4      0.0     92.6
     1     1    14     9     7    13     0     1   -26.0   61.097   -9.521    117.6   1004.3    284.3      0.0     93.0
     1     1    14     9     7    12     0     0   -27.0   61.197   -9.929    118.4   1004.4    284.3      0.0     93.7
     1     1    14     9     7    11     0     1   -28.0   61.283  -10.342    119.4   1004.5    284.4      0.0     91.0
     1     1    14     9     7    10     0     2   -29.0   61.359  -10.763    122.5   1004.2    284.4      0.0     88.7
     1     1    14     9     7     9     0     3   -30.0   61.422  -11.194    127.8   1003.7    284.4      0.0     87.1
     1     1    14     9     7     8     0     2   -31.0   61.473  -11.636    133.7   1003.1    284.4      0.0     87.1
     1     1    14     9     7     7     0     1   -32.0   61.512  -12.095    137.5   1002.8    284.4      0.0     86.5
     1     1    14     9     7     6     0     0   -33.0   61.538  -12.576    138.6   1002.8    284.4      0.0     85.7
     1     1    14     9     7     5     0     1   -34.0   61.547  -13.080    138.6   1003.0    284.4      0.0     84.9
     1     1    14     9     7     4     0     2   -35.0   61.536  -13.595    138.6   1003.0    284.4      0.0     84.3
     1     1    14     9     7     3     0     3   -36.0   61.503  -14.108    138.6   1003.0    284.3      0.0     83.1
     1     1    14     9     7     2     0     2   -37.0   61.454  -14.608    138.6   1003.2    284.4      0.0     83.4
     1     1    14     9     7     1     0     1   -38.0   61.394  -15.094    138.6   1003.4    284.4      0.0     82.8
     1     1    14     9     7     0     0     0   -39.0   61.318  -15.566    138.6   1003.7    284.5      0.0     83.1
     1     1    14     9     6    23     0     1   -40.0   61.236  -16.011    138.6   1003.8    284.5      0.0     83.2
     1     1    14     9     6    22     0     2   -41.0   61.156  -16.412    138.6   1003.9    284.6      0.0     82.7
     1     1    14     9     6    21     0     3   -42.0   61.072  -16.763    138.6   1004.1    284.7      0.0     81.3
     1     1    14     9     6    20     0     2   -43.0   60.983  -17.079    138.6   1003.8    284.7      0.0     81.0
     1     1    14     9     6    19     0     1   -44.0   60.898  -17.383    138.6   1003.5    284.6      0.0     81.7
     1     1    14     9     6    18     0     0   -45.0   60.816  -17.676    138.6   1003.2    284.6      0.0     81.6
     1     1    14     9     6    17     0     1   -46.0   60.738  -17.972    140.6   1003.2    284.6      0.0     82.3
     1     1    14     9     6    16     0     2   -47.0   60.662  -18.290    146.6   1002.5    284.5      0.0     83.1
     1     1    14     9     6    15     0     3   -48.0   60.589  -18.632    157.1   1001.3    284.3      0.0     83.1
     1     1    14     9     6    14     0     2   -49.0   60.510  -18.977    168.0    999.5    284.1      0.0     83.9
     1     1    14     9     6    13     0     1   -50.0   60.416  -19.303    174.6    998.7    284.0      0.0     84.7
     1     1    14     9     6    12     0     0   -51.0   60.309  -19.613    176.8    998.5    284.0      0.0     85.1
     1     1    14     9     6    11     0     1   -52.0   60.189  -19.907    176.8    998.8    284.1      0.0     85.2
     1     1    14     9     6    10     0     2   -53.0   60.060  -20.190    176.8    998.9    284.2      0.0     84.9
     1     1    14     9     6     9     0     3   -54.0   59.919  -20.464    176.8    998.9    284.4      0.0     85.1
     1     1    14     9     6     8     0     2   -55.0   59.776  -20.741    176.7    998.7    284.3      0.0     85.3
     1     1    14     9     6     7     0     1   -56.0   59.641  -21.025    176.7    998.6    284.3      0.0     85.4
     1     1    14     9     6     6     0     0   -57.0   59.514  -21.310    177.2    998.5    284.2      0.0     85.8
     1     1    14     9     6     5     0     1   -58.0   59.379  -21.593    178.8    998.4    284.2      0.0     85.8
     1     1    14     9     6     4     0     2   -59.0   59.224  -21.871    181.3    998.2    284.1      0.0     85.1
     1     1    14     9     6     3     0     3   -60.0   59.053  -22.138    184.3    998.0    284.1      0.0     84.0
     1     1    14     9     6     2     0     2   -61.0   58.879  -22.387    186.7    998.0    284.1      0.0     84.6
     1     1    14     9     6     1     0     1   -62.0   58.714  -22.613    188.3    998.3    284.1      0.0     85.2
     1     1    14     9     6     0     0     0   -63.0   58.559  -22.815    189.6    998.6    284.0      0.0     85.5
     1     1    14     9     5    23     0     1   -64.0   58.418  -23.009    190.9    998.6    284.2      0.0     85.8
     1     1    14     9     5    22     0     2   -65.0   58.290  -23.215    191.5    998.7    284.3      0.0     85.8
     1     1    14     9     5    21     0     3   -66.0   58.169  -23.436    191.7    998.9    284.5      0.0     85.0
     1     1    14     9     5    20     0     2   -67.0   58.052  -23.668    191.9    998.8    284.5      0.0     84.7
     1     1    14     9     5    19     0     1   -68.0   57.936  -23.910    192.7    998.6    284.5      0.0     84.5
     1     1    14     9     5    18     0     0   -69.0   57.826  -24.163    194.7    998.4    284.5      0.0     84.9
     1     1    14     9     5    17     0     1   -70.0   57.710  -24.417    198.6    998.2    284.4      0.0     85.1
     1     1    14     9     5    16     0     2   -71.0   57.580  -24.655    204.4    997.9    284.2      0.0     85.0
     1     1    14     9     5    15     0     3   -72.0   57.441  -24.877    212.0    997.3    284.1      0.0     84.5
