     7     1
    GDAS    14     8    22     0     0
    GDAS    14     8    29     0     0
    GDAS    14     9     1     0     0
    GDAS    14     9     8     0     0
    GDAS    14     9    15     0     0
    GDAS    14     9    22     0     0
    GDAS    14     9    29     0     0
     1 BACKWARD OMEGA   
    14     9    15     2   56.467   -2.973   100.0
     4 PRESSURE AIR_TEMP RAINFALL RELHUMID
     1     1    14     9    15     2     0     2     0.0   56.467   -2.973    100.0    982.6    283.3      0.0     98.7
     1     1    14     9    15     1     0     1    -1.0   56.541   -2.755     54.6    994.6    283.9      0.0     97.3
     1     1    14     9    15     0     0     0    -2.0   56.609   -2.550     28.4   1002.9    284.5      0.0     95.8
     1     1    14     9    14    23     0     1    -3.0   56.672   -2.340     14.1   1010.6    285.1      0.0     93.5
     1     1    14     9    14    22     0     2    -4.0   56.733   -2.119      7.2   1018.6    285.7      0.0     90.8
     1     1    14     9    14    21     0     3    -5.0   56.795   -1.883      3.9   1023.8    286.0      0.0     88.3
     1     1    14     9    14    20     0     2    -6.0   56.855   -1.627      2.0   1025.0    286.2      0.0     86.8
     1     1    14     9    14    19     0     1    -7.0   56.911   -1.345      0.9   1026.3    286.4      0.0     85.1
     1     1    14     9    14    18     0     0    -8.0   56.962   -1.037      0.6   1027.8    286.5      0.0     83.3
     1     1    14     9    14    17     0     1    -9.0   57.009   -0.723      0.6   1027.1    286.6      0.0     83.7
     1     1    14     9    14    16     0     2   -10.0   57.046   -0.428      0.7   1026.2    286.6      0.0     84.4
     1     1    14     9    14    15     0     3   -11.0   57.075   -0.153      1.0   1025.4    286.7      0.0     85.1
     1     1    14     9    14    14     0     2   -12.0   57.114    0.136      1.1   1027.0    286.7      0.0     80.6
     1     1    14     9    14    13     0     1   -13.0   57.171    0.446      1.2   1028.6    286.8      0.0     80.5
     1     1    14     9    14    12     0     0   -14.0   57.231    0.747      1.5   1030.0    286.9      0.0     79.5
     1     1    14     9    14    11     0     1   -15.0   57.296    1.038      1.9   1029.0    287.1      0.0     80.7
     1     1    14     9    14    10     0     2   -16.0   57.367    1.318      2.4   1028.3    287.2      0.0     83.0
     1     1    14     9    14     9     0     3   -17.0   57.443    1.589      2.9   1028.1    287.3      0.0     84.9
     1     1    14     9    14     8     0     2   -18.0   57.524    1.852      3.4   1028.5    287.3      0.0     84.8
     1     1    14     9    14     7     0     1   -19.0   57.609    2.104      3.7   1028.4    287.3      0.0     84.4
     1     1    14     9    14     6     0     0   -20.0   57.701    2.347      3.8   1028.0    287.4      0.0     84.6
     1     1    14     9    14     5     0     1   -21.0   57.804    2.576      3.8   1028.2    287.5      0.0     84.9
     1     1    14     9    14     4     0     2   -22.0   57.919    2.785      3.8   1028.4    287.6      0.0     84.1
     1     1    14     9    14     3     0     3   -23.0   58.044    2.970      3.8   1028.6    287.7      0.0     82.0
     1     1    14     9    14     2     0     2   -24.0   58.168    3.132      3.8   1028.9    287.8      0.0     81.9
     1     1    14     9    14     1     0     1   -25.0   58.279    3.280      4.0   1029.5    287.9      0.0     81.3
     1     1    14     9    14     0     0     0   -26.0   58.380    3.416      4.2   1030.3    287.9      0.0     80.1
     1     1    14     9    13    23     0     1   -27.0   58.477    3.530      4.6   1030.3    288.0      0.0     79.1
     1     1    14     9    13    22     0     2   -28.0   58.575    3.611      4.9   1030.0    288.0      0.0     78.2
     1     1    14     9    13    21     0     3   -29.0   58.675    3.662      5.3   1029.5    288.0      0.0     77.5
     1     1    14     9    13    20     0     2   -30.0   58.771    3.693      5.7   1029.8    288.0      0.0     76.8
     1     1    14     9    13    19     0     1   -31.0   58.861    3.713      6.0   1030.1    287.9      0.0     76.1
     1     1    14     9    13    18     0     0   -32.0   58.942    3.724      6.1   1030.4    287.8      0.0     75.4
     1     1    14     9    13    17     0     1   -33.0   59.022    3.725      6.1   1030.6    287.8      0.0     74.9
     1     1    14     9    13    16     0     2   -34.0   59.103    3.719      6.3   1030.7    287.8      0.0     75.1
     1     1    14     9    13    15     0     3   -35.0   59.180    3.703      6.6   1030.9    287.8      0.0     75.4
     1     1    14     9    13    14     0     2   -36.0   59.246    3.677      7.0   1031.2    287.8      0.0     76.2
     1     1    14     9    13    13     0     1   -37.0   59.294    3.644      7.6   1031.6    287.7      0.0     76.9
     1     1    14     9    13    12     0     0   -38.0   59.325    3.607      8.4   1032.0    287.7      0.0     77.6
     1     1    14     9    13    11     0     1   -39.0   59.343    3.581      9.3   1030.6    287.7      0.0     78.7
     1     1    14     9    13    10     0     2   -40.0   59.352    3.583     10.2   1029.2    287.8      0.0     79.7
     1     1    14     9    13     9     0     3   -41.0   59.355    3.615     11.0   1027.6    287.8      0.0     80.7
     1     1    14     9    13     8     0     2   -42.0   59.364    3.654     12.1   1027.8    287.8      0.0     81.4
     1     1    14     9    13     7     0     1   -43.0   59.385    3.671     13.3   1028.0    287.7      0.0     82.2
     1     1    14     9    13     6     0     0   -44.0   59.416    3.664     14.7   1028.1    287.7      0.0     83.2
     1     1    14     9    13     5     0     1   -45.0   59.438    3.638     16.0   1027.6    287.6      0.0     82.7
     1     1    14     9    13     4     0     2   -46.0   59.439    3.605     17.1   1027.2    287.6      0.0     82.1
     1     1    14     9    13     3     0     3   -47.0   59.420    3.564     17.9   1026.8    287.6      0.0     81.3
     1     1    14     9    13     2     0     2   -48.0   59.390    3.513     18.5   1026.7    287.6      0.0     81.6
     1     1    14     9    13     1     0     1   -49.0   59.359    3.448     19.4   1026.5    287.6      0.0     82.1
     1     1    14     9    13     0     0     0   -50.0   59.327    3.370     20.6   1026.4    287.6      0.0     82.7
     1     1    14     9    12    23     0     1   -51.0   59.294    3.294     21.7   1025.5    287.5      0.0     82.0
     1     1    14     9    12    22     0     2   -52.0   59.265    3.232     22.6   1024.7    287.4      0.0     81.5
     1     1    14     9    12    21     0     3   -53.0   59.238    3.184     23.2   1023.8    287.4      0.0     81.0
     1     1    14     9    12    20     0     2   -54.0   59.218    3.130     23.4   1024.0    287.4      0.0     81.5
     1     1    14     9    12    19     0     1   -55.0   59.208    3.052     23.5   1024.2    287.3      0.0     82.2
     1     1    14     9    12    18     0     0   -56.0   59.206    2.950     23.5   1024.5    287.3      0.0     82.7
     1     1    14     9    12    17     0     1   -57.0   59.207    2.832     23.7   1023.6    287.3      0.0     82.4
     1     1    14     9    12    16     0     2   -58.0   59.203    2.706     24.3   1022.7    287.3      0.0     82.2
     1     1    14     9    12    15     0     3   -59.0   59.194    2.573     25.4   1021.8    287.3      0.0     82.0
     1     1    14     9    12    14     0     2   -60.0   59.180    2.444     26.5   1021.8    287.2      0.0     82.3
     1     1    14     9    12    13     0     1   -61.0   59.158    2.327     27.1   1021.9    287.0      0.0     82.8
     1     1    14     9    12    12     0     0   -62.0   59.131    2.220     27.2   1022.0    286.9      0.0     83.3
     1     1    14     9    12    11     0     1   -63.0   59.101    2.120     27.5   1022.3    286.9      0.0     83.9
     1     1    14     9    12    10     0     2   -64.0   59.072    2.027     28.2   1022.4    286.9      0.0     84.6
     1     1    14     9    12     9     0     3   -65.0   59.042    1.943     29.5   1022.5    286.9      0.0     85.3
     1     1    14     9    12     8     0     2   -66.0   59.015    1.859     30.8   1022.2    286.9      0.0     85.5
     1     1    14     9    12     7     0     1   -67.0   58.996    1.762     31.5   1022.1    286.9      0.0     85.8
     1     1    14     9    12     6     0     0   -68.0   58.983    1.654     31.8   1022.0    286.9      0.0     86.3
     1     1    14     9    12     5     0     1   -69.0   58.963    1.538     31.8   1021.8    286.9      0.0     86.7
     1     1    14     9    12     4     0     2   -70.0   58.924    1.421     31.8   1021.5    286.8      0.0     87.1
     1     1    14     9    12     3     0     3   -71.0   58.867    1.304     32.0   1020.9    286.7      0.0     87.5
     1     1    14     9    12     2     0     2   -72.0   58.798    1.185     32.3   1021.4    286.7      0.0     87.1
