     7     1
    GDAS    14     8    22     0     0
    GDAS    14     8    29     0     0
    GDAS    14     9     1     0     0
    GDAS    14     9     8     0     0
    GDAS    14     9    15     0     0
    GDAS    14     9    22     0     0
    GDAS    14     9    29     0     0
     1 BACKWARD OMEGA   
    14     9     9     5   56.467   -2.973   100.0
     4 PRESSURE AIR_TEMP RAINFALL RELHUMID
     1     1    14     9     9     5     0     1     0.0   56.467   -2.973    100.0    977.3    282.3      0.0     84.1
     1     1    14     9     9     4     0     2    -1.0   56.451   -3.069    110.5    975.3    282.6      0.0     83.4
     1     1    14     9     9     3     0     3    -2.0   56.428   -3.161    116.1    974.8    283.0      0.0     82.5
     1     1    14     9     9     2     0     2    -3.0   56.404   -3.244    117.9    975.3    283.3      0.0     81.5
     1     1    14     9     9     1     0     1    -4.0   56.381   -3.316    117.9    975.9    283.6      0.0     80.3
     1     1    14     9     9     0     0     0    -5.0   56.357   -3.375    116.0    976.8    284.0      0.0     78.8
     1     1    14     9     8    23     0     1    -6.0   56.337   -3.429    112.1    977.7    284.3      0.0     77.8
     1     1    14     9     8    22     0     2    -7.0   56.326   -3.489    106.3    978.3    284.6      0.0     76.9
     1     1    14     9     8    21     0     3    -8.0   56.324   -3.553     98.8    978.8    284.8      0.0     76.1
     1     1    14     9     8    20     0     2    -9.0   56.329   -3.618     91.0    979.2    285.1      0.0     75.5
     1     1    14     9     8    19     0     1   -10.0   56.337   -3.680     84.3    979.1    285.3      0.0     74.8
     1     1    14     9     8    18     0     0   -11.0   56.347   -3.737     78.8    978.9    285.6      0.0     74.1
     1     1    14     9     8    17     0     1   -12.0   56.368   -3.800     73.5    977.9    285.6      0.0     73.0
     1     1    14     9     8    16     0     2   -13.0   56.410   -3.876     67.8    976.0    285.6      0.0     72.0
     1     1    14     9     8    15     0     3   -14.0   56.472   -3.966     63.0    972.8    285.4      0.0     71.1
     1     1    14     9     8    14     0     2   -15.0   56.538   -4.069     57.0    970.1    284.9      0.0     72.0
     1     1    14     9     8    13     0     1   -16.0   56.593   -4.182     47.3    969.6    284.8      0.0     72.6
     1     1    14     9     8    12     0     0   -17.0   56.636   -4.300     35.7    970.1    285.0      0.0     73.2
     1     1    14     9     8    11     0     1   -18.0   56.676   -4.410     25.4    970.8    284.6      0.0     77.3
     1     1    14     9     8    10     0     2   -19.0   56.719   -4.502     17.3    970.7    283.9      0.0     81.4
     1     1    14     9     8     9     0     3   -20.0   56.762   -4.581     10.3    970.6    283.2      0.0     85.5
     1     1    14     9     8     8     0     2   -21.0   56.805   -4.651      4.9    970.6    282.3      0.0     89.3
     1     1    14     9     8     7     0     1   -22.0   56.848   -4.718      2.0    970.7    281.6      0.0     92.8
     1     1    14     9     8     6     0     0   -23.0   56.890   -4.781      0.9    971.0    281.0      0.0     96.2
     1     1    14     9     8     5     0     1   -24.0   56.928   -4.846      0.3    970.7    281.0      0.0     96.5
     1     1    14     9     8     4     0     2   -25.0   56.958   -4.919      0.0    970.9    281.0      0.0     96.7
     1     1    14     9     8     3     0     3   -26.0   56.980   -4.999      0.0    971.6    281.1      0.0     96.9
     1     1    14     9     8     2     0     2   -27.0   57.005   -5.083      0.0    974.1    280.5      0.0     95.5
     1     1    14     9     8     1     0     1   -28.0   57.047   -5.172      0.0    977.8    280.3      0.0     94.0
     1     1    14     9     8     0     0     0   -29.0   57.110   -5.269      0.0    982.0    280.4      0.0     92.5
     1     1    14     9     7    23     0     1   -30.0   57.188   -5.376      0.0    987.0    281.2      0.0     90.3
     1     1    14     9     7    22     0     2   -31.0   57.275   -5.492      0.0    992.6    282.1      0.0     88.3
     1     1    14     9     7    21     0     3   -32.0   57.368   -5.616      0.0    999.0    283.0      0.0     86.3
     1     1    14     9     7    20     0     2   -33.0   57.480   -5.750      0.0   1005.3    284.4      0.0     83.2
     1     1    14     9     7    19     0     1   -34.0   57.623   -5.900      0.0   1012.5    285.6      0.0     80.8
     1     1    14     9     7    18     0     0   -35.0   57.795   -6.061      0.0   1017.6    286.2      0.0     79.4
     1     1    14     9     7    17     0     1   -36.0   57.976   -6.237      0.0   1017.4    286.4      0.0     78.7
     1     1    14     9     7    16     0     2   -37.0   58.157   -6.438      0.0   1015.7    286.4      0.0     77.8
     1     1    14     9     7    15     0     3   -38.0   58.341   -6.675      0.0   1015.0    286.6      0.0     77.6
     1     1    14     9     7    14     0     2   -39.0   58.530   -6.923      0.0   1015.0    286.6      0.0     78.6
     1     1    14     9     7    13     0     1   -40.0   58.728   -7.145      0.3   1016.2    286.5      0.0     79.5
     1     1    14     9     7    12     0     0   -41.0   58.932   -7.334      0.9   1017.3    286.3      0.0     80.3
     1     1    14     9     7    11     0     1   -42.0   59.135   -7.501      1.5   1017.5    286.1      0.0     81.1
     1     1    14     9     7    10     0     2   -43.0   59.330   -7.659      2.0   1017.3    285.9      0.0     81.7
     1     1    14     9     7     9     0     3   -44.0   59.517   -7.806      2.5   1017.2    285.8      0.0     82.1
     1     1    14     9     7     8     0     2   -45.0   59.700   -7.940      2.9   1017.9    285.7      0.0     82.9
     1     1    14     9     7     7     0     1   -46.0   59.881   -8.057      3.2   1018.7    285.7      0.0     83.5
     1     1    14     9     7     6     0     0   -47.0   60.055   -8.156      3.3   1019.5    285.7      0.0     84.0
     1     1    14     9     7     5     0     1   -48.0   60.223   -8.257      3.3   1019.5    285.6      0.0     84.0
     1     1    14     9     7     4     0     2   -49.0   60.382   -8.380      3.4   1019.6    285.5      0.0     84.1
     1     1    14     9     7     3     0     3   -50.0   60.527   -8.529      3.5   1019.7    285.4      0.0     84.3
     1     1    14     9     7     2     0     2   -51.0   60.650   -8.693      3.6   1019.5    285.4      0.0     84.6
     1     1    14     9     7     1     0     1   -52.0   60.745   -8.863      4.2   1019.3    285.4      0.0     84.2
     1     1    14     9     7     0     0     0   -53.0   60.808   -9.034      5.1   1019.2    285.4      0.0     83.4
     1     1    14     9     6    23     0     1   -54.0   60.861   -9.181      6.2   1019.4    285.4      0.0     83.2
     1     1    14     9     6    22     0     2   -55.0   60.924   -9.286      7.1   1019.7    285.4      0.0     82.8
     1     1    14     9     6    21     0     3   -56.0   60.994   -9.352      7.9   1020.0    285.4      0.0     82.2
     1     1    14     9     6    20     0     2   -57.0   61.072   -9.413      8.8   1018.7    285.3      0.0     82.3
     1     1    14     9     6    19     0     1   -58.0   61.154   -9.507      9.8   1017.5    285.2      0.0     82.4
     1     1    14     9     6    18     0     0   -59.0   61.237   -9.634     10.9   1016.2    285.1      0.0     82.3
     1     1    14     9     6    17     0     1   -60.0   61.318   -9.785     12.1   1016.2    285.1      0.0     82.0
     1     1    14     9     6    16     0     2   -61.0   61.392   -9.950     13.4   1016.2    285.1      0.0     81.1
     1     1    14     9     6    15     0     3   -62.0   61.457  -10.133     14.7   1016.2    285.0      0.0     80.0
     1     1    14     9     6    14     0     2   -63.0   61.514  -10.321     15.8   1016.1    284.9      0.0     80.9
     1     1    14     9     6    13     0     1   -64.0   61.566  -10.500     16.3   1016.2    284.9      0.0     81.4
     1     1    14     9     6    12     0     0   -65.0   61.611  -10.669     16.5   1016.3    284.9      0.0     81.6
     1     1    14     9     6    11     0     1   -66.0   61.658  -10.815     17.1   1016.9    284.9      0.0     82.6
     1     1    14     9     6    10     0     2   -67.0   61.715  -10.928     19.3   1017.1    284.8      0.0     83.6
     1     1    14     9     6     9     0     3   -68.0   61.786  -11.002     23.9   1017.1    284.7      0.0     84.6
     1     1    14     9     6     8     0     2   -69.0   61.870  -11.059     29.7   1016.0    284.5      0.0     85.2
     1     1    14     9     6     7     0     1   -70.0   61.964  -11.124     33.4   1015.5    284.4      0.0     85.8
     1     1    14     9     6     6     0     0   -71.0   62.067  -11.201     34.6   1015.0    284.3      0.0     86.1
     1     1    14     9     6     5     0     1   -72.0   62.169  -11.302     34.6   1014.2    284.2      0.0     85.2
