     7     1
    GDAS    14     8    22     0     0
    GDAS    14     8    29     0     0
    GDAS    14     9     1     0     0
    GDAS    14     9     8     0     0
    GDAS    14     9    15     0     0
    GDAS    14     9    22     0     0
    GDAS    14     9    29     0     0
     1 BACKWARD OMEGA   
    14     9     8     5   56.467   -2.973   100.0
     4 PRESSURE AIR_TEMP RAINFALL RELHUMID
     1     1    14     9     8     5     0     1     0.0   56.467   -2.973    100.0    974.4    281.1      0.0     89.3
     1     1    14     9     8     4     0     2    -1.0   56.607   -3.228    179.8    959.6    280.7      0.0     90.8
     1     1    14     9     8     3     0     3    -2.0   56.830   -3.522    290.4    932.8    279.8      0.0     94.5
     1     1    14     9     8     2     0     2    -3.0   57.149   -3.837    402.5    913.4    278.7      0.0     98.3
     1     1    14     9     8     1     0     1    -4.0   57.507   -4.167    506.7    917.5    279.1      0.0     95.8
     1     1    14     9     8     0     0     0    -5.0   57.869   -4.516    574.9    917.9    279.3      0.0     94.6
     1     1    14     9     7    23     0     1    -6.0   58.211   -4.864    547.8    923.3    279.5      0.0     96.0
     1     1    14     9     7    22     0     2    -7.0   58.520   -5.184    474.5    949.8    281.0      0.0     94.4
     1     1    14     9     7    21     0     3    -8.0   58.818   -5.474    427.5    966.7    282.1      0.0     91.8
     1     1    14     9     7    20     0     2    -9.0   59.128   -5.744    414.3    970.0    282.3      0.0     91.9
     1     1    14     9     7    19     0     1   -10.0   59.450   -5.992    414.9    968.4    282.2      0.0     93.6
     1     1    14     9     7    18     0     0   -11.0   59.776   -6.222    414.7    968.0    282.2      0.0     94.3
     1     1    14     9     7    17     0     1   -12.0   60.096   -6.466    413.1    968.3    282.0      0.0     94.5
     1     1    14     9     7    16     0     2   -13.0   60.390   -6.757    411.4    968.6    281.9      0.0     94.7
     1     1    14     9     7    15     0     3   -14.0   60.650   -7.091    410.2    968.8    281.9      0.0     95.1
     1     1    14     9     7    14     0     2   -15.0   60.879   -7.431    412.4    969.1    281.8      0.0     94.8
     1     1    14     9     7    13     0     1   -16.0   61.080   -7.740    413.9    968.3    281.7      0.0     95.2
     1     1    14     9     7    12     0     0   -17.0   61.249   -8.029    404.4    969.1    281.8      0.0     95.8
     1     1    14     9     7    11     0     1   -18.0   61.398   -8.321    393.1    971.9    282.0      0.0     94.6
     1     1    14     9     7    10     0     2   -19.0   61.535   -8.641    391.0    972.0    282.0      0.0     93.6
     1     1    14     9     7     9     0     3   -20.0   61.656   -8.991    393.0    971.6    282.0      0.0     92.5
     1     1    14     9     7     8     0     2   -21.0   61.765   -9.364    396.4    971.4    282.0      0.0     92.1
     1     1    14     9     7     7     0     1   -22.0   61.871   -9.757    403.0    970.8    282.0      0.0     91.8
     1     1    14     9     7     6     0     0   -23.0   61.975  -10.172    413.7    969.6    282.0      0.0     91.1
     1     1    14     9     7     5     0     1   -24.0   62.067  -10.633    422.6    968.0    282.0      0.0     91.5
     1     1    14     9     7     4     0     2   -25.0   62.139  -11.161    424.0    967.8    282.0      0.0     91.7
     1     1    14     9     7     3     0     3   -26.0   62.193  -11.758    422.1    968.4    282.0      0.0     90.0
     1     1    14     9     7     2     0     2   -27.0   62.223  -12.409    420.1    968.6    282.1      0.0     89.2
     1     1    14     9     7     1     0     1   -28.0   62.234  -13.085    415.3    969.1    282.2      0.0     89.4
     1     1    14     9     7     0     0     0   -29.0   62.231  -13.790    404.9    970.3    282.4      0.0     88.2
     1     1    14     9     6    23     0     1   -30.0   62.218  -14.523    394.8    972.1    282.6      0.0     86.6
     1     1    14     9     6    22     0     2   -31.0   62.203  -15.290    394.1    971.8    282.7      0.0     86.2
     1     1    14     9     6    21     0     3   -32.0   62.190  -16.067    398.2    971.4    282.8      0.0     85.0
     1     1    14     9     6    20     0     2   -33.0   62.167  -16.829    411.8    969.9    282.6      0.0     85.1
     1     1    14     9     6    19     0     1   -34.0   62.120  -17.561    431.7    967.1    282.4      0.0     86.6
     1     1    14     9     6    18     0     0   -35.0   62.049  -18.271    439.8    965.3    282.4      0.0     88.5
     1     1    14     9     6    17     0     1   -36.0   61.950  -18.950    437.6    966.0    282.3      0.0     89.8
     1     1    14     9     6    16     0     2   -37.0   61.831  -19.578    431.7    967.2    282.3      0.0     91.0
     1     1    14     9     6    15     0     3   -38.0   61.699  -20.168    426.6    968.2    282.3      0.0     91.3
     1     1    14     9     6    14     0     2   -39.0   61.545  -20.732    426.3    968.4    282.2      0.0     90.4
     1     1    14     9     6    13     0     1   -40.0   61.355  -21.278    429.7    967.7    282.2      0.0     90.0
     1     1    14     9     6    12     0     0   -41.0   61.135  -21.817    431.5    967.3    282.2      0.0     90.3
     1     1    14     9     6    11     0     1   -42.0   60.887  -22.333    431.5    967.4    282.2      0.0     90.5
     1     1    14     9     6    10     0     2   -43.0   60.615  -22.804    431.5    967.4    282.1      0.0     90.4
     1     1    14     9     6     9     0     3   -44.0   60.322  -23.230    431.5    967.5    282.1      0.0     89.7
     1     1    14     9     6     8     0     2   -45.0   60.024  -23.620    434.9    967.5    282.2      0.0     89.5
     1     1    14     9     6     7     0     1   -46.0   59.733  -23.992    443.5    966.1    282.1      0.0     90.4
     1     1    14     9     6     6     0     0   -47.0   59.453  -24.344    452.3    964.4    282.0      0.0     91.2
     1     1    14     9     6     5     0     1   -48.0   59.172  -24.676    458.7    963.9    281.9      0.0     90.7
     1     1    14     9     6     4     0     2   -49.0   58.883  -25.000    467.5    963.7    281.9      0.0     89.5
     1     1    14     9     6     3     0     3   -50.0   58.582  -25.314    481.9    961.9    281.8      0.0     88.9
     1     1    14     9     6     2     0     2   -51.0   58.280  -25.605    496.8    960.1    281.6      0.0     88.9
     1     1    14     9     6     1     0     1   -52.0   57.990  -25.865    506.6    959.3    281.6      0.0     88.3
     1     1    14     9     6     0     0     0   -53.0   57.711  -26.106    510.5    959.3    281.6      0.0     88.4
     1     1    14     9     5    23     0     1   -54.0   57.438  -26.342    516.2    959.8    281.7      0.0     86.1
     1     1    14     9     5    22     0     2   -55.0   57.168  -26.573    528.3    958.4    281.8      0.0     83.3
     1     1    14     9     5    21     0     3   -56.0   56.900  -26.797    544.6    956.9    281.8      0.0     80.3
     1     1    14     9     5    20     0     2   -57.0   56.642  -27.018    559.9    954.7    281.7      0.0     79.9
     1     1    14     9     5    19     0     1   -58.0   56.397  -27.242    572.6    953.7    281.6      0.0     80.2
     1     1    14     9     5    18     0     0   -59.0   56.166  -27.468    590.0    952.3    281.4      0.0     80.5
     1     1    14     9     5    17     0     1   -60.0   55.939  -27.678    611.8    949.8    281.3      0.0     80.1
     1     1    14     9     5    16     0     2   -61.0   55.711  -27.858    630.3    947.8    281.2      0.0     79.6
     1     1    14     9     5    15     0     3   -62.0   55.485  -28.012    640.7    946.7    281.1      0.0     79.7
     1     1    14     9     5    14     0     2   -63.0   55.269  -28.150    644.3    947.1    281.1      0.0     79.8
     1     1    14     9     5    13     0     1   -64.0   55.071  -28.282    645.4    947.4    281.1      0.0     79.0
     1     1    14     9     5    12     0     0   -65.0   54.886  -28.408    645.4    947.7    281.1      0.0     77.8
     1     1    14     9     5    11     0     1   -66.0   54.708  -28.527    647.3    948.0    281.1      0.0     77.5
     1     1    14     9     5    10     0     2   -67.0   54.530  -28.630    653.0    947.4    281.0      0.0     77.3
     1     1    14     9     5     9     0     3   -68.0   54.354  -28.715    660.6    946.5    280.9      0.0     77.1
     1     1    14     9     5     8     0     2   -69.0   54.188  -28.779    664.5    945.3    280.9      0.0     76.0
     1     1    14     9     5     7     0     1   -70.0   54.039  -28.821    660.6    945.5    281.0      0.0     75.4
     1     1    14     9     5     6     0     0   -71.0   53.905  -28.841    651.0    946.6    281.0      0.0     74.8
     1     1    14     9     5     5     0     1   -72.0   53.787  -28.849    642.0    948.7    281.0      0.0     74.6
