     7     1
    GDAS    14     8    22     0     0
    GDAS    14     8    29     0     0
    GDAS    14     9     1     0     0
    GDAS    14     9     8     0     0
    GDAS    14     9    15     0     0
    GDAS    14     9    22     0     0
    GDAS    14     9    29     0     0
     1 BACKWARD OMEGA   
    14     9     2     1   56.467   -2.973   100.0
     4 PRESSURE AIR_TEMP RAINFALL RELHUMID
     1     1    14     9     2     1     0     1     0.0   56.467   -2.973    100.0    979.8    283.1      0.0     83.3
     1     1    14     9     2     0     0     0    -1.0   56.457   -3.139    116.1    976.5    283.4      0.0     84.0
     1     1    14     9     1    23     0     1    -2.0   56.448   -3.320    133.1    973.3    283.8      0.0     83.6
     1     1    14     9     1    22     0     2    -3.0   56.442   -3.518    152.2    969.7    284.0      0.0     83.7
     1     1    14     9     1    21     0     3    -4.0   56.441   -3.739    178.7    964.9    284.1      0.0     84.4
     1     1    14     9     1    20     0     2    -5.0   56.445   -3.988    217.1    958.1    284.2      0.0     84.2
     1     1    14     9     1    19     0     1    -6.0   56.450   -4.269    257.3    953.0    284.1      0.0     85.2
     1     1    14     9     1    18     0     0    -7.0   56.447   -4.576    281.9    950.5    283.8      0.0     87.1
     1     1    14     9     1    17     0     1    -8.0   56.431   -4.901    285.8    951.4    283.7      0.0     89.7
     1     1    14     9     1    16     0     2    -9.0   56.396   -5.239    267.0    960.8    284.2      0.0     90.0
     1     1    14     9     1    15     0     3   -10.0   56.334   -5.591    227.4    975.5    285.2      0.0     89.3
     1     1    14     9     1    14     0     2   -11.0   56.247   -5.941    179.8    991.3    286.1      0.0     88.1
     1     1    14     9     1    13     0     1   -12.0   56.145   -6.287    144.7   1000.7    286.6      0.0     86.9
     1     1    14     9     1    12     0     0   -13.0   56.029   -6.652    129.3   1003.8    286.7      0.0     86.1
     1     1    14     9     1    11     0     1   -14.0   55.904   -7.043    128.2   1003.1    286.7      0.0     84.4
     1     1    14     9     1    10     0     2   -15.0   55.779   -7.447    133.6    999.7    286.5      0.0     83.9
     1     1    14     9     1     9     0     3   -16.0   55.659   -7.854    136.1    996.9    286.3      0.0     83.9
     1     1    14     9     1     8     0     2   -17.0   55.546   -8.262    132.0    997.0    286.3      0.0     83.6
     1     1    14     9     1     7     0     1   -18.0   55.440   -8.667    122.5   1000.1    286.6      0.0     82.2
     1     1    14     9     1     6     0     0   -19.0   55.340   -9.078    111.6   1003.9    287.1      0.0     80.1
     1     1    14     9     1     5     0     1   -20.0   55.251   -9.496    102.5   1005.1    287.2      0.0     79.8
     1     1    14     9     1     4     0     2   -21.0   55.172   -9.923     98.1   1005.9    287.2      0.0     80.0
     1     1    14     9     1     3     0     3   -22.0   55.100  -10.362     97.4   1005.9    287.2      0.0     79.6
     1     1    14     9     1     2     0     2   -23.0   55.032  -10.815     97.5   1005.3    287.3      0.0     77.7
     1     1    14     9     1     1     0     1   -24.0   54.966  -11.292     97.7   1004.8    287.4      0.0     75.4
     1     1    14     9     1     0     0     0   -25.0   54.900  -11.794     98.2   1004.3    287.5      0.0     73.3
     1     1    14     8    31    23     0     1   -26.0   54.839  -12.312     98.3   1004.0    287.5      0.0     72.8
     1     1    14     8    31    22     0     2   -27.0   54.791  -12.842     98.4   1003.7    287.6      0.0     72.5
     1     1    14     8    31    21     0     3   -28.0   54.758  -13.393    100.2   1003.3    287.5      0.0     71.7
     1     1    14     8    31    20     0     2   -29.0   54.730  -13.981    104.3   1001.9    287.5      0.0     72.0
     1     1    14     8    31    19     0     1   -30.0   54.700  -14.618    111.3   1000.4    287.4      0.0     71.6
     1     1    14     8    31    18     0     0   -31.0   54.670  -15.309    122.6    998.4    287.2      0.0     70.9
     1     1    14     8    31    17     0     1   -32.0   54.639  -16.052    133.2    996.3    287.1      0.0     71.2
     1     1    14     8    31    16     0     2   -33.0   54.603  -16.833    140.1    995.4    286.9      0.0     71.5
     1     1    14     8    31    15     0     3   -34.0   54.561  -17.644    148.8    993.7    286.7      0.0     73.0
     1     1    14     8    31    14     0     2   -35.0   54.520  -18.484    158.6    991.6    286.4      0.1     74.5
     1     1    14     8    31    13     0     1   -36.0   54.472  -19.362    168.6    989.6    286.2      0.0     73.9
     1     1    14     8    31    12     0     0   -37.0   54.403  -20.274    179.9    987.5    286.0      0.0     74.1
     1     1    14     8    31    11     0     1   -38.0   54.342  -21.213    191.0    985.3    285.9      0.0     74.5
     1     1    14     8    31    10     0     2   -39.0   54.304  -22.179    202.3    983.2    285.6      0.0     73.9
     1     1    14     8    31     9     0     3   -40.0   54.274  -23.170    214.7    980.9    285.3      0.0     74.6
     1     1    14     8    31     8     0     2   -41.0   54.273  -24.196    227.7    978.0    285.0      0.0     75.9
     1     1    14     8    31     7     0     1   -42.0   54.303  -25.259    243.9    974.9    284.7      0.0     76.4
     1     1    14     8    31     6     0     0   -43.0   54.343  -26.341    259.7    972.0    284.5      0.0     76.4
     1     1    14     8    31     5     0     1   -44.0   54.410  -27.464    279.6    968.2    284.1      0.0     77.8
     1     1    14     8    31     4     0     2   -45.0   54.518  -28.627    301.8    963.9    283.6      0.0     77.3
     1     1    14     8    31     3     0     3   -46.0   54.656  -29.795    316.8    961.1    283.3      0.0     78.7
     1     1    14     8    31     2     0     2   -47.0   54.873  -30.983    331.1    957.1    283.0      0.3     77.9
     1     1    14     8    31     1     0     1   -48.0   55.173  -32.179    348.9    954.1    282.5      0.3     77.7
     1     1    14     8    31     0     0     0   -49.0   55.497  -33.331    369.2    950.3    282.3      0.3     80.6
     1     1    14     8    30    23     0     1   -50.0   55.882  -34.393    390.4    946.9    281.5      0.2     82.0
     1     1    14     8    30    22     0     2   -51.0   56.326  -35.327    416.4    943.0    280.9      0.0     81.9
     1     1    14     8    30    21     0     3   -52.0   56.786  -36.159    425.6    941.5    280.6      0.0     86.0
     1     1    14     8    30    20     0     2   -53.0   57.246  -36.885    431.0    941.4    280.3      0.0     87.4
     1     1    14     8    30    19     0     1   -54.0   57.678  -37.502    436.9    940.5    280.0      0.0     89.5
     1     1    14     8    30    18     0     0   -55.0   58.081  -38.024    440.9    940.6    280.0      0.0     92.0
     1     1    14     8    30    17     0     1   -56.0   58.431  -38.492    447.2    940.2    279.6      0.0     92.6
     1     1    14     8    30    16     0     2   -57.0   58.724  -38.940    450.7    939.5    279.4      0.0     94.0
     1     1    14     8    30    15     0     3   -58.0   58.995  -39.359    443.1    940.2    279.3      0.0     95.2
     1     1    14     8    30    14     0     2   -59.0   59.302  -39.746    428.8    943.3    279.4      0.0     94.6
     1     1    14     8    30    13     0     1   -60.0   59.688  -40.076    414.2    944.8    279.6      0.0     93.4
     1     1    14     8    30    12     0     0   -61.0   60.145  -40.285    394.3    946.6    279.8      0.0     92.1
     1     1    14     8    30    11     0     1   -62.0   60.631  -40.370    372.6    949.4    280.0      0.0     90.1
     1     1    14     8    30    10     0     2   -63.0   61.107  -40.325    349.6    951.4    280.3      0.0     87.2
     1     1    14     8    30     9     0     3   -64.0   61.502  -40.094    312.0    955.1    280.9      0.9     83.6
     1     1    14     8    30     8     0     2   -65.0   61.775  -39.676    266.0    962.7    281.3      0.3     85.0
     1     1    14     8    30     7     0     1   -66.0   61.946  -39.121    239.6    966.9    281.4      0.8     85.6
     1     1    14     8    30     6     0     0   -67.0   62.016  -38.501    226.2    966.9    281.4      0.8     85.5
     1     1    14     8    30     5     0     1   -68.0   61.969  -37.849    205.3    968.7    281.7      0.7     84.6
     1     1    14     8    30     4     0     2   -69.0   61.799  -37.228    186.5    972.2    281.9      0.8     85.3
     1     1    14     8    30     3     0     3   -70.0   61.533  -36.735    173.9    973.1    282.1      0.9     83.4
     1     1    14     8    30     2     0     2   -71.0   61.211  -36.406    164.2    974.0    282.3      0.0     81.5
     1     1    14     8    30     1     0     1   -72.0   60.857  -36.230    158.3    974.7    282.3      0.0     80.6
