     7     1
    GDAS    14     8    22     0     0
    GDAS    14     8    29     0     0
    GDAS    14     9     1     0     0
    GDAS    14     9     8     0     0
    GDAS    14     9    15     0     0
    GDAS    14     9    22     0     0
    GDAS    14     9    29     0     0
     1 BACKWARD OMEGA   
    14     9    12     1   56.467   -2.973   100.0
     4 PRESSURE AIR_TEMP RAINFALL RELHUMID
     1     1    14     9    12     1     0     1     0.0   56.467   -2.973    100.0    982.0    284.5      0.0     91.3
     1     1    14     9    12     0     0     0    -1.0   56.432   -2.896     99.9    985.4    285.1      0.0     89.6
     1     1    14     9    11    23     0     1    -2.0   56.391   -2.812    100.3    988.7    285.6      0.0     88.2
     1     1    14     9    11    22     0     2    -3.0   56.342   -2.715    102.2    992.1    286.1      0.0     86.3
     1     1    14     9    11    21     0     3    -4.0   56.283   -2.605    106.8    995.4    286.5      0.0     84.0
     1     1    14     9    11    20     0     2    -5.0   56.214   -2.488    111.6    997.9    286.9      0.0     81.2
     1     1    14     9    11    19     0     1    -6.0   56.139   -2.362    113.1   1000.7    287.3      0.0     78.6
     1     1    14     9    11    18     0     0    -7.0   56.058   -2.220    111.7   1003.6    287.5      0.0     76.2
     1     1    14     9    11    17     0     1    -8.0   55.970   -2.057    108.9   1005.4    287.3      0.0     75.1
     1     1    14     9    11    16     0     2    -9.0   55.877   -1.883    105.0   1004.7    287.2      0.0     75.1
     1     1    14     9    11    15     0     3   -10.0   55.787   -1.712    101.7   1004.4    287.3      0.0     75.4
     1     1    14     9    11    14     0     2   -11.0   55.697   -1.550    100.9   1005.4    287.1      0.0     77.3
     1     1    14     9    11    13     0     1   -12.0   55.606   -1.403    102.9   1006.5    286.9      0.0     78.8
     1     1    14     9    11    12     0     0   -13.0   55.515   -1.267    107.8   1007.8    286.6      0.0     80.1
     1     1    14     9    11    11     0     1   -14.0   55.422   -1.142    116.2   1008.0    286.2      0.0     82.5
     1     1    14     9    11    10     0     2   -15.0   55.326   -1.027    127.7   1008.2    285.9      0.0     85.0
     1     1    14     9    11     9     0     3   -16.0   55.227   -0.921    139.2   1007.0    285.6      0.0     87.5
     1     1    14     9    11     8     0     2   -17.0   55.132   -0.826    146.9   1005.6    285.4      0.0     88.3
     1     1    14     9    11     7     0     1   -18.0   55.045   -0.738    148.8   1005.1    285.3      0.0     89.1
     1     1    14     9    11     6     0     0   -19.0   54.965   -0.659    144.1   1005.2    285.2      0.0     90.0
     1     1    14     9    11     5     0     1   -20.0   54.888   -0.584    138.3   1006.0    285.4      0.0     89.2
     1     1    14     9    11     4     0     2   -21.0   54.810   -0.504    136.7   1005.4    285.5      0.0     88.5
     1     1    14     9    11     3     0     3   -22.0   54.732   -0.418    139.0   1004.4    285.5      0.0     87.7
     1     1    14     9    11     2     0     2   -23.0   54.653   -0.323    141.5   1003.0    285.5      0.0     87.6
     1     1    14     9    11     1     0     1   -24.0   54.570   -0.218    140.4   1002.5    285.5      0.0     87.5
     1     1    14     9    11     0     0     0   -25.0   54.482   -0.102    135.1   1002.5    285.6      0.0     87.5
     1     1    14     9    10    23     0     1   -26.0   54.422    0.043    128.7   1007.4    286.3      0.0     81.2
     1     1    14     9    10    22     0     2   -27.0   54.404    0.221    124.2   1007.8    286.5      0.0     78.8
     1     1    14     9    10    21     0     3   -28.0   54.414    0.416    121.8   1008.1    286.6      0.0     76.5
     1     1    14     9    10    20     0     2   -29.0   54.442    0.609    122.7   1008.0    286.7      0.0     76.3
     1     1    14     9    10    19     0     1   -30.0   54.475    0.778    127.6   1007.5    286.7      0.0     76.0
     1     1    14     9    10    18     0     0   -31.0   54.510    0.920    136.3   1006.6    286.7      0.0     75.7
     1     1    14     9    10    17     0     1   -32.0   54.551    1.043    146.4   1005.3    286.4      0.0     75.1
     1     1    14     9    10    16     0     2   -33.0   54.603    1.157    155.1   1004.1    286.2      0.0     74.9
     1     1    14     9    10    15     0     3   -34.0   54.665    1.261    162.2   1003.2    286.0      0.0     74.6
     1     1    14     9    10    14     0     2   -35.0   54.733    1.355    169.5   1002.6    285.9      0.0     75.2
     1     1    14     9    10    13     0     1   -36.0   54.803    1.436    178.0   1001.7    285.7      0.0     75.7
     1     1    14     9    10    12     0     0   -37.0   54.873    1.504    187.3   1000.6    285.6      0.0     76.2
     1     1    14     9    10    11     0     1   -38.0   54.947    1.563    198.4    999.2    285.3      0.0     77.0
     1     1    14     9    10    10     0     2   -39.0   55.024    1.614    212.6    997.3    284.9      0.0     77.9
     1     1    14     9    10     9     0     3   -40.0   55.105    1.656    230.3    995.0    284.5      0.0     78.9
     1     1    14     9    10     8     0     2   -41.0   55.191    1.692    249.7    992.7    284.2      0.0     79.7
     1     1    14     9    10     7     0     1   -42.0   55.285    1.727    268.5    990.6    283.9      0.0     80.5
     1     1    14     9    10     6     0     0   -43.0   55.386    1.759    286.7    988.2    283.6      0.0     81.4
     1     1    14     9    10     5     0     1   -44.0   55.494    1.777    303.1    985.8    283.6      0.0     81.9
     1     1    14     9    10     4     0     2   -45.0   55.603    1.772    316.3    983.9    283.6      0.0     82.3
     1     1    14     9    10     3     0     3   -46.0   55.716    1.746    325.8    982.5    283.6      0.0     82.5
     1     1    14     9    10     2     0     2   -47.0   55.834    1.714    332.2    981.9    283.5      0.0     82.1
     1     1    14     9    10     1     0     1   -48.0   55.961    1.690    336.1    981.5    283.5      0.0     81.5
     1     1    14     9    10     0     0     0   -49.0   56.099    1.672    338.1    981.4    283.5      0.0     81.1
     1     1    14     9     9    23     0     1   -50.0   56.251    1.634    342.0    981.2    283.5      0.0     81.3
     1     1    14     9     9    22     0     2   -51.0   56.421    1.553    351.0    980.1    283.5      0.0     81.6
     1     1    14     9     9    21     0     3   -52.0   56.604    1.431    365.3    978.4    283.4      0.0     81.8
     1     1    14     9     9    20     0     2   -53.0   56.789    1.285    385.1    975.9    283.3      0.0     82.5
     1     1    14     9     9    19     0     1   -54.0   56.966    1.130    410.9    972.9    283.0      0.0     83.6
     1     1    14     9     9    18     0     0   -55.0   57.132    0.967    442.7    969.1    282.7      0.0     85.0
     1     1    14     9     9    17     0     1   -56.0   57.291    0.784    474.4    964.0    282.3      0.0     84.1
     1     1    14     9     9    16     0     2   -57.0   57.444    0.567    500.0    960.6    281.9      0.0     83.5
     1     1    14     9     9    15     0     3   -58.0   57.587    0.315    519.9    957.9    281.6      0.0     83.8
     1     1    14     9     9    14     0     2   -59.0   57.722    0.051    535.9    956.3    281.4      0.0     84.5
     1     1    14     9     9    13     0     1   -60.0   57.825   -0.186    560.5    955.1    281.3      0.0     78.3
     1     1    14     9     9    12     0     0   -61.0   57.903   -0.397    591.6    950.2    280.8      0.0     79.0
     1     1    14     9     9    11     0     1   -62.0   57.997   -0.624    620.4    947.6    280.6      0.0     81.9
     1     1    14     9     9    10     0     2   -63.0   58.109   -0.891    650.5    943.9    280.4      0.0     85.3
     1     1    14     9     9     9     0     3   -64.0   58.233   -1.201    679.6    940.2    280.3      0.0     85.4
     1     1    14     9     9     8     0     2   -65.0   58.356   -1.531    701.2    936.7    280.1      0.0     83.7
     1     1    14     9     9     7     0     1   -66.0   58.474   -1.865    711.9    935.3    280.0      0.0     83.6
     1     1    14     9     9     6     0     0   -67.0   58.587   -2.211    715.7    935.0    280.0      0.0     84.0
     1     1    14     9     9     5     0     1   -68.0   58.696   -2.576    719.6    935.6    279.9      0.0     85.2
     1     1    14     9     9     4     0     2   -69.0   58.802   -2.962    727.5    934.7    279.8      0.0     86.5
     1     1    14     9     9     3     0     3   -70.0   58.898   -3.363    732.5    932.6    279.4      0.0     87.7
     1     1    14     9     9     2     0     2   -71.0   58.979   -3.772    726.9    933.1    279.4      0.0     88.2
     1     1    14     9     9     1     0     1   -72.0   59.044   -4.178    711.0    935.7    279.6      0.0     89.1
