     7     1
    GDAS    14     8    22     0     0
    GDAS    14     8    29     0     0
    GDAS    14     9     1     0     0
    GDAS    14     9     8     0     0
    GDAS    14     9    15     0     0
    GDAS    14     9    22     0     0
    GDAS    14     9    29     0     0
     1 BACKWARD OMEGA   
    14     9     4     0   56.467   -2.973   100.0
     4 PRESSURE AIR_TEMP RAINFALL RELHUMID
     1     1    14     9     4     0     0     0     0.0   56.467   -2.973    100.0    979.0    286.1      0.0     90.9
     1     1    14     9     3    23     0     1    -1.0   56.340   -2.932    114.8    983.3    286.6      0.0     87.6
     1     1    14     9     3    22     0     2    -2.0   56.195   -2.866    137.9    987.2    287.4      0.0     83.2
     1     1    14     9     3    21     0     3    -3.0   56.024   -2.767    171.8    989.4    288.2      0.0     77.3
     1     1    14     9     3    20     0     2    -4.0   55.843   -2.648    206.2    984.8    288.5      0.0     74.7
     1     1    14     9     3    19     0     1    -5.0   55.674   -2.530    228.8    981.4    288.5      0.0     73.8
     1     1    14     9     3    18     0     0    -6.0   55.516   -2.424    239.0    978.8    288.5      0.0     73.2
     1     1    14     9     3    17     0     1    -7.0   55.367   -2.320    233.5    976.8    288.3      0.0     73.5
     1     1    14     9     3    16     0     2    -8.0   55.230   -2.202    208.9    976.7    288.2      0.0     73.2
     1     1    14     9     3    15     0     3    -9.0   55.106   -2.068    167.9    978.4    288.4      0.0     71.7
     1     1    14     9     3    14     0     2   -10.0   54.998   -1.932    126.8    984.5    288.8      0.0     71.4
     1     1    14     9     3    13     0     1   -11.0   54.899   -1.812    100.0    991.0    289.0      0.0     71.7
     1     1    14     9     3    12     0     0   -12.0   54.804   -1.706     86.4    994.8    289.1      0.0     72.4
     1     1    14     9     3    11     0     1   -13.0   54.712   -1.615     80.8    997.2    288.3      0.0     76.0
     1     1    14     9     3    10     0     2   -14.0   54.625   -1.538     80.1    998.8    287.7      0.0     79.1
     1     1    14     9     3     9     0     3   -15.0   54.542   -1.474     82.3    999.7    287.0      0.0     82.0
     1     1    14     9     3     8     0     2   -16.0   54.461   -1.421     86.0    999.8    286.5      0.0     83.4
     1     1    14     9     3     7     0     1   -17.0   54.379   -1.377     89.9    999.7    286.0      0.0     84.5
     1     1    14     9     3     6     0     0   -18.0   54.296   -1.341     93.2    999.4    285.5      0.0     85.5
     1     1    14     9     3     5     0     1   -19.0   54.214   -1.304     95.1    999.5    285.1      0.0     85.5
     1     1    14     9     3     4     0     2   -20.0   54.133   -1.260     96.0    999.9    284.7      0.0     85.5
     1     1    14     9     3     3     0     3   -21.0   54.052   -1.211     96.3   1000.6    284.1      0.0     85.3
     1     1    14     9     3     2     0     2   -22.0   53.975   -1.148     98.2   1001.8    284.3      0.0     84.5
     1     1    14     9     3     1     0     1   -23.0   53.902   -1.059    104.8   1003.3    284.8      0.0     83.6
     1     1    14     9     3     0     0     0   -24.0   53.833   -0.939    117.0   1003.2    285.4      0.0     82.7
     1     1    14     9     2    23     0     1   -25.0   53.764   -0.786    132.4   1001.0    286.3      0.0     80.7
     1     1    14     9     2    22     0     2   -26.0   53.694   -0.602    147.6    998.9    287.0      0.0     77.9
     1     1    14     9     2    21     0     3   -27.0   53.623   -0.397    162.0    996.9    287.5      0.0     74.7
     1     1    14     9     2    20     0     2   -28.0   53.560   -0.187    175.4    995.0    288.1      0.0     72.1
     1     1    14     9     2    19     0     1   -29.0   53.516   -0.002    179.7    993.2    288.5      0.0     69.8
     1     1    14     9     2    18     0     0   -30.0   53.485    0.179    185.6    998.9    287.6      0.0     77.5
     1     1    14     9     2    17     0     1   -31.0   53.475    0.336    182.6   1000.0    287.8      0.0     77.5
     1     1    14     9     2    16     0     2   -32.0   53.480    0.481    178.1   1000.8    287.9      0.0     78.0
     1     1    14     9     2    15     0     3   -33.0   53.502    0.613    174.0   1001.5    287.8      0.0     79.1
     1     1    14     9     2    14     0     2   -34.0   53.534    0.720    173.7   1002.5    287.6      0.0     82.3
     1     1    14     9     2    13     0     1   -35.0   53.569    0.797    178.7   1002.2    287.3      0.0     85.0
     1     1    14     9     2    12     0     0   -36.0   53.606    0.847    187.1   1001.5    287.0      0.0     87.3
     1     1    14     9     2    11     0     1   -37.0   53.653    0.878    196.8   1000.0    286.6      0.0     88.5
     1     1    14     9     2    10     0     2   -38.0   53.718    0.896    206.7    998.6    286.2      0.0     89.4
     1     1    14     9     2     9     0     3   -39.0   53.801    0.899    217.5    997.2    285.8      0.0     90.3
     1     1    14     9     2     8     0     2   -40.0   53.891    0.888    229.2    995.6    285.6      0.0     91.0
     1     1    14     9     2     7     0     1   -41.0   53.978    0.864    240.3    994.1    285.5      0.0     91.6
     1     1    14     9     2     6     0     0   -42.0   54.066    0.834    249.2    992.8    285.3      0.0     92.0
     1     1    14     9     2     5     0     1   -43.0   54.165    0.805    256.0    992.1    285.4      0.0     90.5
     1     1    14     9     2     4     0     2   -44.0   54.281    0.781    261.8    991.4    285.5      0.0     89.4
     1     1    14     9     2     3     0     3   -45.0   54.410    0.764    266.5    990.7    285.5      0.0     88.8
     1     1    14     9     2     2     0     2   -46.0   54.545    0.745    271.5    990.0    285.6      0.0     89.0
     1     1    14     9     2     1     0     1   -47.0   54.685    0.713    278.4    988.9    285.5      0.0     89.1
     1     1    14     9     2     0     0     0   -48.0   54.833    0.659    286.6    987.6    285.5      0.0     89.3
     1     1    14     9     1    23     0     1   -49.0   54.993    0.582    294.8    986.3    285.5      0.0     88.1
     1     1    14     9     1    22     0     2   -50.0   55.165    0.487    304.3    985.1    285.5      0.0     85.4
     1     1    14     9     1    21     0     3   -51.0   55.344    0.379    319.0    983.3    285.4      0.0     84.4
     1     1    14     9     1    20     0     2   -52.0   55.517    0.265    339.4    980.3    285.2      0.0     85.6
     1     1    14     9     1    19     0     1   -53.0   55.673    0.145    362.1    977.0    285.0      0.0     87.2
     1     1    14     9     1    18     0     0   -54.0   55.814    0.007    381.9    974.0    284.8      0.0     89.1
     1     1    14     9     1    17     0     1   -55.0   55.940   -0.166    404.4    972.5    285.0      0.0     78.9
     1     1    14     9     1    16     0     2   -56.0   56.056   -0.369    436.3    968.5    284.7      0.0     81.3
     1     1    14     9     1    15     0     3   -57.0   56.165   -0.580    475.6    963.1    284.4      0.0     83.4
     1     1    14     9     1    14     0     2   -58.0   56.267   -0.786    519.1    957.5    284.0      0.0     86.1
     1     1    14     9     1    13     0     1   -59.0   56.360   -0.986    563.8    952.3    283.7      0.0     88.9
     1     1    14     9     1    12     0     0   -60.0   56.444   -1.178    605.3    946.8    283.3      0.0     90.6
     1     1    14     9     1    11     0     1   -61.0   56.518   -1.354    628.9    942.3    283.1      0.2     90.7
     1     1    14     9     1    10     0     2   -62.0   56.590   -1.507    626.6    942.0    283.1      0.0     90.3
     1     1    14     9     1     9     0     3   -63.0   56.665   -1.641    603.1    944.3    283.2      0.0     89.6
     1     1    14     9     1     8     0     2   -64.0   56.743   -1.775    564.6    948.5    283.6      0.0     88.3
     1     1    14     9     1     7     0     1   -65.0   56.824   -1.930    515.7    953.8    284.2      0.0     86.8
     1     1    14     9     1     6     0     0   -66.0   56.914   -2.114    472.2    955.5    284.4      0.0     85.8
     1     1    14     9     1     5     0     1   -67.0   56.984   -2.365    475.4    946.2    284.2      0.0     85.2
     1     1    14     9     1     4     0     2   -68.0   57.013   -2.718    552.3    920.6    283.1      0.0     85.9
     1     1    14     9     1     3     0     3   -69.0   57.013   -3.162    688.8    887.9    281.2      0.0     87.4
     1     1    14     9     1     2     0     2   -70.0   56.983   -3.689    810.1    861.8    279.1      0.3     94.0
     1     1    14     9     1     1     0     1   -71.0   56.917   -4.307    871.6    857.1    278.7      0.2     94.6
     1     1    14     9     1     0     0     0   -72.0   56.830   -4.952    886.9    868.5    279.3      0.1     96.2
