     7     1
    GDAS    14     8    22     0     0
    GDAS    14     8    29     0     0
    GDAS    14     9     1     0     0
    GDAS    14     9     8     0     0
    GDAS    14     9    15     0     0
    GDAS    14     9    22     0     0
    GDAS    14     9    29     0     0
     1 BACKWARD OMEGA   
    14     9     2    19   56.467   -2.973   100.0
     4 PRESSURE AIR_TEMP RAINFALL RELHUMID
     1     1    14     9     2    19     0     1     0.0   56.467   -2.973    100.0    980.5    286.5      0.0     78.6
     1     1    14     9     2    18     0     0    -1.0   56.399   -3.006    102.8    981.6    287.2      0.0     76.4
     1     1    14     9     2    17     0     1    -2.0   56.336   -3.045    106.1    983.3    287.4      0.0     74.7
     1     1    14     9     2    16     0     2    -3.0   56.273   -3.101    112.2    984.6    287.5      0.0     73.6
     1     1    14     9     2    15     0     3    -4.0   56.210   -3.178    121.1    985.5    287.5      0.0     73.0
     1     1    14     9     2    14     0     2    -5.0   56.153   -3.274    134.2    986.6    287.1      0.0     74.0
     1     1    14     9     2    13     0     1    -6.0   56.108   -3.387    151.8    986.3    286.5      0.0     75.5
     1     1    14     9     2    12     0     0    -7.0   56.073   -3.518    172.6    985.1    285.8      0.0     77.3
     1     1    14     9     2    11     0     1    -8.0   56.046   -3.660    194.3    983.1    285.1      0.0     79.9
     1     1    14     9     2    10     0     2    -9.0   56.024   -3.810    214.6    981.5    284.6      0.0     82.0
     1     1    14     9     2     9     0     3   -10.0   56.009   -3.969    232.3    979.9    284.2      0.0     83.7
     1     1    14     9     2     8     0     2   -11.0   56.000   -4.139    245.7    977.7    283.8      0.0     86.4
     1     1    14     9     2     7     0     1   -12.0   55.993   -4.319    254.4    975.4    283.5      0.0     88.9
     1     1    14     9     2     6     0     0   -13.0   55.990   -4.509    258.7    973.5    283.3      0.0     91.3
     1     1    14     9     2     5     0     1   -14.0   55.988   -4.694    263.5    972.2    283.5      0.0     91.5
     1     1    14     9     2     4     0     2   -15.0   55.988   -4.860    274.5    969.6    283.7      0.0     92.1
     1     1    14     9     2     3     0     3   -16.0   55.990   -5.012    291.8    966.6    283.8      0.0     92.9
     1     1    14     9     2     2     0     2   -17.0   55.988   -5.168    312.2    966.5    283.9      0.0     92.5
     1     1    14     9     2     1     0     1   -18.0   55.977   -5.344    329.2    967.6    284.1      0.0     91.7
     1     1    14     9     2     0     0     0   -19.0   55.959   -5.540    340.5    969.7    284.3      0.0     90.8
     1     1    14     9     1    23     0     1   -20.0   55.942   -5.769    341.0    973.0    284.6      0.0     90.4
     1     1    14     9     1    22     0     2   -21.0   55.927   -6.045    324.2    978.7    285.2      0.0     89.8
     1     1    14     9     1    21     0     3   -22.0   55.910   -6.379    302.2    983.4    285.6      0.0     89.1
     1     1    14     9     1    20     0     2   -23.0   55.874   -6.779    292.3    985.7    285.9      0.0     87.8
     1     1    14     9     1    19     0     1   -24.0   55.812   -7.235    298.5    983.9    285.9      0.0     87.6
     1     1    14     9     1    18     0     0   -25.0   55.732   -7.734    310.6    979.9    285.7      0.0     88.4
     1     1    14     9     1    17     0     1   -26.0   55.629   -8.248    319.6    978.2    285.6      0.0     88.5
     1     1    14     9     1    16     0     2   -27.0   55.510   -8.756    322.0    980.0    285.7      0.0     87.3
     1     1    14     9     1    15     0     3   -28.0   55.387   -9.264    315.4    982.3    285.9      0.0     86.3
     1     1    14     9     1    14     0     2   -29.0   55.264   -9.770    308.4    984.1    286.1      0.0     85.7
     1     1    14     9     1    13     0     1   -30.0   55.143  -10.271    308.5    983.7    286.2      0.0     84.8
     1     1    14     9     1    12     0     0   -31.0   55.025  -10.769    313.9    982.7    286.2      0.0     84.3
     1     1    14     9     1    11     0     1   -32.0   54.915  -11.268    325.2    981.3    286.0      0.0     83.5
     1     1    14     9     1    10     0     2   -33.0   54.820  -11.771    341.6    978.8    285.9      0.0     83.1
     1     1    14     9     1     9     0     3   -34.0   54.742  -12.281    359.0    976.4    285.7      0.0     82.7
     1     1    14     9     1     8     0     2   -35.0   54.675  -12.810    374.3    974.0    285.6      0.0     82.9
     1     1    14     9     1     7     0     1   -36.0   54.613  -13.367    385.9    972.3    285.5      0.0     83.1
     1     1    14     9     1     6     0     0   -37.0   54.550  -13.955    394.7    970.9    285.4      0.0     84.1
     1     1    14     9     1     5     0     1   -38.0   54.480  -14.580    402.6    970.1    285.2      0.0     84.4
     1     1    14     9     1     4     0     2   -39.0   54.403  -15.242    410.3    969.2    284.9      0.0     85.5
     1     1    14     9     1     3     0     3   -40.0   54.320  -15.944    419.9    968.3    284.8      0.0     84.5
     1     1    14     9     1     2     0     2   -41.0   54.228  -16.669    436.4    966.6    284.7      0.0     83.9
     1     1    14     9     1     1     0     1   -42.0   54.127  -17.395    460.6    963.3    284.5      0.0     85.0
     1     1    14     9     1     0     0     0   -43.0   54.019  -18.114    494.3    959.6    284.1      0.0     86.4
     1     1    14     8    31    23     0     1   -44.0   53.910  -18.825    532.0    953.9    283.5      0.0     87.3
     1     1    14     8    31    22     0     2   -45.0   53.808  -19.533    562.3    950.0    283.0      0.0     87.5
     1     1    14     8    31    21     0     3   -46.0   53.720  -20.248    586.1    947.4    282.6      0.0     86.5
     1     1    14     8    31    20     0     2   -47.0   53.642  -20.981    603.3    944.7    282.4      0.0     87.1
     1     1    14     8    31    19     0     1   -48.0   53.567  -21.742    614.7    943.3    282.3      0.0     86.8
     1     1    14     8    31    18     0     0   -49.0   53.496  -22.537    626.2    941.8    282.2      0.0     86.4
     1     1    14     8    31    17     0     1   -50.0   53.425  -23.361    645.4    939.5    281.9      0.0     85.4
     1     1    14     8    31    16     0     2   -51.0   53.355  -24.214    671.3    936.2    281.6      0.0     83.2
     1     1    14     8    31    15     0     3   -52.0   53.299  -25.111    701.8    932.3    281.3      0.0     79.9
     1     1    14     8    31    14     0     2   -53.0   53.257  -26.044    721.1    929.4    281.0      0.0     80.7
     1     1    14     8    31    13     0     1   -54.0   53.224  -27.003    735.3    927.8    280.8      0.0     81.3
     1     1    14     8    31    12     0     0   -55.0   53.196  -27.999    773.0    923.5    280.4      0.0     81.5
     1     1    14     8    31    11     0     1   -56.0   53.171  -29.000    825.4    916.8    279.8      0.0     81.2
     1     1    14     8    31    10     0     2   -57.0   53.144  -29.969    870.4    911.6    279.2      0.0     84.5
     1     1    14     8    31     9     0     3   -58.0   53.101  -30.900    912.8    906.6    278.5      0.0     89.6
     1     1    14     8    31     8     0     2   -59.0   53.078  -31.812    957.3    900.8    278.6      0.0     84.6
     1     1    14     8    31     7     0     1   -60.0   53.090  -32.712    994.9    895.8    278.3      0.0     83.8
     1     1    14     8    31     6     0     0   -61.0   53.104  -33.606   1029.4    891.7    277.9      0.0     85.0
     1     1    14     8    31     5     0     1   -62.0   53.143  -34.498   1065.4    886.8    277.7      0.0     82.1
     1     1    14     8    31     4     0     2   -63.0   53.234  -35.349   1093.7    883.4    277.5      0.0     77.9
     1     1    14     8    31     3     0     3   -64.0   53.337  -36.154   1123.4    879.7    277.0      0.0     78.6
     1     1    14     8    31     2     0     2   -65.0   53.449  -36.947   1146.0    876.7    276.7      0.0     84.5
     1     1    14     8    31     1     0     1   -66.0   53.599  -37.725   1179.5    872.8    276.6      0.0     79.6
     1     1    14     8    31     0     0     0   -67.0   53.763  -38.458   1234.7    866.1    276.0      0.0     80.9
     1     1    14     8    30    23     0     1   -68.0   53.940  -39.152   1294.3    858.5    275.5      0.0     81.7
     1     1    14     8    30    22     0     2   -69.0   54.158  -39.819   1345.0    852.1    275.3      0.0     74.8
     1     1    14     8    30    21     0     3   -70.0   54.402  -40.460   1383.6    847.7    275.1      0.0     72.0
     1     1    14     8    30    20     0     2   -71.0   54.660  -41.067   1418.0    843.7    275.0      0.0     69.7
     1     1    14     8    30    19     0     1   -72.0   54.933  -41.633   1449.4    839.0    274.8      0.0     66.6
