     7     1
    GDAS    14     8    22     0     0
    GDAS    14     8    29     0     0
    GDAS    14     9     1     0     0
    GDAS    14     9     8     0     0
    GDAS    14     9    15     0     0
    GDAS    14     9    22     0     0
    GDAS    14     9    29     0     0
     1 BACKWARD OMEGA   
    14     9    19    12   56.467   -2.973   100.0
     4 PRESSURE AIR_TEMP RAINFALL RELHUMID
     1     1    14     9    19    12     0     0     0.0   56.467   -2.973    100.0    971.5    286.4      0.0     84.5
     1     1    14     9    19    11     0     1    -1.0   56.457   -2.923     95.7    973.7    286.1      0.0     87.6
     1     1    14     9    19    10     0     2    -2.0   56.451   -2.866     90.4    976.1    285.8      0.0     90.6
     1     1    14     9    19     9     0     3    -3.0   56.450   -2.803     84.1    978.7    285.5      0.0     93.3
     1     1    14     9    19     8     0     2    -4.0   56.452   -2.730     78.1    981.6    285.3      0.0     93.6
     1     1    14     9    19     7     0     1    -5.0   56.456   -2.646     73.4    984.4    285.1      0.0     93.9
     1     1    14     9    19     6     0     0    -6.0   56.461   -2.553     69.3    987.3    285.0      0.0     94.1
     1     1    14     9    19     5     0     1    -7.0   56.468   -2.453     64.6    990.7    285.3      0.0     94.8
     1     1    14     9    19     4     0     2    -8.0   56.472   -2.348     59.0    994.5    285.7      0.0     95.5
     1     1    14     9    19     3     0     3    -9.0   56.474   -2.238     53.1    998.6    286.1      0.0     96.3
     1     1    14     9    19     2     0     2   -10.0   56.472   -2.118     46.6   1002.7    286.4      0.0     95.8
     1     1    14     9    19     1     0     1   -11.0   56.463   -1.985     39.5   1007.1    286.6      0.0     95.5
     1     1    14     9    19     0     0     0   -12.0   56.448   -1.833     33.0   1008.6    286.7      0.0     95.4
     1     1    14     9    18    23     0     1   -13.0   56.426   -1.658     28.5   1009.9    286.7      0.0     95.2
     1     1    14     9    18    22     0     2   -14.0   56.395   -1.455     26.2   1011.1    286.7      0.0     95.1
     1     1    14     9    18    21     0     3   -15.0   56.354   -1.217     25.7   1012.1    286.8      0.0     95.2
     1     1    14     9    18    20     0     2   -16.0   56.305   -0.947     26.8   1011.9    286.8      0.0     94.5
     1     1    14     9    18    19     0     1   -17.0   56.255   -0.669     28.9   1010.8    286.8      0.0     94.0
     1     1    14     9    18    18     0     0   -18.0   56.205   -0.396     31.9   1009.6    286.8      0.0     93.6
     1     1    14     9    18    17     0     1   -19.0   56.153   -0.131     35.0   1009.2    286.9      0.0     93.5
     1     1    14     9    18    16     0     2   -20.0   56.104    0.162     34.6   1008.9    287.2      0.0     92.8
     1     1    14     9    18    15     0     3   -21.0   56.068    0.503     31.8   1009.5    287.4      0.0     92.1
     1     1    14     9    18    14     0     2   -22.0   56.038    0.881     30.3   1010.1    287.5      0.0     91.0
     1     1    14     9    18    13     0     1   -23.0   56.006    1.289     30.1   1010.3    287.6      0.0     90.0
     1     1    14     9    18    12     0     0   -24.0   55.967    1.710     30.1   1010.5    287.7      0.0     89.0
     1     1    14     9    18    11     0     1   -25.0   55.934    2.150     30.1   1010.8    287.9      0.0     88.1
     1     1    14     9    18    10     0     2   -26.0   55.920    2.621     30.1   1011.0    288.1      0.0     86.8
     1     1    14     9    18     9     0     3   -27.0   55.923    3.123     30.1   1011.3    288.3      0.0     84.8
     1     1    14     9    18     8     0     2   -28.0   55.937    3.638     30.1   1011.5    288.5      0.0     83.7
     1     1    14     9    18     7     0     1   -29.0   55.960    4.151     30.0   1011.7    288.7      0.0     82.5
     1     1    14     9    18     6     0     0   -30.0   55.991    4.669     29.2   1012.0    288.9      0.0     80.4
     1     1    14     9    18     5     0     1   -31.0   56.024    5.203     28.0   1012.3    289.0      0.0     78.5
     1     1    14     9    18     4     0     2   -32.0   56.056    5.755     27.4   1012.5    289.1      0.0     75.9
     1     1    14     9    18     3     0     3   -33.0   56.090    6.315     27.4   1012.6    289.2      0.0     73.7
     1     1    14     9    18     2     0     2   -34.0   56.117    6.869     27.5   1012.9    289.3      0.0     71.9
     1     1    14     9    18     1     0     1   -35.0   56.129    7.399     29.1   1013.1    289.4      0.0     71.7
     1     1    14     9    18     0     0     0   -36.0   56.133    7.888     34.4   1012.8    289.3      0.0     70.2
     1     1    14     9    17    23     0     1   -37.0   56.133    8.327     44.9   1011.0    288.1      0.0     74.1
     1     1    14     9    17    22     0     2   -38.0   56.132    8.721     61.3   1007.6    287.0      0.0     77.3
     1     1    14     9    17    21     0     3   -39.0   56.127    9.101     83.0   1003.2    286.9      0.0     77.0
     1     1    14     9    17    20     0     2   -40.0   56.118    9.496     95.0   1001.5    287.9      0.0     74.3
     1     1    14     9    17    19     0     1   -41.0   56.115    9.881     82.9   1004.1    288.3      0.0     73.5
     1     1    14     9    17    18     0     0   -42.0   56.121   10.220     65.4   1009.5    288.6      0.0     71.0
     1     1    14     9    17    17     0     1   -43.0   56.126   10.530     54.3   1012.2    289.5      0.0     67.4
     1     1    14     9    17    16     0     2   -44.0   56.133   10.819     50.2   1013.4    289.9      0.0     66.2
     1     1    14     9    17    15     0     3   -45.0   56.146   11.083     49.8   1014.0    289.8      0.0     66.6
     1     1    14     9    17    14     0     2   -46.0   56.152   11.325     50.2   1014.4    289.9      0.0     67.6
     1     1    14     9    17    13     0     1   -47.0   56.136   11.552     49.6   1015.1    290.1      0.0     67.9
     1     1    14     9    17    12     0     0   -48.0   56.101   11.759     47.9   1016.0    290.3      0.0     67.8
     1     1    14     9    17    11     0     1   -49.0   56.057   11.967     45.5   1016.0    290.2      0.0     70.3
     1     1    14     9    17    10     0     2   -50.0   56.013   12.200     44.1   1014.8    290.5      0.0     74.0
     1     1    14     9    17     9     0     3   -51.0   55.972   12.456     45.8   1013.3    290.7      0.0     77.2
     1     1    14     9    17     8     0     2   -52.0   55.933   12.722     52.0   1011.3    289.7      0.0     79.9
     1     1    14     9    17     7     0     1   -53.0   55.897   12.991     66.6   1008.2    287.8      0.0     84.9
     1     1    14     9    17     6     0     0   -54.0   55.863   13.279     85.7   1004.6    286.2      0.0     91.3
     1     1    14     9    17     5     0     1   -55.0   55.835   13.589     92.4   1003.4    286.3      0.0     89.7
     1     1    14     9    17     4     0     2   -56.0   55.824   13.899     78.5   1005.1    286.3      0.0     88.7
     1     1    14     9    17     3     0     3   -57.0   55.834   14.186     58.6   1010.4    286.4      0.0     87.3
     1     1    14     9    17     2     0     2   -58.0   55.850   14.468     43.4   1014.5    287.2      0.0     84.8
     1     1    14     9    17     1     0     1   -59.0   55.857   14.766     33.6   1018.1    288.3      0.0     81.9
     1     1    14     9    17     0     0     0   -60.0   55.851   15.091     27.4   1021.2    289.4      0.0     78.7
     1     1    14     9    16    23     0     1   -61.0   55.828   15.438     23.3   1021.4    289.6      0.0     76.1
     1     1    14     9    16    22     0     2   -62.0   55.792   15.798     20.6   1021.6    289.8      0.0     73.4
     1     1    14     9    16    21     0     3   -63.0   55.745   16.169     18.9   1021.7    289.9      0.0     70.7
     1     1    14     9    16    20     0     2   -64.0   55.698   16.555     18.2   1021.8    289.9      0.0     70.1
     1     1    14     9    16    19     0     1   -65.0   55.656   16.959     18.3   1021.8    289.8      0.0     69.8
     1     1    14     9    16    18     0     0   -66.0   55.623   17.383     18.7   1021.7    289.8      0.0     69.2
     1     1    14     9    16    17     0     1   -67.0   55.604   17.799     19.0   1021.3    289.9      0.0     68.3
     1     1    14     9    16    16     0     2   -68.0   55.591   18.186     19.5   1021.0    290.0      0.0     67.8
     1     1    14     9    16    15     0     3   -69.0   55.585   18.546     20.5   1020.5    290.1      0.0     67.1
     1     1    14     9    16    14     0     2   -70.0   55.574   18.882     22.1   1021.3    290.0      0.0     67.5
     1     1    14     9    16    13     0     1   -71.0   55.542   19.194     24.0   1022.2    290.1      0.0     67.9
     1     1    14     9    16    12     0     0   -72.0   55.488   19.475     26.0   1022.8    290.2      0.0     67.5
