     7     1
    GDAS    14     8    22     0     0
    GDAS    14     8    29     0     0
    GDAS    14     9     1     0     0
    GDAS    14     9     8     0     0
    GDAS    14     9    15     0     0
    GDAS    14     9    22     0     0
    GDAS    14     9    29     0     0
     1 BACKWARD OMEGA   
    14     9    10    20   56.467   -2.973   100.0
     4 PRESSURE AIR_TEMP RAINFALL RELHUMID
     1     1    14     9    10    20     0     2     0.0   56.467   -2.973    100.0    979.0    284.8      0.0     84.7
     1     1    14     9    10    19     0     1    -1.0   56.383   -2.856    109.4    983.4    285.9      0.0     81.2
     1     1    14     9    10    18     0     0    -2.0   56.300   -2.707    113.9    988.7    286.7      0.0     77.9
     1     1    14     9    10    17     0     1    -3.0   56.213   -2.534    116.3    994.3    287.0      0.0     74.0
     1     1    14     9    10    16     0     2    -4.0   56.117   -2.340    118.8    999.0    287.1      0.0     71.1
     1     1    14     9    10    15     0     3    -5.0   56.018   -2.121    120.6   1002.8    286.8      0.0     69.1
     1     1    14     9    10    14     0     2    -6.0   55.925   -1.902    120.0   1003.3    286.6      0.0     70.5
     1     1    14     9    10    13     0     1    -7.0   55.844   -1.717    118.4   1003.8    286.5      0.0     72.1
     1     1    14     9    10    12     0     0    -8.0   55.775   -1.564    118.1   1004.5    286.5      0.0     73.5
     1     1    14     9    10    11     0     1    -9.0   55.708   -1.424    119.6   1004.6    286.2      0.0     76.0
     1     1    14     9    10    10     0     2   -10.0   55.637   -1.278    122.4   1005.0    285.9      0.0     77.9
     1     1    14     9    10     9     0     3   -11.0   55.567   -1.125    125.5   1005.9    285.7      0.0     79.5
     1     1    14     9    10     8     0     2   -12.0   55.503   -0.960    129.3   1007.1    285.7      0.0     79.5
     1     1    14     9    10     7     0     1   -13.0   55.450   -0.787    134.0   1006.4    285.7      0.0     79.6
     1     1    14     9    10     6     0     0   -14.0   55.407   -0.607    138.7   1005.8    285.6      0.0     79.6
     1     1    14     9    10     5     0     1   -15.0   55.370   -0.431    142.5   1005.2    285.8      0.0     78.7
     1     1    14     9    10     4     0     2   -16.0   55.340   -0.267    144.2   1004.9    285.9      0.0     77.8
     1     1    14     9    10     3     0     3   -17.0   55.315   -0.117    143.6   1004.9    286.1      0.0     76.9
     1     1    14     9    10     2     0     2   -18.0   55.305    0.021    145.3   1005.4    285.9      0.0     79.6
     1     1    14     9    10     1     0     1   -19.0   55.309    0.147    150.1   1004.2    285.9      0.0     79.1
     1     1    14     9    10     0     0     0   -20.0   55.323    0.262    153.8   1003.7    285.8      0.0     78.8
     1     1    14     9     9    23     0     1   -21.0   55.350    0.356    156.9   1003.3    285.8      0.0     79.1
     1     1    14     9     9    22     0     2   -22.0   55.398    0.418    159.8   1002.9    285.7      0.0     79.2
     1     1    14     9     9    21     0     3   -23.0   55.466    0.448    162.8   1002.5    285.7      0.0     79.2
     1     1    14     9     9    20     0     2   -24.0   55.546    0.451    166.8   1001.9    285.7      0.0     79.3
     1     1    14     9     9    19     0     1   -25.0   55.628    0.438    172.5   1001.0    285.6      0.0     79.4
     1     1    14     9     9    18     0     0   -26.0   55.714    0.408    179.9    999.8    285.5      0.0     79.6
     1     1    14     9     9    17     0     1   -27.0   55.799    0.349    189.0    998.5    285.3      0.0     79.5
     1     1    14     9     9    16     0     2   -28.0   55.875    0.248    198.7    997.0    285.1      0.0     79.6
     1     1    14     9     9    15     0     3   -29.0   55.938    0.111    208.2    995.7    284.9      0.0     79.9
     1     1    14     9     9    14     0     2   -30.0   55.959    0.030    228.2    994.7    284.9      0.0     81.0
     1     1    14     9     9    13     0     1   -31.0   55.983   -0.064    243.1    993.2    284.8      0.0     80.2
     1     1    14     9     9    12     0     0   -32.0   55.977   -0.107    264.8    989.8    284.4      0.0     80.8
     1     1    14     9     9    11     0     1   -33.0   55.970   -0.170    280.7    987.8    284.3      0.0     80.9
     1     1    14     9     9    10     0     2   -34.0   55.959   -0.254    291.3    986.4    284.2      0.0     80.9
     1     1    14     9     9     9     0     3   -35.0   55.943   -0.358    296.1    985.8    284.2      0.0     80.9
     1     1    14     9     9     8     0     2   -36.0   55.936   -0.462    297.8    985.6    284.1      0.0     80.9
     1     1    14     9     9     7     0     1   -37.0   55.952   -0.550    298.8    985.2    284.1      0.0     81.0
     1     1    14     9     9     6     0     0   -38.0   55.993   -0.621    299.0    984.9    284.0      0.0     81.1
     1     1    14     9     9     5     0     1   -39.0   56.055   -0.706    299.5    984.9    284.1      0.0     81.0
     1     1    14     9     9     4     0     2   -40.0   56.136   -0.847    301.7    984.6    284.0      0.0     81.1
     1     1    14     9     9     3     0     3   -41.0   56.239   -1.046    306.2    983.9    284.0      0.0     81.5
     1     1    14     9     9     2     0     2   -42.0   56.345   -1.269    313.5    982.5    283.8      0.0     81.1
     1     1    14     9     9     1     0     1   -43.0   56.444   -1.483    325.2    981.0    283.7      0.0     81.1
     1     1    14     9     9     0     0     0   -44.0   56.540   -1.687    344.8    978.8    283.5      0.0     81.6
     1     1    14     9     8    23     0     1   -45.0   56.635   -1.885    374.6    975.3    283.4      0.0     81.8
     1     1    14     9     8    22     0     2   -46.0   56.730   -2.081    412.4    968.1    283.1      0.0     83.4
     1     1    14     9     8    21     0     3   -47.0   56.832   -2.279    449.8    954.9    282.4      0.0     86.9
     1     1    14     9     8    20     0     2   -48.0   56.951   -2.483    482.3    940.8    281.5      0.0     89.1
     1     1    14     9     8    19     0     1   -49.0   57.092   -2.698    513.0    929.7    280.9      0.0     90.4
     1     1    14     9     8    18     0     0   -50.0   57.253   -2.928    545.9    923.8    280.5      0.0     91.2
     1     1    14     9     8    17     0     1   -51.0   57.428   -3.182    586.6    922.8    280.4      0.0     91.0
     1     1    14     9     8    16     0     2   -52.0   57.610   -3.466    639.8    921.4    280.1      0.0     91.6
     1     1    14     9     8    15     0     3   -53.0   57.795   -3.780    708.3    916.9    279.8      0.0     92.6
     1     1    14     9     8    14     0     2   -54.0   57.977   -4.125    786.3    910.3    279.0      0.0     95.1
     1     1    14     9     8    13     0     1   -55.0   58.155   -4.484    839.7    900.4    278.1      0.0     96.2
     1     1    14     9     8    12     0     0   -56.0   58.327   -4.840    854.9    899.3    277.8      0.0     95.9
     1     1    14     9     8    11     0     1   -57.0   58.494   -5.180    850.2    907.1    278.3      0.0     93.3
     1     1    14     9     8    10     0     2   -58.0   58.657   -5.497    838.8    916.4    278.8      0.0     90.7
     1     1    14     9     8     9     0     3   -59.0   58.813   -5.793    824.1    921.9    279.1      0.0     88.4
     1     1    14     9     8     8     0     2   -60.0   58.972   -6.080    808.2    924.6    279.3      0.0     87.6
     1     1    14     9     8     7     0     1   -61.0   59.144   -6.374    796.6    926.0    279.3      0.0     87.5
     1     1    14     9     8     6     0     0   -62.0   59.324   -6.678    792.8    926.5    279.3      0.0     87.5
     1     1    14     9     8     5     0     1   -63.0   59.506   -7.000    800.4    925.9    279.3      0.0     86.8
     1     1    14     9     8     4     0     2   -64.0   59.686   -7.342    821.6    923.4    279.2      0.0     86.1
     1     1    14     9     8     3     0     3   -65.0   59.862   -7.698    856.4    919.9    279.1      0.0     85.8
     1     1    14     9     8     2     0     2   -66.0   60.028   -8.059    893.0    914.4    278.8      0.0     85.2
     1     1    14     9     8     1     0     1   -67.0   60.178   -8.423    913.5    911.7    278.6      0.0     84.8
     1     1    14     9     8     0     0     0   -68.0   60.309   -8.792    917.6    911.8    278.6      0.0     86.1
     1     1    14     9     7    23     0     1   -69.0   60.425   -9.163    914.0    913.0    278.8      0.0     84.8
     1     1    14     9     7    22     0     2   -70.0   60.532   -9.539    906.6    913.7    279.0      0.0     84.0
     1     1    14     9     7    21     0     3   -71.0   60.634   -9.927    891.9    915.3    279.2      0.0     84.6
     1     1    14     9     7    20     0     2   -72.0   60.727  -10.347    874.5    917.8    279.4      0.0     83.9
