     7     1
    GDAS    14     8    22     0     0
    GDAS    14     8    29     0     0
    GDAS    14     9     1     0     0
    GDAS    14     9     8     0     0
    GDAS    14     9    15     0     0
    GDAS    14     9    22     0     0
    GDAS    14     9    29     0     0
     1 BACKWARD OMEGA   
    14     9     9     6   56.467   -2.973   100.0
     4 PRESSURE AIR_TEMP RAINFALL RELHUMID
     1     1    14     9     9     6     0     0     0.0   56.467   -2.973    100.0    977.2    282.0      0.0     85.2
     1     1    14     9     9     5     0     1    -1.0   56.456   -3.075    113.8    974.7    282.4      0.0     84.6
     1     1    14     9     9     4     0     2    -2.0   56.441   -3.173    123.1    973.5    282.7      0.0     83.9
     1     1    14     9     9     3     0     3    -3.0   56.421   -3.267    126.5    973.3    283.0      0.0     83.1
     1     1    14     9     9     2     0     2    -4.0   56.398   -3.352    125.7    974.0    283.3      0.0     82.0
     1     1    14     9     9     1     0     1    -5.0   56.376   -3.425    123.1    974.9    283.6      0.0     80.7
     1     1    14     9     9     0     0     0    -6.0   56.353   -3.485    118.3    976.1    284.0      0.0     79.1
     1     1    14     9     8    23     0     1    -7.0   56.334   -3.540    111.6    977.2    284.3      0.0     78.1
     1     1    14     9     8    22     0     2    -8.0   56.324   -3.600    103.2    978.1    284.6      0.0     77.1
     1     1    14     9     8    21     0     3    -9.0   56.324   -3.665     93.2    978.8    284.9      0.0     76.3
     1     1    14     9     8    20     0     2   -10.0   56.330   -3.731     82.9    979.4    285.1      0.0     75.5
     1     1    14     9     8    19     0     1   -11.0   56.339   -3.792     73.6    979.7    285.4      0.0     74.8
     1     1    14     9     8    18     0     0   -12.0   56.348   -3.850     65.6    979.9    285.7      0.0     73.9
     1     1    14     9     8    17     0     1   -13.0   56.368   -3.911     58.5    979.4    285.8      0.0     72.7
     1     1    14     9     8    16     0     2   -14.0   56.408   -3.986     51.9    977.6    285.7      0.0     71.8
     1     1    14     9     8    15     0     3   -15.0   56.466   -4.072     47.2    975.3    285.6      0.0     71.1
     1     1    14     9     8    14     0     2   -16.0   56.528   -4.170     42.0    973.1    285.3      0.0     72.0
     1     1    14     9     8    13     0     1   -17.0   56.578   -4.276     34.4    972.5    285.3      0.0     72.7
     1     1    14     9     8    12     0     0   -18.0   56.619   -4.386     25.6    973.1    285.5      0.0     73.1
     1     1    14     9     8    11     0     1   -19.0   56.655   -4.488     17.8    973.5    284.9      0.0     77.2
     1     1    14     9     8    10     0     2   -20.0   56.694   -4.573     11.5    973.5    284.2      0.0     81.3
     1     1    14     9     8     9     0     3   -21.0   56.734   -4.645      5.9    972.4    283.4      0.0     85.5
     1     1    14     9     8     8     0     2   -22.0   56.775   -4.710      1.6    972.4    282.4      0.0     89.2
     1     1    14     9     8     7     0     1   -23.0   56.816   -4.773      0.0    972.5    281.7      0.0     92.7
     1     1    14     9     8     6     0     0   -24.0   56.858   -4.832      0.0    972.8    281.0      0.0     96.0
     1     1    14     9     8     5     0     1   -25.0   56.895   -4.894      0.0    972.5    281.0      0.0     96.3
     1     1    14     9     8     4     0     2   -26.0   56.925   -4.965      0.0    972.6    281.0      0.0     96.5
     1     1    14     9     8     3     0     3   -27.0   56.950   -5.043      0.0    973.8    281.2      0.0     96.2
     1     1    14     9     8     2     0     2   -28.0   56.981   -5.126      0.0    976.0    280.7      0.0     95.0
     1     1    14     9     8     1     0     1   -29.0   57.027   -5.213      0.0    979.0    280.5      0.0     93.6
     1     1    14     9     8     0     0     0   -30.0   57.093   -5.309      0.0    983.2    280.6      0.0     92.1
     1     1    14     9     7    23     0     1   -31.0   57.175   -5.414      0.0    988.2    281.4      0.0     89.9
     1     1    14     9     7    22     0     2   -32.0   57.264   -5.529      0.0    993.9    282.3      0.0     87.8
     1     1    14     9     7    21     0     3   -33.0   57.361   -5.651      0.0   1000.2    283.2      0.0     85.9
     1     1    14     9     7    20     0     2   -34.0   57.477   -5.784      0.0   1006.5    284.6      0.0     82.9
     1     1    14     9     7    19     0     1   -35.0   57.622   -5.933      0.0   1013.7    285.7      0.0     80.5
     1     1    14     9     7    18     0     0   -36.0   57.796   -6.094      0.0   1017.4    286.2      0.0     79.4
     1     1    14     9     7    17     0     1   -37.0   57.978   -6.269      0.0   1017.1    286.4      0.0     78.7
     1     1    14     9     7    16     0     2   -38.0   58.159   -6.470      0.0   1015.5    286.4      0.0     77.9
     1     1    14     9     7    15     0     3   -39.0   58.343   -6.707      0.0   1014.9    286.6      0.0     77.7
     1     1    14     9     7    14     0     2   -40.0   58.532   -6.954      0.0   1014.9    286.6      0.0     78.6
     1     1    14     9     7    13     0     1   -41.0   58.729   -7.175      0.3   1016.3    286.5      0.0     79.6
     1     1    14     9     7    12     0     0   -42.0   58.932   -7.364      0.9   1017.4    286.3      0.0     80.3
     1     1    14     9     7    11     0     1   -43.0   59.134   -7.530      1.5   1017.5    286.1      0.0     81.2
     1     1    14     9     7    10     0     2   -44.0   59.328   -7.687      1.9   1017.3    285.9      0.0     81.7
     1     1    14     9     7     9     0     3   -45.0   59.514   -7.834      2.4   1017.2    285.8      0.0     82.1
     1     1    14     9     7     8     0     2   -46.0   59.696   -7.967      2.8   1017.9    285.7      0.0     83.0
     1     1    14     9     7     7     0     1   -47.0   59.876   -8.084      3.1   1018.7    285.7      0.0     83.6
     1     1    14     9     7     6     0     0   -48.0   60.050   -8.182      3.2   1019.5    285.7      0.0     84.1
     1     1    14     9     7     5     0     1   -49.0   60.217   -8.283      3.3   1019.5    285.6      0.0     84.1
     1     1    14     9     7     4     0     2   -50.0   60.375   -8.406      3.3   1019.6    285.5      0.0     84.2
     1     1    14     9     7     3     0     3   -51.0   60.519   -8.555      3.4   1019.7    285.4      0.0     84.4
     1     1    14     9     7     2     0     2   -52.0   60.641   -8.720      3.6   1019.5    285.4      0.0     84.7
     1     1    14     9     7     1     0     1   -53.0   60.735   -8.890      4.1   1019.3    285.4      0.0     84.3
     1     1    14     9     7     0     0     0   -54.0   60.797   -9.060      5.0   1019.2    285.4      0.0     83.5
     1     1    14     9     6    23     0     1   -55.0   60.851   -9.207      6.0   1019.5    285.4      0.0     83.3
     1     1    14     9     6    22     0     2   -56.0   60.914   -9.312      6.9   1019.7    285.4      0.0     83.0
     1     1    14     9     6    21     0     3   -57.0   60.984   -9.378      7.8   1020.0    285.4      0.0     82.4
     1     1    14     9     6    20     0     2   -58.0   61.061   -9.440      8.6   1018.7    285.3      0.0     82.5
     1     1    14     9     6    19     0     1   -59.0   61.143   -9.534      9.5   1017.5    285.2      0.0     82.5
     1     1    14     9     6    18     0     0   -60.0   61.226   -9.661     10.6   1016.3    285.1      0.0     82.4
     1     1    14     9     6    17     0     1   -61.0   61.306   -9.813     11.9   1016.2    285.1      0.0     82.1
     1     1    14     9     6    16     0     2   -62.0   61.379   -9.980     13.1   1016.3    285.1      0.0     81.2
     1     1    14     9     6    15     0     3   -63.0   61.444  -10.163     14.4   1016.3    285.0      0.0     80.1
     1     1    14     9     6    14     0     2   -64.0   61.500  -10.352     15.4   1016.2    284.9      0.0     80.9
     1     1    14     9     6    13     0     1   -65.0   61.551  -10.532     15.9   1016.2    284.9      0.0     81.5
     1     1    14     9     6    12     0     0   -66.0   61.596  -10.702     16.1   1016.3    284.9      0.0     81.7
     1     1    14     9     6    11     0     1   -67.0   61.642  -10.849     16.7   1016.9    284.9      0.0     82.7
     1     1    14     9     6    10     0     2   -68.0   61.698  -10.963     18.9   1017.2    284.8      0.0     83.7
     1     1    14     9     6     9     0     3   -69.0   61.769  -11.038     23.5   1017.1    284.7      0.0     84.5
     1     1    14     9     6     8     0     2   -70.0   61.852  -11.096     28.9   1016.0    284.5      0.0     85.1
     1     1    14     9     6     7     0     1   -71.0   61.946  -11.162     32.4   1015.5    284.4      0.0     85.7
     1     1    14     9     6     6     0     0   -72.0   62.049  -11.242     33.5   1015.0    284.3      0.0     85.9
