     7     1
    GDAS    14     8    22     0     0
    GDAS    14     8    29     0     0
    GDAS    14     9     1     0     0
    GDAS    14     9     8     0     0
    GDAS    14     9    15     0     0
    GDAS    14     9    22     0     0
    GDAS    14     9    29     0     0
     1 BACKWARD OMEGA   
    14     9    15     0   56.467   -2.973   100.0
     4 PRESSURE AIR_TEMP RAINFALL RELHUMID
     1     1    14     9    15     0     0     0     0.0   56.467   -2.973    100.0    983.7    283.4      0.0     99.1
     1     1    14     9    14    23     0     1    -1.0   56.526   -2.752     52.7    996.5    284.1      0.0     97.1
     1     1    14     9    14    22     0     2    -2.0   56.579   -2.544     27.7   1004.6    284.6      0.0     95.0
     1     1    14     9    14    21     0     3    -3.0   56.629   -2.334     14.6   1012.0    285.1      0.0     92.6
     1     1    14     9    14    20     0     2    -4.0   56.678   -2.113      7.9   1019.6    285.8      0.0     90.3
     1     1    14     9    14    19     0     1    -5.0   56.729   -1.873      4.9   1024.3    286.2      0.0     88.6
     1     1    14     9    14    18     0     0    -6.0   56.776   -1.612      3.2   1025.4    286.3      0.0     87.1
     1     1    14     9    14    17     0     1    -7.0   56.820   -1.334      2.3   1025.9    286.5      0.0     85.6
     1     1    14     9    14    16     0     2    -8.0   56.861   -1.048      2.2   1025.9    286.6      0.0     84.8
     1     1    14     9    14    15     0     3    -9.0   56.899   -0.769      2.4   1025.1    286.7      0.0     85.2
     1     1    14     9    14    14     0     2   -10.0   56.928   -0.501      2.6   1026.7    286.6      0.0     87.1
     1     1    14     9    14    13     0     1   -11.0   56.946   -0.239      2.8   1028.2    286.6      0.0     89.0
     1     1    14     9    14    12     0     0   -12.0   56.973    0.040      3.0   1029.9    286.6      0.0     82.0
     1     1    14     9    14    11     0     1   -13.0   57.017    0.336      3.3   1029.0    286.8      0.0     84.1
     1     1    14     9    14    10     0     2   -14.0   57.069    0.623      3.7   1028.0    287.0      0.0     85.4
     1     1    14     9    14     9     0     3   -15.0   57.127    0.905      4.2   1027.0    287.1      0.0     85.9
     1     1    14     9    14     8     0     2   -16.0   57.189    1.178      4.7   1027.5    287.2      0.0     87.0
     1     1    14     9    14     7     0     1   -17.0   57.253    1.442      5.0   1027.8    287.2      0.0     87.4
     1     1    14     9    14     6     0     0   -18.0   57.319    1.694      5.1   1028.0    287.3      0.0     86.6
     1     1    14     9    14     5     0     1   -19.0   57.390    1.933      5.1   1028.2    287.4      0.0     85.7
     1     1    14     9    14     4     0     2   -20.0   57.468    2.157      5.0   1028.4    287.5      0.0     85.8
     1     1    14     9    14     3     0     3   -21.0   57.554    2.364      5.0   1028.6    287.6      0.0     85.5
     1     1    14     9    14     2     0     2   -22.0   57.642    2.561      5.0   1028.7    287.7      0.0     85.2
     1     1    14     9    14     1     0     1   -23.0   57.729    2.758      5.0   1028.7    287.7      0.0     85.0
     1     1    14     9    14     0     0     0   -24.0   57.810    2.956      5.0   1028.8    287.8      0.0     85.0
     1     1    14     9    13    23     0     1   -25.0   57.893    3.141      5.1   1029.0    287.9      0.0     83.8
     1     1    14     9    13    22     0     2   -26.0   57.980    3.293      5.1   1029.3    287.9      0.0     82.6
     1     1    14     9    13    21     0     3   -27.0   58.069    3.408      5.2   1029.5    287.9      0.0     81.5
     1     1    14     9    13    20     0     2   -28.0   58.154    3.500      5.2   1029.8    288.0      0.0     80.7
     1     1    14     9    13    19     0     1   -29.0   58.233    3.582      5.3   1030.1    288.0      0.0     80.0
     1     1    14     9    13    18     0     0   -30.0   58.307    3.656      5.3   1030.4    288.1      0.0     79.4
     1     1    14     9    13    17     0     1   -31.0   58.382    3.725      5.3   1030.6    288.1      0.0     79.0
     1     1    14     9    13    16     0     2   -32.0   58.467    3.788      5.5   1030.7    288.0      0.0     78.4
     1     1    14     9    13    15     0     3   -33.0   58.561    3.843      5.7   1030.9    288.0      0.0     77.7
     1     1    14     9    13    14     0     2   -34.0   58.657    3.887      6.1   1030.8    288.0      0.0     77.3
     1     1    14     9    13    13     0     1   -35.0   58.745    3.917      6.5   1031.0    287.9      0.0     77.0
     1     1    14     9    13    12     0     0   -36.0   58.823    3.937      7.1   1031.4    287.9      0.0     76.6
     1     1    14     9    13    11     0     1   -37.0   58.895    3.964      7.8   1030.4    287.9      0.0     77.3
     1     1    14     9    13    10     0     2   -38.0   58.966    4.017      8.6   1029.2    288.0      0.0     78.0
     1     1    14     9    13     9     0     3   -39.0   59.035    4.092      9.5   1027.8    288.0      0.0     78.9
     1     1    14     9    13     8     0     2   -40.0   59.107    4.165     10.4   1028.2    288.0      0.0     79.2
     1     1    14     9    13     7     0     1   -41.0   59.185    4.211     11.2   1028.5    288.0      0.0     79.9
     1     1    14     9    13     6     0     0   -42.0   59.269    4.229     12.1   1028.8    287.9      0.0     81.0
     1     1    14     9    13     5     0     1   -43.0   59.339    4.225     13.0   1028.4    287.9      0.0     81.1
     1     1    14     9    13     4     0     2   -44.0   59.380    4.213     13.8   1028.1    287.9      0.0     81.0
     1     1    14     9    13     3     0     3   -45.0   59.394    4.196     14.5   1027.7    287.9      0.0     80.7
     1     1    14     9    13     2     0     2   -46.0   59.394    4.168     15.0   1027.5    287.9      0.0     80.8
     1     1    14     9    13     1     0     1   -47.0   59.389    4.119     15.7   1027.2    287.9      0.0     81.0
     1     1    14     9    13     0     0     0   -48.0   59.379    4.050     16.6   1026.9    287.9      0.0     81.3
     1     1    14     9    12    23     0     1   -49.0   59.368    3.981     17.6   1026.0    287.8      0.0     80.2
     1     1    14     9    12    22     0     2   -50.0   59.359    3.933     18.9   1025.1    287.8      0.0     79.1
     1     1    14     9    12    21     0     3   -51.0   59.353    3.905     20.2   1024.2    287.8      0.0     78.1
     1     1    14     9    12    20     0     2   -52.0   59.353    3.875     21.4   1024.3    287.7      0.0     78.2
     1     1    14     9    12    19     0     1   -53.0   59.362    3.819     22.1   1024.4    287.7      0.0     78.5
     1     1    14     9    12    18     0     0   -54.0   59.380    3.737     22.3   1024.6    287.7      0.0     79.0
     1     1    14     9    12    17     0     1   -55.0   59.401    3.636     22.6   1023.8    287.7      0.0     78.9
     1     1    14     9    12    16     0     2   -56.0   59.421    3.522     23.4   1022.9    287.6      0.0     79.1
     1     1    14     9    12    15     0     3   -57.0   59.437    3.398     24.7   1021.9    287.6      0.0     79.5
     1     1    14     9    12    14     0     2   -58.0   59.445    3.280     26.1   1021.8    287.5      0.0     80.6
     1     1    14     9    12    13     0     1   -59.0   59.440    3.184     26.7   1021.9    287.4      0.0     81.4
     1     1    14     9    12    12     0     0   -60.0   59.425    3.111     26.6   1022.1    287.3      0.0     81.9
     1     1    14     9    12    11     0     1   -61.0   59.408    3.047     26.2   1022.4    287.3      0.0     83.0
     1     1    14     9    12    10     0     2   -62.0   59.395    2.982     26.3   1022.6    287.3      0.0     84.0
     1     1    14     9    12     9     0     3   -63.0   59.386    2.917     27.0   1022.8    287.3      0.0     84.9
     1     1    14     9    12     8     0     2   -64.0   59.382    2.850     27.8   1022.6    287.3      0.0     85.4
     1     1    14     9    12     7     0     1   -65.0   59.386    2.780     28.4   1022.4    287.3      0.0     86.0
     1     1    14     9    12     6     0     0   -66.0   59.396    2.706     28.6   1022.4    287.2      0.0     86.5
     1     1    14     9    12     5     0     1   -67.0   59.403    2.623     28.6   1022.4    287.2      0.0     87.0
     1     1    14     9    12     4     0     2   -68.0   59.397    2.524     28.6   1022.6    287.2      0.0     87.6
     1     1    14     9    12     3     0     3   -69.0   59.376    2.407     28.7   1022.8    287.2      0.0     88.3
     1     1    14     9    12     2     0     2   -70.0   59.343    2.272     28.8   1023.0    287.1      0.0     87.9
     1     1    14     9    12     1     0     1   -71.0   59.302    2.120     28.7   1023.1    286.9      0.0     87.6
     1     1    14     9    12     0     0     0   -72.0   59.251    1.948     28.7   1023.0    286.8      0.0     87.4
