     7     1
    GDAS    14     8    22     0     0
    GDAS    14     8    29     0     0
    GDAS    14     9     1     0     0
    GDAS    14     9     8     0     0
    GDAS    14     9    15     0     0
    GDAS    14     9    22     0     0
    GDAS    14     9    29     0     0
     1 BACKWARD OMEGA   
    14     9     5    15   56.467   -2.973   100.0
     4 PRESSURE AIR_TEMP RAINFALL RELHUMID
     1     1    14     9     5    15     0     3     0.0   56.467   -2.973    100.0    974.3    285.7      0.0     93.7
     1     1    14     9     5    14     0     2    -1.0   56.524   -2.980     76.8    975.2    286.0      0.4     92.8
     1     1    14     9     5    13     0     1    -2.0   56.578   -3.004     58.5    975.0    286.4      0.3     92.1
     1     1    14     9     5    12     0     0    -3.0   56.626   -3.042     44.4    973.9    286.7      0.3     91.7
     1     1    14     9     5    11     0     1    -4.0   56.669   -3.089     36.1    972.9    286.8      0.2     92.0
     1     1    14     9     5    10     0     2    -5.0   56.703   -3.146     33.9    971.3    286.8      0.2     92.0
     1     1    14     9     5     9     0     3    -6.0   56.732   -3.217     36.9    969.2    286.6      0.1     92.1
     1     1    14     9     5     8     0     2    -7.0   56.754   -3.298     44.1    966.5    285.7      0.0     93.7
     1     1    14     9     5     7     0     1    -8.0   56.763   -3.383     54.7    964.2    285.0      0.0     95.0
     1     1    14     9     5     6     0     0    -9.0   56.759   -3.474     70.4    961.2    284.4      0.0     96.0
     1     1    14     9     5     5     0     1   -10.0   56.744   -3.580     92.3    958.3    284.5      0.0     95.6
     1     1    14     9     5     4     0     2   -11.0   56.722   -3.705    120.1    955.3    284.7      0.0     95.1
     1     1    14     9     5     3     0     3   -12.0   56.694   -3.853    154.2    951.5    284.8      0.0     94.4
     1     1    14     9     5     2     0     2   -13.0   56.656   -4.016    191.8    946.7    284.9      0.0     93.4
     1     1    14     9     5     1     0     1   -14.0   56.609   -4.181    224.3    946.3    285.2      0.0     92.6
     1     1    14     9     5     0     0     0   -15.0   56.560   -4.341    245.4    947.6    285.5      0.0     92.0
     1     1    14     9     4    23     0     1   -16.0   56.505   -4.492    252.4    949.8    286.0      0.0     89.9
     1     1    14     9     4    22     0     2   -17.0   56.436   -4.628    241.3    953.9    286.6      0.0     87.6
     1     1    14     9     4    21     0     3   -18.0   56.351   -4.748    210.8    960.2    287.1      0.0     85.1
     1     1    14     9     4    20     0     2   -19.0   56.257   -4.857    168.1    968.9    287.7      0.0     82.3
     1     1    14     9     4    19     0     1   -20.0   56.159   -4.962    121.8    977.2    288.3      0.0     79.8
     1     1    14     9     4    18     0     0   -21.0   56.061   -5.058     81.9    985.7    288.9      0.0     78.2
     1     1    14     9     4    17     0     1   -22.0   55.963   -5.140     54.3    992.9    289.6      0.0     76.8
     1     1    14     9     4    16     0     2   -23.0   55.857   -5.204     37.5    996.7    290.3      0.0     75.6
     1     1    14     9     4    15     0     3   -24.0   55.739   -5.250     27.6    999.7    290.8      0.0     74.8
     1     1    14     9     4    14     0     2   -25.0   55.620   -5.265     23.1   1002.2    290.5      0.0     78.4
     1     1    14     9     4    13     0     1   -26.0   55.505   -5.241     22.7   1003.3    290.2      0.0     81.4
     1     1    14     9     4    12     0     0   -27.0   55.392   -5.187     25.7   1004.0    289.9      0.0     84.1
     1     1    14     9     4    11     0     1   -28.0   55.274   -5.112     31.6   1004.2    289.3      0.0     86.3
     1     1    14     9     4    10     0     2   -29.0   55.147   -5.021     41.2   1005.0    289.0      0.0     88.5
     1     1    14     9     4     9     0     3   -30.0   55.006   -4.918     53.4   1005.4    289.0      0.0     90.2
     1     1    14     9     4     8     0     2   -31.0   54.861   -4.814     59.8   1004.3    288.7      0.0     89.9
     1     1    14     9     4     7     0     1   -32.0   54.727   -4.719     56.7   1005.7    288.5      0.0     89.5
     1     1    14     9     4     6     0     0   -33.0   54.602   -4.628     47.3   1007.9    288.3      0.0     89.1
     1     1    14     9     4     5     0     1   -34.0   54.480   -4.525     37.0   1010.4    288.2      0.0     85.9
     1     1    14     9     4     4     0     2   -35.0   54.355   -4.387     27.8   1012.8    288.1      0.0     83.2
     1     1    14     9     4     3     0     3   -36.0   54.221   -4.199     20.5   1015.4    288.1      0.0     81.0
     1     1    14     9     4     2     0     2   -37.0   54.079   -3.965     15.4   1018.2    288.2      0.0     79.0
     1     1    14     9     4     1     0     1   -38.0   53.947   -3.728     12.9   1017.8    288.3      0.0     77.5
     1     1    14     9     4     0     0     0   -39.0   53.843   -3.515     11.6   1015.1    288.2      0.0     77.5
     1     1    14     9     3    23     0     1   -40.0   53.764   -3.326     10.3   1014.4    288.3      0.0     77.1
     1     1    14     9     3    22     0     2   -41.0   53.702   -3.152      8.7   1014.9    288.6      0.0     76.6
     1     1    14     9     3    21     0     3   -42.0   53.651   -2.986      6.3   1015.7    288.9      0.0     76.2
     1     1    14     9     3    20     0     2   -43.0   53.605   -2.835      3.9   1011.6    289.1      0.0     75.7
     1     1    14     9     3    19     0     1   -44.0   53.559   -2.709      2.1   1008.4    289.5      0.0     74.8
     1     1    14     9     3    18     0     0   -45.0   53.513   -2.604      0.8   1005.9    289.9      0.0     73.4
     1     1    14     9     3    17     0     1   -46.0   53.466   -2.504      0.0   1003.7    290.5      0.0     71.4
     1     1    14     9     3    16     0     2   -47.0   53.419   -2.390      0.0   1001.7    291.2      0.0     69.3
     1     1    14     9     3    15     0     3   -48.0   53.375   -2.256      0.2    999.9    291.9      0.0     67.2
     1     1    14     9     3    14     0     2   -49.0   53.334   -2.114      1.6    998.7    292.0      0.0     68.5
     1     1    14     9     3    13     0     1   -50.0   53.298   -1.976      4.0    998.3    292.1      0.0     70.0
     1     1    14     9     3    12     0     0   -51.0   53.266   -1.847      6.5   1001.2    292.5      0.0     70.9
     1     1    14     9     3    11     0     1   -52.0   53.236   -1.724      8.5   1004.0    291.9      0.0     75.7
     1     1    14     9     3    10     0     2   -53.0   53.211   -1.605      9.9   1006.5    291.1      0.0     80.4
     1     1    14     9     3     9     0     3   -54.0   53.189   -1.492     10.8   1008.7    290.1      0.0     85.0
     1     1    14     9     3     8     0     2   -55.0   53.167   -1.387     11.4   1010.5    289.1      0.0     87.1
     1     1    14     9     3     7     0     1   -56.0   53.141   -1.292     12.0   1012.2    288.1      0.0     89.6
     1     1    14     9     3     6     0     0   -57.0   53.110   -1.206     12.5   1013.6    287.1      0.0     92.4
     1     1    14     9     3     5     0     1   -58.0   53.080   -1.123     13.0   1014.0    287.1      0.0     92.1
     1     1    14     9     3     4     0     2   -59.0   53.055   -1.034     13.2   1014.3    287.0      0.0     92.4
     1     1    14     9     3     3     0     3   -60.0   53.037   -0.939     13.3   1013.7    286.9      0.0     92.7
     1     1    14     9     3     2     0     2   -61.0   53.022   -0.834     13.3   1014.8    287.0      0.0     90.5
     1     1    14     9     3     1     0     1   -62.0   53.009   -0.711     13.4   1016.0    287.1      0.0     88.3
     1     1    14     9     3     0     0     0   -63.0   52.997   -0.572     13.4   1017.2    287.2      0.0     86.0
     1     1    14     9     2    23     0     1   -64.0   52.985   -0.424     13.1   1016.0    287.5      0.0     80.7
     1     1    14     9     2    22     0     2   -65.0   52.971   -0.276     12.5   1014.9    287.7      0.0     75.3
     1     1    14     9     2    21     0     3   -66.0   52.956   -0.128     11.6   1013.9    287.9      0.0     70.0
     1     1    14     9     2    20     0     2   -67.0   52.948    0.012     10.7   1020.8    287.3      0.0     78.9
     1     1    14     9     2    19     0     1   -68.0   52.951    0.145     10.3   1020.0    288.0      0.0     76.6
     1     1    14     9     2    18     0     0   -69.0   52.963    0.273     10.1   1019.4    288.7      0.0     75.2
     1     1    14     9     2    17     0     1   -70.0   52.986    0.403     10.0   1019.3    289.8      0.0     74.0
     1     1    14     9     2    16     0     2   -71.0   53.021    0.538      9.6   1019.4    290.5      0.0     73.5
     1     1    14     9     2    15     0     3   -72.0   53.070    0.674      9.1   1019.4    290.8      0.0     74.1
