     7     1
    GDAS    14     8    22     0     0
    GDAS    14     8    29     0     0
    GDAS    14     9     1     0     0
    GDAS    14     9     8     0     0
    GDAS    14     9    15     0     0
    GDAS    14     9    22     0     0
    GDAS    14     9    29     0     0
     1 BACKWARD OMEGA   
    14     9    21     1   56.467   -2.973   100.0
     4 PRESSURE AIR_TEMP RAINFALL RELHUMID
     1     1    14     9    21     1     0     1     0.0   56.467   -2.973    100.0    980.9    281.9      0.0     88.0
     1     1    14     9    21     0     0     0    -1.0   56.600   -3.117    129.2    972.4    281.6      0.0     89.5
     1     1    14     9    20    23     0     1    -2.0   56.755   -3.283    187.2    957.5    281.2      0.0     89.9
     1     1    14     9    20    22     0     2    -3.0   56.946   -3.487    280.5    936.7    280.2      0.0     92.1
     1     1    14     9    20    21     0     3    -4.0   57.170   -3.725    383.4    924.0    279.5      0.0     94.1
     1     1    14     9    20    20     0     2    -5.0   57.405   -3.976    464.4    921.9    279.6      0.0     93.8
     1     1    14     9    20    19     0     1    -6.0   57.642   -4.241    539.3    924.8    279.9      0.0     94.6
     1     1    14     9    20    18     0     0    -7.0   57.881   -4.518    609.0    921.9    279.5      0.2     96.9
     1     1    14     9    20    17     0     1    -8.0   58.117   -4.817    635.5    917.2    279.2      0.1     97.4
     1     1    14     9    20    16     0     2    -9.0   58.341   -5.143    607.1    929.8    280.0      0.1     96.4
     1     1    14     9    20    15     0     3   -10.0   58.566   -5.500    570.8    947.6    281.4      0.0     93.1
     1     1    14     9    20    14     0     2   -11.0   58.799   -5.876    553.5    955.9    281.9      0.0     92.2
     1     1    14     9    20    13     0     1   -12.0   59.037   -6.275    553.5    955.6    281.7      0.0     92.7
     1     1    14     9    20    12     0     0   -13.0   59.278   -6.705    561.9    953.7    281.4      0.0     93.3
     1     1    14     9    20    11     0     1   -14.0   59.531   -7.148    571.8    952.1    281.4      0.0     93.0
     1     1    14     9    20    10     0     2   -15.0   59.796   -7.607    583.2    950.4    281.4      0.0     92.3
     1     1    14     9    20     9     0     3   -16.0   60.059   -8.098    599.2    948.5    281.2      0.0     92.3
     1     1    14     9    20     8     0     2   -17.0   60.313   -8.610    612.7    945.3    280.9      0.0     93.2
     1     1    14     9    20     7     0     1   -18.0   60.561   -9.118    617.0    944.5    280.9      0.0     94.1
     1     1    14     9    20     6     0     0   -19.0   60.803   -9.613    612.5    943.9    280.8      0.0     95.3
     1     1    14     9    20     5     0     1   -20.0   61.049  -10.123    604.2    945.2    280.9      0.0     95.6
     1     1    14     9    20     4     0     2   -21.0   61.308  -10.648    604.3    945.3    280.8      0.0     95.6
     1     1    14     9    20     3     0     3   -22.0   61.576  -11.155    611.1    943.6    280.7      0.3     95.7
     1     1    14     9    20     2     0     2   -23.0   61.838  -11.659    612.9    942.4    280.7      0.0     95.0
     1     1    14     9    20     1     0     1   -24.0   62.087  -12.183    608.5    942.8    280.8      0.0     93.8
     1     1    14     9    20     0     0     0   -25.0   62.326  -12.715    602.2    943.2    280.8      0.0     92.9
     1     1    14     9    19    23     0     1   -26.0   62.538  -13.226    595.7    943.7    281.0      0.3     91.9
     1     1    14     9    19    22     0     2   -27.0   62.718  -13.717    586.6    944.0    281.2      0.1     90.4
     1     1    14     9    19    21     0     3   -28.0   62.873  -14.223    569.7    945.4    281.4      0.1     87.6
     1     1    14     9    19    20     0     2   -29.0   63.013  -14.754    542.4    948.1    281.9      0.0     84.1
     1     1    14     9    19    19     0     1   -30.0   63.144  -15.274    518.1    952.2    282.2      0.0     82.8
     1     1    14     9    19    18     0     0   -31.0   63.261  -15.746    508.4    949.7    282.2      0.0     81.0
     1     1    14     9    19    17     0     1   -32.0   63.370  -16.175    528.1    943.1    281.9      0.2     80.8
     1     1    14     9    19    16     0     2   -33.0   63.482  -16.559    603.7    926.4    280.8      0.0     82.1
     1     1    14     9    19    15     0     3   -34.0   63.598  -16.911    741.5    898.3    279.1      0.0     82.8
     1     1    14     9    19    14     0     2   -35.0   63.712  -17.248    908.4    871.2    277.5      1.6     84.7
     1     1    14     9    19    13     0     1   -36.0   63.819  -17.577   1078.6    850.9    276.2      0.3     86.2
     1     1    14     9    19    12     0     0   -37.0   63.910  -17.893   1264.7    831.5    275.0      0.3     87.8
     1     1    14     9    19    11     0     1   -38.0   63.972  -18.211   1419.0    801.7    273.3      0.3     91.2
     1     1    14     9    19    10     0     2   -39.0   63.997  -18.524   1460.7    783.0    272.2      0.7     95.2
     1     1    14     9    19     9     0     3   -40.0   63.994  -18.819   1396.6    780.8    272.2      0.7     98.4
     1     1    14     9    19     8     0     2   -41.0   63.968  -19.086   1301.7    794.5    273.1      2.9     97.8
     1     1    14     9    19     7     0     1   -42.0   63.922  -19.324   1246.2    816.1    274.3      2.9     96.1
     1     1    14     9    19     6     0     0   -43.0   63.857  -19.541   1231.0    829.7    275.0      1.3     95.5
     1     1    14     9    19     5     0     1   -44.0   63.783  -19.737   1223.9    839.3    275.6      0.8     95.3
     1     1    14     9    19     4     0     2   -45.0   63.710  -19.910   1208.8    850.6    276.4      0.8     95.6
     1     1    14     9    19     3     0     3   -46.0   63.641  -20.065   1193.2    858.3    277.0      0.8     96.3
     1     1    14     9    19     2     0     2   -47.0   63.568  -20.201   1164.2    862.9    277.3      0.0     96.3
     1     1    14     9    19     1     0     1   -48.0   63.485  -20.314   1111.0    871.9    277.9      0.0     96.1
     1     1    14     9    19     0     0     0   -49.0   63.393  -20.411   1041.5    882.6    278.5      0.0     95.8
     1     1    14     9    18    23     0     1   -50.0   63.288  -20.475    960.7    894.2    279.2      0.6     95.7
     1     1    14     9    18    22     0     2   -51.0   63.168  -20.485    869.3    907.2    279.9      0.6     96.0
     1     1    14     9    18    21     0     3   -52.0   63.029  -20.422    761.7    921.5    280.7      0.6     96.8
     1     1    14     9    18    20     0     2   -53.0   62.885  -20.262    645.6    937.4    281.5      0.0     96.8
     1     1    14     9    18    19     0     1   -54.0   62.765  -20.006    539.5    949.5    282.1      0.0     96.3
     1     1    14     9    18    18     0     0   -55.0   62.684  -19.665    461.1    960.7    282.5      0.0     96.8
     1     1    14     9    18    17     0     1   -56.0   62.637  -19.285    422.0    964.1    282.6      0.0     97.6
     1     1    14     9    18    16     0     2   -57.0   62.606  -18.900    404.5    964.6    282.6      0.0     98.2
     1     1    14     9    18    15     0     3   -58.0   62.581  -18.525    388.3    965.2    282.7      0.0     97.9
     1     1    14     9    18    14     0     2   -59.0   62.558  -18.119    367.3    968.3    283.0      1.0     97.6
     1     1    14     9    18    13     0     1   -60.0   62.538  -17.639    345.2    971.3    283.2      1.0     96.8
     1     1    14     9    18    12     0     0   -61.0   62.519  -17.088    323.7    974.4    283.4      0.6     95.6
     1     1    14     9    18    11     0     1   -62.0   62.496  -16.555    310.1    976.8    283.8      0.0     95.2
     1     1    14     9    18    10     0     2   -63.0   62.468  -16.116    304.7    976.8    284.1      0.2     94.9
     1     1    14     9    18     9     0     3   -64.0   62.426  -15.753    295.8    977.0    284.4      0.2     94.1
     1     1    14     9    18     8     0     2   -65.0   62.369  -15.420    281.2    979.6    284.6      0.2     94.3
     1     1    14     9    18     7     0     1   -66.0   62.302  -15.088    265.8    982.1    284.8      0.2     95.0
     1     1    14     9    18     6     0     0   -67.0   62.227  -14.761    253.0    983.9    284.9      0.2     95.5
     1     1    14     9    18     5     0     1   -68.0   62.146  -14.443    245.3    984.8    284.9      0.0     95.3
     1     1    14     9    18     4     0     2   -69.0   62.060  -14.143    243.6    985.1    285.0      0.0     94.7
     1     1    14     9    18     3     0     3   -70.0   61.973  -13.865    248.8    984.6    285.2      0.0     94.3
     1     1    14     9    18     2     0     2   -71.0   61.887  -13.599    254.6    983.6    285.0      0.3     95.8
     1     1    14     9    18     1     0     1   -72.0   61.802  -13.333    254.7    984.0    284.9      0.3     97.1
