     7     1
    GDAS    14     8    22     0     0
    GDAS    14     8    29     0     0
    GDAS    14     9     1     0     0
    GDAS    14     9     8     0     0
    GDAS    14     9    15     0     0
    GDAS    14     9    22     0     0
    GDAS    14     9    29     0     0
     1 BACKWARD OMEGA   
    14     9    21     5   56.467   -2.973   100.0
     4 PRESSURE AIR_TEMP RAINFALL RELHUMID
     1     1    14     9    21     5     0     1     0.0   56.467   -2.973    100.0    981.7    281.3      0.0     88.5
     1     1    14     9    21     4     0     2    -1.0   56.609   -3.112    127.2    972.6    280.9      0.0     90.2
     1     1    14     9    21     3     0     3    -2.0   56.779   -3.257    175.2    958.6    280.4      0.0     92.6
     1     1    14     9    21     2     0     2    -3.0   56.990   -3.422    255.3    939.3    279.5      0.0     95.7
     1     1    14     9    21     1     0     1    -4.0   57.233   -3.612    352.5    933.5    279.4      0.0     94.2
     1     1    14     9    21     0     0     0    -5.0   57.476   -3.819    434.1    933.4    279.4      0.0     93.8
     1     1    14     9    20    23     0     1    -6.0   57.715   -4.054    510.7    933.5    279.6      0.0     93.8
     1     1    14     9    20    22     0     2    -7.0   57.952   -4.322    576.2    931.6    279.8      0.0     95.0
     1     1    14     9    20    21     0     3    -8.0   58.190   -4.604    600.3    929.1    279.8      0.0     96.4
     1     1    14     9    20    20     0     2    -9.0   58.428   -4.862    587.4    934.9    280.0      0.3     96.9
     1     1    14     9    20    19     0     1   -10.0   58.672   -5.090    566.1    945.9    280.7      0.0     96.2
     1     1    14     9    20    18     0     0   -11.0   58.933   -5.298    554.8    955.7    281.5      0.0     94.5
     1     1    14     9    20    17     0     1   -12.0   59.205   -5.529    555.4    955.9    281.5      0.0     93.8
     1     1    14     9    20    16     0     2   -13.0   59.481   -5.815    563.4    954.3    281.4      0.0     93.5
     1     1    14     9    20    15     0     3   -14.0   59.769   -6.153    579.4    951.9    281.3      0.0     93.0
     1     1    14     9    20    14     0     2   -15.0   60.065   -6.513    600.5    949.0    281.1      0.0     92.7
     1     1    14     9    20    13     0     1   -16.0   60.361   -6.874    624.3    946.4    280.9      0.0     93.2
     1     1    14     9    20    12     0     0   -17.0   60.662   -7.236    655.6    942.8    280.6      0.0     95.0
     1     1    14     9    20    11     0     1   -18.0   60.959   -7.606    695.2    937.3    280.2      0.0     95.3
     1     1    14     9    20    10     0     2   -19.0   61.242   -7.994    726.8    931.5    279.7      0.0     95.6
     1     1    14     9    20     9     0     3   -20.0   61.516   -8.404    738.9    929.9    279.4      0.0     95.8
     1     1    14     9    20     8     0     2   -21.0   61.793   -8.811    742.3    929.5    279.3      1.3     96.6
     1     1    14     9    20     7     0     1   -22.0   62.076   -9.185    747.4    928.4    279.3      1.3     97.3
     1     1    14     9    20     6     0     0   -23.0   62.364   -9.528    757.0    926.4    279.3      0.9     96.8
     1     1    14     9    20     5     0     1   -24.0   62.668   -9.850    770.5    924.4    279.3      0.0     94.3
     1     1    14     9    20     4     0     2   -25.0   62.985  -10.169    788.3    922.1    279.4      0.0     91.0
     1     1    14     9    20     3     0     3   -26.0   63.302  -10.492    816.1    919.3    279.1      0.0     90.5
     1     1    14     9    20     2     0     2   -27.0   63.610  -10.796    853.8    914.3    278.9      0.0     91.1
     1     1    14     9    20     1     0     1   -28.0   63.904  -11.075    895.3    909.1    278.8      0.0     90.3
     1     1    14     9    20     0     0     0   -29.0   64.175  -11.342    929.7    903.5    278.5      0.0     90.4
     1     1    14     9    19    23     0     1   -30.0   64.427  -11.596    952.6    901.2    278.2      0.0     92.3
     1     1    14     9    19    22     0     2   -31.0   64.664  -11.825    974.6    899.3    278.0      0.2     93.7
     1     1    14     9    19    21     0     3   -32.0   64.890  -12.014   1009.7    896.0    277.7      0.2     93.9
     1     1    14     9    19    20     0     2   -33.0   65.098  -12.182   1051.9    890.2    277.5      0.0     93.7
     1     1    14     9    19    19     0     1   -34.0   65.281  -12.347   1084.8    886.5    277.3      0.0     93.8
     1     1    14     9    19    18     0     0   -35.0   65.439  -12.490   1105.4    884.2    277.1      0.0     94.7
     1     1    14     9    19    17     0     1   -36.0   65.571  -12.603   1120.7    883.3    277.1      0.0     94.4
     1     1    14     9    19    16     0     2   -37.0   65.680  -12.681   1136.9    881.4    277.1      0.0     94.3
     1     1    14     9    19    15     0     3   -38.0   65.770  -12.716   1153.1    879.4    277.1      0.0     94.5
     1     1    14     9    19    14     0     2   -39.0   65.852  -12.707   1163.7    877.7    277.1      0.0     94.3
     1     1    14     9    19    13     0     1   -40.0   65.936  -12.656   1162.9    877.5    277.1      0.0     94.2
     1     1    14     9    19    12     0     0   -41.0   66.027  -12.563   1150.8    878.8    277.3      0.0     93.8
     1     1    14     9    19    11     0     1   -42.0   66.123  -12.434   1142.1    881.1    277.4      0.0     93.2
     1     1    14     9    19    10     0     2   -43.0   66.220  -12.276   1147.6    880.2    277.4      0.0     92.0
     1     1    14     9    19     9     0     3   -44.0   66.321  -12.082   1162.1    878.4    277.5      0.0     90.7
     1     1    14     9    19     8     0     2   -45.0   66.426  -11.855   1180.0    876.1    277.4      0.5     90.8
     1     1    14     9    19     7     0     1   -46.0   66.537  -11.593   1200.8    874.2    277.3      0.3     91.5
     1     1    14     9    19     6     0     0   -47.0   66.653  -11.286   1231.8    871.2    277.1      0.7     92.1
     1     1    14     9    19     5     0     1   -48.0   66.773  -10.939   1262.9    866.5    277.1      0.3     93.3
     1     1    14     9    19     4     0     2   -49.0   66.895  -10.549   1270.2    865.3    277.2      0.3     95.4
     1     1    14     9    19     3     0     3   -50.0   67.021  -10.099   1246.3    868.1    277.5      0.5     97.4
     1     1    14     9    19     2     0     2   -51.0   67.138   -9.600   1212.9    874.5    277.8      0.0     97.1
     1     1    14     9    19     1     0     1   -52.0   67.235   -9.092   1192.0    877.6    277.9      0.0     97.8
     1     1    14     9    19     0     0     0   -53.0   67.314   -8.605   1186.0    878.7    278.0      0.0     97.9
     1     1    14     9    18    23     0     1   -54.0   67.374   -8.150   1184.5    878.1    278.2      0.0     97.1
     1     1    14     9    18    22     0     2   -55.0   67.417   -7.721   1180.3    879.5    278.5      0.0     96.5
     1     1    14     9    18    21     0     3   -56.0   67.438   -7.326   1177.5    880.2    278.8      0.0     95.9
     1     1    14     9    18    20     0     2   -57.0   67.444   -6.962   1175.8    880.6    278.8      0.3     96.5
     1     1    14     9    18    19     0     1   -58.0   67.442   -6.615   1178.9    880.9    278.9      0.3     97.0
     1     1    14     9    18    18     0     0   -59.0   67.430   -6.279   1195.3    879.8    278.9      0.3     97.6
     1     1    14     9    18    17     0     1   -60.0   67.400   -5.950   1214.3    876.2    278.6      0.3     97.4
     1     1    14     9    18    16     0     2   -61.0   67.346   -5.615   1212.2    875.8    278.6      0.3     97.4
     1     1    14     9    18    15     0     3   -62.0   67.274   -5.273   1177.9    879.6    278.8      0.3     97.7
     1     1    14     9    18    14     0     2   -63.0   67.195   -4.916   1116.6    887.5    279.3      0.3     97.5
     1     1    14     9    18    13     0     1   -64.0   67.115   -4.531   1037.5    896.5    279.7      0.3     97.2
     1     1    14     9    18    12     0     0   -65.0   67.031   -4.091    935.3    907.7    280.4      0.0     96.9
     1     1    14     9    18    11     0     1   -66.0   66.925   -3.558    835.1    922.6    280.8      0.2     97.7
     1     1    14     9    18    10     0     2   -67.0   66.784   -2.994    773.1    929.6    281.1      0.2     97.5
     1     1    14     9    18     9     0     3   -68.0   66.621   -2.470    728.5    933.0    281.5      0.2     96.9
     1     1    14     9    18     8     0     2   -69.0   66.458   -1.985    680.7    938.5    281.9      0.0     97.2
     1     1    14     9    18     7     0     1   -70.0   66.306   -1.486    632.7    945.1    282.1      0.0     97.3
     1     1    14     9    18     6     0     0   -71.0   66.147   -0.936    597.9    950.1    282.2      0.0     96.9
     1     1    14     9    18     5     0     1   -72.0   65.983   -0.359    586.8    951.6    282.2      0.0     95.7
