     7     1
    GDAS    14     8    22     0     0
    GDAS    14     8    29     0     0
    GDAS    14     9     1     0     0
    GDAS    14     9     8     0     0
    GDAS    14     9    15     0     0
    GDAS    14     9    22     0     0
    GDAS    14     9    29     0     0
     1 BACKWARD OMEGA   
    14     9     8    11   56.467   -2.973   100.0
     4 PRESSURE AIR_TEMP RAINFALL RELHUMID
     1     1    14     9     8    11     0     1     0.0   56.467   -2.973    100.0    976.3    284.6      0.0     73.4
     1     1    14     9     8    10     0     2    -1.0   56.556   -3.167    145.1    967.2    283.2      0.0     78.3
     1     1    14     9     8     9     0     3    -2.0   56.669   -3.372    212.7    951.9    281.4      0.0     84.8
     1     1    14     9     8     8     0     2    -3.0   56.818   -3.576    293.9    933.1    279.9      0.0     90.6
     1     1    14     9     8     7     0     1    -4.0   57.026   -3.775    378.1    912.9    278.5      0.0     96.2
     1     1    14     9     8     6     0     0    -5.0   57.285   -3.972    459.3    913.0    278.4      0.0     96.7
     1     1    14     9     8     5     0     1    -6.0   57.568   -4.201    545.0    917.4    278.8      0.0     96.2
     1     1    14     9     8     4     0     2    -7.0   57.866   -4.488    616.7    915.9    278.9      0.0     96.5
     1     1    14     9     8     3     0     3    -8.0   58.164   -4.814    623.0    915.8    279.1      0.0     97.5
     1     1    14     9     8     2     0     2    -9.0   58.455   -5.132    572.2    934.0    280.1      0.0     97.1
     1     1    14     9     8     1     0     1   -10.0   58.746   -5.424    528.2    953.3    281.1      0.0     95.8
     1     1    14     9     8     0     0     0   -11.0   59.044   -5.706    515.5    958.7    281.4      0.0     96.5
     1     1    14     9     7    23     0     1   -12.0   59.344   -5.985    517.2    957.0    281.3      0.0     96.9
     1     1    14     9     7    22     0     2   -13.0   59.640   -6.252    525.7    956.3    281.4      0.0     95.5
     1     1    14     9     7    21     0     3   -14.0   59.932   -6.496    541.0    954.2    281.4      0.0     94.7
     1     1    14     9     7    20     0     2   -15.0   60.223   -6.728    553.0    951.8    281.3      0.0     95.1
     1     1    14     9     7    19     0     1   -16.0   60.507   -6.975    552.8    951.6    281.3      0.0     95.9
     1     1    14     9     7    18     0     0   -17.0   60.786   -7.259    543.8    952.9    281.4      0.0     95.3
     1     1    14     9     7    17     0     1   -18.0   61.044   -7.593    538.2    954.3    281.4      0.0     94.0
     1     1    14     9     7    16     0     2   -19.0   61.266   -7.979    541.9    953.9    281.3      0.0     94.2
     1     1    14     9     7    15     0     3   -20.0   61.453   -8.410    549.9    952.6    281.1      0.0     94.3
     1     1    14     9     7    14     0     2   -21.0   61.613   -8.868    553.9    951.8    281.1      0.0     94.3
     1     1    14     9     7    13     0     1   -22.0   61.751   -9.341    553.0    952.4    281.1      0.0     93.9
     1     1    14     9     7    12     0     0   -23.0   61.869   -9.831    552.1    952.7    281.1      0.0     94.6
     1     1    14     9     7    11     0     1   -24.0   61.968  -10.352    554.6    952.8    281.1      0.0     92.5
     1     1    14     9     7    10     0     2   -25.0   62.051  -10.917    560.4    952.0    281.0      0.0     89.5
     1     1    14     9     7     9     0     3   -26.0   62.115  -11.520    567.9    951.2    280.9      0.0     87.8
     1     1    14     9     7     8     0     2   -27.0   62.161  -12.152    572.8    950.1    280.9      0.0     87.0
     1     1    14     9     7     7     0     1   -28.0   62.191  -12.817    573.6    950.3    281.0      0.0     86.3
     1     1    14     9     7     6     0     0   -29.0   62.207  -13.511    571.3    950.2    281.0      0.0     86.9
     1     1    14     9     7     5     0     1   -30.0   62.206  -14.223    569.2    951.1    281.1      0.0     85.1
     1     1    14     9     7     4     0     2   -31.0   62.176  -14.932    574.9    950.7    281.1      0.0     82.9
     1     1    14     9     7     3     0     3   -32.0   62.118  -15.618    589.2    949.1    281.0      0.0     82.1
     1     1    14     9     7     2     0     2   -33.0   62.039  -16.266    606.7    947.0    280.9      0.0     82.6
     1     1    14     9     7     1     0     1   -34.0   61.947  -16.869    620.7    945.6    280.9      0.0     83.3
     1     1    14     9     7     0     0     0   -35.0   61.844  -17.433    627.3    945.0    280.8      0.0     85.0
     1     1    14     9     6    23     0     1   -36.0   61.737  -17.965    628.6    945.4    280.9      0.0     84.6
     1     1    14     9     6    22     0     2   -37.0   61.625  -18.469    627.8    945.4    281.1      0.0     82.0
     1     1    14     9     6    21     0     3   -38.0   61.502  -18.940    624.5    946.0    281.3      0.0     79.8
     1     1    14     9     6    20     0     2   -39.0   61.364  -19.389    622.6    946.2    281.3      0.0     79.8
     1     1    14     9     6    19     0     1   -40.0   61.208  -19.825    623.1    945.6    281.4      0.0     77.5
     1     1    14     9     6    18     0     0   -41.0   61.030  -20.234    623.5    945.2    281.5      0.0     74.1
     1     1    14     9     6    17     0     1   -42.0   60.845  -20.625    627.0    945.5    281.3      0.0     79.8
     1     1    14     9     6    16     0     2   -43.0   60.666  -21.014    637.1    944.5    281.1      0.0     82.1
     1     1    14     9     6    15     0     3   -44.0   60.489  -21.397    653.4    942.7    280.9      0.0     81.8
     1     1    14     9     6    14     0     2   -45.0   60.306  -21.770    668.6    940.0    280.7      0.0     82.1
     1     1    14     9     6    13     0     1   -46.0   60.109  -22.127    676.2    939.3    280.6      0.0     81.4
     1     1    14     9     6    12     0     0   -47.0   59.899  -22.468    678.3    939.3    280.5      0.0     82.2
     1     1    14     9     6    11     0     1   -48.0   59.674  -22.800    678.7    939.6    280.6      0.0     84.5
     1     1    14     9     6    10     0     2   -49.0   59.432  -23.119    679.1    939.5    280.6      0.0     86.1
     1     1    14     9     6     9     0     3   -50.0   59.173  -23.415    679.1    939.7    280.5      0.0     87.2
     1     1    14     9     6     8     0     2   -51.0   58.916  -23.690    680.3    939.6    280.5      0.0     87.1
     1     1    14     9     6     7     0     1   -52.0   58.673  -23.955    682.4    939.1    280.5      0.0     87.9
     1     1    14     9     6     6     0     0   -53.0   58.445  -24.212    683.3    938.8    280.4      0.0     89.5
     1     1    14     9     6     5     0     1   -54.0   58.221  -24.462    686.2    939.1    280.3      0.0     89.0
     1     1    14     9     6     4     0     2   -55.0   57.992  -24.695    696.3    938.2    280.3      0.0     87.6
     1     1    14     9     6     3     0     3   -56.0   57.762  -24.903    712.7    936.3    280.2      0.0     84.8
     1     1    14     9     6     2     0     2   -57.0   57.537  -25.095    727.7    934.3    280.1      0.0     83.1
     1     1    14     9     6     1     0     1   -58.0   57.324  -25.277    736.1    933.8    280.1      0.0     82.6
     1     1    14     9     6     0     0     0   -59.0   57.122  -25.445    738.8    933.9    280.1      0.0     81.8
     1     1    14     9     5    23     0     1   -60.0   56.927  -25.606    743.3    934.5    280.4      0.0     78.2
     1     1    14     9     5    22     0     2   -61.0   56.732  -25.768    758.3    933.3    280.6      0.0     74.6
     1     1    14     9     5    21     0     3   -62.0   56.538  -25.931    785.4    930.6    280.7      0.0     71.1
     1     1    14     9     5    20     0     2   -63.0   56.350  -26.088    817.0    926.2    280.4      0.0     71.0
     1     1    14     9     5    19     0     1   -64.0   56.175  -26.240    844.9    923.3    280.2      0.0     71.7
     1     1    14     9     5    18     0     0   -65.0   56.013  -26.388    871.5    920.8    280.0      0.0     72.2
     1     1    14     9     5    17     0     1   -66.0   55.859  -26.523    898.1    918.0    280.0      0.0     71.8
     1     1    14     9     5    16     0     2   -67.0   55.709  -26.636    922.8    915.3    279.9      0.0     72.0
     1     1    14     9     5    15     0     3   -68.0   55.561  -26.723    943.8    913.1    279.9      0.0     72.8
     1     1    14     9     5    14     0     2   -69.0   55.425  -26.792    959.0    911.5    279.7      0.0     73.9
     1     1    14     9     5    13     0     1   -70.0   55.306  -26.853    967.7    910.9    279.6      0.0     75.0
     1     1    14     9     5    12     0     0   -71.0   55.203  -26.906    971.7    910.8    279.5      0.0     75.8
     1     1    14     9     5    11     0     1   -72.0   55.107  -26.954    975.0    910.9    279.5      0.0     75.5
