     7     1
    GDAS    14     8    22     0     0
    GDAS    14     8    29     0     0
    GDAS    14     9     1     0     0
    GDAS    14     9     8     0     0
    GDAS    14     9    15     0     0
    GDAS    14     9    22     0     0
    GDAS    14     9    29     0     0
     1 BACKWARD OMEGA   
    14     9    16     9   56.467   -2.973   100.0
     4 PRESSURE AIR_TEMP RAINFALL RELHUMID
     1     1    14     9    16     9     0     3     0.0   56.467   -2.973    100.0    975.2    284.9      0.0     95.9
     1     1    14     9    16     8     0     2    -1.0   56.414   -2.843     91.8    981.2    285.1      0.0     95.9
     1     1    14     9    16     7     0     1    -2.0   56.364   -2.720     84.4    986.4    285.2      0.0     96.3
     1     1    14     9    16     6     0     0    -3.0   56.320   -2.602     76.6    991.1    285.3      0.0     96.9
     1     1    14     9    16     5     0     1    -4.0   56.278   -2.494     69.8    995.4    285.7      0.0     96.9
     1     1    14     9    16     4     0     2    -5.0   56.238   -2.396     65.6    998.6    286.0      0.0     97.0
     1     1    14     9    16     3     0     3    -6.0   56.197   -2.312     64.0   1000.9    286.2      0.0     97.0
     1     1    14     9    16     2     0     2    -7.0   56.161   -2.225     61.2   1002.8    286.3      0.3     97.0
     1     1    14     9    16     1     0     1    -8.0   56.141   -2.116     54.8   1006.1    286.5      0.3     97.0
     1     1    14     9    16     0     0     0    -9.0   56.137   -1.983     47.4   1009.1    286.6      0.4     96.8
     1     1    14     9    15    23     0     1   -10.0   56.142   -1.840     39.7   1010.6    286.6      0.2     96.5
     1     1    14     9    15    22     0     2   -11.0   56.151   -1.700     32.1   1012.2    286.7      0.2     96.0
     1     1    14     9    15    21     0     3   -12.0   56.160   -1.558     25.5   1013.8    286.7      0.2     95.4
     1     1    14     9    15    20     0     2   -13.0   56.165   -1.374     20.5   1014.9    286.7      0.0     95.2
     1     1    14     9    15    19     0     1   -14.0   56.157   -1.111     18.0   1015.9    286.8      0.0     95.1
     1     1    14     9    15    18     0     0   -15.0   56.145   -0.764     17.4   1015.9    286.9      0.0     95.9
     1     1    14     9    15    17     0     1   -16.0   56.145   -0.375     17.4   1015.8    286.9      0.0     96.8
     1     1    14     9    15    16     0     2   -17.0   56.153    0.054     16.3   1015.8    287.1      0.0     94.0
     1     1    14     9    15    15     0     3   -18.0   56.173    0.554     14.1   1016.4    287.2      0.4     94.1
     1     1    14     9    15    14     0     2   -19.0   56.197    1.102     12.2   1017.7    287.3      0.5     94.5
     1     1    14     9    15    13     0     1   -20.0   56.208    1.664     10.9   1019.0    287.5      1.3     95.1
     1     1    14     9    15    12     0     0   -21.0   56.223    2.240     10.2   1020.4    287.8      1.6     94.9
     1     1    14     9    15    11     0     1   -22.0   56.252    2.847     10.0   1020.5    288.1      1.6     95.4
     1     1    14     9    15    10     0     2   -23.0   56.289    3.489      9.9   1020.6    288.3      1.6     96.0
     1     1    14     9    15     9     0     3   -24.0   56.328    4.154      9.7   1020.5    288.6      1.6     95.5
     1     1    14     9    15     8     0     2   -25.0   56.373    4.826      9.2   1020.5    289.0      0.0     92.9
     1     1    14     9    15     7     0     1   -26.0   56.431    5.490      8.4   1021.7    289.2      0.0     91.8
     1     1    14     9    15     6     0     0   -27.0   56.504    6.151      7.2   1022.9    289.5      0.0     91.1
     1     1    14     9    15     5     0     1   -28.0   56.577    6.817      6.1   1022.4    289.6      0.0     89.4
     1     1    14     9    15     4     0     2   -29.0   56.634    7.450      6.1   1022.4    289.7      0.0     89.4
     1     1    14     9    15     3     0     3   -30.0   56.674    7.999      7.4   1023.0    289.7      0.0     89.3
     1     1    14     9    15     2     0     2   -31.0   56.705    8.465      9.3   1022.8    289.4      0.0     89.8
     1     1    14     9    15     1     0     1   -32.0   56.733    8.866     11.0   1023.0    289.2      0.2     89.7
     1     1    14     9    15     0     0     0   -33.0   56.752    9.230     12.3   1023.0    289.0      0.2     88.7
     1     1    14     9    14    23     0     1   -34.0   56.767    9.566     12.3   1021.9    288.7      0.0     86.8
     1     1    14     9    14    22     0     2   -35.0   56.786    9.872     11.0   1021.9    288.5      0.0     85.0
     1     1    14     9    14    21     0     3   -36.0   56.809   10.178      9.3   1023.3    288.8      0.0     82.8
     1     1    14     9    14    20     0     2   -37.0   56.841   10.537      8.1   1024.4    289.4      0.0     80.4
     1     1    14     9    14    19     0     1   -38.0   56.882   10.978      7.6   1025.1    290.0      0.0     77.4
     1     1    14     9    14    18     0     0   -39.0   56.930   11.437      7.9   1024.3    290.1      0.0     75.9
     1     1    14     9    14    17     0     1   -40.0   56.979   11.840      8.9   1024.5    290.1      0.0     74.3
     1     1    14     9    14    16     0     2   -41.0   57.020   12.202     10.9   1021.4    290.1      0.0     73.5
     1     1    14     9    14    15     0     3   -42.0   57.052   12.545     15.8   1015.4    290.6      0.0     72.5
     1     1    14     9    14    14     0     2   -43.0   57.084   12.876     28.3   1009.0    291.1      0.0     72.7
     1     1    14     9    14    13     0     1   -44.0   57.119   13.210     49.5   1004.2    290.8      0.0     72.9
     1     1    14     9    14    12     0     0   -45.0   57.160   13.560     68.2   1000.1    289.9      0.0     74.4
     1     1    14     9    14    11     0     1   -46.0   57.208   13.937     74.5    997.4    288.7      0.0     77.5
     1     1    14     9    14    10     0     2   -47.0   57.264   14.337     74.9    995.9    288.0      0.0     80.7
     1     1    14     9    14     9     0     3   -48.0   57.330   14.744     82.3    992.7    287.2      0.0     85.4
     1     1    14     9    14     8     0     2   -49.0   57.408   15.139     93.1    991.6    286.3      0.0     90.3
     1     1    14     9    14     7     0     1   -50.0   57.503   15.500     88.4    995.6    285.9      0.0     93.3
     1     1    14     9    14     6     0     0   -51.0   57.609   15.794     65.8   1002.7    285.8      0.0     95.8
     1     1    14     9    14     5     0     1   -52.0   57.716   16.024     42.7   1008.9    286.1      0.0     95.6
     1     1    14     9    14     4     0     2   -53.0   57.822   16.232     26.5   1014.2    286.6      0.0     94.4
     1     1    14     9    14     3     0     3   -54.0   57.932   16.457     17.3   1019.0    287.2      0.0     92.7
     1     1    14     9    14     2     0     2   -55.0   58.047   16.714     12.5   1024.0    288.0      0.0     90.9
     1     1    14     9    14     1     0     1   -56.0   58.164   17.013     10.0   1028.0    288.2      0.0     89.0
     1     1    14     9    14     0     0     0   -57.0   58.274   17.327      8.9   1028.0    287.7      0.0     88.0
     1     1    14     9    13    23     0     1   -58.0   58.372   17.639      8.4   1027.6    287.4      0.0     88.4
     1     1    14     9    13    22     0     2   -59.0   58.464   17.949      8.4   1026.6    287.3      0.0     88.7
     1     1    14     9    13    21     0     3   -60.0   58.556   18.258      8.4   1026.1    287.6      0.0     88.4
     1     1    14     9    13    20     0     2   -61.0   58.654   18.571      8.3   1027.3    288.1      0.0     87.6
     1     1    14     9    13    19     0     1   -62.0   58.764   18.890      8.2   1028.8    288.7      0.0     87.0
     1     1    14     9    13    18     0     0   -63.0   58.886   19.210      8.1   1029.2    288.9      0.0     86.4
     1     1    14     9    13    17     0     1   -64.0   59.012   19.522      8.2   1027.9    288.9      0.0     87.7
     1     1    14     9    13    16     0     2   -65.0   59.136   19.815      8.5   1027.1    288.9      0.0     88.1
     1     1    14     9    13    15     0     3   -66.0   59.262   20.077      8.9   1026.9    288.8      0.0     88.3
     1     1    14     9    13    14     0     2   -67.0   59.386   20.307      9.4   1027.3    288.9      0.0     86.7
     1     1    14     9    13    13     0     1   -68.0   59.500   20.517      9.9   1027.7    289.0      0.0     85.9
     1     1    14     9    13    12     0     0   -69.0   59.600   20.714     10.4   1028.0    289.0      0.0     85.7
     1     1    14     9    13    11     0     1   -70.0   59.690   20.923     10.7   1027.4    288.8      0.0     85.3
     1     1    14     9    13    10     0     2   -71.0   59.773   21.166     10.9   1027.1    288.7      0.0     85.1
     1     1    14     9    13     9     0     3   -72.0   59.849   21.452     11.2   1026.9    288.7      0.0     85.3
