     7     1
    GDAS    14     8    22     0     0
    GDAS    14     8    29     0     0
    GDAS    14     9     1     0     0
    GDAS    14     9     8     0     0
    GDAS    14     9    15     0     0
    GDAS    14     9    22     0     0
    GDAS    14     9    29     0     0
     1 BACKWARD OMEGA   
    14     9    14    19   56.467   -2.973   100.0
     4 PRESSURE AIR_TEMP RAINFALL RELHUMID
     1     1    14     9    14    19     0     1     0.0   56.467   -2.973    100.0    984.6    284.3      0.0     96.0
     1     1    14     9    14    18     0     0    -1.0   56.485   -2.719     54.5    998.3    285.1      0.0     93.5
     1     1    14     9    14    17     0     1    -2.0   56.507   -2.480     28.0   1008.9    285.8      0.0     90.4
     1     1    14     9    14    16     0     2    -3.0   56.530   -2.244     14.5   1016.9    286.3      0.0     88.6
     1     1    14     9    14    15     0     3    -4.0   56.556   -2.003      9.4   1024.9    286.7      0.0     88.2
     1     1    14     9    14    14     0     2    -5.0   56.583   -1.764      8.0   1025.6    286.7      0.0     88.8
     1     1    14     9    14    13     0     1    -6.0   56.608   -1.530      7.2   1026.5    286.7      0.0     89.7
     1     1    14     9    14    12     0     0    -7.0   56.629   -1.294      6.7   1027.8    286.6      0.0     91.0
     1     1    14     9    14    11     0     1    -8.0   56.646   -1.051      6.6   1028.0    286.6      0.0     91.8
     1     1    14     9    14    10     0     2    -9.0   56.661   -0.809      6.8   1027.6    286.7      0.0     92.8
     1     1    14     9    14     9     0     3   -10.0   56.675   -0.581      7.0   1027.0    286.8      0.0     93.6
     1     1    14     9    14     8     0     2   -11.0   56.687   -0.366      7.1   1027.4    286.7      0.0     92.3
     1     1    14     9    14     7     0     1   -12.0   56.699   -0.162      7.1   1027.7    286.6      0.0     91.0
     1     1    14     9    14     6     0     0   -13.0   56.720    0.057      7.0   1028.0    286.7      0.0     95.0
     1     1    14     9    14     5     0     1   -14.0   56.751    0.296      6.9   1028.2    286.9      0.0     93.9
     1     1    14     9    14     4     0     2   -15.0   56.782    0.532      6.9   1028.4    287.0      0.0     93.3
     1     1    14     9    14     3     0     3   -16.0   56.813    0.762      6.9   1028.6    287.0      0.0     92.9
     1     1    14     9    14     2     0     2   -17.0   56.846    0.989      6.9   1028.6    287.1      0.0     93.2
     1     1    14     9    14     1     0     1   -18.0   56.877    1.218      6.9   1028.7    287.2      0.0     92.8
     1     1    14     9    14     0     0     0   -19.0   56.905    1.451      6.9   1028.8    287.3      0.0     92.6
     1     1    14     9    13    23     0     1   -20.0   56.940    1.682      6.9   1029.0    287.5      0.0     91.1
     1     1    14     9    13    22     0     2   -21.0   56.991    1.910      6.9   1029.3    287.6      0.0     90.8
     1     1    14     9    13    21     0     3   -22.0   57.055    2.133      6.9   1029.5    287.8      0.0     90.3
     1     1    14     9    13    20     0     2   -23.0   57.124    2.340      6.9   1029.8    287.9      0.0     88.9
     1     1    14     9    13    19     0     1   -24.0   57.191    2.526      6.9   1030.1    288.0      0.0     88.3
     1     1    14     9    13    18     0     0   -25.0   57.255    2.695      6.9   1030.4    288.1      0.0     88.1
     1     1    14     9    13    17     0     1   -26.0   57.323    2.856      7.0   1029.8    288.1      0.0     88.5
     1     1    14     9    13    16     0     2   -27.0   57.403    3.017      7.0   1029.2    288.1      0.0     88.9
     1     1    14     9    13    15     0     3   -28.0   57.496    3.179      7.1   1028.9    288.2      0.0     88.3
     1     1    14     9    13    14     0     2   -29.0   57.590    3.328      7.3   1029.4    288.2      0.0     87.2
     1     1    14     9    13    13     0     1   -30.0   57.677    3.453      7.3   1029.6    288.2      0.0     86.4
     1     1    14     9    13    12     0     0   -31.0   57.758    3.556      7.3   1029.4    288.2      0.0     86.0
     1     1    14     9    13    11     0     1   -32.0   57.836    3.659      7.3   1028.8    288.3      0.0     86.6
     1     1    14     9    13    10     0     2   -33.0   57.913    3.786      7.3   1028.2    288.3      0.0     87.8
     1     1    14     9    13     9     0     3   -34.0   57.992    3.946      7.4   1027.8    288.5      0.0     89.8
     1     1    14     9    13     8     0     2   -35.0   58.078    4.120      7.4   1028.2    288.4      0.0     88.4
     1     1    14     9    13     7     0     1   -36.0   58.175    4.279      7.3   1028.6    288.4      0.0     87.0
     1     1    14     9    13     6     0     0   -37.0   58.284    4.421      7.2   1029.0    288.4      0.0     86.0
     1     1    14     9    13     5     0     1   -38.0   58.392    4.535      7.1   1028.3    288.4      0.0     84.4
     1     1    14     9    13     4     0     2   -39.0   58.483    4.612      7.1   1027.7    288.4      0.0     83.3
     1     1    14     9    13     3     0     3   -40.0   58.557    4.660      7.1   1027.2    288.4      0.0     82.7
     1     1    14     9    13     2     0     2   -41.0   58.615    4.683      7.1   1027.7    288.4      0.0     82.1
     1     1    14     9    13     1     0     1   -42.0   58.664    4.685      7.1   1028.2    288.4      0.0     81.5
     1     1    14     9    13     0     0     0   -43.0   58.702    4.666      7.1   1028.7    288.4      0.0     81.0
     1     1    14     9    12    23     0     1   -44.0   58.738    4.639      7.2   1028.5    288.4      0.0     80.0
     1     1    14     9    12    22     0     2   -45.0   58.782    4.619      7.4   1028.2    288.4      0.0     78.9
     1     1    14     9    12    21     0     3   -46.0   58.830    4.606      7.6   1027.9    288.4      0.0     77.9
     1     1    14     9    12    20     0     2   -47.0   58.883    4.583      7.8   1027.5    288.3      0.0     78.2
     1     1    14     9    12    19     0     1   -48.0   58.939    4.531      7.9   1027.1    288.3      0.0     78.6
     1     1    14     9    12    18     0     0   -49.0   58.999    4.452      8.0   1026.7    288.2      0.0     79.1
     1     1    14     9    12    17     0     1   -50.0   59.061    4.349      8.1   1026.4    288.2      0.0     78.2
     1     1    14     9    12    16     0     2   -51.0   59.124    4.227      8.5   1025.6    288.2      0.0     77.2
     1     1    14     9    12    15     0     3   -52.0   59.187    4.092      9.1   1024.5    288.1      0.0     76.3
     1     1    14     9    12    14     0     2   -53.0   59.242    3.962      9.7   1024.3    288.0      0.0     77.1
     1     1    14     9    12    13     0     1   -54.0   59.284    3.855     10.2   1024.4    287.9      0.0     78.1
     1     1    14     9    12    12     0     0   -55.0   59.314    3.769     10.7   1024.4    287.9      0.0     79.0
     1     1    14     9    12    11     0     1   -56.0   59.339    3.699     11.1   1024.6    287.9      0.0     80.3
     1     1    14     9    12    10     0     2   -57.0   59.367    3.638     11.6   1024.8    287.8      0.0     81.5
     1     1    14     9    12     9     0     3   -58.0   59.399    3.585     12.1   1024.9    287.8      0.0     82.6
     1     1    14     9    12     8     0     2   -59.0   59.432    3.536     12.6   1024.8    287.8      0.0     83.0
     1     1    14     9    12     7     0     1   -60.0   59.468    3.488     13.1   1024.7    287.7      0.0     83.3
     1     1    14     9    12     6     0     0   -61.0   59.506    3.441     13.6   1024.5    287.7      0.0     83.7
     1     1    14     9    12     5     0     1   -62.0   59.540    3.386     14.1   1024.2    287.6      0.0     84.2
     1     1    14     9    12     4     0     2   -63.0   59.562    3.310     14.4   1023.7    287.6      0.0     84.8
     1     1    14     9    12     3     0     3   -64.0   59.571    3.213     14.5   1023.4    287.5      0.0     85.4
     1     1    14     9    12     2     0     2   -65.0   59.570    3.097     14.4   1024.0    287.5      0.0     84.8
     1     1    14     9    12     1     0     1   -66.0   59.562    2.964     14.1   1024.6    287.4      0.0     84.2
     1     1    14     9    12     0     0     0   -67.0   59.548    2.814     13.6   1025.3    287.3      0.0     84.1
     1     1    14     9    11    23     0     1   -68.0   59.523    2.658     13.4   1024.7    287.4      0.0     83.2
     1     1    14     9    11    22     0     2   -69.0   59.485    2.512     13.5   1024.2    287.4      0.0     82.0
     1     1    14     9    11    21     0     3   -70.0   59.434    2.376     13.9   1023.7    287.4      0.0     80.5
     1     1    14     9    11    20     0     2   -71.0   59.374    2.241     14.3   1024.0    287.3      0.0     80.5
     1     1    14     9    11    19     0     1   -72.0   59.308    2.096     14.5   1024.5    287.2      0.0     80.6
