     7     1
    GDAS    14     8    22     0     0
    GDAS    14     8    29     0     0
    GDAS    14     9     1     0     0
    GDAS    14     9     8     0     0
    GDAS    14     9    15     0     0
    GDAS    14     9    22     0     0
    GDAS    14     9    29     0     0
     1 BACKWARD OMEGA   
    14     9    10    10   56.467   -2.973   100.0
     4 PRESSURE AIR_TEMP RAINFALL RELHUMID
     1     1    14     9    10    10     0     2     0.0   56.467   -2.973    100.0    979.2    285.9      0.0     78.6
     1     1    14     9    10     9     0     3    -1.0   56.390   -2.901    106.5    983.3    285.1      0.0     81.8
     1     1    14     9    10     8     0     2    -2.0   56.310   -2.820    117.7    986.3    284.7      0.0     81.7
     1     1    14     9    10     7     0     1    -3.0   56.231   -2.734    130.8    988.7    284.4      0.0     81.4
     1     1    14     9    10     6     0     0    -4.0   56.153   -2.639    142.1    990.7    284.4      0.0     80.8
     1     1    14     9    10     5     0     1    -5.0   56.079   -2.534    148.4    992.7    284.8      0.0     80.0
     1     1    14     9    10     4     0     2    -6.0   56.006   -2.423    149.4    995.1    285.2      0.0     79.0
     1     1    14     9    10     3     0     3    -7.0   55.936   -2.314    146.0    995.9    285.4      0.0     78.4
     1     1    14     9    10     2     0     2    -8.0   55.869   -2.206    139.5    996.7    285.5      0.0     77.9
     1     1    14     9    10     1     0     1    -9.0   55.803   -2.093    130.1    997.4    285.5      0.0     77.4
     1     1    14     9    10     0     0     0   -10.0   55.738   -1.976    118.6    998.0    285.6      0.0     77.0
     1     1    14     9     9    23     0     1   -11.0   55.679   -1.856    106.9    999.4    285.6      0.0     76.9
     1     1    14     9     9    22     0     2   -12.0   55.632   -1.734     96.8   1001.1    285.7      0.0     76.7
     1     1    14     9     9    21     0     3   -13.0   55.596   -1.612     89.4   1003.1    285.8      0.0     76.3
     1     1    14     9     9    20     0     2   -14.0   55.569   -1.485     85.5   1004.7    286.1      0.0     75.4
     1     1    14     9     9    19     0     1   -15.0   55.549   -1.348     85.7   1006.2    286.3      0.0     74.7
     1     1    14     9     9    18     0     0   -16.0   55.531   -1.199     91.2   1007.5    286.5      0.0     74.2
     1     1    14     9     9    17     0     1   -17.0   55.514   -1.056    103.8   1008.2    286.5      0.0     73.4
     1     1    14     9     9    16     0     2   -18.0   55.494   -0.940    122.5   1006.8    286.5      0.0     72.6
     1     1    14     9     9    15     0     3   -19.0   55.470   -0.854    144.8   1004.0    286.5      0.0     71.6
     1     1    14     9     9    14     0     2   -20.0   55.446   -0.801    167.6   1001.0    286.2      0.0     72.9
     1     1    14     9     9    13     0     1   -21.0   55.423   -0.780    189.7    998.5    285.8      0.0     74.2
     1     1    14     9     9    12     0     0   -22.0   55.401   -0.787    211.9    996.2    285.5      0.0     75.6
     1     1    14     9     9    11     0     1   -23.0   55.379   -0.822    234.5    993.7    285.1      0.0     76.5
     1     1    14     9     9    10     0     2   -24.0   55.353   -0.886    257.1    991.2    284.7      0.0     77.4
     1     1    14     9     9     9     0     3   -25.0   55.326   -0.975    279.2    988.5    284.3      0.0     78.3
     1     1    14     9     9     8     0     2   -26.0   55.305   -1.077    297.1    984.0    284.0      0.0     78.8
     1     1    14     9     9     7     0     1   -27.0   55.296   -1.181    308.1    980.4    283.8      0.0     79.2
     1     1    14     9     9     6     0     0   -28.0   55.298   -1.288    313.9    977.5    283.6      0.0     79.5
     1     1    14     9     9     5     0     1   -29.0   55.299   -1.403    319.0    975.0    283.6      0.0     79.2
     1     1    14     9     9     4     0     2   -30.0   55.286   -1.529    327.1    971.4    283.6      0.0     79.2
     1     1    14     9     9     3     0     3   -31.0   55.255   -1.662    338.2    967.0    283.5      0.0     79.5
     1     1    14     9     9     2     0     2   -32.0   55.211   -1.784    351.6    962.2    283.4      0.0     80.0
     1     1    14     9     9     1     0     1   -33.0   55.157   -1.878    365.0    957.7    283.2      0.0     80.8
     1     1    14     9     9     0     0     0   -34.0   55.094   -1.942    377.6    953.6    283.1      0.0     81.9
     1     1    14     9     8    23     0     1   -35.0   55.025   -1.983    386.6    949.8    282.9      0.0     83.1
     1     1    14     9     8    22     0     2   -36.0   54.959   -2.009    387.3    948.4    282.9      0.0     83.5
     1     1    14     9     8    21     0     3   -37.0   54.900   -2.021    376.9    949.3    283.0      0.0     83.1
     1     1    14     9     8    20     0     2   -38.0   54.850   -2.015    350.8    951.4    283.1      0.0     82.1
     1     1    14     9     8    19     0     1   -39.0   54.803   -1.981    305.9    956.8    283.6      0.0     80.4
     1     1    14     9     8    18     0     0   -40.0   54.764   -1.921    250.3    965.4    284.3      0.0     77.8
     1     1    14     9     8    17     0     1   -41.0   54.746   -1.858    197.3    973.4    285.3      0.0     73.8
     1     1    14     9     8    16     0     2   -42.0   54.759   -1.806    150.1    980.2    286.2      0.0     70.0
     1     1    14     9     8    15     0     3   -43.0   54.804   -1.765    109.9    985.3    287.2      0.0     66.9
     1     1    14     9     8    14     0     2   -44.0   54.866   -1.735     81.1    990.4    287.9      0.0     67.3
     1     1    14     9     8    13     0     1   -45.0   54.931   -1.721     63.2    993.5    288.6      0.0     67.7
     1     1    14     9     8    12     0     0   -46.0   54.997   -1.725     51.6    995.3    289.3      0.0     67.9
     1     1    14     9     8    11     0     1   -47.0   55.062   -1.760     44.8    995.8    288.2      0.0     71.0
     1     1    14     9     8    10     0     2   -48.0   55.122   -1.833     41.7    995.1    287.0      0.0     74.0
     1     1    14     9     8     9     0     3   -49.0   55.176   -1.936     41.7    993.7    285.7      0.0     77.0
     1     1    14     9     8     8     0     2   -50.0   55.229   -2.049     43.6    993.2    284.0      0.0     80.3
     1     1    14     9     8     7     0     1   -51.0   55.290   -2.166     46.6    994.6    282.6      0.0     83.3
     1     1    14     9     8     6     0     0   -52.0   55.361   -2.289     51.1    995.7    281.5      0.0     85.7
     1     1    14     9     8     5     0     1   -53.0   55.434   -2.432     57.2    995.9    281.8      0.0     85.3
     1     1    14     9     8     4     0     2   -54.0   55.500   -2.605     63.4    995.1    281.8      0.0     85.1
     1     1    14     9     8     3     0     3   -55.0   55.552   -2.803     66.8    994.2    281.7      0.0     85.3
     1     1    14     9     8     2     0     2   -56.0   55.592   -3.008     62.8    993.8    281.8      0.0     85.4
     1     1    14     9     8     1     0     1   -57.0   55.629   -3.210     54.3    995.7    281.9      0.0     85.8
     1     1    14     9     8     0     0     0   -58.0   55.673   -3.410     48.5    996.2    281.9      0.0     85.8
     1     1    14     9     7    23     0     1   -59.0   55.724   -3.609     46.4    996.5    282.1      0.0     85.6
     1     1    14     9     7    22     0     2   -60.0   55.782   -3.806     47.5    996.6    282.2      0.0     85.7
     1     1    14     9     7    21     0     3   -61.0   55.841   -4.003     53.1    996.4    282.3      0.0     86.4
     1     1    14     9     7    20     0     2   -62.0   55.904   -4.207     63.2    993.5    283.2      0.0     81.6
     1     1    14     9     7    19     0     1   -63.0   55.978   -4.429     79.2    989.4    283.9      0.0     77.7
     1     1    14     9     7    18     0     0   -64.0   56.070   -4.688    106.6    981.7    284.2      0.0     75.7
     1     1    14     9     7    17     0     1   -65.0   56.190   -4.986    147.1    972.6    284.1      0.0     75.0
     1     1    14     9     7    16     0     2   -66.0   56.343   -5.292    177.8    970.1    283.9      0.0     75.3
     1     1    14     9     7    15     0     3   -67.0   56.524   -5.589    178.4    975.2    284.0      0.0     74.7
     1     1    14     9     7    14     0     2   -68.0   56.724   -5.848    161.7    984.0    284.1      0.0     74.3
     1     1    14     9     7    13     0     1   -69.0   56.933   -6.047    146.2    991.1    284.4      0.0     73.6
     1     1    14     9     7    12     0     0   -70.0   57.143   -6.195    140.5    994.7    284.5      0.0     73.7
     1     1    14     9     7    11     0     1   -71.0   57.357   -6.320    139.1    996.8    284.3      0.0     75.9
     1     1    14     9     7    10     0     2   -72.0   57.575   -6.447    135.2    998.6    284.2      0.0     77.6
