     7     1
    GDAS    14     8    22     0     0
    GDAS    14     8    29     0     0
    GDAS    14     9     1     0     0
    GDAS    14     9     8     0     0
    GDAS    14     9    15     0     0
    GDAS    14     9    22     0     0
    GDAS    14     9    29     0     0
     1 BACKWARD OMEGA   
    14     9    12     0   56.467   -2.973   100.0
     4 PRESSURE AIR_TEMP RAINFALL RELHUMID
     1     1    14     9    12     0     0     0     0.0   56.467   -2.973    100.0    982.2    284.9      0.0     90.4
     1     1    14     9    11    23     0     1    -1.0   56.432   -2.892    100.3    985.4    285.5      0.0     89.1
     1     1    14     9    11    22     0     2    -2.0   56.390   -2.798    101.7    988.8    285.9      0.0     87.5
     1     1    14     9    11    21     0     3    -3.0   56.339   -2.692    105.2    992.3    286.4      0.0     85.3
     1     1    14     9    11    20     0     2    -4.0   56.280   -2.580    108.5    995.1    286.8      0.0     82.6
     1     1    14     9    11    19     0     1    -5.0   56.214   -2.463    108.8    998.4    287.2      0.0     79.9
     1     1    14     9    11    18     0     0    -6.0   56.144   -2.335    105.9   1001.8    287.5      0.0     77.5
     1     1    14     9    11    17     0     1    -7.0   56.065   -2.188    102.0   1005.1    287.5      0.0     75.8
     1     1    14     9    11    16     0     2    -8.0   55.976   -2.019     98.2   1006.8    287.3      0.0     74.9
     1     1    14     9    11    15     0     3    -9.0   55.885   -1.838     94.3   1005.9    287.3      0.0     75.2
     1     1    14     9    11    14     0     2   -10.0   55.793   -1.672     91.9   1006.6    287.2      0.0     77.2
     1     1    14     9    11    13     0     1   -11.0   55.701   -1.524     91.5   1007.4    287.0      0.0     78.8
     1     1    14     9    11    12     0     0   -12.0   55.609   -1.390     93.0   1008.5    286.9      0.0     80.1
     1     1    14     9    11    11     0     1   -13.0   55.515   -1.268     97.2   1008.6    286.5      0.0     82.4
     1     1    14     9    11    10     0     2   -14.0   55.419   -1.159    104.0   1008.5    286.2      0.0     84.9
     1     1    14     9    11     9     0     3   -15.0   55.319   -1.059    111.9   1008.7    285.9      0.0     87.4
     1     1    14     9    11     8     0     2   -16.0   55.222   -0.967    118.1   1009.0    285.7      0.0     88.1
     1     1    14     9    11     7     0     1   -17.0   55.131   -0.880    119.8   1008.6    285.6      0.0     88.9
     1     1    14     9    11     6     0     0   -18.0   55.048   -0.803    116.2   1008.8    285.6      0.0     89.8
     1     1    14     9    11     5     0     1   -19.0   54.968   -0.729    111.7   1009.5    285.8      0.0     89.1
     1     1    14     9    11     4     0     2   -20.0   54.887   -0.651    110.6   1008.9    285.8      0.0     88.3
     1     1    14     9    11     3     0     3   -21.0   54.806   -0.567    112.8   1007.8    285.7      0.0     87.6
     1     1    14     9    11     2     0     2   -22.0   54.724   -0.476    115.4   1006.5    285.6      0.0     87.5
     1     1    14     9    11     1     0     1   -23.0   54.639   -0.375    115.1   1005.8    285.6      0.0     87.4
     1     1    14     9    11     0     0     0   -24.0   54.551   -0.264    111.3   1005.5    285.6      0.0     87.3
     1     1    14     9    10    23     0     1   -25.0   54.468   -0.135    107.4   1005.6    285.6      0.0     85.0
     1     1    14     9    10    22     0     2   -26.0   54.418    0.032    103.8   1009.8    286.6      0.0     79.1
     1     1    14     9    10    21     0     3   -27.0   54.411    0.228     99.9   1010.4    286.8      0.0     76.8
     1     1    14     9    10    20     0     2   -28.0   54.422    0.424     98.8   1010.6    286.9      0.0     76.6
     1     1    14     9    10    19     0     1   -29.0   54.439    0.600    101.0   1010.3    287.0      0.0     76.3
     1     1    14     9    10    18     0     0   -30.0   54.459    0.752    106.4   1009.7    287.0      0.0     76.0
     1     1    14     9    10    17     0     1   -31.0   54.487    0.886    113.7   1008.9    286.8      0.0     75.2
     1     1    14     9    10    16     0     2   -32.0   54.526    1.007    120.8   1008.2    286.6      0.0     74.5
     1     1    14     9    10    15     0     3   -33.0   54.577    1.117    126.7   1007.7    286.5      0.0     74.0
     1     1    14     9    10    14     0     2   -34.0   54.633    1.217    132.7   1007.4    286.4      0.0     74.5
     1     1    14     9    10    13     0     1   -35.0   54.691    1.305    140.3   1006.7    286.3      0.0     75.0
     1     1    14     9    10    12     0     0   -36.0   54.749    1.380    149.1   1005.6    286.1      0.0     75.5
     1     1    14     9    10    11     0     1   -37.0   54.811    1.447    159.3   1004.0    285.9      0.0     76.1
     1     1    14     9    10    10     0     2   -38.0   54.878    1.508    172.0   1002.2    285.5      0.0     76.8
     1     1    14     9    10     9     0     3   -39.0   54.951    1.562    188.0   1000.0    285.1      0.0     77.7
     1     1    14     9    10     8     0     2   -40.0   55.029    1.611    206.2    997.6    284.7      0.0     78.5
     1     1    14     9    10     7     0     1   -41.0   55.116    1.658    224.3    995.4    284.4      0.0     79.2
     1     1    14     9    10     6     0     0   -42.0   55.211    1.702    242.0    993.4    284.1      0.0     79.9
     1     1    14     9    10     5     0     1   -43.0   55.311    1.731    258.3    991.5    284.1      0.0     80.1
     1     1    14     9    10     4     0     2   -44.0   55.414    1.736    271.8    989.6    284.1      0.0     80.4
     1     1    14     9    10     3     0     3   -45.0   55.519    1.719    282.3    988.0    284.1      0.0     80.6
     1     1    14     9    10     2     0     2   -46.0   55.628    1.694    289.8    987.2    284.0      0.0     80.6
     1     1    14     9    10     1     0     1   -47.0   55.745    1.675    294.6    986.6    283.9      0.0     80.3
     1     1    14     9    10     0     0     0   -48.0   55.871    1.663    297.0    986.4    283.9      0.0     79.7
     1     1    14     9     9    23     0     1   -49.0   56.014    1.634    299.6    986.3    283.9      0.0     79.3
     1     1    14     9     9    22     0     2   -50.0   56.175    1.563    305.7    985.5    284.0      0.0     79.6
     1     1    14     9     9    21     0     3   -51.0   56.351    1.452    316.1    984.2    283.9      0.0     80.0
     1     1    14     9     9    20     0     2   -52.0   56.531    1.315    331.8    982.2    283.8      0.0     80.7
     1     1    14     9     9    19     0     1   -53.0   56.704    1.168    353.6    979.4    283.6      0.0     81.7
     1     1    14     9     9    18     0     0   -54.0   56.867    1.014    382.0    976.0    283.3      0.0     83.0
     1     1    14     9     9    17     0     1   -55.0   57.023    0.838    411.5    971.7    282.9      0.0     82.8
     1     1    14     9     9    16     0     2   -56.0   57.171    0.626    435.6    968.6    282.5      0.0     82.6
     1     1    14     9     9    15     0     3   -57.0   57.309    0.378    454.3    965.9    282.2      0.0     82.5
     1     1    14     9     9    14     0     2   -58.0   57.439    0.118    471.0    964.3    282.0      0.0     83.3
     1     1    14     9     9    13     0     1   -59.0   57.533   -0.107    496.0    962.7    281.9      0.0     80.0
     1     1    14     9     9    12     0     0   -60.0   57.598   -0.303    526.4    957.8    281.4      0.0     80.5
     1     1    14     9     9    11     0     1   -61.0   57.680   -0.518    553.7    955.0    281.2      0.0     82.0
     1     1    14     9     9    10     0     2   -62.0   57.782   -0.773    581.3    951.9    281.0      0.0     84.4
     1     1    14     9     9     9     0     3   -63.0   57.904   -1.068    611.1    948.7    280.8      0.0     87.2
     1     1    14     9     9     8     0     2   -64.0   58.033   -1.380    636.5    944.7    280.5      0.0     85.1
     1     1    14     9     9     7     0     1   -65.0   58.161   -1.693    650.1    942.7    280.5      0.0     83.9
     1     1    14     9     9     6     0     0   -66.0   58.286   -2.012    653.7    942.1    280.5      0.0     84.1
     1     1    14     9     9     5     0     1   -67.0   58.407   -2.350    657.0    943.5    280.5      0.0     84.8
     1     1    14     9     9     4     0     2   -68.0   58.524   -2.712    668.1    942.7    280.3      0.0     85.7
     1     1    14     9     9     3     0     3   -69.0   58.635   -3.091    683.9    940.0    280.0      0.0     87.0
     1     1    14     9     9     2     0     2   -70.0   58.734   -3.481    695.0    936.0    279.8      0.0     87.3
     1     1    14     9     9     1     0     1   -71.0   58.819   -3.875    693.8    935.1    279.7      0.0     87.9
     1     1    14     9     9     0     0     0   -72.0   58.895   -4.265    678.8    937.3    279.8      0.0     89.2
