     7     1
    GDAS    14     8    22     0     0
    GDAS    14     8    29     0     0
    GDAS    14     9     1     0     0
    GDAS    14     9     8     0     0
    GDAS    14     9    15     0     0
    GDAS    14     9    22     0     0
    GDAS    14     9    29     0     0
     1 BACKWARD OMEGA   
    14     9     5     2   56.467   -2.973   100.0
     4 PRESSURE AIR_TEMP RAINFALL RELHUMID
     1     1    14     9     5     2     0     2     0.0   56.467   -2.973    100.0    975.0    286.7      0.0     91.4
     1     1    14     9     5     1     0     1    -1.0   56.440   -3.092    118.4    972.9    287.0      0.0     90.8
     1     1    14     9     5     0     0     0    -2.0   56.403   -3.198    136.4    971.9    287.3      0.0     89.8
     1     1    14     9     4    23     0     1    -3.0   56.354   -3.293    153.0    971.1    287.7      0.0     88.0
     1     1    14     9     4    22     0     2    -4.0   56.295   -3.377    168.7    971.2    288.1      0.0     85.8
     1     1    14     9     4    21     0     3    -5.0   56.226   -3.453    184.3    972.0    288.6      0.0     83.4
     1     1    14     9     4    20     0     2    -6.0   56.152   -3.529    199.1    973.0    289.0      0.0     81.8
     1     1    14     9     4    19     0     1    -7.0   56.082   -3.619    211.6    974.6    289.4      0.0     80.3
     1     1    14     9     4    18     0     0    -8.0   56.012   -3.728    223.0    976.5    289.9      0.0     79.0
     1     1    14     9     4    17     0     1    -9.0   55.938   -3.848    233.0    975.9    289.7      0.1     79.0
     1     1    14     9     4    16     0     2   -10.0   55.853   -3.964    238.7    975.1    289.5      0.1     79.1
     1     1    14     9     4    15     0     3   -11.0   55.754   -4.067    234.2    975.0    289.4      0.2     78.8
     1     1    14     9     4    14     0     2   -12.0   55.645   -4.143    219.3    977.2    289.3      0.0     80.5
     1     1    14     9     4    13     0     1   -13.0   55.532   -4.183    198.8    980.3    289.2      0.0     82.5
     1     1    14     9     4    12     0     0   -14.0   55.416   -4.189    173.8    984.0    289.1      0.0     84.6
     1     1    14     9     4    11     0     1   -15.0   55.297   -4.170    141.2    988.2    289.0      0.0     86.7
     1     1    14     9     4    10     0     2   -16.0   55.172   -4.132     96.5    992.9    288.9      0.0     89.2
     1     1    14     9     4     9     0     3   -17.0   55.045   -4.075     40.0   1000.0    289.1      0.0     91.9
     1     1    14     9     4     8     0     2   -18.0   54.936   -4.006      3.0   1004.8    288.5      0.0     93.1
     1     1    14     9     4     7     0     1   -19.0   54.851   -3.929      0.0   1006.1    287.6      0.0     93.3
     1     1    14     9     4     6     0     0   -20.0   54.773   -3.843      0.0   1007.2    286.8      0.0     93.4
     1     1    14     9     4     5     0     1   -21.0   54.697   -3.742      0.0   1008.5    287.0      0.0     90.6
     1     1    14     9     4     4     0     2   -22.0   54.621   -3.617      0.0   1009.6    287.2      0.0     88.0
     1     1    14     9     4     3     0     3   -23.0   54.547   -3.471      0.0   1010.7    287.4      0.0     85.9
     1     1    14     9     4     2     0     2   -24.0   54.478   -3.315      0.0   1011.5    287.4      0.0     83.8
     1     1    14     9     4     1     0     1   -25.0   54.417   -3.158      0.5   1012.1    287.5      0.0     82.1
     1     1    14     9     4     0     0     0   -26.0   54.365   -3.002      1.9   1012.5    287.6      0.0     80.9
     1     1    14     9     3    23     0     1   -27.0   54.318   -2.848      3.2   1010.7    287.5      0.0     80.8
     1     1    14     9     3    22     0     2   -28.0   54.271   -2.698      3.8   1008.3    287.5      0.0     80.8
     1     1    14     9     3    21     0     3   -29.0   54.224   -2.548      3.4   1005.3    287.6      0.0     81.0
     1     1    14     9     3    20     0     2   -30.0   54.178   -2.409      1.9   1001.7    288.0      0.0     80.2
     1     1    14     9     3    19     0     1   -31.0   54.128   -2.287      0.0    998.3    288.4      0.0     79.4
     1     1    14     9     3    18     0     0   -32.0   54.076   -2.182      0.0    995.1    288.9      0.0     78.6
     1     1    14     9     3    17     0     1   -33.0   54.023   -2.078      0.0    991.5    289.3      0.0     77.3
     1     1    14     9     3    16     0     2   -34.0   53.971   -1.963      0.0    990.4    289.9      0.0     75.3
     1     1    14     9     3    15     0     3   -35.0   53.923   -1.834      0.0    994.4    290.8      0.0     71.7
     1     1    14     9     3    14     0     2   -36.0   53.877   -1.702      0.0    998.3    291.3      0.0     71.2
     1     1    14     9     3    13     0     1   -37.0   53.830   -1.578      0.0   1002.0    291.7      0.0     71.6
     1     1    14     9     3    12     0     0   -38.0   53.785   -1.462      0.1   1005.4    292.1      0.0     72.8
     1     1    14     9     3    11     0     1   -39.0   53.745   -1.354      0.6   1008.5    291.2      0.0     76.5
     1     1    14     9     3    10     0     2   -40.0   53.713   -1.254      1.3   1011.3    290.3      0.0     79.9
     1     1    14     9     3     9     0     3   -41.0   53.687   -1.162      2.0   1013.8    289.2      0.0     83.3
     1     1    14     9     3     8     0     2   -42.0   53.661   -1.080      2.6   1015.7    288.1      0.0     84.7
     1     1    14     9     3     7     0     1   -43.0   53.631   -1.007      3.2   1017.4    287.0      0.0     86.3
     1     1    14     9     3     6     0     0   -44.0   53.595   -0.944      3.6   1017.6    285.9      0.0     88.2
     1     1    14     9     3     5     0     1   -45.0   53.558   -0.884      4.0   1017.1    285.4      0.0     88.5
     1     1    14     9     3     4     0     2   -46.0   53.523   -0.822      4.3   1016.6    285.0      0.0     88.8
     1     1    14     9     3     3     0     3   -47.0   53.492   -0.758      4.5   1016.0    284.6      0.0     89.1
     1     1    14     9     3     2     0     2   -48.0   53.464   -0.684      4.8   1016.6    284.9      0.0     87.6
     1     1    14     9     3     1     0     1   -49.0   53.440   -0.594      5.3   1017.3    285.2      0.0     86.0
     1     1    14     9     3     0     0     0   -50.0   53.418   -0.489      5.8   1018.0    285.5      0.0     84.3
     1     1    14     9     2    23     0     1   -51.0   53.397   -0.371      6.3   1017.3    285.9      0.0     80.7
     1     1    14     9     2    22     0     2   -52.0   53.376   -0.247      6.7   1016.5    286.4      0.0     76.8
     1     1    14     9     2    21     0     3   -53.0   53.353   -0.116      6.9   1015.8    286.8      0.0     72.8
     1     1    14     9     2    20     0     2   -54.0   53.333    0.011      6.7   1021.8    287.3      0.0     78.6
     1     1    14     9     2    19     0     1   -55.0   53.321    0.132      6.3   1021.3    287.9      0.0     77.8
     1     1    14     9     2    18     0     0   -56.0   53.318    0.253      6.1   1020.8    288.3      0.0     77.3
     1     1    14     9     2    17     0     1   -57.0   53.326    0.376      5.8   1020.7    289.2      0.0     76.8
     1     1    14     9     2    16     0     2   -58.0   53.345    0.500      5.5   1020.6    289.7      0.0     76.9
     1     1    14     9     2    15     0     3   -59.0   53.376    0.622      5.0   1020.6    290.0      0.0     77.7
     1     1    14     9     2    14     0     2   -60.0   53.415    0.727      4.9   1021.4    289.7      0.0     81.1
     1     1    14     9     2    13     0     1   -61.0   53.455    0.801      5.0   1022.2    289.4      0.0     84.1
     1     1    14     9     2    12     0     0   -62.0   53.496    0.847      5.4   1022.9    289.2      0.0     86.6
     1     1    14     9     2    11     0     1   -63.0   53.546    0.874      5.9   1022.8    288.8      0.0     87.9
     1     1    14     9     2    10     0     2   -64.0   53.612    0.886      6.2   1022.8    288.5      0.0     89.0
     1     1    14     9     2     9     0     3   -65.0   53.695    0.882      6.6   1023.0    288.2      0.0     89.9
     1     1    14     9     2     8     0     2   -66.0   53.783    0.861      6.9   1022.3    288.0      0.0     90.5
     1     1    14     9     2     7     0     1   -67.0   53.865    0.827      7.2   1021.5    287.9      0.0     91.0
     1     1    14     9     2     6     0     0   -68.0   53.943    0.778      7.4   1020.7    287.8      0.0     91.4
     1     1    14     9     2     5     0     1   -69.0   54.027    0.718      7.6   1020.8    287.8      0.0     89.5
     1     1    14     9     2     4     0     2   -70.0   54.127    0.657      7.9   1020.8    287.7      0.0     87.7
     1     1    14     9     2     3     0     3   -71.0   54.239    0.602      8.1   1020.5    287.7      0.0     86.4
     1     1    14     9     2     2     0     2   -72.0   54.356    0.549      8.5   1020.5    287.6      0.0     86.1
