     7     1
    GDAS    14     8    22     0     0
    GDAS    14     8    29     0     0
    GDAS    14     9     1     0     0
    GDAS    14     9     8     0     0
    GDAS    14     9    15     0     0
    GDAS    14     9    22     0     0
    GDAS    14     9    29     0     0
     1 BACKWARD OMEGA   
    14     9     6     2   56.467   -2.973   100.0
     4 PRESSURE AIR_TEMP RAINFALL RELHUMID
     1     1    14     9     6     2     0     2     0.0   56.467   -2.973    100.0    973.5    282.2      0.0     89.8
     1     1    14     9     6     1     0     1    -1.0   56.529   -2.986    130.2    968.5    282.1      0.0     90.6
     1     1    14     9     6     0     0     0    -2.0   56.615   -3.002    171.4    960.5    281.7      0.0     91.0
     1     1    14     9     5    23     0     1    -3.0   56.712   -3.031    216.8    950.8    281.6      0.0     90.7
     1     1    14     9     5    22     0     2    -4.0   56.807   -3.065    251.4    943.3    281.5      0.0     90.9
     1     1    14     9     5    21     0     3    -5.0   56.900   -3.095    269.8    937.3    281.4      0.0     91.6
     1     1    14     9     5    20     0     2    -6.0   56.992   -3.105    268.7    934.0    281.3      0.5     92.7
     1     1    14     9     5    19     0     1    -7.0   57.078   -3.086    246.7    940.6    281.7      0.6     93.0
     1     1    14     9     5    18     0     0    -8.0   57.148   -3.033    202.6    949.8    282.4      0.7     93.2
     1     1    14     9     5    17     0     1    -9.0   57.204   -2.966    148.7    962.3    283.5      0.3     92.4
     1     1    14     9     5    16     0     2   -10.0   57.256   -2.915    103.2    972.1    284.4      0.3     91.1
     1     1    14     9     5    15     0     3   -11.0   57.308   -2.876     70.9    979.8    285.1      0.3     90.0
     1     1    14     9     5    14     0     2   -12.0   57.361   -2.848     50.2    985.0    285.4      0.4     89.5
     1     1    14     9     5    13     0     1   -13.0   57.412   -2.837     38.0    988.1    285.6      0.3     89.3
     1     1    14     9     5    12     0     0   -14.0   57.464   -2.845     30.2    990.6    285.7      0.3     89.5
     1     1    14     9     5    11     0     1   -15.0   57.519   -2.875     25.7    992.9    286.0      0.1     89.6
     1     1    14     9     5    10     0     2   -16.0   57.581   -2.936     23.8    994.9    286.2      0.2     90.2
     1     1    14     9     5     9     0     3   -17.0   57.654   -3.025     23.9    997.2    286.3      0.2     91.4
     1     1    14     9     5     8     0     2   -18.0   57.723   -3.135     28.4    998.6    285.9      0.0     90.8
     1     1    14     9     5     7     0     1   -19.0   57.772   -3.255     39.7    998.0    285.6      0.0     90.6
     1     1    14     9     5     6     0     0   -20.0   57.804   -3.385     60.6    995.6    285.4      0.0     91.1
     1     1    14     9     5     5     0     1   -21.0   57.815   -3.541     92.0    989.6    285.6      0.2     89.9
     1     1    14     9     5     4     0     2   -22.0   57.798   -3.739    139.6    980.7    285.6      0.2     89.4
     1     1    14     9     5     3     0     3   -23.0   57.742   -3.986    213.3    965.3    285.3      0.2     89.4
     1     1    14     9     5     2     0     2   -24.0   57.663   -4.278    281.0    947.2    284.4      0.0     90.8
     1     1    14     9     5     1     0     1   -25.0   57.582   -4.568    298.5    941.7    284.0      0.0     93.3
     1     1    14     9     5     0     0     0   -26.0   57.491   -4.848    285.8    942.2    284.0      0.0     95.8
     1     1    14     9     4    23     0     1   -27.0   57.395   -5.099    260.3    948.2    284.5      0.0     95.4
     1     1    14     9     4    22     0     2   -28.0   57.297   -5.305    231.0    957.9    285.3      0.0     93.3
     1     1    14     9     4    21     0     3   -29.0   57.196   -5.470    200.7    965.6    286.1      0.0     91.5
     1     1    14     9     4    20     0     2   -30.0   57.099   -5.609    167.1    973.4    286.7      0.0     89.0
     1     1    14     9     4    19     0     1   -31.0   57.014   -5.739    130.3    981.6    287.4      0.0     86.9
     1     1    14     9     4    18     0     0   -32.0   56.935   -5.860     93.5    990.8    288.1      0.0     85.0
     1     1    14     9     4    17     0     1   -33.0   56.851   -5.968     61.0    999.9    288.7      0.0     82.6
     1     1    14     9     4    16     0     2   -34.0   56.753   -6.060     38.2   1005.2    288.8      0.0     80.9
     1     1    14     9     4    15     0     3   -35.0   56.641   -6.142     24.7   1008.7    289.0      0.0     80.0
     1     1    14     9     4    14     0     2   -36.0   56.524   -6.200     18.1   1010.8    288.8      0.0     80.8
     1     1    14     9     4    13     0     1   -37.0   56.411   -6.212     15.8   1011.7    288.7      0.0     81.9
     1     1    14     9     4    12     0     0   -38.0   56.304   -6.172     15.8   1012.0    288.6      0.0     83.8
     1     1    14     9     4    11     0     1   -39.0   56.203   -6.086     17.4   1012.1    288.4      0.0     84.8
     1     1    14     9     4    10     0     2   -40.0   56.104   -5.965     20.0   1011.7    288.2      0.0     85.8
     1     1    14     9     4     9     0     3   -41.0   56.009   -5.824     21.7   1009.7    287.7      0.0     87.1
     1     1    14     9     4     8     0     2   -42.0   55.923   -5.688     22.0   1006.5    287.4      0.0     86.6
     1     1    14     9     4     7     0     1   -43.0   55.851   -5.569     21.8   1004.2    286.9      0.0     86.2
     1     1    14     9     4     6     0     0   -44.0   55.791   -5.460     21.7   1002.6    286.5      0.0     86.0
     1     1    14     9     4     5     0     1   -45.0   55.733   -5.351     21.7   1002.0    286.5      0.0     85.3
     1     1    14     9     4     4     0     2   -46.0   55.667   -5.231     21.9   1001.6    286.5      0.0     84.2
     1     1    14     9     4     3     0     3   -47.0   55.594   -5.101     22.8   1001.5    286.5      0.0     82.6
     1     1    14     9     4     2     0     2   -48.0   55.517   -4.967     24.6   1001.8    286.4      0.0     81.2
     1     1    14     9     4     1     0     1   -49.0   55.438   -4.837     25.7   1002.8    286.4      0.0     79.8
     1     1    14     9     4     0     0     0   -50.0   55.358   -4.712     24.2   1003.9    286.3      0.0     78.3
     1     1    14     9     3    23     0     1   -51.0   55.280   -4.592     19.7   1005.2    286.0      0.0     77.1
     1     1    14     9     3    22     0     2   -52.0   55.206   -4.478     13.7   1006.3    285.5      0.0     75.6
     1     1    14     9     3    21     0     3   -53.0   55.137   -4.369      7.6   1006.9    285.1      0.0     73.6
     1     1    14     9     3    20     0     2   -54.0   55.070   -4.266      1.0   1006.6    286.1      0.0     73.0
     1     1    14     9     3    19     0     1   -55.0   55.004   -4.173      0.0   1006.2    287.3      0.0     71.9
     1     1    14     9     3    18     0     0   -56.0   54.937   -4.093      0.0   1006.6    288.6      0.0     69.7
     1     1    14     9     3    17     0     1   -57.0   54.864   -4.031      0.0   1007.3    289.5      0.0     67.8
     1     1    14     9     3    16     0     2   -58.0   54.781   -3.984      0.0   1008.5    290.2      0.0     65.9
     1     1    14     9     3    15     0     3   -59.0   54.690   -3.945      0.0   1009.9    290.7      0.0     64.4
     1     1    14     9     3    14     0     2   -60.0   54.594   -3.900      0.0   1011.5    290.3      0.0     65.6
     1     1    14     9     3    13     0     1   -61.0   54.497   -3.838      0.0   1013.2    290.0      0.0     66.4
     1     1    14     9     3    12     0     0   -62.0   54.393   -3.765      0.0   1015.2    289.7      0.0     66.9
     1     1    14     9     3    11     0     1   -63.0   54.284   -3.677      0.0   1017.1    289.2      0.0     67.7
     1     1    14     9     3    10     0     2   -64.0   54.174   -3.568      0.0   1019.1    288.9      0.0     68.7
     1     1    14     9     3     9     0     3   -65.0   54.065   -3.438      0.0   1020.9    288.6      0.0     69.9
     1     1    14     9     3     8     0     2   -66.0   53.961   -3.297      0.0   1021.1    288.6      0.0     69.5
     1     1    14     9     3     7     0     1   -67.0   53.865   -3.160      0.0   1019.7    288.3      0.0     70.7
     1     1    14     9     3     6     0     0   -68.0   53.777   -3.029      0.0   1018.9    287.7      0.0     72.5
     1     1    14     9     3     5     0     1   -69.0   53.698   -2.908      0.0   1015.9    287.4      0.0     73.2
     1     1    14     9     3     4     0     2   -70.0   53.629   -2.797      0.0   1012.7    286.9      0.0     73.8
     1     1    14     9     3     3     0     3   -71.0   53.572   -2.693      0.0   1010.2    286.5      0.0     73.7
     1     1    14     9     3     2     0     2   -72.0   53.523   -2.593      0.0   1008.0    286.3      0.0     74.7
