     7     1
    GDAS    14     8    22     0     0
    GDAS    14     8    29     0     0
    GDAS    14     9     1     0     0
    GDAS    14     9     8     0     0
    GDAS    14     9    15     0     0
    GDAS    14     9    22     0     0
    GDAS    14     9    29     0     0
     1 BACKWARD OMEGA   
    14     9    13    12   56.467   -2.973   100.0
     4 PRESSURE AIR_TEMP RAINFALL RELHUMID
     1     1    14     9    13    12     0     0     0.0   56.467   -2.973    100.0    986.5    288.3      0.0     78.7
     1     1    14     9    13    11     0     1    -1.0   56.450   -2.930     72.8    992.3    288.0      0.0     82.8
     1     1    14     9    13    10     0     2    -2.0   56.435   -2.916     60.9    994.2    287.4      0.0     87.5
     1     1    14     9    13     9     0     3    -3.0   56.423   -2.932     61.7    993.6    286.8      0.0     92.3
     1     1    14     9    13     8     0     2    -4.0   56.414   -2.974     70.9    990.9    286.0      0.0     93.8
     1     1    14     9    13     7     0     1    -5.0   56.408   -3.036     84.2    988.4    285.4      0.0     95.3
     1     1    14     9    13     6     0     0    -6.0   56.404   -3.115    101.2    985.9    284.9      0.0     96.5
     1     1    14     9    13     5     0     1    -7.0   56.399   -3.208    119.9    982.7    285.2      0.0     95.6
     1     1    14     9    13     4     0     2    -8.0   56.388   -3.312    138.6    979.9    285.5      0.0     94.8
     1     1    14     9    13     3     0     3    -9.0   56.372   -3.429    156.7    976.9    285.6      0.0     94.0
     1     1    14     9    13     2     0     2   -10.0   56.353   -3.554    173.0    974.9    285.7      0.0     93.5
     1     1    14     9    13     1     0     1   -11.0   56.334   -3.683    186.3    973.4    285.8      0.0     93.5
     1     1    14     9    13     0     0     0   -12.0   56.315   -3.820    195.9    972.5    285.9      0.0     93.9
     1     1    14     9    12    23     0     1   -13.0   56.296   -3.952    203.4    972.0    286.1      0.0     93.0
     1     1    14     9    12    22     0     2   -14.0   56.275   -4.066    210.7    971.8    286.4      0.0     91.7
     1     1    14     9    12    21     0     3   -15.0   56.252   -4.159    216.5    972.1    286.6      0.0     90.3
     1     1    14     9    12    20     0     2   -16.0   56.228   -4.243    217.5    972.4    286.7      0.0     89.4
     1     1    14     9    12    19     0     1   -17.0   56.203   -4.334    211.6    973.8    286.9      0.0     88.6
     1     1    14     9    12    18     0     0   -18.0   56.179   -4.432    201.5    975.5    287.1      0.0     88.0
     1     1    14     9    12    17     0     1   -19.0   56.148   -4.523    189.8    977.7    287.3      0.0     87.1
     1     1    14     9    12    16     0     2   -20.0   56.107   -4.593    177.5    980.1    287.4      0.0     86.5
     1     1    14     9    12    15     0     3   -21.0   56.057   -4.640    163.4    983.1    287.6      0.0     86.2
     1     1    14     9    12    14     0     2   -22.0   56.000   -4.668    149.0    987.3    287.3      0.0     86.8
     1     1    14     9    12    13     0     1   -23.0   55.939   -4.681    136.0    989.7    287.2      0.0     86.6
     1     1    14     9    12    12     0     0   -24.0   55.873   -4.679    124.7    991.8    287.0      0.0     86.9
     1     1    14     9    12    11     0     1   -25.0   55.811   -4.653    117.7    993.3    286.9      0.0     87.4
     1     1    14     9    12    10     0     2   -26.0   55.766   -4.597    116.6    993.7    286.6      0.0     88.0
     1     1    14     9    12     9     0     3   -27.0   55.735   -4.513    119.2    993.7    286.3      0.0     88.7
     1     1    14     9    12     8     0     2   -28.0   55.714   -4.416    121.3    993.5    286.0      0.0     88.7
     1     1    14     9    12     7     0     1   -29.0   55.700   -4.319    119.8    993.8    285.6      0.0     88.8
     1     1    14     9    12     6     0     0   -30.0   55.693   -4.224    114.7    994.5    285.2      0.0     89.2
     1     1    14     9    12     5     0     1   -31.0   55.690   -4.133    105.4    995.4    285.7      0.0     88.0
     1     1    14     9    12     4     0     2   -32.0   55.686   -4.046     91.8    996.9    286.2      0.0     86.8
     1     1    14     9    12     3     0     3   -33.0   55.680   -3.963     75.5    998.8    286.8      0.0     85.4
     1     1    14     9    12     2     0     2   -34.0   55.673   -3.880     61.2   1001.4    286.7      0.0     83.8
     1     1    14     9    12     1     0     1   -35.0   55.664   -3.799     51.5   1002.5    286.6      0.0     82.4
     1     1    14     9    12     0     0     0   -36.0   55.654   -3.720     45.4   1003.2    286.4      0.0     81.1
     1     1    14     9    11    23     0     1   -37.0   55.640   -3.639     41.9   1003.4    286.5      0.0     80.5
     1     1    14     9    11    22     0     2   -38.0   55.622   -3.551     40.6   1003.5    286.7      0.0     79.9
     1     1    14     9    11    21     0     3   -39.0   55.600   -3.454     41.7   1003.3    287.1      0.0     79.4
     1     1    14     9    11    20     0     2   -40.0   55.577   -3.362     43.7   1002.7    288.0      0.0     78.0
     1     1    14     9    11    19     0     1   -41.0   55.561   -3.290     43.8   1002.2    288.7      0.0     76.6
     1     1    14     9    11    18     0     0   -42.0   55.553   -3.236     40.8   1002.1    289.3      0.0     75.1
     1     1    14     9    11    17     0     1   -43.0   55.548   -3.195     35.5   1002.6    289.7      0.0     73.9
     1     1    14     9    11    16     0     2   -44.0   55.538   -3.165     29.4   1003.2    290.3      0.0     72.6
     1     1    14     9    11    15     0     3   -45.0   55.525   -3.146     23.1   1004.0    291.1      0.0     71.3
     1     1    14     9    11    14     0     2   -46.0   55.510   -3.134     18.2   1005.5    291.3      0.0     73.6
     1     1    14     9    11    13     0     1   -47.0   55.494   -3.120     15.0   1006.7    291.6      0.0     75.8
     1     1    14     9    11    12     0     0   -48.0   55.477   -3.105     13.2   1007.8    291.9      0.0     78.0
     1     1    14     9    11    11     0     1   -49.0   55.459   -3.087     12.6   1007.8    290.7      0.0     80.3
     1     1    14     9    11    10     0     2   -50.0   55.440   -3.065     13.5   1007.4    289.4      0.0     82.6
     1     1    14     9    11     9     0     3   -51.0   55.421   -3.036     16.4   1006.7    288.0      0.0     85.0
     1     1    14     9    11     8     0     2   -52.0   55.398   -3.002     22.1   1005.3    286.3      0.0     86.1
     1     1    14     9    11     7     0     1   -53.0   55.371   -2.960     30.8   1003.5    284.9      0.0     87.5
     1     1    14     9    11     6     0     0   -54.0   55.337   -2.911     43.0   1001.4    283.8      0.0     89.0
     1     1    14     9    11     5     0     1   -55.0   55.294   -2.848     60.1    999.1    284.3      0.0     89.1
     1     1    14     9    11     4     0     2   -56.0   55.238   -2.770     80.0    995.4    284.5      0.0     88.8
     1     1    14     9    11     3     0     3   -57.0   55.168   -2.681    100.9    991.8    284.7      0.0     88.6
     1     1    14     9    11     2     0     2   -58.0   55.085   -2.586    121.8    988.0    284.7      0.0     88.7
     1     1    14     9    11     1     0     1   -59.0   54.993   -2.488    140.8    984.1    284.8      0.0     89.1
     1     1    14     9    11     0     0     0   -60.0   54.891   -2.384    156.6    981.2    284.9      0.0     88.7
     1     1    14     9    10    23     0     1   -61.0   54.786   -2.256    164.5    978.2    285.0      0.0     87.9
     1     1    14     9    10    22     0     2   -62.0   54.689   -2.095    156.9    976.2    284.9      0.0     87.9
     1     1    14     9    10    21     0     3   -63.0   54.604   -1.900    131.2    980.4    285.1      0.0     87.1
     1     1    14     9    10    20     0     2   -64.0   54.536   -1.694    104.9    988.9    285.8      0.0     83.5
     1     1    14     9    10    19     0     1   -65.0   54.480   -1.493     87.2    995.6    286.6      0.0     79.2
     1     1    14     9    10    18     0     0   -66.0   54.431   -1.293     77.9   1001.3    287.4      0.0     74.9
     1     1    14     9    10    17     0     1   -67.0   54.385   -1.094     76.9   1006.2    288.0      0.0     71.3
     1     1    14     9    10    16     0     2   -68.0   54.343   -0.899     82.0   1007.3    288.4      0.0     68.8
     1     1    14     9    10    15     0     3   -69.0   54.306   -0.710     89.3   1005.9    288.8      0.0     66.6
     1     1    14     9    10    14     0     2   -70.0   54.269   -0.536     93.8   1004.8    289.0      0.0     66.2
     1     1    14     9    10    13     0     1   -71.0   54.227   -0.383     92.0   1004.7    289.3      0.0     65.7
     1     1    14     9    10    12     0     0   -72.0   54.178   -0.253     83.4   1005.4    289.8      0.0     64.9
