     7     1
    GDAS    14     8    22     0     0
    GDAS    14     8    29     0     0
    GDAS    14     9     1     0     0
    GDAS    14     9     8     0     0
    GDAS    14     9    15     0     0
    GDAS    14     9    22     0     0
    GDAS    14     9    29     0     0
     1 BACKWARD OMEGA   
    14     9     1     3   56.467   -2.973   100.0
     4 PRESSURE AIR_TEMP RAINFALL RELHUMID
     1     1    14     9     1     3     0     3     0.0   56.467   -2.973    100.0    971.7    284.1      0.0     96.4
     1     1    14     9     1     2     0     2    -1.0   56.399   -3.266    155.9    965.9    284.1      0.0     95.4
     1     1    14     9     1     1     0     1    -2.0   56.299   -3.593    206.2    960.9    284.3      0.2     94.9
     1     1    14     9     1     0     0     0    -3.0   56.172   -3.946    228.6    961.4    284.8      0.3     95.2
     1     1    14     8    31    23     0     1    -4.0   56.030   -4.284    208.0    968.6    284.7      0.3     95.4
     1     1    14     8    31    22     0     2    -5.0   55.868   -4.551    142.3    976.3    284.8      0.8     96.3
     1     1    14     8    31    21     0     3    -6.0   55.686   -4.689     80.3    990.0    285.2      0.8     96.0
     1     1    14     8    31    20     0     2    -7.0   55.494   -4.750     46.6    997.1    286.0      0.0     91.9
     1     1    14     8    31    19     0     1    -8.0   55.290   -4.778     38.1    998.3    286.3      0.0     87.6
     1     1    14     8    31    18     0     0    -9.0   55.053   -4.778     45.3   1000.0    286.5      0.0     82.6
     1     1    14     8    31    17     0     1   -10.0   54.790   -4.781     60.6   1000.3    287.0      0.0     80.7
     1     1    14     8    31    16     0     2   -11.0   54.524   -4.810     73.9   1001.8    287.3      0.0     78.7
     1     1    14     8    31    15     0     3   -12.0   54.264   -4.862     86.8   1003.5    287.2      0.0     75.9
     1     1    14     8    31    14     0     2   -13.0   54.024   -4.939    104.3   1004.5    286.8      0.0     77.3
     1     1    14     8    31    13     0     1   -14.0   53.813   -5.040    128.5   1002.0    286.3      0.0     79.2
     1     1    14     8    31    12     0     0   -15.0   53.640   -5.149    152.1    998.1    285.9      0.0     80.0
     1     1    14     8    31    11     0     1   -16.0   53.514   -5.268    168.1    994.6    285.5      0.0     81.5
     1     1    14     8    31    10     0     2   -17.0   53.435   -5.408    174.9    992.5    285.2      0.0     83.0
     1     1    14     8    31     9     0     3   -18.0   53.398   -5.568    176.5    990.9    284.6      0.0     84.4
     1     1    14     8    31     8     0     2   -19.0   53.389   -5.745    177.5    989.1    284.3      0.0     85.6
     1     1    14     8    31     7     0     1   -20.0   53.396   -5.939    183.7    986.7    283.7      0.0     87.6
     1     1    14     8    31     6     0     0   -21.0   53.416   -6.152    202.1    983.4    283.1      0.0     89.9
     1     1    14     8    31     5     0     1   -22.0   53.443   -6.382    228.3    978.6    283.0      0.0     90.0
     1     1    14     8    31     4     0     2   -23.0   53.479   -6.625    254.1    974.6    283.0      0.0     90.7
     1     1    14     8    31     3     0     3   -24.0   53.532   -6.879    278.2    970.4    283.0      0.0     91.3
     1     1    14     8    31     2     0     2   -25.0   53.601   -7.163    296.6    967.1    283.1      0.0     90.4
     1     1    14     8    31     1     0     1   -26.0   53.675   -7.493    306.5    966.2    283.3      0.0     89.6
     1     1    14     8    31     0     0     0   -27.0   53.750   -7.860    312.1    966.0    283.4      0.0     89.8
     1     1    14     8    30    23     0     1   -28.0   53.818   -8.228    317.6    967.2    283.8      0.0     88.3
     1     1    14     8    30    22     0     2   -29.0   53.882   -8.567    324.7    969.0    284.1      0.0     86.8
     1     1    14     8    30    21     0     3   -30.0   53.951   -8.880    329.5    970.4    284.3      0.0     85.4
     1     1    14     8    30    20     0     2   -31.0   54.028   -9.177    324.3    972.0    284.6      0.1     84.7
     1     1    14     8    30    19     0     1   -32.0   54.118   -9.473    307.0    975.5    285.0      0.1     83.1
     1     1    14     8    30    18     0     0   -33.0   54.225   -9.781    282.4    980.1    285.3      0.0     80.6
     1     1    14     8    30    17     0     1   -34.0   54.345  -10.131    257.6    984.6    285.6      0.0     78.8
     1     1    14     8    30    16     0     2   -35.0   54.465  -10.544    244.1    987.8    285.7      0.0     77.1
     1     1    14     8    30    15     0     3   -36.0   54.592  -11.014    248.0    988.0    285.6      0.0     75.1
     1     1    14     8    30    14     0     2   -37.0   54.724  -11.511    258.9    985.8    285.3      0.0     76.9
     1     1    14     8    30    13     0     1   -38.0   54.857  -12.002    268.6    984.6    285.1      0.0     78.0
     1     1    14     8    30    12     0     0   -39.0   54.999  -12.485    276.3    983.2    284.9      0.0     79.0
     1     1    14     8    30    11     0     1   -40.0   55.138  -12.977    283.1    982.1    284.8      0.0     78.8
     1     1    14     8    30    10     0     2   -41.0   55.269  -13.484    293.6    980.6    284.7      0.0     79.1
     1     1    14     8    30     9     0     3   -42.0   55.403  -13.999    312.0    978.0    284.5      0.0     78.9
     1     1    14     8    30     8     0     2   -43.0   55.548  -14.506    333.5    974.2    284.2      0.0     79.6
     1     1    14     8    30     7     0     1   -44.0   55.707  -14.994    351.0    971.7    284.0      0.0     79.5
     1     1    14     8    30     6     0     0   -45.0   55.889  -15.474    361.2    969.7    283.8      0.0     79.5
     1     1    14     8    30     5     0     1   -46.0   56.083  -15.982    363.3    969.0    283.6      0.0     78.4
     1     1    14     8    30     4     0     2   -47.0   56.267  -16.547    362.4    968.7    283.5      0.0     77.5
     1     1    14     8    30     3     0     3   -48.0   56.441  -17.163    362.6    968.2    283.4      0.0     75.7
     1     1    14     8    30     2     0     2   -49.0   56.609  -17.801    365.8    967.7    283.3      0.1     75.3
     1     1    14     8    30     1     0     1   -50.0   56.773  -18.439    372.6    966.7    283.2      0.1     74.8
     1     1    14     8    30     0     0     0   -51.0   56.936  -19.073    384.1    965.4    283.1      0.0     74.2
     1     1    14     8    29    23     0     1   -52.0   57.099  -19.697    400.6    963.3    283.0      0.0     74.2
     1     1    14     8    29    22     0     2   -53.0   57.262  -20.309    421.0    961.1    282.9      0.0     73.5
     1     1    14     8    29    21     0     3   -54.0   57.425  -20.908    444.0    958.2    282.6      0.0     73.2
     1     1    14     8    29    20     0     2   -55.0   57.587  -21.514    467.8    954.3    282.3      0.0     74.6
     1     1    14     8    29    19     0     1   -56.0   57.744  -22.137    493.4    950.7    282.0      0.0     75.0
     1     1    14     8    29    18     0     0   -57.0   57.891  -22.770    516.7    946.5    281.6      0.0     75.3
     1     1    14     8    29    17     0     1   -58.0   58.007  -23.416    528.1    944.2    281.3      0.0     75.2
     1     1    14     8    29    16     0     2   -59.0   58.078  -24.080    525.7    944.2    281.3      0.0     74.0
     1     1    14     8    29    15     0     3   -60.0   58.100  -24.768    519.4    945.2    281.3      0.0     72.6
     1     1    14     8    29    14     0     2   -61.0   58.091  -25.463    527.1    944.9    281.2      0.0     72.7
     1     1    14     8    29    13     0     1   -62.0   58.071  -26.146    552.2    940.7    280.8      0.0     73.0
     1     1    14     8    29    12     0     0   -63.0   58.035  -26.813    578.3    936.3    280.4      0.0     73.7
     1     1    14     8    29    11     0     1   -64.0   57.979  -27.497    595.7    934.0    280.2      0.0     74.7
     1     1    14     8    29    10     0     2   -65.0   57.896  -28.226    610.6    932.8    280.2      0.0     74.4
     1     1    14     8    29     9     0     3   -66.0   57.772  -28.991    646.4    928.9    279.9      0.0     75.0
     1     1    14     8    29     8     0     2   -67.0   57.619  -29.780    687.2    922.5    279.3      0.0     77.3
     1     1    14     8    29     7     0     1   -68.0   57.454  -30.596    716.7    918.5    278.9      0.0     78.5
     1     1    14     8    29     6     0     0   -69.0   57.269  -31.438    732.2    915.9    278.7      0.0     78.8
     1     1    14     8    29     5     0     1   -70.0   57.074  -32.332    742.2    914.9    278.5      0.0     78.5
     1     1    14     8    29     4     0     2   -71.0   56.876  -33.272    765.5    911.9    278.0      0.0     79.3
     1     1    14     8    29     3     0     3   -72.0   56.672  -34.248    799.6    907.9    277.5      0.0     80.3
