     7     1
    GDAS    14     8    22     0     0
    GDAS    14     8    29     0     0
    GDAS    14     9     1     0     0
    GDAS    14     9     8     0     0
    GDAS    14     9    15     0     0
    GDAS    14     9    22     0     0
    GDAS    14     9    29     0     0
     1 BACKWARD OMEGA   
    14     9    17     8   56.467   -2.973   100.0
     4 PRESSURE AIR_TEMP RAINFALL RELHUMID
     1     1    14     9    17     8     0     2     0.0   56.467   -2.973    100.0    974.1    283.9      0.0     86.8
     1     1    14     9    17     7     0     1    -1.0   56.502   -2.905    102.1    975.0    283.3      0.0     86.7
     1     1    14     9    17     6     0     0    -2.0   56.542   -2.832    105.7    976.0    282.7      0.0     86.4
     1     1    14     9    17     5     0     1    -3.0   56.585   -2.774    112.8    976.2    283.0      0.0     87.5
     1     1    14     9    17     4     0     2    -4.0   56.626   -2.746    126.7    974.9    283.3      0.0     88.5
     1     1    14     9    17     3     0     3    -5.0   56.662   -2.747    150.5    971.8    283.5      0.0     89.4
     1     1    14     9    17     2     0     2    -6.0   56.684   -2.756    182.4    966.7    283.6      0.0     89.9
     1     1    14     9    17     1     0     1    -7.0   56.693   -2.758    218.5    962.5    283.6      0.0     90.5
     1     1    14     9    17     0     0     0    -8.0   56.691   -2.753    258.7    958.7    283.5      0.0     91.1
     1     1    14     9    16    23     0     1    -9.0   56.674   -2.729    298.1    954.6    283.7      0.0     91.4
     1     1    14     9    16    22     0     2   -10.0   56.639   -2.674    331.8    953.4    283.8      0.0     91.9
     1     1    14     9    16    21     0     3   -11.0   56.592   -2.596    363.1    953.7    284.0      0.0     92.4
     1     1    14     9    16    20     0     2   -12.0   56.537   -2.513    394.9    953.6    284.1      0.0     92.3
     1     1    14     9    16    19     0     1   -13.0   56.478   -2.442    426.8    952.9    284.1      0.0     92.5
     1     1    14     9    16    18     0     0   -14.0   56.415   -2.385    456.3    951.2    284.1      0.0     92.7
     1     1    14     9    16    17     0     1   -15.0   56.343   -2.321    483.1    950.3    284.1      0.0     93.4
     1     1    14     9    16    16     0     2   -16.0   56.260   -2.231    510.2    949.9    284.0      0.0     94.2
     1     1    14     9    16    15     0     3   -17.0   56.164   -2.118    543.4    948.8    283.8      0.0     95.1
     1     1    14     9    16    14     0     2   -18.0   56.056   -2.000    578.8    945.8    283.6      0.0     96.1
     1     1    14     9    16    13     0     1   -19.0   55.944   -1.888    604.9    942.0    283.5      0.0     96.5
     1     1    14     9    16    12     0     0   -20.0   55.830   -1.782    619.1    939.3    283.5      0.0     96.4
     1     1    14     9    16    11     0     1   -21.0   55.721   -1.668    630.3    938.3    283.5      0.0     95.9
     1     1    14     9    16    10     0     2   -22.0   55.625   -1.537    646.5    936.6    283.4      0.0     95.3
     1     1    14     9    16     9     0     3   -23.0   55.541   -1.391    667.8    935.0    283.3      0.0     94.8
     1     1    14     9    16     8     0     2   -24.0   55.465   -1.243    687.4    933.5    283.4      0.0     94.1
     1     1    14     9    16     7     0     1   -25.0   55.391   -1.100    698.3    934.1    283.5      0.0     93.8
     1     1    14     9    16     6     0     0   -26.0   55.317   -0.958    699.2    935.5    283.6      0.0     93.5
     1     1    14     9    16     5     0     1   -27.0   55.239   -0.826    698.1    936.7    283.9      0.0     91.0
     1     1    14     9    16     4     0     2   -28.0   55.152   -0.712    705.6    935.8    284.1      0.0     88.3
     1     1    14     9    16     3     0     3   -29.0   55.058   -0.614    722.8    933.8    284.2      0.0     85.6
     1     1    14     9    16     2     0     2   -30.0   54.958   -0.511    747.3    930.5    284.0      0.0     86.6
     1     1    14     9    16     1     0     1   -31.0   54.855   -0.391    775.7    926.7    283.7      0.0     88.0
     1     1    14     9    16     0     0     0   -32.0   54.746   -0.259    808.0    922.5    283.5      0.0     89.3
     1     1    14     9    15    23     0     1   -33.0   54.639   -0.123    840.4    917.9    283.3      0.0     89.9
     1     1    14     9    15    22     0     2   -34.0   54.520    0.027    849.0    917.6    283.7      0.0     81.4
     1     1    14     9    15    21     0     3   -35.0   54.379    0.203    830.3    921.7    284.1      0.0     78.5
     1     1    14     9    15    20     0     2   -36.0   54.243    0.391    816.0    924.1    284.3      0.0     78.3
     1     1    14     9    15    19     0     1   -37.0   54.124    0.582    812.9    923.9    284.2      0.0     77.4
     1     1    14     9    15    18     0     0   -38.0   54.017    0.774    813.9    923.3    284.2      0.0     75.7
     1     1    14     9    15    17     0     1   -39.0   53.915    0.969    818.2    923.2    284.4      0.0     74.5
     1     1    14     9    15    16     0     2   -40.0   53.812    1.160    828.1    922.1    284.5      0.0     75.2
     1     1    14     9    15    15     0     3   -41.0   53.706    1.343    842.2    920.4    284.5      0.0     76.0
     1     1    14     9    15    14     0     2   -42.0   53.600    1.516    855.4    918.9    284.3      0.0     77.6
     1     1    14     9    15    13     0     1   -43.0   53.500    1.679    864.8    918.4    284.2      0.0     78.3
     1     1    14     9    15    12     0     0   -44.0   53.403    1.832    873.3    918.0    284.0      0.0     78.4
     1     1    14     9    15    11     0     1   -45.0   53.303    1.984    884.8    916.9    284.0      0.0     77.4
     1     1    14     9    15    10     0     2   -46.0   53.193    2.142    902.3    914.7    283.9      0.0     77.8
     1     1    14     9    15     9     0     3   -47.0   53.073    2.303    927.5    911.9    283.8      0.0     78.2
     1     1    14     9    15     8     0     2   -48.0   52.954    2.467    956.1    908.0    283.4      0.0     80.2
     1     1    14     9    15     7     0     1   -49.0   52.843    2.636    980.5    905.3    283.2      0.0     81.3
     1     1    14     9    15     6     0     0   -50.0   52.737    2.811   1001.9    903.3    283.0      0.0     81.5
     1     1    14     9    15     5     0     1   -51.0   52.639    2.983   1014.1    900.8    282.9      0.0     81.1
     1     1    14     9    15     4     0     2   -52.0   52.554    3.146   1008.5    901.2    282.9      0.0     81.0
     1     1    14     9    15     3     0     3   -53.0   52.477    3.299    988.1    903.6    283.1      0.0     80.4
     1     1    14     9    15     2     0     2   -54.0   52.414    3.454    966.3    907.6    283.4      0.0     80.9
     1     1    14     9    15     1     0     1   -55.0   52.371    3.622    952.1    909.5    283.5      0.0     81.6
     1     1    14     9    15     0     0     0   -56.0   52.345    3.799    942.0    910.8    283.6      0.0     82.3
     1     1    14     9    14    23     0     1   -57.0   52.326    3.966    940.4    911.9    283.8      0.0     81.4
     1     1    14     9    14    22     0     2   -58.0   52.310    4.105    953.6    910.8    283.8      0.0     80.3
     1     1    14     9    14    21     0     3   -59.0   52.298    4.216    983.2    907.7    283.8      0.0     79.3
     1     1    14     9    14    20     0     2   -60.0   52.294    4.320   1018.8    902.8    283.4      0.0     80.9
     1     1    14     9    14    19     0     1   -61.0   52.298    4.443   1048.3    899.5    283.1      0.0     82.7
     1     1    14     9    14    18     0     0   -62.0   52.309    4.583   1068.4    897.1    282.8      0.0     84.7
     1     1    14     9    14    17     0     1   -63.0   52.336    4.735   1075.0    896.4    282.8      0.0     84.7
     1     1    14     9    14    16     0     2   -64.0   52.391    4.894   1066.8    897.5    282.9      0.0     85.4
     1     1    14     9    14    15     0     3   -65.0   52.483    5.056   1049.6    900.0    283.0      0.0     86.7
     1     1    14     9    14    14     0     2   -66.0   52.595    5.220   1040.0    902.5    282.9      0.0     88.1
     1     1    14     9    14    13     0     1   -67.0   52.710    5.391   1041.9    902.2    282.6      0.0     89.7
     1     1    14     9    14    12     0     0   -68.0   52.835    5.566   1046.4    902.0    282.2      0.0     92.3
     1     1    14     9    14    11     0     1   -69.0   52.976    5.758   1045.5    902.1    282.2      0.0     91.3
     1     1    14     9    14    10     0     2   -70.0   53.141    5.983   1031.8    903.6    282.3      0.0     89.5
     1     1    14     9    14     9     0     3   -71.0   53.323    6.241   1016.8    906.8    282.3      0.0     88.7
     1     1    14     9    14     8     0     2   -72.0   53.511    6.519   1009.4    907.2    282.2      0.0     89.1
