     7     1
    GDAS    14     8    22     0     0
    GDAS    14     8    29     0     0
    GDAS    14     9     1     0     0
    GDAS    14     9     8     0     0
    GDAS    14     9    15     0     0
    GDAS    14     9    22     0     0
    GDAS    14     9    29     0     0
     1 BACKWARD OMEGA   
    14     9    13    21   56.467   -2.973   100.0
     4 PRESSURE AIR_TEMP RAINFALL RELHUMID
     1     1    14     9    13    21     0     3     0.0   56.467   -2.973    100.0    987.1    285.0      0.0     91.7
     1     1    14     9    13    20     0     2    -1.0   56.424   -2.799     68.7    997.7    285.7      0.0     88.5
     1     1    14     9    13    19     0     1    -2.0   56.377   -2.633     46.9   1005.8    286.2      0.0     85.6
     1     1    14     9    13    18     0     0    -3.0   56.327   -2.466     33.6   1012.3    286.6      0.0     83.0
     1     1    14     9    13    17     0     1    -4.0   56.269   -2.292     26.6   1017.5    286.8      0.0     80.4
     1     1    14     9    13    16     0     2    -5.0   56.202   -2.106     23.7   1022.3    286.7      0.0     78.6
     1     1    14     9    13    15     0     3    -6.0   56.129   -1.906     23.3   1024.6    286.6      0.0     77.7
     1     1    14     9    13    14     0     2    -7.0   56.056   -1.722     24.3   1024.0    286.6      0.0     78.5
     1     1    14     9    13    13     0     1    -8.0   55.986   -1.572     25.7   1023.5    286.6      0.0     79.2
     1     1    14     9    13    12     0     0    -9.0   55.917   -1.455     26.5   1022.8    286.8      0.0     79.6
     1     1    14     9    13    11     0     1   -10.0   55.846   -1.367     26.9   1022.6    286.8      0.0     81.4
     1     1    14     9    13    10     0     2   -11.0   55.772   -1.306     27.4   1022.3    286.8      0.0     83.3
     1     1    14     9    13     9     0     3   -12.0   55.697   -1.273     28.2   1021.9    286.7      0.0     85.3
     1     1    14     9    13     8     0     2   -13.0   55.620   -1.251     29.0   1021.9    286.7      0.0     84.6
     1     1    14     9    13     7     0     1   -14.0   55.541   -1.228     29.4   1022.0    286.6      0.0     84.1
     1     1    14     9    13     6     0     0   -15.0   55.460   -1.206     29.2   1022.3    286.6      0.0     83.6
     1     1    14     9    13     5     0     1   -16.0   55.382   -1.191     28.9   1021.7    286.3      0.0     82.8
     1     1    14     9    13     4     0     2   -17.0   55.311   -1.190     29.0   1020.9    286.0      0.0     82.2
     1     1    14     9    13     3     0     3   -18.0   55.248   -1.208     29.6   1019.9    285.5      0.0     81.7
     1     1    14     9    13     2     0     2   -19.0   55.186   -1.242     30.6   1019.1    285.4      0.0     81.3
     1     1    14     9    13     1     0     1   -20.0   55.119   -1.287     32.0   1018.0    285.3      0.0     81.0
     1     1    14     9    13     0     0     0   -21.0   55.048   -1.343     34.0   1016.3    285.2      0.0     80.8
     1     1    14     9    12    23     0     1   -22.0   54.974   -1.385     36.8   1013.4    285.0      0.0     81.6
     1     1    14     9    12    22     0     2   -23.0   54.896   -1.381     39.9   1011.6    285.0      0.0     82.4
     1     1    14     9    12    21     0     3   -24.0   54.814   -1.326     43.5   1011.3    285.4      0.0     83.1
     1     1    14     9    12    20     0     2   -25.0   54.733   -1.233     48.3   1013.1    286.0      0.0     81.1
     1     1    14     9    12    19     0     1   -26.0   54.656   -1.112     55.1   1015.3    286.5      0.0     79.1
     1     1    14     9    12    18     0     0   -27.0   54.585   -0.966     65.6   1016.3    287.0      0.0     76.9
     1     1    14     9    12    17     0     1   -28.0   54.519   -0.804     79.9   1013.5    287.5      0.0     75.0
     1     1    14     9    12    16     0     2   -29.0   54.459   -0.638     96.9   1010.6    288.0      0.0     72.9
     1     1    14     9    12    15     0     3   -30.0   54.403   -0.471    116.0   1007.6    288.4      0.0     70.6
     1     1    14     9    12    14     0     2   -31.0   54.350   -0.314    135.1   1005.2    288.3      0.0     70.4
     1     1    14     9    12    13     0     1   -32.0   54.301   -0.175    151.2   1002.8    288.2      0.0     70.5
     1     1    14     9    12    12     0     0   -33.0   54.255   -0.050    161.9   1001.1    288.2      0.0     70.8
     1     1    14     9    12    11     0     1   -34.0   54.236    0.086    163.8   1005.9    286.6      0.0     88.1
     1     1    14     9    12    10     0     2   -35.0   54.247    0.241    159.9   1006.9    286.7      0.0     89.7
     1     1    14     9    12     9     0     3   -36.0   54.264    0.405    155.4   1007.4    286.7      0.0     90.7
     1     1    14     9    12     8     0     2   -37.0   54.288    0.571    153.2   1007.9    286.8      0.0     91.4
     1     1    14     9    12     7     0     1   -38.0   54.317    0.726    155.1   1007.6    286.7      0.0     92.3
     1     1    14     9    12     6     0     0   -39.0   54.351    0.867    160.6   1006.8    286.7      0.0     93.4
     1     1    14     9    12     5     0     1   -40.0   54.388    1.000    166.7   1005.1    286.6      0.0     93.0
     1     1    14     9    12     4     0     2   -41.0   54.426    1.132    170.5   1004.0    286.6      0.0     91.9
     1     1    14     9    12     3     0     3   -42.0   54.462    1.261    171.9   1003.4    286.6      0.0     91.1
     1     1    14     9    12     2     0     2   -43.0   54.493    1.391    172.9   1003.7    286.7      0.0     90.7
     1     1    14     9    12     1     0     1   -44.0   54.516    1.524    174.8   1003.8    286.8      0.0     90.5
     1     1    14     9    12     0     0     0   -45.0   54.534    1.662    177.0   1003.7    286.8      0.0     90.6
     1     1    14     9    11    23     0     1   -46.0   54.561    1.815    180.2   1003.2    286.9      0.0     90.3
     1     1    14     9    11    22     0     2   -47.0   54.609    1.992    185.7   1002.3    286.9      0.0     90.2
     1     1    14     9    11    21     0     3   -48.0   54.678    2.191    193.8   1001.0    286.9      0.0     89.2
     1     1    14     9    11    20     0     2   -49.0   54.760    2.388    202.1    999.7    286.8      0.0     88.7
     1     1    14     9    11    19     0     1   -50.0   54.853    2.562    208.7    998.8    286.8      0.0     88.5
     1     1    14     9    11    18     0     0   -51.0   54.959    2.710    213.9    998.1    286.7      0.0     88.4
     1     1    14     9    11    17     0     1   -52.0   55.076    2.839    216.3    997.5    286.7      0.0     88.2
     1     1    14     9    11    16     0     2   -53.0   55.200    2.954    214.8    997.5    286.7      0.0     87.9
     1     1    14     9    11    15     0     3   -54.0   55.328    3.057    209.9    997.8    286.8      0.0     87.2
     1     1    14     9    11    14     0     2   -55.0   55.453    3.158    203.8    998.9    286.8      0.0     86.8
     1     1    14     9    11    13     0     1   -56.0   55.571    3.267    198.2    999.8    286.8      0.0     86.5
     1     1    14     9    11    12     0     0   -57.0   55.682    3.387    193.4   1000.5    286.9      0.0     86.2
     1     1    14     9    11    11     0     1   -58.0   55.788    3.516    190.0   1000.6    287.0      0.0     86.5
     1     1    14     9    11    10     0     2   -59.0   55.888    3.655    188.2   1000.4    287.0      0.0     86.9
     1     1    14     9    11     9     0     3   -60.0   55.981    3.803    187.6   1000.1    287.1      0.0     87.3
     1     1    14     9    11     8     0     2   -61.0   56.077    3.953    187.7   1000.0    287.0      0.0     87.4
     1     1    14     9    11     7     0     1   -62.0   56.181    4.093    187.7   1000.0    287.0      0.0     87.4
     1     1    14     9    11     6     0     0   -63.0   56.291    4.226    186.8   1000.0    286.9      0.0     87.3
     1     1    14     9    11     5     0     1   -64.0   56.399    4.357    184.5   1000.1    287.1      0.0     86.5
     1     1    14     9    11     4     0     2   -65.0   56.501    4.487    180.7   1000.6    287.2      0.0     85.5
     1     1    14     9    11     3     0     3   -66.0   56.599    4.613    176.1   1001.1    287.3      0.0     84.4
     1     1    14     9    11     2     0     2   -67.0   56.693    4.742    172.3   1001.7    287.4      0.0     84.3
     1     1    14     9    11     1     0     1   -68.0   56.779    4.889    170.0   1001.9    287.4      0.0     84.3
     1     1    14     9    11     0     0     0   -69.0   56.859    5.054    169.2   1001.9    287.4      0.0     84.2
     1     1    14     9    10    23     0     1   -70.0   56.949    5.221    169.7   1001.9    287.5      0.0     82.8
     1     1    14     9    10    22     0     2   -71.0   57.064    5.358    171.2   1001.7    287.6      0.0     81.6
     1     1    14     9    10    21     0     3   -72.0   57.200    5.458    173.7   1001.3    287.6      0.0     80.6
