     7     1
    GDAS    14     8    22     0     0
    GDAS    14     8    29     0     0
    GDAS    14     9     1     0     0
    GDAS    14     9     8     0     0
    GDAS    14     9    15     0     0
    GDAS    14     9    22     0     0
    GDAS    14     9    29     0     0
     1 BACKWARD OMEGA   
    14     9     3     9   56.467   -2.973   100.0
     4 PRESSURE AIR_TEMP RAINFALL RELHUMID
     1     1    14     9     3     9     0     3     0.0   56.467   -2.973    100.0    980.2    286.6      0.0     85.7
     1     1    14     9     3     8     0     2    -1.0   56.374   -2.960    106.8    983.4    286.0      0.0     86.4
     1     1    14     9     3     7     0     1    -2.0   56.289   -2.962    122.4    984.5    285.5      0.0     87.2
     1     1    14     9     3     6     0     0    -3.0   56.208   -2.980    146.2    984.2    285.2      0.0     87.9
     1     1    14     9     3     5     0     1    -4.0   56.126   -2.999    173.3    982.6    285.5      0.0     85.2
     1     1    14     9     3     4     0     2    -5.0   56.036   -2.993    199.7    982.6    285.8      0.0     82.7
     1     1    14     9     3     3     0     3    -6.0   55.938   -2.957    223.5    981.3    285.9      0.0     80.5
     1     1    14     9     3     2     0     2    -7.0   55.837   -2.909    242.3    979.6    286.0      0.0     79.6
     1     1    14     9     3     1     0     1    -8.0   55.741   -2.866    256.7    978.5    286.1      0.0     79.0
     1     1    14     9     3     0     0     0    -9.0   55.651   -2.822    269.0    977.2    286.1      0.0     78.6
     1     1    14     9     2    23     0     1   -10.0   55.559   -2.786    278.1    975.6    286.2      0.0     77.9
     1     1    14     9     2    22     0     2   -11.0   55.463   -2.759    280.9    974.7    286.4      0.0     77.2
     1     1    14     9     2    21     0     3   -12.0   55.365   -2.732    275.7    974.7    286.6      0.0     76.3
     1     1    14     9     2    20     0     2   -13.0   55.272   -2.695    261.7    975.7    287.0      0.0     75.2
     1     1    14     9     2    19     0     1   -14.0   55.193   -2.641    239.0    977.0    287.3      0.0     73.9
     1     1    14     9     2    18     0     0   -15.0   55.128   -2.568    207.0    979.2    287.8      0.0     72.1
     1     1    14     9     2    17     0     1   -16.0   55.077   -2.480    168.0    982.6    288.2      0.0     70.3
     1     1    14     9     2    16     0     2   -17.0   55.040   -2.386    126.3    986.4    288.9      0.0     67.5
     1     1    14     9     2    15     0     3   -18.0   55.016   -2.285     87.7    989.4    290.1      0.0     64.0
     1     1    14     9     2    14     0     2   -19.0   55.000   -2.187     59.9    992.5    291.2      0.0     63.0
     1     1    14     9     2    13     0     1   -20.0   54.988   -2.104     42.3    992.9    292.1      0.0     62.6
     1     1    14     9     2    12     0     0   -21.0   54.978   -2.038     31.1    993.1    293.1      0.0     62.0
     1     1    14     9     2    11     0     1   -22.0   54.973   -1.986     24.0    994.0    292.0      0.0     66.0
     1     1    14     9     2    10     0     2   -23.0   54.972   -1.943     19.8    996.0    290.6      0.0     70.4
     1     1    14     9     2     9     0     3   -24.0   54.977   -1.911     17.7    997.5    289.3      0.0     74.6
     1     1    14     9     2     8     0     2   -25.0   54.990   -1.895     16.6    997.9    286.7      0.0     77.2
     1     1    14     9     2     7     0     1   -26.0   55.012   -1.898     16.0    998.0    284.1      0.0     79.7
     1     1    14     9     2     6     0     0   -27.0   55.042   -1.924     15.7    997.8    281.6      0.0     82.1
     1     1    14     9     2     5     0     1   -28.0   55.072   -1.968     15.8    997.5    281.1      0.0     82.6
     1     1    14     9     2     4     0     2   -29.0   55.100   -2.026     15.9    997.7    280.8      0.0     83.1
     1     1    14     9     2     3     0     3   -30.0   55.127   -2.096     16.1    999.0    280.5      0.0     83.5
     1     1    14     9     2     2     0     2   -31.0   55.158   -2.175     16.7   1000.0    281.2      0.0     83.6
     1     1    14     9     2     1     0     1   -32.0   55.197   -2.265     17.5   1000.9    281.9      0.0     83.6
     1     1    14     9     2     0     0     0   -33.0   55.243   -2.366     18.3   1001.9    282.6      0.0     83.6
     1     1    14     9     1    23     0     1   -34.0   55.291   -2.474     18.5   1003.0    283.0      0.0     81.5
     1     1    14     9     1    22     0     2   -35.0   55.336   -2.587     17.7   1004.1    283.4      0.0     80.1
     1     1    14     9     1    21     0     3   -36.0   55.376   -2.710     16.2   1005.0    283.7      0.0     79.5
     1     1    14     9     1    20     0     2   -37.0   55.411   -2.843     14.4   1005.3    284.8      0.0     77.7
     1     1    14     9     1    19     0     1   -38.0   55.441   -2.982     12.6   1005.3    286.0      0.0     75.3
     1     1    14     9     1    18     0     0   -39.0   55.468   -3.127     11.6   1004.9    287.1      0.0     72.1
     1     1    14     9     1    17     0     1   -40.0   55.499   -3.283     11.3   1003.9    287.9      0.0     70.0
     1     1    14     9     1    16     0     2   -41.0   55.534   -3.458     10.9   1003.4    288.6      0.0     67.9
     1     1    14     9     1    15     0     3   -42.0   55.572   -3.658     11.0   1003.1    289.4      0.0     65.9
     1     1    14     9     1    14     0     2   -43.0   55.613   -3.874     14.5   1002.9    289.5      0.0     67.7
     1     1    14     9     1    13     0     1   -44.0   55.656   -4.095     27.2   1001.2    288.8      0.0     69.7
     1     1    14     9     1    12     0     0   -45.0   55.701   -4.321     49.7    997.8    287.6      0.0     72.2
     1     1    14     9     1    11     0     1   -46.0   55.739   -4.550     69.1    992.9    286.5      0.0     75.8
     1     1    14     9     1    10     0     2   -47.0   55.770   -4.786     77.5    990.6    286.0      0.0     77.1
     1     1    14     9     1     9     0     3   -48.0   55.797   -5.034     79.4    989.7    285.7      0.0     76.6
     1     1    14     9     1     8     0     2   -49.0   55.828   -5.293     79.8    992.6    285.6      0.0     80.0
     1     1    14     9     1     7     0     1   -50.0   55.870   -5.571     77.1    995.9    285.6      0.0     80.7
     1     1    14     9     1     6     0     0   -51.0   55.922   -5.879     63.6   1002.0    285.9      0.0     77.9
     1     1    14     9     1     5     0     1   -52.0   55.966   -6.211     45.9   1008.1    286.2      0.0     79.3
     1     1    14     9     1     4     0     2   -53.0   55.986   -6.564     34.8   1011.2    286.5      0.0     81.6
     1     1    14     9     1     3     0     3   -54.0   55.991   -6.956     30.9   1014.1    286.9      0.0     82.4
     1     1    14     9     1     2     0     2   -55.0   55.983   -7.391     30.7   1012.2    287.0      0.0     82.4
     1     1    14     9     1     1     0     1   -56.0   55.964   -7.857     31.6   1010.7    286.9      0.0     82.8
     1     1    14     9     1     0     0     0   -57.0   55.933   -8.354     32.8   1010.3    286.9      0.0     81.6
     1     1    14     8    31    23     0     1   -58.0   55.894   -8.871     33.3   1010.0    287.1      0.0     79.5
     1     1    14     8    31    22     0     2   -59.0   55.849   -9.394     34.1   1009.5    287.2      0.0     79.7
     1     1    14     8    31    21     0     3   -60.0   55.801   -9.913     36.5   1008.7    287.3      0.0     79.5
     1     1    14     8    31    20     0     2   -61.0   55.755  -10.449     39.9   1007.5    287.4      0.1     79.1
     1     1    14     8    31    19     0     1   -62.0   55.716  -11.027     43.0   1006.3    287.5      0.0     79.3
     1     1    14     8    31    18     0     0   -63.0   55.682  -11.650     47.1   1005.3    287.6      0.0     80.7
     1     1    14     8    31    17     0     1   -64.0   55.639  -12.326     53.6   1004.0    287.6      0.0     81.4
     1     1    14     8    31    16     0     2   -65.0   55.599  -13.050     61.0   1002.4    287.6      0.0     80.4
     1     1    14     8    31    15     0     3   -66.0   55.569  -13.803     68.9   1000.5    287.5      0.0     79.6
     1     1    14     8    31    14     0     2   -67.0   55.508  -14.578     75.7    998.8    287.5      0.1     81.4
     1     1    14     8    31    13     0     1   -68.0   55.425  -15.416     84.3    996.9    287.4      0.0     83.9
     1     1    14     8    31    12     0     0   -69.0   55.371  -16.310     94.2    994.9    287.1      0.0     84.2
     1     1    14     8    31    11     0     1   -70.0   55.285  -17.208    101.2    992.8    287.1      0.1     84.4
     1     1    14     8    31    10     0     2   -71.0   55.162  -18.115    106.9    991.2    287.1      0.1     86.5
     1     1    14     8    31     9     0     3   -72.0   55.081  -19.054    120.5    988.8    287.0      0.1     85.7
