     7     1
    GDAS    14     8    22     0     0
    GDAS    14     8    29     0     0
    GDAS    14     9     1     0     0
    GDAS    14     9     8     0     0
    GDAS    14     9    15     0     0
    GDAS    14     9    22     0     0
    GDAS    14     9    29     0     0
     1 BACKWARD OMEGA   
    14     9    16    17   56.467   -2.973   100.0
     4 PRESSURE AIR_TEMP RAINFALL RELHUMID
     1     1    14     9    16    17     0     1     0.0   56.467   -2.973    100.0    974.8    285.9      0.0     90.5
     1     1    14     9    16    16     0     2    -1.0   56.416   -2.827     90.0    981.4    286.5      0.0     88.3
     1     1    14     9    16    15     0     3    -2.0   56.359   -2.671     81.2    988.0    287.0      0.0     86.8
     1     1    14     9    16    14     0     2    -3.0   56.301   -2.521     76.1    993.7    287.0      0.0     87.9
     1     1    14     9    16    13     0     1    -4.0   56.244   -2.389     75.0    997.4    286.9      0.0     89.0
     1     1    14     9    16    12     0     0    -5.0   56.184   -2.275     76.4   1000.0    286.8      0.0     90.0
     1     1    14     9    16    11     0     1    -6.0   56.120   -2.166     79.8   1001.9    286.6      0.0     91.0
     1     1    14     9    16    10     0     2    -7.0   56.051   -2.050     85.6   1003.2    286.5      0.0     92.1
     1     1    14     9    16     9     0     3    -8.0   55.981   -1.928     94.2   1002.6    286.4      0.0     93.3
     1     1    14     9    16     8     0     2    -9.0   55.915   -1.808    101.7   1000.4    286.3      0.0     94.5
     1     1    14     9    16     7     0     1   -10.0   55.855   -1.695    104.1    999.7    286.2      0.0     95.4
     1     1    14     9    16     6     0     0   -11.0   55.797   -1.588    102.3    999.8    286.2      0.0     96.2
     1     1    14     9    16     5     0     1   -12.0   55.740   -1.492     99.5   1000.7    286.4      0.0     95.6
     1     1    14     9    16     4     0     2   -13.0   55.679   -1.413     98.6   1001.0    286.5      0.0     94.9
     1     1    14     9    16     3     0     3   -14.0   55.615   -1.350     99.6   1001.1    286.6      0.0     94.1
     1     1    14     9    16     2     0     2   -15.0   55.554   -1.285    100.6   1001.3    286.7      0.0     94.1
     1     1    14     9    16     1     0     1   -16.0   55.498   -1.201    100.5   1002.4    286.8      0.0     94.0
     1     1    14     9    16     0     0     0   -17.0   55.445   -1.100    101.7   1004.0    286.9      0.0     93.9
     1     1    14     9    15    23     0     1   -18.0   55.390   -0.993    107.2   1005.2    287.1      0.0     93.3
     1     1    14     9    15    22     0     2   -19.0   55.334   -0.889    116.7   1004.0    287.1      0.0     93.3
     1     1    14     9    15    21     0     3   -20.0   55.278   -0.786    128.7   1002.7    287.2      0.0     93.4
     1     1    14     9    15    20     0     2   -21.0   55.235   -0.667    140.5   1001.0    287.1      0.0     94.1
     1     1    14     9    15    19     0     1   -22.0   55.214   -0.510    148.6    999.7    287.0      0.0     94.6
     1     1    14     9    15    18     0     0   -23.0   55.215   -0.316    152.5    999.0    286.9      0.0     95.1
     1     1    14     9    15    17     0     1   -24.0   55.237   -0.110    153.9    999.2    286.9      0.0     95.6
     1     1    14     9    15    16     0     2   -25.0   55.231    0.118    150.6    999.0    288.2      0.0     86.2
     1     1    14     9    15    15     0     3   -26.0   55.185    0.344    140.5   1000.7    288.6      0.0     83.1
     1     1    14     9    15    14     0     2   -27.0   55.145    0.570    130.6   1002.8    288.5      0.0     83.8
     1     1    14     9    15    13     0     1   -28.0   55.112    0.825    125.0   1003.8    288.5      0.0     84.4
     1     1    14     9    15    12     0     0   -29.0   55.095    1.117    122.8   1004.6    288.5      0.0     85.5
     1     1    14     9    15    11     0     1   -30.0   55.087    1.426    122.1   1004.3    288.6      0.0     84.6
     1     1    14     9    15    10     0     2   -31.0   55.079    1.737    119.1   1004.2    288.8      0.1     82.4
     1     1    14     9    15     9     0     3   -32.0   55.068    2.061    110.1   1004.8    289.0      0.0     79.1
     1     1    14     9    15     8     0     2   -33.0   55.061    2.400     99.0   1006.9    288.9      0.0     82.4
     1     1    14     9    15     7     0     1   -34.0   55.057    2.757     91.0   1008.3    288.9      0.0     85.1
     1     1    14     9    15     6     0     0   -35.0   55.045    3.134     87.3   1009.3    288.9      0.0     88.0
     1     1    14     9    15     5     0     1   -36.0   55.039    3.542     85.9   1009.1    289.0      0.0     89.0
     1     1    14     9    15     4     0     2   -37.0   55.036    3.995     84.7   1009.3    289.2      0.0     87.5
     1     1    14     9    15     3     0     3   -38.0   54.991    4.488     82.6   1009.3    289.4      0.0     85.9
     1     1    14     9    15     2     0     2   -39.0   54.917    4.993     78.6   1010.0    289.6      0.2     86.6
     1     1    14     9    15     1     0     1   -40.0   54.864    5.502     73.6   1010.8    289.7      0.0     89.2
     1     1    14     9    15     0     0     0   -41.0   54.834    6.011     66.7   1011.6    289.9      0.0     88.9
     1     1    14     9    14    23     0     1   -42.0   54.814    6.533     58.5   1014.0    290.0      0.3     90.4
     1     1    14     9    14    22     0     2   -43.0   54.794    7.085     51.4   1015.2    290.1      0.3     92.0
     1     1    14     9    14    21     0     3   -44.0   54.772    7.649     46.7   1015.1    290.2      0.0     92.2
     1     1    14     9    14    20     0     2   -45.0   54.772    8.189     45.0   1015.4    290.0      2.7     92.9
     1     1    14     9    14    19     0     1   -46.0   54.815    8.654     48.1   1015.1    289.5      0.3     94.9
     1     1    14     9    14    18     0     0   -47.0   54.890    9.036     57.0   1013.9    289.1      0.3     97.1
     1     1    14     9    14    17     0     1   -48.0   54.976    9.418     66.7   1011.6    289.4      0.3     95.7
     1     1    14     9    14    16     0     2   -49.0   55.052    9.863     66.6   1012.5    289.9      0.0     93.6
     1     1    14     9    14    15     0     3   -50.0   55.124   10.331     61.4   1014.6    290.0      0.0     92.0
     1     1    14     9    14    14     0     2   -51.0   55.203   10.779     58.6   1016.2    289.9      0.3     92.2
     1     1    14     9    14    13     0     1   -52.0   55.289   11.201     57.9   1016.9    289.8      0.3     91.9
     1     1    14     9    14    12     0     0   -53.0   55.367   11.607     56.2   1017.1    289.9      1.0     91.6
     1     1    14     9    14    11     0     1   -54.0   55.434   12.009     51.0   1016.8    290.0      1.0     90.3
     1     1    14     9    14    10     0     2   -55.0   55.506   12.445     47.4   1016.2    290.2      0.1     89.9
     1     1    14     9    14     9     0     3   -56.0   55.591   12.955     55.1   1013.5    290.2      0.0     90.7
     1     1    14     9    14     8     0     2   -57.0   55.695   13.510     62.4   1009.6    289.1      0.0     92.2
     1     1    14     9    14     7     0     1   -58.0   55.826   14.007     47.8   1010.5    288.2      0.0     94.4
     1     1    14     9    14     6     0     0   -59.0   55.975   14.426     33.2   1017.0    288.2      0.0     95.3
     1     1    14     9    14     5     0     1   -60.0   56.149   14.862     30.4   1017.3    288.9      0.0     93.5
     1     1    14     9    14     4     0     2   -61.0   56.332   15.329     34.0   1014.2    288.6      0.0     93.5
     1     1    14     9    14     3     0     3   -62.0   56.505   15.763     32.2   1013.3    288.1      0.0     93.9
     1     1    14     9    14     2     0     2   -63.0   56.665   16.140     24.1   1015.4    287.9      0.0     93.3
     1     1    14     9    14     1     0     1   -64.0   56.813   16.482     16.8   1018.9    288.3      0.0     91.4
     1     1    14     9    14     0     0     0   -65.0   56.957   16.831     12.7   1022.7    288.9      0.0     89.1
     1     1    14     9    13    23     0     1   -66.0   57.103   17.211     10.8   1025.4    289.4      0.0     88.4
     1     1    14     9    13    22     0     2   -67.0   57.247   17.620     10.3   1025.9    289.5      0.0     88.7
     1     1    14     9    13    21     0     3   -68.0   57.391   18.050     10.6   1025.5    289.5      0.0     89.1
     1     1    14     9    13    20     0     2   -69.0   57.535   18.486     11.0   1025.6    289.5      0.0     88.6
     1     1    14     9    13    19     0     1   -70.0   57.682   18.906     10.8   1025.9    289.4      0.0     88.9
     1     1    14     9    13    18     0     0   -71.0   57.832   19.306     10.5   1026.3    289.5      0.0     89.0
     1     1    14     9    13    17     0     1   -72.0   57.982   19.681     10.4   1026.5    289.7      0.0     88.6
