     7     1
    GDAS    14     8    22     0     0
    GDAS    14     8    29     0     0
    GDAS    14     9     1     0     0
    GDAS    14     9     8     0     0
    GDAS    14     9    15     0     0
    GDAS    14     9    22     0     0
    GDAS    14     9    29     0     0
     1 BACKWARD OMEGA   
    14     9     4     4   56.467   -2.973   100.0
     4 PRESSURE AIR_TEMP RAINFALL RELHUMID
     1     1    14     9     4     4     0     2     0.0   56.467   -2.973    100.0    978.1    285.8      0.0     92.9
     1     1    14     9     4     3     0     3    -1.0   56.343   -2.935    114.9    982.2    286.1      0.0     91.2
     1     1    14     9     4     2     0     2    -2.0   56.208   -2.894    138.1    985.2    286.7      0.0     88.5
     1     1    14     9     4     1     0     1    -3.0   56.058   -2.849    170.7    986.7    287.4      0.0     85.2
     1     1    14     9     4     0     0     0    -4.0   55.894   -2.795    208.3    983.7    287.8      0.0     82.7
     1     1    14     9     3    23     0     1    -5.0   55.720   -2.718    242.3    979.5    287.9      0.0     80.3
     1     1    14     9     3    22     0     2    -6.0   55.541   -2.609    267.3    975.7    287.9      0.0     78.7
     1     1    14     9     3    21     0     3    -7.0   55.360   -2.470    277.6    972.2    287.7      0.0     78.2
     1     1    14     9     3    20     0     2    -8.0   55.186   -2.316    267.1    970.2    287.6      0.0     78.8
     1     1    14     9     3    19     0     1    -9.0   55.026   -2.166    237.5    969.9    287.7      0.0     79.4
     1     1    14     9     3    18     0     0   -10.0   54.882   -2.018    198.1    972.5    288.0      0.0     78.9
     1     1    14     9     3    17     0     1   -11.0   54.758   -1.861    158.7    980.7    288.4      0.0     76.0
     1     1    14     9     3    16     0     2   -12.0   54.651   -1.696    128.0    988.5    288.8      0.0     73.1
     1     1    14     9     3    15     0     3   -13.0   54.559   -1.531    109.6    994.3    289.1      0.0     70.5
     1     1    14     9     3    14     0     2   -14.0   54.476   -1.373    105.0    998.7    289.1      0.0     71.1
     1     1    14     9     3    13     0     1   -15.0   54.395   -1.227    114.3   1001.1    289.0      0.0     72.4
     1     1    14     9     3    12     0     0   -16.0   54.316   -1.092    139.0   1001.8    288.7      0.0     74.6
     1     1    14     9     3    11     0     1   -17.0   54.238   -0.966    177.5    998.2    287.9      0.0     77.1
     1     1    14     9     3    10     0     2   -18.0   54.158   -0.851    220.8    992.0    287.3      0.0     78.0
     1     1    14     9     3     9     0     3   -19.0   54.073   -0.746    264.1    986.8    286.9      0.0     77.3
     1     1    14     9     3     8     0     2   -20.0   53.985   -0.655    305.4    980.5    286.7      0.0     77.1
     1     1    14     9     3     7     0     1   -21.0   53.897   -0.580    340.5    975.8    286.5      0.0     77.7
     1     1    14     9     3     6     0     0   -22.0   53.809   -0.519    367.0    972.5    286.4      0.0     78.8
     1     1    14     9     3     5     0     1   -23.0   53.715   -0.461    386.9    970.4    286.2      0.0     79.2
     1     1    14     9     3     4     0     2   -24.0   53.611   -0.392    402.2    968.7    286.0      0.0     79.9
     1     1    14     9     3     3     0     3   -25.0   53.498   -0.312    413.6    967.5    285.9      0.0     80.8
     1     1    14     9     3     2     0     2   -26.0   53.384   -0.210    424.2    966.7    286.0      0.0     80.3
     1     1    14     9     3     1     0     1   -27.0   53.279   -0.080    435.7    965.4    286.0      0.0     79.2
     1     1    14     9     3     0     0     0   -28.0   53.182    0.076    440.1    968.8    286.2      0.0     84.5
     1     1    14     9     2    23     0     1   -29.0   53.093    0.253    439.2    970.5    286.5      0.0     82.8
     1     1    14     9     2    22     0     2   -30.0   53.015    0.440    444.4    970.3    286.6      0.0     82.1
     1     1    14     9     2    21     0     3   -31.0   52.946    0.636    454.2    969.3    286.7      0.0     83.1
     1     1    14     9     2    20     0     2   -32.0   52.889    0.835    468.1    968.1    286.5      0.0     83.4
     1     1    14     9     2    19     0     1   -33.0   52.846    1.026    485.7    966.2    286.4      0.0     84.1
     1     1    14     9     2    18     0     0   -34.0   52.816    1.205    505.2    963.7    286.3      0.0     83.5
     1     1    14     9     2    17     0     1   -35.0   52.800    1.372    524.7    961.2    286.2      0.0     82.3
     1     1    14     9     2    16     0     2   -36.0   52.796    1.529    545.0    959.0    286.1      0.0     82.4
     1     1    14     9     2    15     0     3   -37.0   52.800    1.676    569.2    956.4    285.9      0.0     83.4
     1     1    14     9     2    14     0     2   -38.0   52.803    1.810    593.4    953.5    285.6      0.0     85.1
     1     1    14     9     2    13     0     1   -39.0   52.800    1.934    609.8    951.9    285.4      0.0     87.2
     1     1    14     9     2    12     0     0   -40.0   52.790    2.051    615.9    951.5    285.2      0.0     88.8
     1     1    14     9     2    11     0     1   -41.0   52.781    2.168    615.8    951.6    285.3      0.0     89.5
     1     1    14     9     2    10     0     2   -42.0   52.779    2.289    613.2    951.4    285.2      0.0     90.5
     1     1    14     9     2     9     0     3   -43.0   52.781    2.414    606.3    951.6    285.3      0.0     91.9
     1     1    14     9     2     8     0     2   -44.0   52.785    2.540    599.7    952.7    285.2      0.0     92.7
     1     1    14     9     2     7     0     1   -45.0   52.783    2.669    597.2    952.5    285.2      0.0     93.6
     1     1    14     9     2     6     0     0   -46.0   52.771    2.800    596.5    952.2    285.1      0.0     94.5
     1     1    14     9     2     5     0     1   -47.0   52.757    2.925    586.3    952.0    285.3      0.0     95.4
     1     1    14     9     2     4     0     2   -48.0   52.758    3.035    558.6    955.0    285.6      0.0     95.8
     1     1    14     9     2     3     0     3   -49.0   52.776    3.136    516.6    959.8    285.9      0.0     95.5
     1     1    14     9     2     2     0     2   -50.0   52.792    3.225    478.2    966.0    286.3      0.0     93.7
     1     1    14     9     2     1     0     1   -51.0   52.786    3.296    457.2    968.3    286.5      0.0     92.5
     1     1    14     9     2     0     0     0   -52.0   52.760    3.345    451.4    968.7    286.6      0.0     91.8
     1     1    14     9     1    23     0     1   -53.0   52.719    3.362    445.5    967.5    286.7      0.0     91.8
     1     1    14     9     1    22     0     2   -54.0   52.672    3.343    426.5    969.8    286.9      0.0     91.9
     1     1    14     9     1    21     0     3   -55.0   52.623    3.285    397.6    972.9    287.1      0.0     92.2
     1     1    14     9     1    20     0     2   -56.0   52.567    3.193    369.4    976.7    287.4      0.0     91.1
     1     1    14     9     1    19     0     1   -57.0   52.492    3.065    348.3    978.7    287.6      0.0     90.7
     1     1    14     9     1    18     0     0   -58.0   52.398    2.897    331.7    980.3    287.7      0.0     90.1
     1     1    14     9     1    17     0     1   -59.0   52.304    2.699    316.9    981.9    287.9      0.0     87.5
     1     1    14     9     1    16     0     2   -60.0   52.218    2.487    305.2    983.5    288.1      0.0     85.4
     1     1    14     9     1    15     0     3   -61.0   52.131    2.256    302.5    984.3    288.0      0.0     84.2
     1     1    14     9     1    14     0     2   -62.0   52.032    2.007    309.3    983.3    287.9      0.0     84.1
     1     1    14     9     1    13     0     1   -63.0   51.921    1.761    318.8    981.2    287.9      0.0     83.1
     1     1    14     9     1    12     0     0   -64.0   51.805    1.527    328.6    979.8    287.8      0.0     82.2
     1     1    14     9     1    11     0     1   -65.0   51.692    1.297    337.5    978.0    287.5      0.0     81.1
     1     1    14     9     1    10     0     2   -66.0   51.589    1.072    340.1    977.0    287.4      0.0     79.0
     1     1    14     9     1     9     0     3   -67.0   51.492    0.851    333.6    976.7    287.4      0.0     77.2
     1     1    14     9     1     8     0     2   -68.0   51.407    0.647    324.5    977.2    287.3      0.0     77.3
     1     1    14     9     1     7     0     1   -69.0   51.339    0.469    319.8    976.9    287.2      0.0     76.7
     1     1    14     9     1     6     0     0   -70.0   51.290    0.321    321.9    975.8    287.0      0.0     75.7
     1     1    14     9     1     5     0     1   -71.0   51.258    0.194    329.8    973.8    287.0      0.0     74.6
     1     1    14     9     1     4     0     2   -72.0   51.241    0.077    340.8    971.7    287.0      0.0     73.7
