     7     1
    GDAS    14     8    22     0     0
    GDAS    14     8    29     0     0
    GDAS    14     9     1     0     0
    GDAS    14     9     8     0     0
    GDAS    14     9    15     0     0
    GDAS    14     9    22     0     0
    GDAS    14     9    29     0     0
     1 BACKWARD OMEGA   
    14     9    21     2   56.467   -2.973   100.0
     4 PRESSURE AIR_TEMP RAINFALL RELHUMID
     1     1    14     9    21     2     0     2     0.0   56.467   -2.973    100.0    981.0    281.8      0.0     88.1
     1     1    14     9    21     1     0     1    -1.0   56.603   -3.118    125.2    972.8    281.4      0.0     89.8
     1     1    14     9    21     0     0     0    -2.0   56.755   -3.281    178.9    959.0    281.0      0.0     91.1
     1     1    14     9    20    23     0     1    -3.0   56.942   -3.481    265.4    938.6    280.1      0.0     92.7
     1     1    14     9    20    22     0     2    -4.0   57.163   -3.709    362.0    926.6    279.4      0.0     94.0
     1     1    14     9    20    21     0     3    -5.0   57.394   -3.952    440.7    925.1    279.6      0.0     94.0
     1     1    14     9    20    20     0     2    -6.0   57.627   -4.213    510.6    927.5    279.9      0.0     94.2
     1     1    14     9    20    19     0     1    -7.0   57.860   -4.487    571.8    925.9    279.8      0.0     96.1
     1     1    14     9    20    18     0     0    -8.0   58.097   -4.762    601.4    923.5    279.4      0.2     97.9
     1     1    14     9    20    17     0     1    -9.0   58.330   -5.041    586.3    929.0    279.8      0.1     97.3
     1     1    14     9    20    16     0     2   -10.0   58.559   -5.350    552.0    947.3    281.2      0.0     94.5
     1     1    14     9    20    15     0     3   -11.0   58.797   -5.703    532.3    956.9    282.0      0.0     92.3
     1     1    14     9    20    14     0     2   -12.0   59.043   -6.091    531.3    958.2    282.0      0.0     92.5
     1     1    14     9    20    13     0     1   -13.0   59.293   -6.493    540.5    956.3    281.7      0.0     92.9
     1     1    14     9    20    12     0     0   -14.0   59.548   -6.909    549.5    954.7    281.5      0.0     93.4
     1     1    14     9    20    11     0     1   -15.0   59.812   -7.336    556.9    953.5    281.6      0.0     92.9
     1     1    14     9    20    10     0     2   -16.0   60.080   -7.782    567.5    952.2    281.5      0.0     92.6
     1     1    14     9    20     9     0     3   -17.0   60.340   -8.258    580.2    949.8    281.2      0.0     93.0
     1     1    14     9    20     8     0     2   -18.0   60.591   -8.747    586.5    948.1    281.1      0.0     93.7
     1     1    14     9    20     7     0     1   -19.0   60.837   -9.223    584.2    947.7    281.1      0.0     94.6
     1     1    14     9    20     6     0     0   -20.0   61.078   -9.686    572.9    948.0    281.0      0.0     95.9
     1     1    14     9    20     5     0     1   -21.0   61.325  -10.154    564.5    949.9    281.0      0.0     95.9
     1     1    14     9    20     4     0     2   -22.0   61.585  -10.618    566.7    948.8    280.9      0.3     96.3
     1     1    14     9    20     3     0     3   -23.0   61.852  -11.057    570.4    947.4    280.9      0.3     97.0
     1     1    14     9    20     2     0     2   -24.0   62.112  -11.496    570.3    946.8    280.8      0.3     96.2
     1     1    14     9    20     1     0     1   -25.0   62.357  -11.940    568.6    947.1    280.8      0.0     96.7
     1     1    14     9    20     0     0     0   -26.0   62.585  -12.363    566.1    946.6    280.8      1.3     96.5
     1     1    14     9    19    23     0     1   -27.0   62.788  -12.755    560.0    946.9    281.0      0.3     96.2
     1     1    14     9    19    22     0     2   -28.0   62.964  -13.124    551.8    947.6    281.1      0.3     96.5
     1     1    14     9    19    21     0     3   -29.0   63.119  -13.496    543.6    948.3    281.2      0.3     95.0
     1     1    14     9    19    20     0     2   -30.0   63.250  -13.862    535.5    949.0    281.3      0.0     95.0
     1     1    14     9    19    19     0     1   -31.0   63.363  -14.195    527.5    950.1    281.4      0.0     94.7
     1     1    14     9    19    18     0     0   -32.0   63.462  -14.494    518.5    951.9    281.6      0.0     93.9
     1     1    14     9    19    17     0     1   -33.0   63.544  -14.765    509.2    954.3    281.8      0.3     92.2
     1     1    14     9    19    16     0     2   -34.0   63.608  -15.016    501.9    956.2    281.8      0.3     91.9
     1     1    14     9    19    15     0     3   -35.0   63.664  -15.250    502.8    953.0    281.6      0.3     92.1
     1     1    14     9    19    14     0     2   -36.0   63.707  -15.455    508.6    947.5    281.3      0.0     91.8
     1     1    14     9    19    13     0     1   -37.0   63.727  -15.625    502.2    944.3    281.1      0.5     92.4
     1     1    14     9    19    12     0     0   -38.0   63.723  -15.767    473.0    944.6    281.0      0.5     93.7
     1     1    14     9    19    11     0     1   -39.0   63.701  -15.892    422.7    949.5    281.2      0.3     94.1
     1     1    14     9    19    10     0     2   -40.0   63.668  -16.007    355.7    955.1    281.4      0.3     94.7
     1     1    14     9    19     9     0     3   -41.0   63.626  -16.105    271.6    964.0    281.8      0.3     95.5
     1     1    14     9    19     8     0     2   -42.0   63.581  -16.168    184.0    974.9    282.4      0.0     95.3
     1     1    14     9    19     7     0     1   -43.0   63.530  -16.179    113.4    985.0    282.8      0.0     95.2
     1     1    14     9    19     6     0     0   -44.0   63.469  -16.134     68.3    993.6    283.1      0.0     95.2
     1     1    14     9    19     5     0     1   -45.0   63.413  -16.032     42.9    998.2    283.3      0.0     94.7
     1     1    14     9    19     4     0     2   -46.0   63.386  -15.879     29.1   1001.7    283.6      0.0     94.2
     1     1    14     9    19     3     0     3   -47.0   63.396  -15.687     21.7   1004.5    283.9      0.0     93.8
     1     1    14     9    19     2     0     2   -48.0   63.439  -15.486     18.6   1007.0    284.0      0.0     93.8
     1     1    14     9    19     1     0     1   -49.0   63.504  -15.292     18.1   1009.5    284.1      0.0     93.8
     1     1    14     9    19     0     0     0   -50.0   63.590  -15.094     19.6   1012.7    284.3      0.0     93.7
     1     1    14     9    18    23     0     1   -51.0   63.682  -14.897     22.3   1014.2    284.4      0.0     94.1
     1     1    14     9    18    22     0     2   -52.0   63.761  -14.717     24.3   1013.5    284.3      0.0     94.8
     1     1    14     9    18    21     0     3   -53.0   63.821  -14.562     24.8   1012.9    284.2      0.0     95.4
     1     1    14     9    18    20     0     2   -54.0   63.880  -14.398     24.1   1011.9    284.2      0.3     96.3
     1     1    14     9    18    19     0     1   -55.0   63.961  -14.188     22.0   1010.0    284.1      0.3     97.6
     1     1    14     9    18    18     0     0   -56.0   64.062  -13.939     19.2   1006.0    283.8      0.3     98.9
     1     1    14     9    18    17     0     1   -57.0   64.159  -13.690     16.9   1005.5    283.7      0.2     98.6
     1     1    14     9    18    16     0     2   -58.0   64.233  -13.457     14.9   1006.9    283.7      0.2     98.2
     1     1    14     9    18    15     0     3   -59.0   64.281  -13.226     13.0   1009.7    283.8      0.2     97.7
     1     1    14     9    18    14     0     2   -60.0   64.313  -12.982     11.2   1013.6    283.8      0.2     97.3
     1     1    14     9    18    13     0     1   -61.0   64.340  -12.718      9.5   1013.9    283.7      0.2     97.2
     1     1    14     9    18    12     0     0   -62.0   64.354  -12.438      7.9   1013.9    283.6      0.5     97.2
     1     1    14     9    18    11     0     1   -63.0   64.353  -12.167      6.6   1013.8    283.6      0.5     97.6
     1     1    14     9    18    10     0     2   -64.0   64.346  -11.925      5.6   1013.9    283.6      0.5     97.9
     1     1    14     9    18     9     0     3   -65.0   64.336  -11.711      4.6   1014.3    283.5      0.5     98.1
     1     1    14     9    18     8     0     2   -66.0   64.326  -11.487      3.5   1014.5    283.5      0.3     98.2
     1     1    14     9    18     7     0     1   -67.0   64.306  -11.222      2.2   1014.7    283.6      0.3     98.3
     1     1    14     9    18     6     0     0   -68.0   64.277  -10.923      0.8   1014.9    283.7      0.3     98.4
     1     1    14     9    18     5     0     1   -69.0   64.247  -10.597      0.0   1015.0    283.6      0.3     98.0
     1     1    14     9    18     4     0     2   -70.0   64.232  -10.241      0.0   1014.9    283.5      0.3     97.7
     1     1    14     9    18     3     0     3   -71.0   64.233   -9.852      0.0   1014.7    283.5      0.3     97.5
     1     1    14     9    18     2     0     2   -72.0   64.246   -9.463      0.0   1015.2    283.5      0.0     97.7
