     7     1
    GDAS    14     8    22     0     0
    GDAS    14     8    29     0     0
    GDAS    14     9     1     0     0
    GDAS    14     9     8     0     0
    GDAS    14     9    15     0     0
    GDAS    14     9    22     0     0
    GDAS    14     9    29     0     0
     1 BACKWARD OMEGA   
    14     9     7     8   56.467   -2.973   100.0
     4 PRESSURE AIR_TEMP RAINFALL RELHUMID
     1     1    14     9     7     8     0     2     0.0   56.467   -2.973    100.0    972.2    282.5      0.0     86.0
     1     1    14     9     7     7     0     1    -1.0   56.612   -3.268    177.7    955.9    281.0      0.0     90.1
     1     1    14     9     7     6     0     0    -2.0   56.808   -3.571    249.6    933.1    279.8      0.0     93.7
     1     1    14     9     7     5     0     1    -3.0   57.041   -3.864    268.5    917.1    278.8      0.0     96.9
     1     1    14     9     7     4     0     2    -4.0   57.262   -4.140    258.2    933.2    279.6      0.0     97.1
     1     1    14     9     7     3     0     3    -5.0   57.466   -4.367    256.8    943.3    280.1      0.0     96.9
     1     1    14     9     7     2     0     2    -6.0   57.662   -4.555    261.9    948.2    280.6      0.0     96.1
     1     1    14     9     7     1     0     1    -7.0   57.853   -4.733    253.0    951.6    281.0      0.0     95.0
     1     1    14     9     7     0     0     0    -8.0   58.035   -4.905    211.6    956.9    281.4      0.0     93.3
     1     1    14     9     6    23     0     1    -9.0   58.217   -5.040    155.7    971.8    282.4      0.1     90.2
     1     1    14     9     6    22     0     2   -10.0   58.420   -5.120    111.6    985.5    283.7      0.1     85.4
     1     1    14     9     6    21     0     3   -11.0   58.662   -5.141     80.9    995.8    284.8      0.4     79.2
     1     1    14     9     6    20     0     2   -12.0   58.946   -5.104     62.1   1006.1    285.6      0.0     77.1
     1     1    14     9     6    19     0     1   -13.0   59.248   -5.028     53.7   1008.1    285.6      0.0     80.5
     1     1    14     9     6    18     0     0   -14.0   59.544   -4.925     51.9   1007.8    285.4      0.0     83.0
     1     1    14     9     6    17     0     1   -15.0   59.824   -4.776     52.0   1007.7    285.4      0.0     82.1
     1     1    14     9     6    16     0     2   -16.0   60.080   -4.577     51.1   1007.9    285.4      0.0     81.2
     1     1    14     9     6    15     0     3   -17.0   60.307   -4.343     48.1   1008.2    285.4      0.0     81.1
     1     1    14     9     6    14     0     2   -18.0   60.504   -4.076     44.2   1008.8    285.5      0.0     82.4
     1     1    14     9     6    13     0     1   -19.0   60.669   -3.782     41.4   1009.3    285.5      0.0     83.5
     1     1    14     9     6    12     0     0   -20.0   60.800   -3.479     40.5   1009.5    285.5      0.0     84.2
     1     1    14     9     6    11     0     1   -21.0   60.902   -3.173     40.5   1008.9    285.5      0.2     82.5
     1     1    14     9     6    10     0     2   -22.0   60.977   -2.860     40.5   1008.4    285.5      0.2     80.8
     1     1    14     9     6     9     0     3   -23.0   61.014   -2.535     40.5   1007.9    285.4      0.2     79.5
     1     1    14     9     6     8     0     2   -24.0   61.011   -2.212     40.0   1008.0    285.4      0.0     80.5
     1     1    14     9     6     7     0     1   -25.0   60.975   -1.909     38.5   1008.1    285.5      0.0     81.5
     1     1    14     9     6     6     0     0   -26.0   60.915   -1.640     35.9   1008.5    285.6      0.0     82.6
     1     1    14     9     6     5     0     1   -27.0   60.834   -1.396     33.0   1009.0    285.7      0.0     83.1
     1     1    14     9     6     4     0     2   -28.0   60.736   -1.170     30.4   1009.5    285.7      0.0     83.0
     1     1    14     9     6     3     0     3   -29.0   60.625   -0.969     28.3   1010.0    285.8      0.0     82.6
     1     1    14     9     6     2     0     2   -30.0   60.512   -0.835     27.0   1010.3    285.9      0.0     82.7
     1     1    14     9     6     1     0     1   -31.0   60.406   -0.804     26.3   1010.6    285.9      0.0     82.7
     1     1    14     9     6     0     0     0   -32.0   60.309   -0.874     26.2   1010.8    285.9      0.0     82.6
     1     1    14     9     5    23     0     1   -33.0   60.202   -1.017     26.2   1011.0    286.0      0.0     82.1
     1     1    14     9     5    22     0     2   -34.0   60.062   -1.221     25.7   1011.1    286.0      0.0     81.8
     1     1    14     9     5    21     0     3   -35.0   59.899   -1.509     23.7   1011.5    286.1      0.0     81.8
     1     1    14     9     5    20     0     2   -36.0   59.739   -1.851     20.7   1012.0    286.1      0.0     81.8
     1     1    14     9     5    19     0     1   -37.0   59.603   -2.202     18.2   1012.5    286.2      0.0     82.1
     1     1    14     9     5    18     0     0   -38.0   59.492   -2.569     16.9   1012.7    286.1      0.0     82.6
     1     1    14     9     5    17     0     1   -39.0   59.401   -2.977     16.3   1012.7    286.0      0.0     81.8
     1     1    14     9     5    16     0     2   -40.0   59.327   -3.436     16.2   1013.2    286.0      0.0     81.3
     1     1    14     9     5    15     0     3   -41.0   59.257   -3.942     17.0   1015.1    285.8      0.0     81.4
     1     1    14     9     5    14     0     2   -42.0   59.195   -4.485     19.0   1013.8    285.8      0.0     81.5
     1     1    14     9     5    13     0     1   -43.0   59.146   -5.041     21.3   1013.3    285.8      0.0     82.4
     1     1    14     9     5    12     0     0   -44.0   59.111   -5.593     22.9   1013.8    285.8      0.0     82.6
     1     1    14     9     5    11     0     1   -45.0   59.102   -6.128     23.0   1014.1    285.9      0.0     80.6
     1     1    14     9     5    10     0     2   -46.0   59.111   -6.646     23.1   1014.4    286.0      0.0     78.7
     1     1    14     9     5     9     0     3   -47.0   59.121   -7.150     23.9   1014.4    286.0      0.0     77.7
     1     1    14     9     5     8     0     2   -48.0   59.143   -7.646     24.7   1014.1    286.0      0.0     77.7
     1     1    14     9     5     7     0     1   -49.0   59.193   -8.147     24.8   1013.8    285.9      0.0     77.9
     1     1    14     9     5     6     0     0   -50.0   59.261   -8.664     24.9   1013.5    285.8      0.0     78.5
     1     1    14     9     5     5     0     1   -51.0   59.340   -9.201     24.9   1013.2    285.8      0.0     77.6
     1     1    14     9     5     4     0     2   -52.0   59.420   -9.756     24.9   1013.0    285.8      0.0     76.9
     1     1    14     9     5     3     0     3   -53.0   59.487  -10.334     24.9   1013.3    285.8      0.0     77.1
     1     1    14     9     5     2     0     2   -54.0   59.555  -10.917     24.9   1013.6    285.9      0.0     77.1
     1     1    14     9     5     1     0     1   -55.0   59.643  -11.479     24.9   1013.5    285.9      0.0     76.9
     1     1    14     9     5     0     0     0   -56.0   59.747  -12.023     24.8   1014.2    285.8      0.0     77.0
     1     1    14     9     4    23     0     1   -57.0   59.863  -12.566     24.8   1013.3    286.0      0.0     75.8
     1     1    14     9     4    22     0     2   -58.0   59.986  -13.127     24.9   1012.4    286.0      0.0     74.7
     1     1    14     9     4    21     0     3   -59.0   60.112  -13.709     25.0   1013.0    286.0      0.0     74.7
     1     1    14     9     4    20     0     2   -60.0   60.253  -14.277     25.8   1012.4    285.9      0.0     75.9
     1     1    14     9     4    19     0     1   -61.0   60.421  -14.795     27.5   1011.3    285.8      0.0     77.5
     1     1    14     9     4    18     0     0   -62.0   60.604  -15.261     29.9   1010.5    285.6      0.0     79.0
     1     1    14     9     4    17     0     1   -63.0   60.781  -15.699     31.4   1009.6    285.5      0.1     78.3
     1     1    14     9     4    16     0     2   -64.0   60.949  -16.137     31.7   1009.0    285.5      0.1     77.6
     1     1    14     9     4    15     0     3   -65.0   61.119  -16.575     31.7   1009.3    285.5      0.0     77.1
     1     1    14     9     4    14     0     2   -66.0   61.274  -16.962     31.7   1009.1    285.5      0.1     78.6
     1     1    14     9     4    13     0     1   -67.0   61.408  -17.265     31.7   1008.3    285.4      0.2     80.1
     1     1    14     9     4    12     0     0   -68.0   61.518  -17.508     31.7   1007.5    285.3      0.0     80.8
     1     1    14     9     4    11     0     1   -69.0   61.601  -17.709     32.0   1007.7    285.3      0.1     79.4
     1     1    14     9     4    10     0     2   -70.0   61.658  -17.870     33.0   1007.9    285.3      0.2     77.8
     1     1    14     9     4     9     0     3   -71.0   61.691  -17.985     34.9   1007.9    285.4      0.2     76.2
     1     1    14     9     4     8     0     2   -72.0   61.697  -18.109     36.2   1006.9    285.3      0.5     76.4
