     7     1
    GDAS    14     8    22     0     0
    GDAS    14     8    29     0     0
    GDAS    14     9     1     0     0
    GDAS    14     9     8     0     0
    GDAS    14     9    15     0     0
    GDAS    14     9    22     0     0
    GDAS    14     9    29     0     0
     1 BACKWARD OMEGA   
    14     9    18    13   56.467   -2.973   100.0
     4 PRESSURE AIR_TEMP RAINFALL RELHUMID
     1     1    14     9    18    13     0     1     0.0   56.467   -2.973    100.0    972.2    286.9      0.0     95.5
     1     1    14     9    18    12     0     0    -1.0   56.436   -2.787     70.6    983.2    287.2      0.0     94.5
     1     1    14     9    18    11     0     1    -2.0   56.399   -2.603     51.7    990.3    287.2      0.0     94.7
     1     1    14     9    18    10     0     2    -3.0   56.357   -2.414     38.6    996.6    287.0      0.0     95.0
     1     1    14     9    18     9     0     3    -4.0   56.308   -2.216     29.1   1002.6    286.9      0.0     95.1
     1     1    14     9    18     8     0     2    -5.0   56.254   -2.007     22.2   1008.3    286.9      0.0     94.9
     1     1    14     9    18     7     0     1    -6.0   56.196   -1.788     17.8   1010.2    286.9      0.0     94.3
     1     1    14     9    18     6     0     0    -7.0   56.132   -1.557     15.4   1011.6    287.0      0.0     94.0
     1     1    14     9    18     5     0     1    -8.0   56.064   -1.313     14.4   1012.6    287.0      0.0     94.6
     1     1    14     9    18     4     0     2    -9.0   55.995   -1.049     14.7   1013.6    287.1      0.0     95.7
     1     1    14     9    18     3     0     3   -10.0   55.933   -0.776     16.4   1013.4    287.2      0.0     97.0
     1     1    14     9    18     2     0     2   -11.0   55.885   -0.506     18.6   1013.0    287.2      0.0     97.0
     1     1    14     9    18     1     0     1   -12.0   55.848   -0.246     20.6   1012.8    287.2      0.0     97.1
     1     1    14     9    18     0     0     0   -13.0   55.802    0.025     21.0   1012.1    287.3      0.0     95.8
     1     1    14     9    17    23     0     1   -14.0   55.740    0.318     20.2   1012.6    287.4      0.0     94.5
     1     1    14     9    17    22     0     2   -15.0   55.670    0.622     19.5   1012.9    287.6      0.0     93.8
     1     1    14     9    17    21     0     3   -16.0   55.593    0.934     18.3   1013.4    287.6      0.0     93.4
     1     1    14     9    17    20     0     2   -17.0   55.511    1.259     17.2   1013.6    287.8      0.0     92.3
     1     1    14     9    17    19     0     1   -18.0   55.431    1.605     16.8   1013.6    288.0      0.0     91.7
     1     1    14     9    17    18     0     0   -19.0   55.350    1.969     16.7   1013.5    288.3      0.0     91.8
     1     1    14     9    17    17     0     1   -20.0   55.271    2.349     16.8   1013.3    288.5      0.0     91.1
     1     1    14     9    17    16     0     2   -21.0   55.198    2.749     16.8   1013.0    288.7      0.0     90.9
     1     1    14     9    17    15     0     3   -22.0   55.130    3.173     16.8   1012.8    288.8      0.0     90.9
     1     1    14     9    17    14     0     2   -23.0   55.060    3.611     16.6   1012.6    289.0      0.1     89.9
     1     1    14     9    17    13     0     1   -24.0   54.987    4.052     16.4   1012.5    289.2      0.2     89.4
     1     1    14     9    17    12     0     0   -25.0   54.916    4.501     15.8   1013.6    289.4      0.1     89.3
     1     1    14     9    17    11     0     1   -26.0   54.836    4.960     14.4   1014.9    289.6      0.1     89.3
     1     1    14     9    17    10     0     2   -27.0   54.736    5.431     13.3   1014.9    289.8      0.1     89.1
     1     1    14     9    17     9     0     3   -28.0   54.618    5.913     12.9   1015.3    290.0      0.1     89.5
     1     1    14     9    17     8     0     2   -29.0   54.505    6.398     13.1   1015.0    290.1      0.4     87.9
     1     1    14     9    17     7     0     1   -30.0   54.415    6.886     13.3   1015.1    290.2      0.0     86.6
     1     1    14     9    17     6     0     0   -31.0   54.339    7.379     13.4   1014.9    290.3      0.0     86.3
     1     1    14     9    17     5     0     1   -32.0   54.271    7.875     13.2   1015.1    290.3      0.0     83.8
     1     1    14     9    17     4     0     2   -33.0   54.213    8.325     13.0   1015.7    289.4      0.0     82.0
     1     1    14     9    17     3     0     3   -34.0   54.168    8.698     13.1   1016.4    288.3      0.0     80.6
     1     1    14     9    17     2     0     2   -35.0   54.141    9.010     13.6   1016.2    287.8      0.0     80.0
     1     1    14     9    17     1     0     1   -36.0   54.128    9.295     14.6   1014.8    287.9      0.0     79.9
     1     1    14     9    17     0     0     0   -37.0   54.118    9.577     15.8   1013.5    288.0      0.0     79.9
     1     1    14     9    16    23     0     1   -38.0   54.108    9.856     17.7   1012.9    288.2      0.0     79.0
     1     1    14     9    16    22     0     2   -39.0   54.096   10.141     20.1   1013.1    288.5      0.0     77.2
     1     1    14     9    16    21     0     3   -40.0   54.084   10.446     22.1   1013.2    288.9      0.0     74.7
     1     1    14     9    16    20     0     2   -41.0   54.075   10.775     21.4   1013.1    289.4      0.0     72.0
     1     1    14     9    16    19     0     1   -42.0   54.074   11.117     18.3   1013.8    289.7      0.0     69.5
     1     1    14     9    16    18     0     0   -43.0   54.079   11.460     15.9   1014.5    289.9      0.0     68.0
     1     1    14     9    16    17     0     1   -44.0   54.086   11.799     14.8   1014.3    291.6      0.0     63.1
     1     1    14     9    16    16     0     2   -45.0   54.091   12.133     13.9   1014.6    293.4      0.0     58.4
     1     1    14     9    16    15     0     3   -46.0   54.098   12.464     12.6   1015.9    295.1      0.0     54.1
     1     1    14     9    16    14     0     2   -47.0   54.105   12.785     11.3   1017.6    295.7      0.0     55.0
     1     1    14     9    16    13     0     1   -48.0   54.108   13.092     10.3   1018.3    295.9      0.0     55.5
     1     1    14     9    16    12     0     0   -49.0   54.108   13.391      9.6   1019.3    294.8      0.0     55.5
     1     1    14     9    16    11     0     1   -50.0   54.109   13.698      9.0   1020.4    292.6      0.0     58.1
     1     1    14     9    16    10     0     2   -51.0   54.107   14.029      8.7   1021.5    290.9      0.0     60.6
     1     1    14     9    16     9     0     3   -52.0   54.091   14.366      8.7   1020.4    291.6      0.0     60.7
     1     1    14     9    16     8     0     2   -53.0   54.066   14.688      9.2   1019.8    291.4      0.0     59.6
     1     1    14     9    16     7     0     1   -54.0   54.041   14.994      9.9   1019.9    290.5      0.0     59.2
     1     1    14     9    16     6     0     0   -55.0   54.014   15.285     11.5   1019.4    288.6      0.0     60.8
     1     1    14     9    16     5     0     1   -56.0   53.981   15.555     15.0   1016.6    287.9      0.0     60.0
     1     1    14     9    16     4     0     2   -57.0   53.941   15.798     21.9   1013.6    287.1      0.0     59.4
     1     1    14     9    16     3     0     3   -58.0   53.893   16.026     33.8   1010.4    286.5      0.0     59.1
     1     1    14     9    16     2     0     2   -59.0   53.836   16.266     50.6   1006.4    286.9      0.0     60.7
     1     1    14     9    16     1     0     1   -60.0   53.767   16.541     70.6   1001.8    287.4      0.0     61.3
     1     1    14     9    16     0     0     0   -61.0   53.685   16.855     93.2    997.2    287.8      0.0     60.6
     1     1    14     9    15    23     0     1   -62.0   53.608   17.202    112.3    994.1    288.3      0.0     60.1
     1     1    14     9    15    22     0     2   -63.0   53.553   17.564    122.4    993.1    288.7      0.0     59.5
     1     1    14     9    15    21     0     3   -64.0   53.519   17.929    125.8    992.7    289.0      0.0     58.7
     1     1    14     9    15    20     0     2   -65.0   53.499   18.294    126.2    995.0    289.7      0.0     56.2
     1     1    14     9    15    19     0     1   -66.0   53.487   18.664    126.5    997.8    290.4      0.0     53.0
     1     1    14     9    15    18     0     0   -67.0   53.485   19.037    128.8    999.7    291.2      0.0     49.7
     1     1    14     9    15    17     0     1   -68.0   53.492   19.402    133.6    996.6    291.9      0.0     47.7
     1     1    14     9    15    16     0     2   -69.0   53.507   19.747    139.6    993.5    292.7      0.0     44.7
     1     1    14     9    15    15     0     3   -70.0   53.527   20.073    143.9    990.7    293.4      0.0     41.3
     1     1    14     9    15    14     0     2   -71.0   53.548   20.381    145.1    991.0    293.2      0.0     42.3
     1     1    14     9    15    13     0     1   -72.0   53.566   20.676    143.3    991.7    293.0      0.0     42.8
