     7     1
    GDAS    14     8    22     0     0
    GDAS    14     8    29     0     0
    GDAS    14     9     1     0     0
    GDAS    14     9     8     0     0
    GDAS    14     9    15     0     0
    GDAS    14     9    22     0     0
    GDAS    14     9    29     0     0
     1 BACKWARD OMEGA   
    14     9    17    11   56.467   -2.973   100.0
     4 PRESSURE AIR_TEMP RAINFALL RELHUMID
     1     1    14     9    17    11     0     1     0.0   56.467   -2.973    100.0    974.1    285.6      0.0     87.3
     1     1    14     9    17    10     0     2    -1.0   56.493   -2.901     94.2    976.0    285.3      0.0     87.5
     1     1    14     9    17     9     0     3    -2.0   56.532   -2.843     91.4    976.8    285.0      0.0     87.6
     1     1    14     9    17     8     0     2    -3.0   56.578   -2.790     91.0    977.5    284.2      0.0     87.3
     1     1    14     9    17     7     0     1    -4.0   56.628   -2.733     92.2    978.3    283.5      0.0     86.8
     1     1    14     9    17     6     0     0    -5.0   56.681   -2.678     95.8    978.9    282.8      0.0     86.0
     1     1    14     9    17     5     0     1    -6.0   56.735   -2.639    103.6    978.6    283.0      0.0     86.9
     1     1    14     9    17     4     0     2    -7.0   56.783   -2.630    119.1    976.6    283.3      0.0     87.7
     1     1    14     9    17     3     0     3    -8.0   56.820   -2.651    146.4    972.8    283.6      0.0     88.5
     1     1    14     9    17     2     0     2    -9.0   56.841   -2.680    184.0    966.1    283.6      0.0     89.2
     1     1    14     9    17     1     0     1   -10.0   56.845   -2.702    227.6    960.3    283.5      0.0     89.8
     1     1    14     9    17     0     0     0   -11.0   56.836   -2.716    277.1    954.7    283.4      0.0     90.4
     1     1    14     9    16    23     0     1   -12.0   56.810   -2.709    325.8    949.0    283.5      0.0     90.6
     1     1    14     9    16    22     0     2   -13.0   56.765   -2.669    367.8    947.0    283.6      0.0     91.2
     1     1    14     9    16    21     0     3   -14.0   56.707   -2.606    407.2    946.5    283.7      0.0     91.8
     1     1    14     9    16    20     0     2   -15.0   56.641   -2.539    447.0    945.4    283.7      0.0     92.0
     1     1    14     9    16    19     0     1   -16.0   56.572   -2.483    487.4    943.2    283.7      0.0     92.3
     1     1    14     9    16    18     0     0   -17.0   56.499   -2.440    526.7    940.6    283.6      0.0     92.8
     1     1    14     9    16    17     0     1   -18.0   56.418   -2.390    563.0    938.7    283.5      0.0     93.8
     1     1    14     9    16    16     0     2   -19.0   56.325   -2.312    596.9    938.1    283.4      0.0     94.9
     1     1    14     9    16    15     0     3   -20.0   56.220   -2.208    634.7    937.2    283.2      0.0     96.1
     1     1    14     9    16    14     0     2   -21.0   56.106   -2.095    673.1    934.0    283.1      0.0     95.1
     1     1    14     9    16    13     0     1   -22.0   55.986   -1.987    702.1    931.3    283.1      0.0     94.4
     1     1    14     9    16    12     0     0   -23.0   55.861   -1.882    717.8    927.5    283.0      0.0     94.1
     1     1    14     9    16    11     0     1   -24.0   55.740   -1.768    729.0    926.1    283.0      0.0     93.6
     1     1    14     9    16    10     0     2   -25.0   55.631   -1.636    745.3    924.1    282.9      0.0     92.9
     1     1    14     9    16     9     0     3   -26.0   55.534   -1.489    767.1    922.3    282.8      0.0     92.4
     1     1    14     9    16     8     0     2   -27.0   55.446   -1.340    787.6    920.7    282.8      0.0     92.0
     1     1    14     9    16     7     0     1   -28.0   55.363   -1.201    799.8    921.0    282.9      0.0     91.8
     1     1    14     9    16     6     0     0   -29.0   55.283   -1.066    803.2    922.7    283.0      0.0     91.7
     1     1    14     9    16     5     0     1   -30.0   55.200   -0.938    804.7    924.6    283.3      0.0     89.5
     1     1    14     9    16     4     0     2   -31.0   55.109   -0.823    812.5    923.8    283.5      0.0     87.2
     1     1    14     9    16     3     0     3   -32.0   55.009   -0.717    828.1    922.1    283.6      0.0     84.9
     1     1    14     9    16     2     0     2   -33.0   54.904   -0.609    850.2    919.0    283.4      0.0     86.3
     1     1    14     9    16     1     0     1   -34.0   54.793   -0.490    877.3    915.5    283.1      0.0     87.6
     1     1    14     9    16     0     0     0   -35.0   54.678   -0.365    909.8    911.1    282.9      0.0     88.9
     1     1    14     9    15    23     0     1   -36.0   54.568   -0.236    943.6    906.0    282.7      0.0     89.1
     1     1    14     9    15    22     0     2   -37.0   54.473   -0.100    973.8    901.9    282.5      0.0     88.8
     1     1    14     9    15    21     0     3   -38.0   54.359    0.057    980.2    902.8    283.0      0.0     79.2
     1     1    14     9    15    20     0     2   -39.0   54.229    0.232    969.3    907.2    283.3      0.0     79.1
     1     1    14     9    15    19     0     1   -40.0   54.115    0.405    968.5    906.7    283.3      0.0     78.5
     1     1    14     9    15    18     0     0   -41.0   54.013    0.576    970.6    905.9    283.2      0.0     77.4
     1     1    14     9    15    17     0     1   -42.0   53.919    0.752    973.4    905.8    283.4      0.0     76.8
     1     1    14     9    15    16     0     2   -43.0   53.824    0.936    981.6    905.2    283.6      0.0     76.4
     1     1    14     9    15    15     0     3   -44.0   53.723    1.121    997.8    903.4    283.6      0.0     77.0
     1     1    14     9    15    14     0     2   -45.0   53.623    1.300   1014.2    901.1    283.3      0.0     79.1
     1     1    14     9    15    13     0     1   -46.0   53.531    1.467   1024.8    900.4    283.1      0.0     80.2
     1     1    14     9    15    12     0     0   -47.0   53.444    1.624   1031.9    900.1    283.0      0.0     80.7
     1     1    14     9    15    11     0     1   -48.0   53.354    1.778   1038.2    899.5    283.0      0.0     79.8
     1     1    14     9    15    10     0     2   -49.0   53.253    1.938   1047.8    898.5    283.0      0.0     79.0
     1     1    14     9    15     9     0     3   -50.0   53.140    2.100   1064.2    896.8    282.9      0.0     79.1
     1     1    14     9    15     8     0     2   -51.0   53.024    2.264   1086.5    894.2    282.6      0.0     81.5
     1     1    14     9    15     7     0     1   -52.0   52.917    2.434   1107.6    891.7    282.4      0.0     83.1
     1     1    14     9    15     6     0     0   -53.0   52.814    2.612   1125.6    890.1    282.2      0.0     83.6
     1     1    14     9    15     5     0     1   -54.0   52.721    2.791   1134.6    888.2    282.2      0.0     83.0
     1     1    14     9    15     4     0     2   -55.0   52.643    2.959   1126.7    888.7    282.2      0.0     82.3
     1     1    14     9    15     3     0     3   -56.0   52.575    3.114   1102.1    891.2    282.4      0.0     81.8
     1     1    14     9    15     2     0     2   -57.0   52.525    3.272   1075.1    895.9    282.7      0.0     82.1
     1     1    14     9    15     1     0     1   -58.0   52.495    3.447   1057.5    898.1    282.8      0.0     82.6
     1     1    14     9    15     0     0     0   -59.0   52.484    3.633   1046.2    899.5    282.9      0.0     83.4
     1     1    14     9    14    23     0     1   -60.0   52.480    3.810   1043.3    900.5    283.1      0.0     82.3
     1     1    14     9    14    22     0     2   -61.0   52.476    3.955   1054.8    899.8    283.2      0.0     81.3
     1     1    14     9    14    21     0     3   -62.0   52.478    4.069   1083.4    897.0    283.2      0.0     80.2
     1     1    14     9    14    20     0     2   -63.0   52.487    4.177   1118.4    892.2    282.8      0.0     82.1
     1     1    14     9    14    19     0     1   -64.0   52.505    4.307   1146.1    889.2    282.5      0.0     84.1
     1     1    14     9    14    18     0     0   -65.0   52.530    4.456   1162.4    887.3    282.2      0.0     86.2
     1     1    14     9    14    17     0     1   -66.0   52.570    4.618   1170.8    887.2    282.2      0.0     85.5
     1     1    14     9    14    16     0     2   -67.0   52.635    4.786   1178.4    886.7    282.2      0.0     85.5
     1     1    14     9    14    15     0     3   -68.0   52.731    4.958   1191.8    885.9    282.1      0.0     86.3
     1     1    14     9    14    14     0     2   -69.0   52.846    5.132   1214.9    883.7    281.7      0.0     86.8
     1     1    14     9    14    13     0     1   -70.0   52.970    5.308   1240.0    881.0    281.3      0.0     87.8
     1     1    14     9    14    12     0     0   -71.0   53.108    5.495   1257.1    879.1    280.9      0.0     90.7
     1     1    14     9    14    11     0     1   -72.0   53.260    5.715   1262.1    879.1    281.0      0.0     89.3
