     7     1
    GDAS    14     8    22     0     0
    GDAS    14     8    29     0     0
    GDAS    14     9     1     0     0
    GDAS    14     9     8     0     0
    GDAS    14     9    15     0     0
    GDAS    14     9    22     0     0
    GDAS    14     9    29     0     0
     1 BACKWARD OMEGA   
    14     9     2     4   56.467   -2.973   100.0
     4 PRESSURE AIR_TEMP RAINFALL RELHUMID
     1     1    14     9     2     4     0     2     0.0   56.467   -2.973    100.0    980.1    282.8      0.0     83.7
     1     1    14     9     2     3     0     3    -1.0   56.443   -3.121    121.3    976.9    283.0      0.0     84.2
     1     1    14     9     2     2     0     2    -2.0   56.422   -3.281    142.8    974.1    283.4      0.0     84.6
     1     1    14     9     2     1     0     1    -3.0   56.405   -3.455    165.8    970.5    283.6      0.0     84.8
     1     1    14     9     2     0     0     0    -4.0   56.393   -3.647    193.1    966.5    283.7      0.0     85.3
     1     1    14     9     1    23     0     1    -5.0   56.386   -3.862    228.6    961.4    283.8      0.0     85.6
     1     1    14     9     1    22     0     2    -6.0   56.388   -4.104    275.7    955.4    283.8      0.0     86.7
     1     1    14     9     1    21     0     3    -7.0   56.403   -4.373    326.2    948.3    283.4      0.0     89.1
     1     1    14     9     1    20     0     2    -8.0   56.417   -4.675    365.0    943.3    283.1      0.0     91.1
     1     1    14     9     1    19     0     1    -9.0   56.417   -5.014    381.5    942.2    282.9      0.0     93.1
     1     1    14     9     1    18     0     0   -10.0   56.397   -5.394    366.2    952.9    283.6      0.0     91.2
     1     1    14     9     1    17     0     1   -11.0   56.351   -5.798    315.0    969.8    284.7      0.0     90.2
     1     1    14     9     1    16     0     2   -12.0   56.272   -6.210    256.5    986.2    285.9      0.0     88.9
     1     1    14     9     1    15     0     3   -13.0   56.161   -6.652    222.4    993.7    286.5      0.0     86.9
     1     1    14     9     1    14     0     2   -14.0   56.030   -7.128    215.7    995.2    286.6      0.0     85.6
     1     1    14     9     1    13     0     1   -15.0   55.891   -7.603    218.0    991.9    286.4      0.0     86.1
     1     1    14     9     1    12     0     0   -16.0   55.747   -8.051    219.2    989.6    286.2      0.0     87.0
     1     1    14     9     1    11     0     1   -17.0   55.605   -8.493    217.7    989.8    286.2      0.0     85.8
     1     1    14     9     1    10     0     2   -18.0   55.471   -8.946    210.5    992.8    286.5      0.0     84.2
     1     1    14     9     1     9     0     3   -19.0   55.348   -9.413    200.8    994.7    286.7      0.0     82.4
     1     1    14     9     1     8     0     2   -20.0   55.241   -9.889    198.6    995.0    286.8      0.0     81.0
     1     1    14     9     1     7     0     1   -21.0   55.149  -10.366    205.8    993.6    286.7      0.0     80.1
     1     1    14     9     1     6     0     0   -22.0   55.074  -10.842    221.8    991.6    286.6      0.0     79.4
     1     1    14     9     1     5     0     1   -23.0   55.011  -11.334    241.8    988.6    286.5      0.0     78.3
     1     1    14     9     1     4     0     2   -24.0   54.957  -11.860    255.5    986.7    286.4      0.0     77.0
     1     1    14     9     1     3     0     3   -25.0   54.908  -12.427    261.7    986.1    286.4      0.0     75.7
     1     1    14     9     1     2     0     2   -26.0   54.858  -13.026    268.5    985.6    286.4      0.0     75.2
     1     1    14     9     1     1     0     1   -27.0   54.795  -13.642    277.8    983.7    286.2      0.0     77.0
     1     1    14     9     1     0     0     0   -28.0   54.719  -14.274    286.1    982.4    286.1      0.0     77.8
     1     1    14     8    31    23     0     1   -29.0   54.644  -14.927    295.9    981.1    285.9      0.0     77.5
     1     1    14     8    31    22     0     2   -30.0   54.580  -15.603    310.3    979.0    285.6      0.0     77.4
     1     1    14     8    31    21     0     3   -31.0   54.522  -16.291    328.2    976.3    285.3      0.0     76.9
     1     1    14     8    31    20     0     2   -32.0   54.466  -17.003    346.4    973.2    285.2      0.0     77.6
     1     1    14     8    31    19     0     1   -33.0   54.413  -17.751    362.0    970.6    284.9      0.0     78.4
     1     1    14     8    31    18     0     0   -34.0   54.367  -18.532    374.1    968.7    284.8      0.0     78.7
     1     1    14     8    31    17     0     1   -35.0   54.325  -19.347    381.0    967.6    284.6      0.0     79.2
     1     1    14     8    31    16     0     2   -36.0   54.292  -20.202    389.8    966.4    284.4      0.0     78.3
     1     1    14     8    31    15     0     3   -37.0   54.264  -21.087    408.9    964.0    284.1      0.0     77.8
     1     1    14     8    31    14     0     2   -38.0   54.226  -22.003    431.2    960.8    283.7      0.0     79.5
     1     1    14     8    31    13     0     1   -39.0   54.184  -22.956    447.7    958.0    283.3      0.0     80.3
     1     1    14     8    31    12     0     0   -40.0   54.157  -23.954    459.6    956.0    283.0      0.0     80.7
     1     1    14     8    31    11     0     1   -41.0   54.142  -24.999    476.6    953.2    282.7      0.0     80.3
     1     1    14     8    31    10     0     2   -42.0   54.128  -26.075    499.1    949.8    282.2      0.0     81.7
     1     1    14     8    31     9     0     3   -43.0   54.135  -27.164    534.6    945.4    281.6      0.0     83.1
     1     1    14     8    31     8     0     2   -44.0   54.166  -28.256    579.7    939.0    281.1      0.0     84.8
     1     1    14     8    31     7     0     1   -45.0   54.215  -29.348    621.1    933.4    280.6      0.0     86.2
     1     1    14     8    31     6     0     0   -46.0   54.308  -30.443    636.5    930.7    280.3      0.0     85.9
     1     1    14     8    31     5     0     1   -47.0   54.447  -31.560    641.5    929.2    280.2      0.0     86.6
     1     1    14     8    31     4     0     2   -48.0   54.629  -32.679    661.2    926.2    279.6      0.0     87.0
     1     1    14     8    31     3     0     3   -49.0   54.883  -33.790    712.3    919.4    278.6      0.0     87.1
     1     1    14     8    31     2     0     2   -50.0   55.189  -34.875    767.2    911.2    278.0      0.2     89.4
     1     1    14     8    31     1     0     1   -51.0   55.527  -35.926    806.2    906.4    277.5      0.0     90.9
     1     1    14     8    31     0     0     0   -52.0   55.926  -36.943    846.6    901.4    276.9      0.0     90.3
     1     1    14     8    30    23     0     1   -53.0   56.380  -37.895    890.1    896.0    276.4      0.0     91.0
     1     1    14     8    30    22     0     2   -54.0   56.862  -38.761    943.0    889.6    275.9      0.0     89.6
     1     1    14     8    30    21     0     3   -55.0   57.382  -39.540   1018.9    880.8    275.2      0.0     89.8
     1     1    14     8    30    20     0     2   -56.0   57.928  -40.245   1103.8    870.9    274.6      0.0     89.1
     1     1    14     8    30    19     0     1   -57.0   58.472  -40.863   1168.8    862.8    274.1      0.0     90.5
     1     1    14     8    30    18     0     0   -58.0   59.010  -41.369   1214.8    858.5    273.7      0.0     92.1
     1     1    14     8    30    17     0     1   -59.0   59.541  -41.738   1243.5    854.0    273.7      0.0     92.7
     1     1    14     8    30    16     0     2   -60.0   60.084  -41.937   1246.1    854.0    273.6      0.0     96.0
     1     1    14     8    30    15     0     3   -61.0   60.656  -41.943   1232.7    857.7    274.0      0.0     96.4
     1     1    14     8    30    14     0     2   -62.0   61.248  -41.758   1195.8    860.5    274.1      0.4     96.4
     1     1    14     8    30    13     0     1   -63.0   61.811  -41.385   1101.5    865.0    274.3      2.0     98.0
     1     1    14     8    30    12     0     0   -64.0   62.315  -40.858    906.1    886.5    275.5      2.0     98.0
     1     1    14     8    30    11     0     1   -65.0   62.712  -40.179    687.8    919.4    277.8      2.1     94.9
     1     1    14     8    30    10     0     2   -66.0   62.928  -39.336    557.1    933.6    278.9      0.6     93.6
     1     1    14     8    30     9     0     3   -67.0   62.998  -38.412    506.8    937.1    279.4      0.7     90.7
     1     1    14     8    30     8     0     2   -68.0   62.951  -37.482    445.8    945.6    279.9      0.5     90.5
     1     1    14     8    30     7     0     1   -69.0   62.781  -36.592    416.7    948.8    280.2      0.5     89.6
     1     1    14     8    30     6     0     0   -70.0   62.528  -35.816    412.1    949.0    280.3      0.5     89.0
     1     1    14     8    30     5     0     1   -71.0   62.193  -35.182    401.9    949.6    280.4      0.5     88.1
     1     1    14     8    30     4     0     2   -72.0   61.776  -34.715    378.6    951.9    280.7      0.5     85.6
