     7     1
    GDAS    14     8    22     0     0
    GDAS    14     8    29     0     0
    GDAS    14     9     1     0     0
    GDAS    14     9     8     0     0
    GDAS    14     9    15     0     0
    GDAS    14     9    22     0     0
    GDAS    14     9    29     0     0
     1 BACKWARD OMEGA   
    14     9    19    11   56.467   -2.973   100.0
     4 PRESSURE AIR_TEMP RAINFALL RELHUMID
     1     1    14     9    19    11     0     1     0.0   56.467   -2.973    100.0    971.6    286.0      0.0     87.6
     1     1    14     9    19    10     0     2    -1.0   56.458   -2.918     94.7    974.0    285.7      0.0     90.6
     1     1    14     9    19     9     0     3    -2.0   56.454   -2.856     88.4    976.6    285.4      0.0     93.4
     1     1    14     9    19     8     0     2    -3.0   56.453   -2.784     82.5    979.5    285.2      0.0     93.8
     1     1    14     9    19     7     0     1    -4.0   56.453   -2.702     78.1    982.3    285.0      0.0     94.1
     1     1    14     9    19     6     0     0    -5.0   56.456   -2.609     74.4    985.2    284.9      0.0     94.3
     1     1    14     9    19     5     0     1    -6.0   56.460   -2.508     70.1    988.5    285.2      0.0     95.0
     1     1    14     9    19     4     0     2    -7.0   56.463   -2.403     64.6    992.3    285.6      0.0     95.7
     1     1    14     9    19     3     0     3    -8.0   56.464   -2.291     58.6    996.4    286.0      0.0     96.4
     1     1    14     9    19     2     0     2    -9.0   56.460   -2.171     51.9   1000.8    286.3      0.0     96.0
     1     1    14     9    19     1     0     1   -10.0   56.451   -2.037     44.2   1005.5    286.6      0.0     95.6
     1     1    14     9    19     0     0     0   -11.0   56.436   -1.887     36.8   1007.9    286.7      0.0     95.4
     1     1    14     9    18    23     0     1   -12.0   56.414   -1.715     31.4   1009.4    286.7      0.0     95.2
     1     1    14     9    18    22     0     2   -13.0   56.384   -1.517     28.6   1010.5    286.7      0.0     95.1
     1     1    14     9    18    21     0     3   -14.0   56.344   -1.284     27.8   1011.6    286.8      0.0     95.2
     1     1    14     9    18    20     0     2   -15.0   56.296   -1.018     28.7   1011.6    286.8      0.0     94.6
     1     1    14     9    18    19     0     1   -16.0   56.246   -0.740     30.9   1010.6    286.8      0.0     94.0
     1     1    14     9    18    18     0     0   -17.0   56.196   -0.467     34.1   1009.4    286.8      0.0     93.6
     1     1    14     9    18    17     0     1   -18.0   56.144   -0.201     37.4   1008.9    286.9      0.0     93.6
     1     1    14     9    18    16     0     2   -19.0   56.094    0.090     36.9   1008.7    287.2      0.0     92.8
     1     1    14     9    18    15     0     3   -20.0   56.056    0.427     33.6   1009.3    287.4      0.0     92.1
     1     1    14     9    18    14     0     2   -21.0   56.024    0.801     31.7   1009.9    287.5      0.0     91.1
     1     1    14     9    18    13     0     1   -22.0   55.990    1.207     31.4   1010.1    287.6      0.0     90.0
     1     1    14     9    18    12     0     0   -23.0   55.950    1.628     31.4   1010.4    287.7      0.0     89.0
     1     1    14     9    18    11     0     1   -24.0   55.916    2.067     31.4   1010.6    287.9      0.0     88.2
     1     1    14     9    18    10     0     2   -25.0   55.900    2.537     31.4   1010.9    288.1      0.0     86.9
     1     1    14     9    18     9     0     3   -26.0   55.902    3.038     31.4   1011.1    288.3      0.0     85.0
     1     1    14     9    18     8     0     2   -27.0   55.915    3.552     31.4   1011.3    288.5      0.0     83.9
     1     1    14     9    18     7     0     1   -28.0   55.936    4.063     31.3   1011.5    288.7      0.0     82.8
     1     1    14     9    18     6     0     0   -29.0   55.967    4.579     30.6   1011.8    288.9      0.0     80.8
     1     1    14     9    18     5     0     1   -30.0   55.999    5.112     29.4   1012.1    289.0      0.0     78.5
     1     1    14     9    18     4     0     2   -31.0   56.029    5.663     28.7   1012.3    289.1      0.0     76.0
     1     1    14     9    18     3     0     3   -32.0   56.063    6.225     28.6   1012.4    289.2      0.0     73.5
     1     1    14     9    18     2     0     2   -33.0   56.090    6.782     28.7   1012.6    289.3      0.0     71.8
     1     1    14     9    18     1     0     1   -34.0   56.101    7.319     30.0   1012.9    289.4      0.0     71.0
     1     1    14     9    18     0     0     0   -35.0   56.103    7.817     35.0   1012.7    289.3      0.0     69.5
     1     1    14     9    17    23     0     1   -36.0   56.102    8.266     45.3   1011.2    288.3      0.0     72.9
     1     1    14     9    17    22     0     2   -37.0   56.099    8.670     61.9   1007.7    287.1      0.0     76.4
     1     1    14     9    17    21     0     3   -38.0   56.093    9.056     85.5   1002.6    286.8      0.0     76.7
     1     1    14     9    17    20     0     2   -39.0   56.084    9.462    100.7   1000.5    287.9      0.0     73.8
     1     1    14     9    17    19     0     1   -40.0   56.081    9.860     88.9   1003.0    288.4      0.0     73.0
     1     1    14     9    17    18     0     0   -41.0   56.086   10.211     69.6   1008.7    288.6      0.0     70.5
     1     1    14     9    17    17     0     1   -42.0   56.091   10.528     57.2   1012.0    289.6      0.0     66.7
     1     1    14     9    17    16     0     2   -43.0   56.096   10.822     52.5   1013.2    289.9      0.0     65.4
     1     1    14     9    17    15     0     3   -44.0   56.107   11.090     51.7   1013.7    289.9      0.0     65.4
     1     1    14     9    17    14     0     2   -45.0   56.110   11.336     51.7   1014.2    290.0      0.0     66.5
     1     1    14     9    17    13     0     1   -46.0   56.091   11.565     50.7   1015.0    290.1      0.0     66.8
     1     1    14     9    17    12     0     0   -47.0   56.054   11.774     48.5   1015.9    290.4      0.0     66.6
     1     1    14     9    17    11     0     1   -48.0   56.008   11.983     45.6   1016.0    290.2      0.0     69.4
     1     1    14     9    17    10     0     2   -49.0   55.963   12.218     44.0   1014.7    290.6      0.0     73.6
     1     1    14     9    17     9     0     3   -50.0   55.921   12.479     45.6   1013.3    290.8      0.0     76.7
     1     1    14     9    17     8     0     2   -51.0   55.879   12.751     51.5   1011.3    289.7      0.0     79.3
     1     1    14     9    17     7     0     1   -52.0   55.840   13.025     64.6   1008.6    288.0      0.0     84.1
     1     1    14     9    17     6     0     0   -53.0   55.803   13.313     80.0   1005.6    286.5      0.0     90.1
     1     1    14     9    17     5     0     1   -54.0   55.771   13.616     83.7   1005.0    286.6      0.0     88.4
     1     1    14     9    17     4     0     2   -55.0   55.755   13.916     70.6   1006.9    286.6      0.0     87.1
     1     1    14     9    17     3     0     3   -56.0   55.757   14.196     53.2   1011.5    286.8      0.0     85.2
     1     1    14     9    17     2     0     2   -57.0   55.763   14.476     40.1   1015.0    287.6      0.0     82.7
     1     1    14     9    17     1     0     1   -58.0   55.757   14.776     31.5   1018.4    288.6      0.0     79.7
     1     1    14     9    17     0     0     0   -59.0   55.736   15.101     26.0   1020.9    289.5      0.0     76.5
     1     1    14     9    16    23     0     1   -60.0   55.700   15.447     22.4   1021.2    289.7      0.0     74.0
     1     1    14     9    16    22     0     2   -61.0   55.652   15.809     20.2   1021.5    289.8      0.0     71.5
     1     1    14     9    16    21     0     3   -62.0   55.598   16.185     18.9   1021.7    289.9      0.0     69.3
     1     1    14     9    16    20     0     2   -63.0   55.547   16.574     18.5   1021.8    290.0      0.0     68.7
     1     1    14     9    16    19     0     1   -64.0   55.505   16.981     18.9   1021.7    289.9      0.0     68.6
     1     1    14     9    16    18     0     0   -65.0   55.476   17.406     19.5   1021.5    289.9      0.0     68.0
     1     1    14     9    16    17     0     1   -66.0   55.462   17.822     19.9   1021.2    290.0      0.0     66.9
     1     1    14     9    16    16     0     2   -67.0   55.456   18.208     20.5   1020.8    290.1      0.0     66.1
     1     1    14     9    16    15     0     3   -68.0   55.457   18.567     21.8   1020.4    290.1      0.0     65.3
     1     1    14     9    16    14     0     2   -69.0   55.454   18.902     23.8   1021.1    290.1      0.0     65.9
     1     1    14     9    16    13     0     1   -70.0   55.429   19.211     26.1   1021.9    290.1      0.0     66.2
     1     1    14     9    16    12     0     0   -71.0   55.379   19.488     28.6   1022.4    290.3      0.0     65.9
     1     1    14     9    16    11     0     1   -72.0   55.314   19.752     31.2   1022.3    290.3      0.0     66.2
