     7     1
    GDAS    14     8    22     0     0
    GDAS    14     8    29     0     0
    GDAS    14     9     1     0     0
    GDAS    14     9     8     0     0
    GDAS    14     9    15     0     0
    GDAS    14     9    22     0     0
    GDAS    14     9    29     0     0
     1 BACKWARD OMEGA   
    14     9    13    13   56.467   -2.973   100.0
     4 PRESSURE AIR_TEMP RAINFALL RELHUMID
     1     1    14     9    13    13     0     1     0.0   56.467   -2.973    100.0    986.3    288.3      0.0     79.4
     1     1    14     9    13    12     0     0    -1.0   56.445   -2.899     66.1    993.9    288.6      0.0     78.1
     1     1    14     9    13    11     0     1    -2.0   56.426   -2.855     45.2    997.9    288.2      0.0     82.7
     1     1    14     9    13    10     0     2    -3.0   56.409   -2.839     36.7    999.0    287.7      0.0     87.4
     1     1    14     9    13     9     0     3    -4.0   56.394   -2.854     37.3    998.6    287.1      0.0     92.1
     1     1    14     9    13     8     0     2    -5.0   56.382   -2.893     43.6    997.2    286.2      0.0     93.4
     1     1    14     9    13     7     0     1    -6.0   56.372   -2.953     53.3    995.3    285.4      0.0     95.0
     1     1    14     9    13     6     0     0    -7.0   56.366   -3.034     67.4    992.2    284.7      0.0     96.7
     1     1    14     9    13     5     0     1    -8.0   56.361   -3.131     84.0    988.9    285.0      0.0     95.6
     1     1    14     9    13     4     0     2    -9.0   56.351   -3.237    100.8    986.0    285.3      0.0     94.7
     1     1    14     9    13     3     0     3   -10.0   56.335   -3.354    117.5    983.5    285.6      0.0     93.9
     1     1    14     9    13     2     0     2   -11.0   56.318   -3.481    133.2    981.9    285.9      0.0     93.3
     1     1    14     9    13     1     0     1   -12.0   56.300   -3.612    146.7    980.3    286.0      0.0     93.1
     1     1    14     9    13     0     0     0   -13.0   56.282   -3.750    157.0    979.1    286.2      0.0     93.3
     1     1    14     9    12    23     0     1   -14.0   56.264   -3.883    165.6    978.4    286.4      0.0     92.4
     1     1    14     9    12    22     0     2   -15.0   56.245   -4.000    174.2    977.7    286.7      0.0     91.4
     1     1    14     9    12    21     0     3   -16.0   56.223   -4.098    181.8    977.5    286.9      0.0     89.9
     1     1    14     9    12    20     0     2   -17.0   56.201   -4.186    184.6    977.5    287.0      0.0     89.0
     1     1    14     9    12    19     0     1   -18.0   56.179   -4.278    180.8    978.5    287.2      0.0     88.1
     1     1    14     9    12    18     0     0   -19.0   56.157   -4.375    172.5    980.0    287.4      0.0     87.4
     1     1    14     9    12    17     0     1   -20.0   56.129   -4.466    162.2    982.0    287.6      0.0     86.5
     1     1    14     9    12    16     0     2   -21.0   56.092   -4.535    151.3    984.3    287.7      0.0     85.8
     1     1    14     9    12    15     0     3   -22.0   56.045   -4.582    138.7    987.1    287.9      0.0     85.4
     1     1    14     9    12    14     0     2   -23.0   55.993   -4.610    125.6    990.4    287.7      0.0     86.0
     1     1    14     9    12    13     0     1   -24.0   55.935   -4.622    113.6    992.4    287.5      0.0     86.1
     1     1    14     9    12    12     0     0   -25.0   55.873   -4.621    103.1    994.4    287.4      0.0     86.4
     1     1    14     9    12    11     0     1   -26.0   55.816   -4.598     96.6    995.8    287.2      0.0     87.0
     1     1    14     9    12    10     0     2   -27.0   55.775   -4.544     95.3    996.2    286.9      0.0     87.7
     1     1    14     9    12     9     0     3   -28.0   55.748   -4.463     97.4    996.2    286.5      0.0     88.5
     1     1    14     9    12     8     0     2   -29.0   55.732   -4.369     99.3    995.9    286.0      0.0     88.7
     1     1    14     9    12     7     0     1   -30.0   55.723   -4.275     98.3    996.2    285.6      0.0     89.0
     1     1    14     9    12     6     0     0   -31.0   55.721   -4.179     93.9    996.9    285.0      0.0     89.5
     1     1    14     9    12     5     0     1   -32.0   55.725   -4.086     85.8    997.8    285.4      0.0     88.4
     1     1    14     9    12     4     0     2   -33.0   55.728   -3.996     74.2    999.3    286.0      0.0     87.4
     1     1    14     9    12     3     0     3   -34.0   55.729   -3.907     61.5   1000.9    286.4      0.0     85.9
     1     1    14     9    12     2     0     2   -35.0   55.725   -3.818     51.2   1002.4    286.3      0.0     84.5
     1     1    14     9    12     1     0     1   -36.0   55.719   -3.732     44.4   1003.1    286.1      0.0     83.1
     1     1    14     9    12     0     0     0   -37.0   55.711   -3.647     40.3   1003.8    286.0      0.0     81.8
     1     1    14     9    11    23     0     1   -38.0   55.699   -3.560     38.1   1003.9    286.2      0.0     81.1
     1     1    14     9    11    22     0     2   -39.0   55.681   -3.466     37.9   1003.8    286.5      0.0     80.5
     1     1    14     9    11    21     0     3   -40.0   55.657   -3.362     40.2   1003.4    287.0      0.0     79.9
     1     1    14     9    11    20     0     2   -41.0   55.633   -3.261     43.1   1002.7    287.9      0.0     78.3
     1     1    14     9    11    19     0     1   -42.0   55.616   -3.176     43.1   1002.3    288.7      0.0     76.8
     1     1    14     9    11    18     0     0   -43.0   55.607   -3.105     38.9   1002.2    289.3      0.0     75.1
     1     1    14     9    11    17     0     1   -44.0   55.602   -3.046     32.4   1003.0    289.6      0.0     73.7
     1     1    14     9    11    16     0     2   -45.0   55.593   -2.999     25.8   1003.7    290.2      0.0     72.2
     1     1    14     9    11    15     0     3   -46.0   55.580   -2.964     19.8   1004.5    291.0      0.0     70.8
     1     1    14     9    11    14     0     2   -47.0   55.565   -2.935     15.6   1006.2    291.1      0.0     73.1
     1     1    14     9    11    13     0     1   -48.0   55.548   -2.905     13.1   1007.4    291.3      0.0     75.3
     1     1    14     9    11    12     0     0   -49.0   55.527   -2.874     11.7   1008.6    291.5      0.0     77.5
     1     1    14     9    11    11     0     1   -50.0   55.504   -2.843     11.3   1008.4    290.4      0.0     79.9
     1     1    14     9    11    10     0     2   -51.0   55.478   -2.810     12.0   1007.9    289.2      0.0     82.5
     1     1    14     9    11     9     0     3   -52.0   55.449   -2.775     14.2   1007.0    287.9      0.0     85.3
     1     1    14     9    11     8     0     2   -53.0   55.417   -2.739     17.9   1005.6    286.3      0.0     86.8
     1     1    14     9    11     7     0     1   -54.0   55.379   -2.701     23.0   1004.1    284.9      0.0     88.3
     1     1    14     9    11     6     0     0   -55.0   55.336   -2.661     29.7   1002.3    283.5      0.0     90.0
     1     1    14     9    11     5     0     1   -56.0   55.287   -2.612     39.2   1000.5    283.7      0.0     90.1
     1     1    14     9    11     4     0     2   -57.0   55.227   -2.545     52.9    998.0    283.9      0.0     90.2
     1     1    14     9    11     3     0     3   -58.0   55.157   -2.465     69.7    994.1    284.0      0.0     90.2
     1     1    14     9    11     2     0     2   -59.0   55.077   -2.381     85.8    990.0    284.0      0.0     90.4
     1     1    14     9    11     1     0     1   -60.0   54.990   -2.297     99.4    986.3    283.9      0.0     90.7
     1     1    14     9    11     0     0     0   -61.0   54.895   -2.209    109.0    984.2    284.0      0.0     90.4
     1     1    14     9    10    23     0     1   -62.0   54.800   -2.101    109.8    982.2    284.2      0.0     89.8
     1     1    14     9    10    22     0     2   -63.0   54.716   -1.965     97.6    982.6    284.3      0.0     89.6
     1     1    14     9    10    21     0     3   -64.0   54.647   -1.803     80.4    989.1    284.8      0.0     87.9
     1     1    14     9    10    20     0     2   -65.0   54.590   -1.628     66.3    995.4    285.6      0.0     83.8
     1     1    14     9    10    19     0     1   -66.0   54.543   -1.449     57.0   1000.9    286.4      0.0     79.6
     1     1    14     9    10    18     0     0   -67.0   54.500   -1.265     52.3   1005.6    287.2      0.0     75.3
     1     1    14     9    10    17     0     1   -68.0   54.458   -1.075     52.6   1010.3    287.9      0.0     71.8
     1     1    14     9    10    16     0     2   -69.0   54.419   -0.883     56.6   1011.5    288.4      0.0     69.4
     1     1    14     9    10    15     0     3   -70.0   54.385   -0.691     61.9   1010.4    288.9      0.0     67.3
     1     1    14     9    10    14     0     2   -71.0   54.350   -0.512     65.6   1009.3    289.2      0.0     67.1
     1     1    14     9    10    13     0     1   -72.0   54.311   -0.354     65.1   1009.1    289.6      0.0     66.6
