     7     1
    GDAS    14     8    22     0     0
    GDAS    14     8    29     0     0
    GDAS    14     9     1     0     0
    GDAS    14     9     8     0     0
    GDAS    14     9    15     0     0
    GDAS    14     9    22     0     0
    GDAS    14     9    29     0     0
     1 BACKWARD OMEGA   
    14     9    14    15   56.467   -2.973   100.0
     4 PRESSURE AIR_TEMP RAINFALL RELHUMID
     1     1    14     9    14    15     0     3     0.0   56.467   -2.973    100.0    984.6    285.5      0.0     86.3
     1     1    14     9    14    14     0     2    -1.0   56.467   -2.747     54.3    998.9    286.1      0.0     86.9
     1     1    14     9    14    13     0     1    -2.0   56.474   -2.553     29.5   1008.2    286.5      0.0     88.4
     1     1    14     9    14    12     0     0    -3.0   56.485   -2.378     17.8   1014.7    286.6      0.0     90.1
     1     1    14     9    14    11     0     1    -4.0   56.497   -2.209     12.2   1019.4    286.5      0.0     90.6
     1     1    14     9    14    10     0     2    -5.0   56.507   -2.038      9.5   1024.2    286.5      0.0     90.6
     1     1    14     9    14     9     0     3    -6.0   56.516   -1.865      8.2   1025.4    286.5      0.0     90.5
     1     1    14     9    14     8     0     2    -7.0   56.524   -1.693      7.3   1026.0    286.4      0.0     90.8
     1     1    14     9    14     7     0     1    -8.0   56.534   -1.522      6.7   1026.7    286.4      0.0     90.7
     1     1    14     9    14     6     0     0    -9.0   56.545   -1.354      6.2   1027.3    286.4      0.0     90.3
     1     1    14     9    14     5     0     1   -10.0   56.555   -1.183      5.8   1027.8    286.4      0.0     90.0
     1     1    14     9    14     4     0     2   -11.0   56.561   -1.008      5.5   1028.4    286.5      0.0     89.8
     1     1    14     9    14     3     0     3   -12.0   56.565   -0.836      5.2   1028.6    286.5      0.0     89.4
     1     1    14     9    14     2     0     2   -13.0   56.561   -0.665      5.1   1028.6    286.6      0.0     87.4
     1     1    14     9    14     1     0     1   -14.0   56.549   -0.487      5.1   1028.7    286.6      0.0     85.5
     1     1    14     9    14     0     0     0   -15.0   56.527   -0.300      5.2   1028.8    286.7      0.0     83.5
     1     1    14     9    13    23     0     1   -16.0   56.496   -0.108      5.5   1029.0    286.7      0.0     81.3
     1     1    14     9    13    22     0     2   -17.0   56.490    0.094      5.8   1029.2    287.0      0.0     82.8
     1     1    14     9    13    21     0     3   -18.0   56.519    0.306      6.1   1029.5    287.1      0.0     81.0
     1     1    14     9    13    20     0     2   -19.0   56.553    0.512      6.5   1029.8    287.1      0.0     81.0
     1     1    14     9    13    19     0     1   -20.0   56.588    0.704      6.9   1030.1    287.2      0.0     80.0
     1     1    14     9    13    18     0     0   -21.0   56.624    0.879      7.4   1030.4    287.3      0.0     77.9
     1     1    14     9    13    17     0     1   -22.0   56.664    1.041      7.9   1030.1    287.3      0.0     77.9
     1     1    14     9    13    16     0     2   -23.0   56.710    1.192      8.3   1029.9    287.4      0.0     78.5
     1     1    14     9    13    15     0     3   -24.0   56.764    1.335      8.6   1029.9    287.5      0.0     78.6
     1     1    14     9    13    14     0     2   -25.0   56.821    1.464      8.9   1029.5    287.5      0.0     79.1
     1     1    14     9    13    13     0     1   -26.0   56.870    1.573      9.4   1028.9    287.4      0.0     78.9
     1     1    14     9    13    12     0     0   -27.0   56.911    1.661     10.1   1028.1    287.3      0.0     78.3
     1     1    14     9    13    11     0     1   -28.0   56.944    1.735     11.0   1027.8    287.3      0.0     79.0
     1     1    14     9    13    10     0     2   -29.0   56.974    1.804     12.1   1027.5    287.4      0.0     79.4
     1     1    14     9    13     9     0     3   -30.0   57.002    1.868     13.5   1027.2    287.4      0.0     79.4
     1     1    14     9    13     8     0     2   -31.0   57.025    1.929     14.8   1027.3    287.4      0.0     79.2
     1     1    14     9    13     7     0     1   -32.0   57.040    1.992     15.7   1027.5    287.5      0.0     79.0
     1     1    14     9    13     6     0     0   -33.0   57.047    2.055     16.0   1027.8    287.5      0.0     79.2
     1     1    14     9    13     5     0     1   -34.0   57.054    2.120     16.2   1027.6    287.5      0.0     79.7
     1     1    14     9    13     4     0     2   -35.0   57.066    2.190     17.0   1027.2    287.5      0.0     80.0
     1     1    14     9    13     3     0     3   -36.0   57.084    2.262     18.4   1026.8    287.5      0.0     80.2
     1     1    14     9    13     2     0     2   -37.0   57.103    2.330     20.1   1026.8    287.5      0.0     80.0
     1     1    14     9    13     1     0     1   -38.0   57.117    2.388     21.8   1027.0    287.5      0.0     79.8
     1     1    14     9    13     0     0     0   -39.0   57.125    2.438     23.3   1027.1    287.5      0.0     79.6
     1     1    14     9    12    23     0     1   -40.0   57.128    2.476     24.7   1025.8    287.5      0.0     79.7
     1     1    14     9    12    22     0     2   -41.0   57.126    2.499     26.0   1024.6    287.5      0.0     79.8
     1     1    14     9    12    21     0     3   -42.0   57.118    2.508     27.0   1023.4    287.5      0.0     79.9
     1     1    14     9    12    20     0     2   -43.0   57.112    2.510     27.9   1023.5    287.5      0.0     79.6
     1     1    14     9    12    19     0     1   -44.0   57.113    2.515     28.4   1023.7    287.5      0.0     79.3
     1     1    14     9    12    18     0     0   -45.0   57.122    2.520     28.5   1023.9    287.5      0.0     79.0
     1     1    14     9    12    17     0     1   -46.0   57.138    2.518     28.8   1024.1    287.5      0.0     79.5
     1     1    14     9    12    16     0     2   -47.0   57.157    2.498     29.5   1024.1    287.5      0.0     79.9
     1     1    14     9    12    15     0     3   -48.0   57.177    2.462     30.7   1024.0    287.5      0.0     80.4
     1     1    14     9    12    14     0     2   -49.0   57.196    2.418     32.0   1024.1    287.5      0.0     80.3
     1     1    14     9    12    13     0     1   -50.0   57.210    2.379     32.8   1024.2    287.4      0.0     80.2
     1     1    14     9    12    12     0     0   -51.0   57.220    2.343     33.0   1024.5    287.4      0.0     80.0
     1     1    14     9    12    11     0     1   -52.0   57.222    2.310     33.3   1023.8    287.4      0.0     80.9
     1     1    14     9    12    10     0     2   -53.0   57.212    2.280     34.0   1022.9    287.4      0.0     81.9
     1     1    14     9    12     9     0     3   -54.0   57.189    2.255     35.4   1021.9    287.3      0.0     82.7
     1     1    14     9    12     8     0     2   -55.0   57.164    2.231     37.1   1021.6    287.3      0.0     82.6
     1     1    14     9    12     7     0     1   -56.0   57.147    2.205     39.2   1021.4    287.2      0.0     82.4
     1     1    14     9    12     6     0     0   -57.0   57.139    2.175     41.7   1021.1    287.2      0.0     82.2
     1     1    14     9    12     5     0     1   -58.0   57.137    2.152     44.1   1021.1    287.2      0.0     82.7
     1     1    14     9    12     4     0     2   -59.0   57.141    2.146     45.7   1021.2    287.2      0.0     83.2
     1     1    14     9    12     3     0     3   -60.0   57.152    2.156     46.5   1021.4    287.3      0.0     83.6
     1     1    14     9    12     2     0     2   -61.0   57.161    2.170     46.9   1021.3    287.2      0.0     83.3
     1     1    14     9    12     1     0     1   -62.0   57.158    2.180     47.1   1021.2    287.2      0.0     82.9
     1     1    14     9    12     0     0     0   -63.0   57.143    2.187     47.2   1021.1    287.1      0.0     82.6
     1     1    14     9    11    23     0     1   -64.0   57.129    2.201     47.7   1021.1    287.2      0.0     81.4
     1     1    14     9    11    22     0     2   -65.0   57.127    2.230     49.2   1020.9    287.4      0.0     80.2
     1     1    14     9    11    21     0     3   -66.0   57.139    2.272     51.8   1020.7    287.5      0.0     79.1
     1     1    14     9    11    20     0     2   -67.0   57.157    2.310     54.6   1020.2    287.4      0.0     79.4
     1     1    14     9    11    19     0     1   -68.0   57.175    2.329     56.3   1019.8    287.4      0.0     79.8
     1     1    14     9    11    18     0     0   -69.0   57.192    2.328     56.8   1019.6    287.3      0.0     80.1
     1     1    14     9    11    17     0     1   -70.0   57.207    2.320     57.4   1018.7    287.3      0.0     80.2
     1     1    14     9    11    16     0     2   -71.0   57.223    2.316     59.0   1017.4    287.3      0.0     80.3
     1     1    14     9    11    15     0     3   -72.0   57.239    2.317     61.8   1016.0    287.3      0.0     80.5
