     7     1
    GDAS    14     8    22     0     0
    GDAS    14     8    29     0     0
    GDAS    14     9     1     0     0
    GDAS    14     9     8     0     0
    GDAS    14     9    15     0     0
    GDAS    14     9    22     0     0
    GDAS    14     9    29     0     0
     1 BACKWARD OMEGA   
    14     9     3     6   56.467   -2.973   100.0
     4 PRESSURE AIR_TEMP RAINFALL RELHUMID
     1     1    14     9     3     6     0     0     0.0   56.467   -2.973    100.0    979.9    284.2      0.0     89.4
     1     1    14     9     3     5     0     1    -1.0   56.389   -2.989    120.3    980.2    284.4      0.0     87.3
     1     1    14     9     3     4     0     2    -2.0   56.304   -2.993    142.5    980.7    284.8      0.0     84.9
     1     1    14     9     3     3     0     3    -3.0   56.213   -2.975    165.5    981.1    285.2      0.0     82.4
     1     1    14     9     3     2     0     2    -4.0   56.121   -2.938    188.5    982.1    285.7      0.0     80.6
     1     1    14     9     3     1     0     1    -5.0   56.035   -2.889    209.9    983.0    286.1      0.0     79.0
     1     1    14     9     3     0     0     0    -6.0   55.956   -2.832    228.0    982.6    286.2      0.0     77.9
     1     1    14     9     2    23     0     1    -7.0   55.876   -2.785    242.9    981.4    286.4      0.0     77.0
     1     1    14     9     2    22     0     2    -8.0   55.788   -2.757    254.6    979.9    286.5      0.0     76.0
     1     1    14     9     2    21     0     3    -9.0   55.692   -2.743    261.2    978.8    286.7      0.0     75.1
     1     1    14     9     2    20     0     2   -10.0   55.600   -2.729    262.0    978.0    286.8      0.0     74.5
     1     1    14     9     2    19     0     1   -11.0   55.518   -2.707    256.7    977.9    287.1      0.0     73.5
     1     1    14     9     2    18     0     0   -12.0   55.447   -2.672    244.1    978.5    287.4      0.0     72.3
     1     1    14     9     2    17     0     1   -13.0   55.387   -2.629    223.9    980.0    287.6      0.0     71.2
     1     1    14     9     2    16     0     2   -14.0   55.338   -2.585    197.2    982.4    287.9      0.0     69.6
     1     1    14     9     2    15     0     3   -15.0   55.300   -2.539    165.6    985.7    288.4      0.0     67.4
     1     1    14     9     2    14     0     2   -16.0   55.270   -2.497    136.5    989.9    288.6      0.0     66.6
     1     1    14     9     2    13     0     1   -17.0   55.246   -2.470    115.0    991.9    288.8      0.0     66.5
     1     1    14     9     2    12     0     0   -18.0   55.227   -2.460    100.6    993.3    289.1      0.0     66.4
     1     1    14     9     2    11     0     1   -19.0   55.213   -2.460     91.6    994.1    288.4      0.0     69.4
     1     1    14     9     2    10     0     2   -20.0   55.202   -2.460     86.6    994.6    287.7      0.0     72.4
     1     1    14     9     2     9     0     3   -21.0   55.195   -2.461     85.0    994.8    286.8      0.0     75.6
     1     1    14     9     2     8     0     2   -22.0   55.197   -2.467     85.4    994.4    285.6      0.0     77.2
     1     1    14     9     2     7     0     1   -23.0   55.209   -2.483     86.6    994.4    284.4      0.0     78.8
     1     1    14     9     2     6     0     0   -24.0   55.231   -2.512     88.6    994.4    283.3      0.0     80.4
     1     1    14     9     2     5     0     1   -25.0   55.259   -2.552     91.7    994.5    283.4      0.0     81.0
     1     1    14     9     2     4     0     2   -26.0   55.289   -2.604     95.6    994.5    283.5      0.0     81.6
     1     1    14     9     2     3     0     3   -27.0   55.320   -2.666    100.3    994.4    283.7      0.0     82.1
     1     1    14     9     2     2     0     2   -28.0   55.358   -2.743    104.8    994.1    284.0      0.0     82.2
     1     1    14     9     2     1     0     1   -29.0   55.408   -2.842    107.9    994.0    284.2      0.0     82.6
     1     1    14     9     2     0     0     0   -30.0   55.466   -2.965    109.2    994.0    284.3      0.0     83.2
     1     1    14     9     1    23     0     1   -31.0   55.527   -3.116    110.2    993.9    284.7      0.0     82.9
     1     1    14     9     1    22     0     2   -32.0   55.584   -3.294    115.6    993.3    285.0      0.0     82.6
     1     1    14     9     1    21     0     3   -33.0   55.640   -3.496    128.7    992.0    285.2      0.0     82.5
     1     1    14     9     1    20     0     2   -34.0   55.694   -3.718    153.7    989.0    285.7      0.0     80.2
     1     1    14     9     1    19     0     1   -35.0   55.749   -3.966    194.9    983.6    285.9      0.0     78.6
     1     1    14     9     1    18     0     0   -36.0   55.804   -4.254    244.9    975.4    285.6      0.0     78.6
     1     1    14     9     1    17     0     1   -37.0   55.853   -4.571    280.0    968.1    285.0      0.0     81.8
     1     1    14     9     1    16     0     2   -38.0   55.889   -4.901    289.3    964.5    284.5      0.0     85.5
     1     1    14     9     1    15     0     3   -39.0   55.899   -5.246    274.4    969.7    284.8      0.0     86.7
     1     1    14     9     1    14     0     2   -40.0   55.878   -5.593    247.2    979.6    285.4      0.0     85.8
     1     1    14     9     1    13     0     1   -41.0   55.830   -5.923    221.0    987.6    285.7      0.0     85.7
     1     1    14     9     1    12     0     0   -42.0   55.760   -6.238    204.6    991.1    285.9      0.0     85.5
     1     1    14     9     1    11     0     1   -43.0   55.682   -6.564    201.6    990.5    285.9      0.0     83.7
     1     1    14     9     1    10     0     2   -44.0   55.601   -6.919    209.2    988.4    285.7      0.0     83.5
     1     1    14     9     1     9     0     3   -45.0   55.516   -7.298    219.7    984.8    285.3      0.0     83.1
     1     1    14     9     1     8     0     2   -46.0   55.436   -7.694    222.1    982.6    285.2      0.0     83.0
     1     1    14     9     1     7     0     1   -47.0   55.363   -8.101    210.8    983.1    285.4      0.0     82.8
     1     1    14     9     1     6     0     0   -48.0   55.292   -8.511    191.8    989.2    285.9      0.0     81.5
     1     1    14     9     1     5     0     1   -49.0   55.225   -8.934    172.0    996.0    286.6      0.0     79.3
     1     1    14     9     1     4     0     2   -50.0   55.163   -9.378    154.1    999.6    286.8      0.0     79.0
     1     1    14     9     1     3     0     3   -51.0   55.103   -9.833    143.9   1001.3    286.9      0.0     79.7
     1     1    14     9     1     2     0     2   -52.0   55.043  -10.308    141.7   1000.9    287.0      0.0     77.9
     1     1    14     9     1     1     0     1   -53.0   54.982  -10.804    142.0   1000.2    287.1      0.0     76.2
     1     1    14     9     1     0     0     0   -54.0   54.918  -11.323    143.1    999.9    287.2      0.0     74.2
     1     1    14     8    31    23     0     1   -55.0   54.859  -11.858    144.3    999.2    287.1      0.0     73.1
     1     1    14     8    31    22     0     2   -56.0   54.811  -12.405    144.7    998.7    287.2      0.0     72.5
     1     1    14     8    31    21     0     3   -57.0   54.780  -12.968    146.0    998.2    287.1      0.0     71.8
     1     1    14     8    31    20     0     2   -58.0   54.755  -13.566    150.2    996.9    287.1      0.0     72.7
     1     1    14     8    31    19     0     1   -59.0   54.727  -14.215    157.0    995.0    286.9      0.0     72.5
     1     1    14     8    31    18     0     0   -60.0   54.698  -14.915    168.3    993.1    286.8      0.0     71.9
     1     1    14     8    31    17     0     1   -61.0   54.669  -15.666    181.1    990.2    286.6      0.0     72.6
     1     1    14     8    31    16     0     2   -62.0   54.635  -16.459    189.1    989.0    286.4      0.0     72.9
     1     1    14     8    31    15     0     3   -63.0   54.594  -17.285    198.8    987.4    286.2      0.0     73.7
     1     1    14     8    31    14     0     2   -64.0   54.553  -18.142    209.8    985.3    286.0      0.1     76.2
     1     1    14     8    31    13     0     1   -65.0   54.507  -19.035    221.2    983.3    285.8      0.1     75.3
     1     1    14     8    31    12     0     0   -66.0   54.440  -19.967    232.7    981.4    285.5      0.0     75.3
     1     1    14     8    31    11     0     1   -67.0   54.376  -20.927    243.7    979.3    285.4      0.0     75.8
     1     1    14     8    31    10     0     2   -68.0   54.338  -21.913    254.2    977.4    285.2      0.0     74.8
     1     1    14     8    31     9     0     3   -69.0   54.310  -22.928    266.5    975.3    284.9      0.0     75.4
     1     1    14     8    31     8     0     2   -70.0   54.309  -23.979    279.5    972.0    284.6      0.0     76.9
     1     1    14     8    31     7     0     1   -71.0   54.344  -25.071    296.9    968.5    284.3      0.0     77.6
     1     1    14     8    31     6     0     0   -72.0   54.388  -26.184    316.3    964.8    283.9      0.0     78.0
