     7     1
    GDAS    14     8    22     0     0
    GDAS    14     8    29     0     0
    GDAS    14     9     1     0     0
    GDAS    14     9     8     0     0
    GDAS    14     9    15     0     0
    GDAS    14     9    22     0     0
    GDAS    14     9    29     0     0
     1 BACKWARD OMEGA   
    14     9    22     7   56.467   -2.973   100.0
     4 PRESSURE AIR_TEMP RAINFALL RELHUMID
     1     1    14     9    22     7     0     1     0.0   56.467   -2.973    100.0    980.6    282.3      0.0     85.8
     1     1    14     9    22     6     0     0    -1.0   56.442   -3.163    122.4    977.2    281.7      0.0     86.7
     1     1    14     9    22     5     0     1    -2.0   56.418   -3.367    137.3    974.4    282.0      0.0     85.6
     1     1    14     9    22     4     0     2    -3.0   56.387   -3.560    137.0    974.9    282.3      0.0     85.5
     1     1    14     9    22     3     0     3    -4.0   56.352   -3.739    124.2    977.4    282.6      0.0     86.0
     1     1    14     9    22     2     0     2    -5.0   56.312   -3.905    106.8    981.0    282.8      0.0     84.6
     1     1    14     9    22     1     0     1    -6.0   56.268   -4.065     90.5    985.0    282.9      0.0     82.8
     1     1    14     9    22     0     0     0    -7.0   56.219   -4.215     75.4    989.3    283.0      0.0     80.7
     1     1    14     9    21    23     0     1    -8.0   56.177   -4.358     61.7    993.0    283.3      0.0     78.8
     1     1    14     9    21    22     0     2    -9.0   56.149   -4.492     50.5    995.3    283.5      0.0     76.9
     1     1    14     9    21    21     0     3   -10.0   56.136   -4.617     42.8    996.1    283.5      0.0     75.2
     1     1    14     9    21    20     0     2   -11.0   56.129   -4.732     37.6    996.3    283.9      0.0     73.2
     1     1    14     9    21    19     0     1   -12.0   56.120   -4.839     33.7    996.5    284.4      0.0     71.3
     1     1    14     9    21    18     0     0   -13.0   56.109   -4.946     30.8    996.7    285.0      0.0     69.6
     1     1    14     9    21    17     0     1   -14.0   56.096   -5.052     27.7    998.2    285.9      0.0     68.4
     1     1    14     9    21    16     0     2   -15.0   56.083   -5.152     23.4   1001.3    286.9      0.0     67.3
     1     1    14     9    21    15     0     3   -16.0   56.069   -5.245     18.6   1004.4    288.4      0.0     66.3
     1     1    14     9    21    14     0     2   -17.0   56.053   -5.322     14.9   1007.3    289.1      0.0     67.0
     1     1    14     9    21    13     0     1   -18.0   56.031   -5.375     12.7   1009.3    289.7      0.0     67.7
     1     1    14     9    21    12     0     0   -19.0   56.005   -5.409     11.3   1010.7    290.3      0.0     68.3
     1     1    14     9    21    11     0     1   -20.0   55.985   -5.417     10.7   1011.0    289.1      0.0     71.7
     1     1    14     9    21    10     0     2   -21.0   55.981   -5.394     10.8   1010.3    287.7      0.0     74.9
     1     1    14     9    21     9     0     3   -22.0   55.993   -5.341     11.5   1008.8    286.2      0.0     78.1
     1     1    14     9    21     8     0     2   -23.0   56.020   -5.272     14.9   1006.6    284.5      0.0     79.3
     1     1    14     9    21     7     0     1   -24.0   56.060   -5.201     24.9   1002.7    282.8      0.0     80.8
     1     1    14     9    21     6     0     0   -25.0   56.115   -5.129     46.7    997.3    281.8      0.0     82.6
     1     1    14     9    21     5     0     1   -26.0   56.183   -5.057     79.1    989.2    281.8      0.0     83.1
     1     1    14     9    21     4     0     2   -27.0   56.257   -4.987    112.9    981.5    281.4      0.0     83.7
     1     1    14     9    21     3     0     3   -28.0   56.337   -4.924    143.9    975.4    281.2      0.0     84.6
     1     1    14     9    21     2     0     2   -29.0   56.423   -4.878    172.4    969.4    281.2      0.0     84.9
     1     1    14     9    21     1     0     1   -30.0   56.513   -4.857    202.4    963.2    281.2      0.0     85.4
     1     1    14     9    21     0     0     0   -31.0   56.604   -4.860    236.0    956.9    281.2      0.0     86.0
     1     1    14     9    20    23     0     1   -32.0   56.700   -4.882    271.7    949.7    281.2      0.0     86.6
     1     1    14     9    20    22     0     2   -33.0   56.800   -4.917    305.1    942.9    280.9      0.0     88.1
     1     1    14     9    20    21     0     3   -34.0   56.901   -4.964    332.5    937.2    280.7      0.0     89.9
     1     1    14     9    20    20     0     2   -35.0   57.003   -5.020    352.2    933.6    280.5      0.0     91.1
     1     1    14     9    20    19     0     1   -36.0   57.119   -5.087    364.7    936.0    280.8      0.0     91.2
     1     1    14     9    20    18     0     0   -37.0   57.259   -5.173    368.3    940.4    281.1      0.0     91.4
     1     1    14     9    20    17     0     1   -38.0   57.412   -5.295    357.3    947.2    281.7      0.0     90.2
     1     1    14     9    20    16     0     2   -39.0   57.575   -5.465    328.0    958.8    282.5      0.1     88.1
     1     1    14     9    20    15     0     3   -40.0   57.752   -5.683    284.2    974.6    283.6      0.0     85.0
     1     1    14     9    20    14     0     2   -41.0   57.939   -5.918    237.3    992.7    284.6      0.0     83.7
     1     1    14     9    20    13     0     1   -42.0   58.132   -6.160    201.4    999.5    285.0      0.0     84.1
     1     1    14     9    20    12     0     0   -43.0   58.333   -6.441    183.7    999.0    284.9      0.1     84.9
     1     1    14     9    20    11     0     1   -44.0   58.542   -6.782    181.4    996.9    284.7      0.0     85.7
     1     1    14     9    20    10     0     2   -45.0   58.763   -7.182    190.6    996.0    284.6      0.0     85.7
     1     1    14     9    20     9     0     3   -46.0   58.998   -7.639    206.1    994.9    284.4      0.0     84.4
     1     1    14     9    20     8     0     2   -47.0   59.237   -8.136    218.6    992.2    284.1      0.0     86.4
     1     1    14     9    20     7     0     1   -48.0   59.471   -8.654    227.9    991.1    284.1      0.0     87.0
     1     1    14     9    20     6     0     0   -49.0   59.698   -9.201    240.0    989.3    284.0      0.0     86.3
     1     1    14     9    20     5     0     1   -50.0   59.918   -9.775    252.9    987.3    283.9      0.0     86.3
     1     1    14     9    20     4     0     2   -51.0   60.143  -10.359    262.4    985.9    283.7      0.0     87.6
     1     1    14     9    20     3     0     3   -52.0   60.387  -10.949    268.1    984.8    283.6      0.0     88.1
     1     1    14     9    20     2     0     2   -53.0   60.635  -11.565    271.5    984.2    283.5      0.2     88.7
     1     1    14     9    20     1     0     1   -54.0   60.874  -12.231    273.2    983.7    283.4      0.1     90.4
     1     1    14     9    20     0     0     0   -55.0   61.124  -12.953    273.7    983.5    283.2      0.0     91.7
     1     1    14     9    19    23     0     1   -56.0   61.372  -13.707    275.6    983.3    283.3      0.0     90.6
     1     1    14     9    19    22     0     2   -57.0   61.604  -14.477    277.3    982.5    283.1      0.0     90.8
     1     1    14     9    19    21     0     3   -58.0   61.827  -15.285    273.2    983.0    283.1      0.0     91.7
     1     1    14     9    19    20     0     2   -59.0   62.043  -16.132    271.5    982.9    283.1      0.0     91.8
     1     1    14     9    19    19     0     1   -60.0   62.250  -16.974    281.7    981.5    283.2      0.1     89.7
     1     1    14     9    19    18     0     0   -61.0   62.444  -17.787    298.5    978.3    283.1      0.0     87.8
     1     1    14     9    19    17     0     1   -62.0   62.625  -18.545    308.9    977.1    282.9      0.0     88.1
     1     1    14     9    19    16     0     2   -63.0   62.804  -19.230    319.4    975.4    282.6      0.0     89.5
     1     1    14     9    19    15     0     3   -64.0   62.987  -19.859    322.9    974.3    282.3      0.1     91.9
     1     1    14     9    19    14     0     2   -65.0   63.148  -20.441    317.6    971.5    282.0      0.5     92.6
     1     1    14     9    19    13     0     1   -66.0   63.281  -21.003    314.4    972.1    281.9      1.2     94.2
     1     1    14     9    19    12     0     0   -67.0   63.394  -21.583    305.5    969.2    281.6      0.7     95.6
     1     1    14     9    19    11     0     1   -68.0   63.463  -22.151    282.7    972.6    282.0      0.7     94.4
     1     1    14     9    19    10     0     2   -69.0   63.483  -22.680    264.7    979.3    282.7      0.4     93.4
     1     1    14     9    19     9     0     3   -70.0   63.475  -23.224    251.4    981.5    283.0      0.4     93.9
     1     1    14     9    19     8     0     2   -71.0   63.451  -23.787    241.1    982.9    282.9      1.9     95.3
     1     1    14     9    19     7     0     1   -72.0   63.416  -24.326    235.3    982.6    283.0      2.1     96.3
