     7     1
    GDAS    14     8    22     0     0
    GDAS    14     8    29     0     0
    GDAS    14     9     1     0     0
    GDAS    14     9     8     0     0
    GDAS    14     9    15     0     0
    GDAS    14     9    22     0     0
    GDAS    14     9    29     0     0
     1 BACKWARD OMEGA   
    14     9     7     2   56.467   -2.973   100.0
     4 PRESSURE AIR_TEMP RAINFALL RELHUMID
     1     1    14     9     7     2     0     2     0.0   56.467   -2.973    100.0    971.8    281.2      0.0     89.4
     1     1    14     9     7     1     0     1    -1.0   56.590   -3.211    163.8    958.8    280.5      0.0     90.5
     1     1    14     9     7     0     0     0    -2.0   56.744   -3.468    235.8    939.8    279.7      0.0     92.6
     1     1    14     9     6    23     0     1    -3.0   56.927   -3.761    286.9    919.8    278.6      0.0     95.0
     1     1    14     9     6    22     0     2    -4.0   57.112   -4.093    290.2    918.2    278.6      0.0     96.0
     1     1    14     9     6    21     0     3    -5.0   57.262   -4.423    268.7    933.7    279.7      0.0     95.2
     1     1    14     9     6    20     0     2    -6.0   57.380   -4.725    239.7    941.7    280.4      0.2     94.1
     1     1    14     9     6    19     0     1    -7.0   57.485   -4.991    192.0    948.7    281.0      0.3     93.0
     1     1    14     9     6    18     0     0    -8.0   57.601   -5.228    127.3    967.6    282.5      0.4     88.1
     1     1    14     9     6    17     0     1    -9.0   57.741   -5.452     66.1    986.8    284.0      0.3     83.5
     1     1    14     9     6    16     0     2   -10.0   57.896   -5.683     32.6   1003.9    285.4      0.0     80.1
     1     1    14     9     6    15     0     3   -11.0   58.076   -5.933     12.7   1014.5    286.0      0.0     76.9
     1     1    14     9     6    14     0     2   -12.0   58.287   -6.163      6.7   1015.1    286.3      0.0     77.1
     1     1    14     9     6    13     0     1   -13.0   58.530   -6.363      4.7   1013.8    286.5      0.0     78.0
     1     1    14     9     6    12     0     0   -14.0   58.807   -6.559      3.9   1013.4    286.4      0.0     79.0
     1     1    14     9     6    11     0     1   -15.0   59.107   -6.746      3.8   1014.1    286.1      0.0     79.9
     1     1    14     9     6    10     0     2   -16.0   59.408   -6.887      3.8   1014.6    285.9      0.0     80.5
     1     1    14     9     6     9     0     3   -17.0   59.713   -6.977      3.8   1015.2    285.8      0.0     81.6
     1     1    14     9     6     8     0     2   -18.0   60.028   -7.026      3.7   1014.3    285.7      0.0     82.4
     1     1    14     9     6     7     0     1   -19.0   60.347   -7.036      3.9   1014.1    285.5      0.0     82.9
     1     1    14     9     6     6     0     0   -20.0   60.663   -7.016      4.6   1014.6    285.2      0.0     84.3
     1     1    14     9     6     5     0     1   -21.0   60.977   -6.980      5.9   1014.8    285.1      0.0     84.9
     1     1    14     9     6     4     0     2   -22.0   61.276   -6.946      7.5   1012.5    284.9      0.0     86.0
     1     1    14     9     6     3     0     3   -23.0   61.552   -6.926      9.2   1011.0    284.7      0.0     87.3
     1     1    14     9     6     2     0     2   -24.0   61.796   -6.906     10.8   1010.1    284.5      0.0     89.7
     1     1    14     9     6     1     0     1   -25.0   62.004   -6.866     11.9   1009.4    284.3      0.0     91.0
     1     1    14     9     6     0     0     0   -26.0   62.186   -6.794     12.2   1010.3    284.3      0.0     91.9
     1     1    14     9     5    23     0     1   -27.0   62.367   -6.682     11.8   1011.0    284.3      0.0     92.4
     1     1    14     9     5    22     0     2   -28.0   62.553   -6.526     11.5   1012.0    284.3      0.0     92.7
     1     1    14     9     5    21     0     3   -29.0   62.737   -6.327     11.4   1013.0    284.4      0.0     92.6
     1     1    14     9     5    20     0     2   -30.0   62.910   -6.084     11.4   1013.5    284.4      0.0     93.2
     1     1    14     9     5    19     0     1   -31.0   63.059   -5.806     11.5   1013.5    284.4      0.0     92.7
     1     1    14     9     5    18     0     0   -32.0   63.178   -5.507     11.7   1013.4    284.5      0.0     91.2
     1     1    14     9     5    17     0     1   -33.0   63.274   -5.228     11.7   1012.4    284.5      0.0     90.8
     1     1    14     9     5    16     0     2   -34.0   63.371   -4.995     11.4   1011.8    284.5      0.0     91.5
     1     1    14     9     5    15     0     3   -35.0   63.481   -4.789     10.6   1011.1    284.5      0.0     92.9
     1     1    14     9     5    14     0     2   -36.0   63.601   -4.562      9.6   1011.6    284.5      0.0     93.7
     1     1    14     9     5    13     0     1   -37.0   63.720   -4.284      8.5   1011.9    284.5      0.0     94.8
     1     1    14     9     5    12     0     0   -38.0   63.841   -3.949      7.6   1012.5    284.7      0.0     96.3
     1     1    14     9     5    11     0     1   -39.0   63.976   -3.567      6.6   1012.1    284.8      0.2     97.0
     1     1    14     9     5    10     0     2   -40.0   64.116   -3.170      5.3   1011.1    284.9      0.2     96.3
     1     1    14     9     5     9     0     3   -41.0   64.245   -2.796      3.9   1010.3    285.0      0.2     95.5
     1     1    14     9     5     8     0     2   -42.0   64.347   -2.458      2.6   1010.7    285.1      0.0     95.1
     1     1    14     9     5     7     0     1   -43.0   64.415   -2.156      1.9   1010.9    285.2      0.0     94.9
     1     1    14     9     5     6     0     0   -44.0   64.454   -1.892      1.7   1010.9    285.3      0.0     94.8
     1     1    14     9     5     5     0     1   -45.0   64.471   -1.664      1.7   1011.6    285.3      0.0     94.0
     1     1    14     9     5     4     0     2   -46.0   64.476   -1.468      1.5   1012.3    285.4      0.4     93.3
     1     1    14     9     5     3     0     3   -47.0   64.473   -1.300      1.3   1012.9    285.4      0.4     92.7
     1     1    14     9     5     2     0     2   -48.0   64.460   -1.174      1.0   1012.9    285.4      1.0     92.7
     1     1    14     9     5     1     0     1   -49.0   64.434   -1.098      1.0   1012.9    285.4      1.0     92.7
     1     1    14     9     5     0     0     0   -50.0   64.397   -1.060      1.1   1012.9    285.5      1.0     92.5
     1     1    14     9     4    23     0     1   -51.0   64.344   -1.063      1.4   1013.0    285.6      0.4     92.4
     1     1    14     9     4    22     0     2   -52.0   64.269   -1.111      1.7   1013.0    285.6      0.4     92.2
     1     1    14     9     4    21     0     3   -53.0   64.171   -1.208      2.2   1013.1    285.7      0.4     91.6
     1     1    14     9     4    20     0     2   -54.0   64.058   -1.343      3.0   1013.3    285.6      1.6     90.3
     1     1    14     9     4    19     0     1   -55.0   63.933   -1.512      4.2   1013.6    285.5      0.7     89.1
     1     1    14     9     4    18     0     0   -56.0   63.789   -1.719      5.6   1013.8    285.5      0.7     88.9
     1     1    14     9     4    17     0     1   -57.0   63.629   -1.943      6.8   1014.0    285.5      0.8     91.3
     1     1    14     9     4    16     0     2   -58.0   63.466   -2.166      7.3   1014.3    285.5      0.7     93.3
     1     1    14     9     4    15     0     3   -59.0   63.302   -2.389      7.2   1014.5    285.4      0.7     94.4
     1     1    14     9     4    14     0     2   -60.0   63.135   -2.614      7.2   1014.9    285.3      0.0     94.0
     1     1    14     9     4    13     0     1   -61.0   62.960   -2.839      7.7   1014.9    285.3      0.0     93.2
     1     1    14     9     4    12     0     0   -62.0   62.775   -3.063      8.5   1015.2    285.3      0.0     92.7
     1     1    14     9     4    11     0     1   -63.0   62.579   -3.266      9.1   1016.3    285.3      0.2     92.2
     1     1    14     9     4    10     0     2   -64.0   62.371   -3.428      9.5   1017.0    285.4      0.0     91.7
     1     1    14     9     4     9     0     3   -65.0   62.145   -3.550      9.8   1017.2    285.4      0.0     91.0
     1     1    14     9     4     8     0     2   -66.0   61.912   -3.644     10.1   1017.1    285.5      0.0     91.0
     1     1    14     9     4     7     0     1   -67.0   61.691   -3.723     10.2   1017.3    285.6      0.0     90.8
     1     1    14     9     4     6     0     0   -68.0   61.483   -3.782     10.2   1018.0    285.7      0.0     90.1
     1     1    14     9     4     5     0     1   -69.0   61.282   -3.849     10.1   1018.8    285.7      0.0     88.4
     1     1    14     9     4     4     0     2   -70.0   61.084   -3.958     10.0   1019.7    285.7      0.0     86.0
     1     1    14     9     4     3     0     3   -71.0   60.890   -4.102      9.9   1019.9    285.7      0.0     84.3
     1     1    14     9     4     2     0     2   -72.0   60.696   -4.250      9.7   1019.7    285.8      0.0     84.4
