     7     1
    GDAS    14     8    22     0     0
    GDAS    14     8    29     0     0
    GDAS    14     9     1     0     0
    GDAS    14     9     8     0     0
    GDAS    14     9    15     0     0
    GDAS    14     9    22     0     0
    GDAS    14     9    29     0     0
     1 BACKWARD OMEGA   
    14     9     5     6   56.467   -2.973   100.0
     4 PRESSURE AIR_TEMP RAINFALL RELHUMID
     1     1    14     9     5     6     0     0     0.0   56.467   -2.973    100.0    974.1    285.9      0.0     94.8
     1     1    14     9     5     5     0     1    -1.0   56.452   -3.099    122.9    971.2    286.0      0.0     94.0
     1     1    14     9     5     4     0     2    -2.0   56.437   -3.237    148.0    968.4    286.2      0.0     92.6
     1     1    14     9     5     3     0     3    -3.0   56.422   -3.388    175.9    964.8    286.3      0.0     91.1
     1     1    14     9     5     2     0     2    -4.0   56.401   -3.543    205.5    961.0    286.4      0.0     90.3
     1     1    14     9     5     1     0     1    -5.0   56.371   -3.691    233.6    958.4    286.5      0.0     89.9
     1     1    14     9     5     0     0     0    -6.0   56.336   -3.834    259.2    956.7    286.7      0.0     89.6
     1     1    14     9     4    23     0     1    -7.0   56.292   -3.974    282.5    955.3    286.9      0.0     87.2
     1     1    14     9     4    22     0     2    -8.0   56.234   -4.114    298.2    955.4    287.2      0.0     84.8
     1     1    14     9     4    21     0     3    -9.0   56.162   -4.249    298.2    958.2    287.7      0.0     82.4
     1     1    14     9     4    20     0     2   -10.0   56.078   -4.383    282.6    963.4    288.3      0.0     80.8
     1     1    14     9     4    19     0     1   -11.0   55.988   -4.520    253.9    969.3    288.9      0.0     78.8
     1     1    14     9     4    18     0     0   -12.0   55.884   -4.652    218.0    973.6    289.3      0.0     77.2
     1     1    14     9     4    17     0     1   -13.0   55.766   -4.761    181.5    978.6    289.5      0.0     76.8
     1     1    14     9     4    16     0     2   -14.0   55.635   -4.840    149.0    984.4    289.9      0.0     76.7
     1     1    14     9     4    15     0     3   -15.0   55.491   -4.891    125.5    989.1    290.1      0.0     77.1
     1     1    14     9     4    14     0     2   -16.0   55.342   -4.903    116.6    992.9    289.9      0.0     80.2
     1     1    14     9     4    13     0     1   -17.0   55.190   -4.874    121.9    994.3    289.7      0.0     82.9
     1     1    14     9     4    12     0     0   -18.0   55.032   -4.815    135.1    994.7    289.5      0.0     85.0
     1     1    14     9     4    11     0     1   -19.0   54.870   -4.742    146.4    993.7    289.1      0.0     86.3
     1     1    14     9     4    10     0     2   -20.0   54.711   -4.662    148.2    994.3    288.9      0.0     87.4
     1     1    14     9     4     9     0     3   -21.0   54.549   -4.576    139.3    996.9    288.7      0.0     88.4
     1     1    14     9     4     8     0     2   -22.0   54.385   -4.483    122.9   1000.6    288.8      0.0     87.4
     1     1    14     9     4     7     0     1   -23.0   54.223   -4.384    104.3   1004.6    288.8      0.0     86.3
     1     1    14     9     4     6     0     0   -24.0   54.052   -4.276     87.7   1008.9    288.9      0.0     85.2
     1     1    14     9     4     5     0     1   -25.0   53.880   -4.135     78.1   1008.3    288.6      0.0     84.0
     1     1    14     9     4     4     0     2   -26.0   53.723   -3.948     78.5   1003.3    288.2      0.0     84.3
     1     1    14     9     4     3     0     3   -27.0   53.588   -3.738     86.1    999.1    288.2      0.0     84.5
     1     1    14     9     4     2     0     2   -28.0   53.475   -3.528     93.1    996.5    288.3      0.0     84.1
     1     1    14     9     4     1     0     1   -29.0   53.378   -3.327     91.3    996.2    288.6      0.0     83.7
     1     1    14     9     4     0     0     0   -30.0   53.294   -3.127     74.1    998.5    288.9      0.0     83.1
     1     1    14     9     3    23     0     1   -31.0   53.225   -2.937     47.5   1003.0    289.2      0.0     82.4
     1     1    14     9     3    22     0     2   -32.0   53.176   -2.767     29.0   1004.8    289.0      0.0     81.6
     1     1    14     9     3    21     0     3   -33.0   53.144   -2.604     20.5   1004.5    289.3      0.0     80.3
     1     1    14     9     3    20     0     2   -34.0   53.122   -2.450     18.2   1002.6    289.8      0.0     78.8
     1     1    14     9     3    19     0     1   -35.0   53.101   -2.311     19.6   1000.9    290.3      0.0     77.0
     1     1    14     9     3    18     0     0   -36.0   53.079   -2.185     22.9    999.5    290.9      0.0     74.7
     1     1    14     9     3    17     0     1   -37.0   53.056   -2.053     28.2    998.4    291.4      0.0     72.3
     1     1    14     9     3    16     0     2   -38.0   53.035   -1.892     36.2    998.8    291.9      0.0     69.3
     1     1    14     9     3    15     0     3   -39.0   53.017   -1.705     43.8   1000.3    292.5      0.0     65.7
     1     1    14     9     3    14     0     2   -40.0   53.001   -1.510     48.3   1003.0    292.7      0.0     66.5
     1     1    14     9     3    13     0     1   -41.0   52.985   -1.327     48.9   1006.0    293.3      0.0     67.5
     1     1    14     9     3    12     0     0   -42.0   52.969   -1.160     45.5   1009.3    294.2      0.0     68.6
     1     1    14     9     3    11     0     1   -43.0   52.955   -1.006     39.4   1012.2    293.5      0.0     73.0
     1     1    14     9     3    10     0     2   -44.0   52.945   -0.865     33.4   1013.3    292.2      0.0     78.0
     1     1    14     9     3     9     0     3   -45.0   52.937   -0.736     28.9   1014.1    290.8      0.0     82.9
     1     1    14     9     3     8     0     2   -46.0   52.926   -0.619     25.9   1014.4    289.7      0.0     86.4
     1     1    14     9     3     7     0     1   -47.0   52.907   -0.512     24.3   1014.4    288.5      0.0     89.8
     1     1    14     9     3     6     0     0   -48.0   52.881   -0.415     24.0   1014.2    287.3      0.0     93.4
     1     1    14     9     3     5     0     1   -49.0   52.853   -0.320     24.2   1013.0    287.1      0.0     93.4
     1     1    14     9     3     4     0     2   -50.0   52.829   -0.218     24.2   1012.1    286.9      0.0     93.4
     1     1    14     9     3     3     0     3   -51.0   52.810   -0.109     23.9   1011.3    286.8      0.0     93.4
     1     1    14     9     3     2     0     2   -52.0   52.790    0.006     22.9   1017.7    285.8      0.0     88.3
     1     1    14     9     3     1     0     1   -53.0   52.769    0.131     21.5   1018.1    286.3      0.0     88.2
     1     1    14     9     3     0     0     0   -54.0   52.749    0.269     20.8   1018.3    286.7      0.0     87.9
     1     1    14     9     2    23     0     1   -55.0   52.731    0.415     20.2   1018.5    287.1      0.0     85.8
     1     1    14     9     2    22     0     2   -56.0   52.716    0.566     19.5   1018.9    287.4      0.0     84.7
     1     1    14     9     2    21     0     3   -57.0   52.702    0.721     18.5   1019.3    287.7      0.0     84.6
     1     1    14     9     2    20     0     2   -58.0   52.695    0.873     17.6   1019.1    288.2      0.0     84.0
     1     1    14     9     2    19     0     1   -59.0   52.699    1.019     17.2   1019.0    288.6      0.0     84.2
     1     1    14     9     2    18     0     0   -60.0   52.716    1.161     17.1   1019.1    289.1      0.0     83.2
     1     1    14     9     2    17     0     1   -61.0   52.746    1.306     17.1   1019.4    289.6      0.0     82.1
     1     1    14     9     2    16     0     2   -62.0   52.791    1.451     17.0   1019.8    289.8      0.0     82.5
     1     1    14     9     2    15     0     3   -63.0   52.850    1.589     16.9   1020.2    289.9      0.0     84.1
     1     1    14     9     2    14     0     2   -64.0   52.918    1.707     16.8   1021.1    289.6      0.0     86.5
     1     1    14     9     2    13     0     1   -65.0   52.986    1.797     16.7   1021.6    289.3      0.0     88.4
     1     1    14     9     2    12     0     0   -66.0   53.051    1.863     16.6   1022.0    289.2      0.0     90.2
     1     1    14     9     2    11     0     1   -67.0   53.124    1.916     16.4   1021.3    289.1      0.0     91.1
     1     1    14     9     2    10     0     2   -68.0   53.215    1.965     16.4   1020.7    289.1      0.0     92.0
     1     1    14     9     2     9     0     3   -69.0   53.322    2.005     16.6   1020.4    289.0      0.0     92.9
     1     1    14     9     2     8     0     2   -70.0   53.429    2.032     17.1   1020.0    289.0      0.0     93.1
     1     1    14     9     2     7     0     1   -71.0   53.521    2.045     17.4   1019.4    288.9      0.0     93.5
     1     1    14     9     2     6     0     0   -72.0   53.602    2.046     17.5   1018.6    288.9      0.0     93.9
