     7     1
    GDAS    14     8    22     0     0
    GDAS    14     8    29     0     0
    GDAS    14     9     1     0     0
    GDAS    14     9     8     0     0
    GDAS    14     9    15     0     0
    GDAS    14     9    22     0     0
    GDAS    14     9    29     0     0
     1 BACKWARD OMEGA   
    14     9     3    14   56.467   -2.973   100.0
     4 PRESSURE AIR_TEMP RAINFALL RELHUMID
     1     1    14     9     3    14     0     2     0.0   56.467   -2.973    100.0    979.8    288.5      0.0     75.3
     1     1    14     9     3    13     0     1    -1.0   56.366   -2.937     93.1    986.0    288.7      0.0     75.0
     1     1    14     9     3    12     0     0    -2.0   56.274   -2.909     93.3    989.9    288.7      0.0     75.0
     1     1    14     9     3    11     0     1    -3.0   56.188   -2.887     98.8    992.1    288.2      0.0     77.8
     1     1    14     9     3    10     0     2    -4.0   56.103   -2.861    110.0    993.9    287.7      0.0     80.7
     1     1    14     9     3     9     0     3    -5.0   56.018   -2.838    128.6    994.9    287.2      0.0     83.5
     1     1    14     9     3     8     0     2    -6.0   55.933   -2.825    152.8    992.0    286.7      0.0     84.5
     1     1    14     9     3     7     0     1    -7.0   55.846   -2.831    177.8    988.0    286.4      0.0     85.1
     1     1    14     9     3     6     0     0    -8.0   55.757   -2.856    201.5    984.5    286.1      0.0     85.5
     1     1    14     9     3     5     0     1    -9.0   55.664   -2.885    221.5    981.6    286.1      0.0     83.3
     1     1    14     9     3     4     0     2   -10.0   55.564   -2.896    235.4    979.7    286.0      0.0     81.5
     1     1    14     9     3     3     0     3   -11.0   55.458   -2.892    242.3    978.7    285.9      0.0     80.2
     1     1    14     9     3     2     0     2   -12.0   55.351   -2.878    245.1    978.6    286.1      0.0     79.7
     1     1    14     9     3     1     0     1   -13.0   55.249   -2.858    248.0    978.1    286.2      0.0     79.4
     1     1    14     9     3     0     0     0   -14.0   55.148   -2.828    252.8    977.3    286.3      0.0     79.4
     1     1    14     9     2    23     0     1   -15.0   55.048   -2.793    254.1    975.8    286.5      0.0     78.7
     1     1    14     9     2    22     0     2   -16.0   54.950   -2.750    245.4    976.6    286.8      0.0     77.6
     1     1    14     9     2    21     0     3   -17.0   54.858   -2.690    226.9    978.7    287.1      0.0     76.3
     1     1    14     9     2    20     0     2   -18.0   54.780   -2.613    200.5    981.2    287.4      0.0     74.7
     1     1    14     9     2    19     0     1   -19.0   54.718   -2.523    168.5    984.0    287.8      0.0     72.8
     1     1    14     9     2    18     0     0   -20.0   54.672   -2.421    131.7    987.0    288.4      0.0     70.3
     1     1    14     9     2    17     0     1   -21.0   54.639   -2.315     96.0    989.4    288.8      0.0     68.7
     1     1    14     9     2    16     0     2   -22.0   54.614   -2.212     67.0    991.3    289.7      0.0     66.2
     1     1    14     9     2    15     0     3   -23.0   54.597   -2.106     44.6    991.5    290.9      0.0     63.0
     1     1    14     9     2    14     0     2   -24.0   54.584   -2.002     29.1    991.3    291.9      0.0     62.8
     1     1    14     9     2    13     0     1   -25.0   54.575   -1.910     20.1    994.8    292.6      0.0     63.6
     1     1    14     9     2    12     0     0   -26.0   54.573   -1.834     15.4    997.3    293.2      0.0     64.4
     1     1    14     9     2    11     0     1   -27.0   54.579   -1.772     12.9    999.5    291.8      0.0     68.8
     1     1    14     9     2    10     0     2   -28.0   54.593   -1.719     11.5   1001.5    290.4      0.0     73.0
     1     1    14     9     2     9     0     3   -29.0   54.615   -1.679     10.8   1003.1    289.1      0.0     77.0
     1     1    14     9     2     8     0     2   -30.0   54.645   -1.653     10.5   1003.8    286.8      0.0     79.3
     1     1    14     9     2     7     0     1   -31.0   54.685   -1.641     10.5   1004.2    284.7      0.0     81.4
     1     1    14     9     2     6     0     0   -32.0   54.733   -1.644     10.5   1004.2    282.5      0.0     83.4
     1     1    14     9     2     5     0     1   -33.0   54.785   -1.663     10.6   1003.9    282.2      0.0     83.4
     1     1    14     9     2     4     0     2   -34.0   54.834   -1.698     10.5   1003.3    281.8      0.0     83.6
     1     1    14     9     2     3     0     3   -35.0   54.880   -1.747     10.4   1002.4    281.2      0.0     84.0
     1     1    14     9     2     2     0     2   -36.0   54.926   -1.813     10.4   1000.7    281.4      0.0     84.3
     1     1    14     9     2     1     0     1   -37.0   54.975   -1.897     10.6    998.4    281.5      0.0     85.0
     1     1    14     9     2     0     0     0   -38.0   55.025   -2.001     11.1    995.9    281.7      0.0     86.2
     1     1    14     9     1    23     0     1   -39.0   55.075   -2.109     11.6    998.0    282.1      0.0     82.2
     1     1    14     9     1    22     0     2   -40.0   55.122   -2.210     11.4    999.9    282.4      0.0     79.1
     1     1    14     9     1    21     0     3   -41.0   55.167   -2.309     10.7   1001.7    282.8      0.0     76.8
     1     1    14     9     1    20     0     2   -42.0   55.208   -2.407      9.8   1002.9    284.2      0.0     75.2
     1     1    14     9     1    19     0     1   -43.0   55.247   -2.508      8.8   1003.6    285.6      0.0     73.3
     1     1    14     9     1    18     0     0   -44.0   55.283   -2.613      7.6   1004.0    286.9      0.0     71.1
     1     1    14     9     1    17     0     1   -45.0   55.320   -2.732      5.4   1003.8    287.8      0.0     69.0
     1     1    14     9     1    16     0     2   -46.0   55.364   -2.877      1.3   1003.6    288.6      0.0     66.6
     1     1    14     9     1    15     0     3   -47.0   55.412   -3.046      0.0   1003.2    289.4      0.0     63.9
     1     1    14     9     1    14     0     2   -48.0   55.463   -3.232      0.0   1003.2    289.3      0.0     66.3
     1     1    14     9     1    13     0     1   -49.0   55.515   -3.424      0.0   1003.2    289.2      0.0     68.3
     1     1    14     9     1    12     0     0   -50.0   55.569   -3.620      2.6   1003.3    289.3      0.0     69.7
     1     1    14     9     1    11     0     1   -51.0   55.619   -3.815      8.9   1002.4    288.4      0.0     73.0
     1     1    14     9     1    10     0     2   -52.0   55.658   -4.013     18.5   1000.5    287.3      0.0     76.2
     1     1    14     9     1     9     0     3   -53.0   55.691   -4.221     30.0    998.0    286.2      0.0     78.7
     1     1    14     9     1     8     0     2   -54.0   55.729   -4.434     41.9    996.2    285.7      0.0     83.1
     1     1    14     9     1     7     0     1   -55.0   55.786   -4.650     56.6    993.0    285.1      0.0     87.4
     1     1    14     9     1     6     0     0   -56.0   55.868   -4.869     72.9    987.9    284.4      0.0     91.7
     1     1    14     9     1     5     0     1   -57.0   55.958   -5.109     88.1    985.4    284.4      0.0     91.0
     1     1    14     9     1     4     0     2   -58.0   56.033   -5.400     90.3    988.5    284.9      0.0     89.6
     1     1    14     9     1     3     0     3   -59.0   56.091   -5.729     72.6    995.9    285.4      0.0     89.8
     1     1    14     9     1     2     0     2   -60.0   56.134   -6.077     45.0   1005.3    286.1      0.1     89.9
     1     1    14     9     1     1     0     1   -61.0   56.157   -6.450     26.5   1010.4    286.6      0.2     90.3
     1     1    14     9     1     0     0     0   -62.0   56.166   -6.879     19.3   1012.6    287.0      0.0     90.6
     1     1    14     8    31    23     0     1   -63.0   56.156   -7.367     18.9   1011.8    287.0      0.1     89.9
     1     1    14     8    31    22     0     2   -64.0   56.124   -7.880     20.1   1010.5    287.1      0.0     88.9
     1     1    14     8    31    21     0     3   -65.0   56.085   -8.399     21.1   1009.5    287.2      0.0     88.3
     1     1    14     8    31    20     0     2   -66.0   56.038   -8.934     23.0   1008.5    287.3      0.3     88.6
     1     1    14     8    31    19     0     1   -67.0   55.983   -9.495     26.7   1007.1    287.3      0.5     88.0
     1     1    14     8    31    18     0     0   -68.0   55.933  -10.086     31.8   1005.8    287.4      0.1     88.4
     1     1    14     8    31    17     0     1   -69.0   55.865  -10.697     35.7   1004.9    287.6      0.0     88.0
     1     1    14     8    31    16     0     2   -70.0   55.759  -11.323     37.5   1004.5    287.8      0.0     88.7
     1     1    14     8    31    15     0     3   -71.0   55.654  -12.001     38.3   1003.8    287.9      0.0     90.3
     1     1    14     8    31    14     0     2   -72.0   55.552  -12.708     39.8   1003.4    288.0      0.3     87.8
