     7     1
    GDAS    14     8    22     0     0
    GDAS    14     8    29     0     0
    GDAS    14     9     1     0     0
    GDAS    14     9     8     0     0
    GDAS    14     9    15     0     0
    GDAS    14     9    22     0     0
    GDAS    14     9    29     0     0
     1 BACKWARD OMEGA   
    14     9    16     5   56.467   -2.973   100.0
     4 PRESSURE AIR_TEMP RAINFALL RELHUMID
     1     1    14     9    16     5     0     1     0.0   56.467   -2.973    100.0    974.8    284.7      0.0     98.0
     1     1    14     9    16     4     0     2    -1.0   56.437   -2.859     80.8    981.4    285.1      0.0     98.1
     1     1    14     9    16     3     0     3    -2.0   56.414   -2.754     66.6    986.7    285.5      0.0     98.2
     1     1    14     9    16     2     0     2    -3.0   56.401   -2.645     52.4    991.5    285.7      0.3     98.2
     1     1    14     9    16     1     0     1    -4.0   56.401   -2.519     36.2    996.7    285.8      0.3     98.1
     1     1    14     9    16     0     0     0    -5.0   56.415   -2.376     21.8   1002.7    286.0      0.4     97.8
     1     1    14     9    15    23     0     1    -6.0   56.444   -2.222     12.3   1009.0    286.2      0.2     97.7
     1     1    14     9    15    22     0     2    -7.0   56.489   -2.062      6.5   1014.0    286.4      0.2     97.6
     1     1    14     9    15    21     0     3    -8.0   56.550   -1.884      2.3   1016.6    286.4      0.2     97.8
     1     1    14     9    15    20     0     2    -9.0   56.608   -1.645      0.0   1016.9    286.5      0.5     97.1
     1     1    14     9    15    19     0     1   -10.0   56.647   -1.312      0.0   1017.1    286.6      0.0     96.3
     1     1    14     9    15    18     0     0   -11.0   56.675   -0.886      0.0   1017.2    286.7      0.0     95.3
     1     1    14     9    15    17     0     1   -12.0   56.706   -0.408      0.0   1017.9    286.7      0.2     96.1
     1     1    14     9    15    16     0     2   -13.0   56.733    0.098      0.0   1018.7    286.9      0.2     94.3
     1     1    14     9    15    15     0     3   -14.0   56.759    0.652      0.0   1019.5    287.1      0.2     92.6
     1     1    14     9    15    14     0     2   -15.0   56.788    1.244      0.0   1019.9    287.3      0.2     92.9
     1     1    14     9    15    13     0     1   -16.0   56.806    1.838      0.0   1021.3    287.6      0.0     92.8
     1     1    14     9    15    12     0     0   -17.0   56.817    2.434      0.0   1022.7    287.9      0.0     91.3
     1     1    14     9    15    11     0     1   -18.0   56.831    3.055      0.0   1022.1    288.1      0.0     91.3
     1     1    14     9    15    10     0     2   -19.0   56.856    3.730      0.0   1021.4    288.4      0.0     91.9
     1     1    14     9    15     9     0     3   -20.0   56.898    4.466      0.0   1020.6    288.8      0.0     91.6
     1     1    14     9    15     8     0     2   -21.0   56.965    5.232      0.0   1021.9    289.0      0.0     89.7
     1     1    14     9    15     7     0     1   -22.0   57.060    5.972      0.2   1023.7    289.2      0.0     88.7
     1     1    14     9    15     6     0     0   -23.0   57.160    6.664      0.8   1022.8    289.3      0.0     89.3
     1     1    14     9    15     5     0     1   -24.0   57.246    7.291      2.3   1022.3    289.3      0.0     88.8
     1     1    14     9    15     4     0     2   -25.0   57.317    7.845      3.6   1022.8    289.4      0.0     89.1
     1     1    14     9    15     3     0     3   -26.0   57.377    8.331      4.3   1023.5    289.4      0.0     88.8
     1     1    14     9    15     2     0     2   -27.0   57.433    8.783      4.6   1025.0    289.7      0.2     87.7
     1     1    14     9    15     1     0     1   -28.0   57.484    9.223      4.6   1025.5    289.6      0.2     86.7
     1     1    14     9    15     0     0     0   -29.0   57.515    9.646      4.1   1025.1    289.3      0.0     85.5
     1     1    14     9    14    23     0     1   -30.0   57.529   10.043      3.4   1024.9    289.1      0.0     83.8
     1     1    14     9    14    22     0     2   -31.0   57.543   10.447      2.8   1026.3    289.4      0.0     82.2
     1     1    14     9    14    21     0     3   -32.0   57.565   10.894      2.7   1027.2    289.8      0.0     80.6
     1     1    14     9    14    20     0     2   -33.0   57.593   11.334      3.4   1025.3    289.1      0.0     79.9
     1     1    14     9    14    19     0     1   -34.0   57.627   11.704      5.2   1022.3    288.3      0.0     79.5
     1     1    14     9    14    18     0     0   -35.0   57.663   12.000      8.1   1019.0    287.8      0.0     79.0
     1     1    14     9    14    17     0     1   -36.0   57.697   12.265     12.5   1015.3    288.3      0.0     78.1
     1     1    14     9    14    16     0     2   -37.0   57.722   12.547     21.6   1010.4    289.0      0.0     76.1
     1     1    14     9    14    15     0     3   -38.0   57.739   12.864     41.6   1004.0    289.7      0.0     73.0
     1     1    14     9    14    14     0     2   -39.0   57.753   13.213     71.4    997.5    288.8      0.0     74.6
     1     1    14     9    14    13     0     1   -40.0   57.774   13.570     91.8    993.0    288.1      0.0     76.9
     1     1    14     9    14    12     0     0   -41.0   57.801   13.917     90.3    992.0    287.5      0.0     79.0
     1     1    14     9    14    11     0     1   -42.0   57.833   14.252     77.3    993.9    287.1      0.0     80.6
     1     1    14     9    14    10     0     2   -43.0   57.871   14.579     66.5    995.0    286.7      0.0     83.0
     1     1    14     9    14     9     0     3   -44.0   57.914   14.896     59.1    995.5    286.2      0.0     86.0
     1     1    14     9    14     8     0     2   -45.0   57.965   15.186     50.4    998.6    285.8      0.0     89.6
     1     1    14     9    14     7     0     1   -46.0   58.025   15.431     38.2   1003.0    285.5      0.0     92.8
     1     1    14     9    14     6     0     0   -47.0   58.093   15.628     26.4   1007.3    285.2      0.0     95.8
     1     1    14     9    14     5     0     1   -48.0   58.165   15.788     17.2   1011.2    285.1      0.0     95.3
     1     1    14     9    14     4     0     2   -49.0   58.241   15.926     11.2   1014.6    284.9      0.0     94.4
     1     1    14     9    14     3     0     3   -50.0   58.319   16.055      7.3   1017.0    284.5      0.0     92.9
     1     1    14     9    14     2     0     2   -51.0   58.399   16.193      4.5   1019.2    284.7      0.0     91.3
     1     1    14     9    14     1     0     1   -52.0   58.475   16.349      2.3   1021.3    284.9      0.0     89.8
     1     1    14     9    14     0     0     0   -53.0   58.549   16.522      0.7   1023.1    285.0      0.0     88.3
     1     1    14     9    13    23     0     1   -54.0   58.621   16.710      0.0   1024.5    285.2      0.0     88.3
     1     1    14     9    13    22     0     2   -55.0   58.692   16.908      0.0   1025.8    285.2      0.0     88.4
     1     1    14     9    13    21     0     3   -56.0   58.761   17.110      0.0   1026.3    285.3      0.0     88.6
     1     1    14     9    13    20     0     2   -57.0   58.826   17.311      0.0   1025.4    285.4      0.0     87.7
     1     1    14     9    13    19     0     1   -58.0   58.891   17.511      0.0   1025.0    285.6      0.0     87.3
     1     1    14     9    13    18     0     0   -59.0   58.959   17.709      0.0   1025.3    285.8      0.0     87.4
     1     1    14     9    13    17     0     1   -60.0   59.030   17.914      0.0   1025.0    287.0      0.0     86.0
     1     1    14     9    13    16     0     2   -61.0   59.104   18.141      0.0   1024.6    288.2      0.0     84.9
     1     1    14     9    13    15     0     3   -62.0   59.187   18.391      0.2   1024.5    289.1      0.0     84.7
     1     1    14     9    13    14     0     2   -63.0   59.281   18.645      0.5   1025.9    289.4      0.0     85.3
     1     1    14     9    13    13     0     1   -64.0   59.386   18.888      0.6   1027.3    289.3      0.0     86.4
     1     1    14     9    13    12     0     0   -65.0   59.497   19.120      0.6   1028.1    289.2      0.0     86.7
     1     1    14     9    13    11     0     1   -66.0   59.608   19.346      0.5   1028.0    289.1      0.0     86.5
     1     1    14     9    13    10     0     2   -67.0   59.719   19.586      0.5   1027.9    288.9      0.0     86.6
     1     1    14     9    13     9     0     3   -68.0   59.827   19.854      0.6   1027.8    288.6      0.0     87.1
     1     1    14     9    13     8     0     2   -69.0   59.930   20.148      0.8   1028.0    288.6      0.0     87.0
     1     1    14     9    13     7     0     1   -70.0   60.028   20.458      0.9   1028.5    288.6      0.0     86.6
     1     1    14     9    13     6     0     0   -71.0   60.124   20.791      1.0   1028.9    288.7      0.0     86.1
     1     1    14     9    13     5     0     1   -72.0   60.226   21.131      1.2   1027.5    288.6      0.0     84.9
