     7     1
    GDAS    14     8    22     0     0
    GDAS    14     8    29     0     0
    GDAS    14     9     1     0     0
    GDAS    14     9     8     0     0
    GDAS    14     9    15     0     0
    GDAS    14     9    22     0     0
    GDAS    14     9    29     0     0
     1 BACKWARD OMEGA   
    14     9     6    14   56.467   -2.973   100.0
     4 PRESSURE AIR_TEMP RAINFALL RELHUMID
     1     1    14     9     6    14     0     2     0.0   56.467   -2.973    100.0    971.4    285.4      0.0     70.5
     1     1    14     9     6    13     0     1    -1.0   56.478   -3.179    127.9    966.8    284.9      0.0     73.5
     1     1    14     9     6    12     0     0    -2.0   56.485   -3.393    150.0    962.0    284.2      0.0     76.4
     1     1    14     9     6    11     0     1    -3.0   56.487   -3.603    162.2    958.5    283.4      0.0     79.7
     1     1    14     9     6    10     0     2    -4.0   56.483   -3.802    165.3    956.8    282.7      0.0     83.2
     1     1    14     9     6     9     0     3    -5.0   56.473   -3.987    160.7    956.4    282.1      0.0     86.8
     1     1    14     9     6     8     0     2    -6.0   56.463   -4.142    156.1    959.0    281.5      0.0     88.5
     1     1    14     9     6     7     0     1    -7.0   56.456   -4.262    157.7    959.7    280.8      0.0     90.3
     1     1    14     9     6     6     0     0    -8.0   56.452   -4.347    166.1    959.2    280.1      0.0     91.9
     1     1    14     9     6     5     0     1    -9.0   56.459   -4.419    178.2    957.4    280.5      0.0     92.0
     1     1    14     9     6     4     0     2   -10.0   56.483   -4.499    190.4    955.4    280.7      0.0     92.2
     1     1    14     9     6     3     0     3   -11.0   56.524   -4.591    201.9    953.1    280.9      0.0     92.5
     1     1    14     9     6     2     0     2   -12.0   56.577   -4.689    212.1    951.0    281.0      0.0     92.1
     1     1    14     9     6     1     0     1   -13.0   56.633   -4.778    219.6    949.1    281.0      0.0     91.5
     1     1    14     9     6     0     0     0   -14.0   56.690   -4.858    222.0    947.9    281.1      0.0     90.9
     1     1    14     9     5    23     0     1   -15.0   56.748   -4.934    218.6    947.8    281.3      0.0     89.1
     1     1    14     9     5    22     0     2   -16.0   56.811   -5.011    209.3    948.5    281.5      0.0     87.3
     1     1    14     9     5    21     0     3   -17.0   56.879   -5.087    195.3    951.5    281.9      0.0     85.4
     1     1    14     9     5    20     0     2   -18.0   56.952   -5.160    177.1    954.5    282.3      0.0     83.1
     1     1    14     9     5    19     0     1   -19.0   57.026   -5.236    154.9    959.5    283.0      0.0     80.5
     1     1    14     9     5    18     0     0   -20.0   57.104   -5.324    129.9    967.0    283.7      0.0     78.3
     1     1    14     9     5    17     0     1   -21.0   57.190   -5.441    101.2    975.5    284.5      0.0     75.5
     1     1    14     9     5    16     0     2   -22.0   57.287   -5.599     69.0    986.8    285.4      0.0     72.3
     1     1    14     9     5    15     0     3   -23.0   57.393   -5.793     39.1    999.3    286.3      0.0     69.7
     1     1    14     9     5    14     0     2   -24.0   57.495   -5.999     22.5   1012.4    286.8      0.0     71.5
     1     1    14     9     5    13     0     1   -25.0   57.589   -6.200     15.2   1014.1    286.9      0.0     73.1
     1     1    14     9     5    12     0     0   -26.0   57.675   -6.400     12.4   1014.3    286.9      0.0     74.2
     1     1    14     9     5    11     0     1   -27.0   57.753   -6.606     11.3   1013.5    286.8      0.0     75.1
     1     1    14     9     5    10     0     2   -28.0   57.823   -6.829     11.3   1011.8    286.8      0.0     74.9
     1     1    14     9     5     9     0     3   -29.0   57.883   -7.080     12.3   1010.5    286.6      0.0     74.1
     1     1    14     9     5     8     0     2   -30.0   57.943   -7.355     14.1   1011.6    286.0      0.0     74.0
     1     1    14     9     5     7     0     1   -31.0   58.012   -7.649     16.2   1013.3    285.9      0.0     73.6
     1     1    14     9     5     6     0     0   -32.0   58.093   -7.974     18.2   1015.4    286.4      0.0     73.3
     1     1    14     9     5     5     0     1   -33.0   58.180   -8.326     19.7   1015.3    286.4      0.0     73.4
     1     1    14     9     5     4     0     2   -34.0   58.263   -8.697     20.2   1015.2    286.3      0.0     73.2
     1     1    14     9     5     3     0     3   -35.0   58.336   -9.088     20.3   1015.2    286.3      0.0     72.7
     1     1    14     9     5     2     0     2   -36.0   58.408   -9.499     20.3   1015.2    286.3      0.0     73.1
     1     1    14     9     5     1     0     1   -37.0   58.489   -9.935     20.3   1015.1    286.3      0.0     72.8
     1     1    14     9     5     0     0     0   -38.0   58.576  -10.392     20.3   1015.1    286.3      0.0     72.2
     1     1    14     9     4    23     0     1   -39.0   58.654  -10.856     20.5   1015.1    286.4      0.0     71.9
     1     1    14     9     4    22     0     2   -40.0   58.715  -11.316     21.4   1015.0    286.4      0.0     71.5
     1     1    14     9     4    21     0     3   -41.0   58.769  -11.778     23.0   1014.8    286.5      0.0     70.9
     1     1    14     9     4    20     0     2   -42.0   58.825  -12.240     25.0   1013.7    286.4      0.0     71.6
     1     1    14     9     4    19     0     1   -43.0   58.891  -12.707     27.3   1012.5    286.4      0.0     72.0
     1     1    14     9     4    18     0     0   -44.0   58.971  -13.187     29.8   1011.2    286.2      0.0     71.8
     1     1    14     9     4    17     0     1   -45.0   59.055  -13.687     32.1   1010.8    286.2      0.0     71.7
     1     1    14     9     4    16     0     2   -46.0   59.123  -14.211     33.7   1010.6    286.2      0.0     71.9
     1     1    14     9     4    15     0     3   -47.0   59.175  -14.765     35.4   1010.7    286.2      0.0     71.7
     1     1    14     9     4    14     0     2   -48.0   59.222  -15.317     37.2   1010.3    286.1      0.0     72.3
     1     1    14     9     4    13     0     1   -49.0   59.276  -15.833     38.5   1010.1    286.1      0.0     73.2
     1     1    14     9     4    12     0     0   -50.0   59.343  -16.316     38.9   1010.0    286.1      0.0     74.5
     1     1    14     9     4    11     0     1   -51.0   59.410  -16.773     39.2   1009.4    286.0      0.0     75.0
     1     1    14     9     4    10     0     2   -52.0   59.455  -17.221     40.1   1008.9    286.0      0.0     75.0
     1     1    14     9     4     9     0     3   -53.0   59.479  -17.677     41.4   1008.9    285.9      0.0     75.1
     1     1    14     9     4     8     0     2   -54.0   59.494  -18.152     42.7   1008.5    285.8      0.0     75.5
     1     1    14     9     4     7     0     1   -55.0   59.506  -18.638     43.5   1007.8    285.8      0.0     76.2
     1     1    14     9     4     6     0     0   -56.0   59.515  -19.133     43.7   1007.1    285.7      0.0     77.3
     1     1    14     9     4     5     0     1   -57.0   59.526  -19.627     43.7   1006.7    285.7      0.0     77.4
     1     1    14     9     4     4     0     2   -58.0   59.529  -20.107     43.9   1006.3    285.6      0.0     76.9
     1     1    14     9     4     3     0     3   -59.0   59.518  -20.570     44.0   1005.9    285.6      0.0     76.4
     1     1    14     9     4     2     0     2   -60.0   59.508  -21.029     44.0   1005.9    285.6      0.4     76.6
     1     1    14     9     4     1     0     1   -61.0   59.508  -21.502     43.6   1005.6    285.5      0.2     76.9
     1     1    14     9     4     0     0     0   -62.0   59.511  -21.993     41.9   1005.0    285.4      0.4     77.0
     1     1    14     9     3    23     0     1   -63.0   59.514  -22.494     40.3   1005.5    285.5      0.3     76.9
     1     1    14     9     3    22     0     2   -64.0   59.516  -22.999     40.6   1005.3    285.5      0.1     76.2
     1     1    14     9     3    21     0     3   -65.0   59.513  -23.505     43.4   1004.5    285.5      0.0     75.3
     1     1    14     9     3    20     0     2   -66.0   59.506  -24.021     47.3   1003.5    285.3      0.0     75.2
     1     1    14     9     3    19     0     1   -67.0   59.485  -24.560     50.7   1002.7    285.2      0.0     75.4
     1     1    14     9     3    18     0     0   -68.0   59.442  -25.134     52.3   1002.0    285.1      0.0     75.4
     1     1    14     9     3    17     0     1   -69.0   59.390  -25.699     53.6   1001.7    285.0      0.1     75.1
     1     1    14     9     3    16     0     2   -70.0   59.332  -26.225     55.1   1001.0    284.9      0.1     74.7
     1     1    14     9     3    15     0     3   -71.0   59.261  -26.739     55.6   1000.3    284.7      0.0     74.5
     1     1    14     9     3    14     0     2   -72.0   59.191  -27.266     55.5   1000.1    284.6      0.0     74.7
