     7     1
    GDAS    14     8    22     0     0
    GDAS    14     8    29     0     0
    GDAS    14     9     1     0     0
    GDAS    14     9     8     0     0
    GDAS    14     9    15     0     0
    GDAS    14     9    22     0     0
    GDAS    14     9    29     0     0
     1 BACKWARD OMEGA   
    14     9    22    11   56.467   -2.973   100.0
     4 PRESSURE AIR_TEMP RAINFALL RELHUMID
     1     1    14     9    22    11     0     1     0.0   56.467   -2.973    100.0    980.1    285.6      0.0     73.8
     1     1    14     9    22    10     0     2    -1.0   56.423   -3.176    118.3    977.9    284.3      0.0     78.3
     1     1    14     9    22     9     0     3    -2.0   56.372   -3.366    134.9    977.2    283.3      0.0     81.9
     1     1    14     9    22     8     0     2    -3.0   56.322   -3.565    148.8    976.2    282.9      0.0     82.7
     1     1    14     9    22     7     0     1    -4.0   56.279   -3.789    157.3    975.6    282.8      0.0     83.0
     1     1    14     9    22     6     0     0    -5.0   56.243   -4.032    158.4    976.2    282.7      0.0     83.1
     1     1    14     9    22     5     0     1    -6.0   56.208   -4.264    150.5    978.9    283.0      0.0     83.4
     1     1    14     9    22     4     0     2    -7.0   56.170   -4.457    135.6    982.8    283.4      0.0     83.4
     1     1    14     9    22     3     0     3    -8.0   56.132   -4.611    119.4    986.0    283.7      0.0     82.8
     1     1    14     9    22     2     0     2    -9.0   56.095   -4.741    103.4    988.6    284.0      0.0     81.2
     1     1    14     9    22     1     0     1   -10.0   56.056   -4.864     86.1    991.3    284.3      0.0     79.6
     1     1    14     9    22     0     0     0   -11.0   56.016   -4.984     66.0    994.3    284.7      0.0     78.1
     1     1    14     9    21    23     0     1   -12.0   55.982   -5.095     49.3    999.7    284.5      0.0     76.3
     1     1    14     9    21    22     0     2   -13.0   55.962   -5.190     41.0   1002.6    284.1      0.0     74.8
     1     1    14     9    21    21     0     3   -14.0   55.955   -5.272     38.9   1004.4    283.9      0.0     73.3
     1     1    14     9    21    20     0     2   -15.0   55.952   -5.348     39.8   1005.6    284.5      0.0     72.0
     1     1    14     9    21    19     0     1   -16.0   55.948   -5.427     41.5   1007.0    284.9      0.0     70.9
     1     1    14     9    21    18     0     0   -17.0   55.943   -5.508     44.1   1008.3    285.4      0.0     70.0
     1     1    14     9    21    17     0     1   -18.0   55.938   -5.587     46.9   1009.5    286.4      0.0     69.3
     1     1    14     9    21    16     0     2   -19.0   55.930   -5.657     49.2   1010.6    287.4      0.0     68.7
     1     1    14     9    21    15     0     3   -20.0   55.918   -5.719     51.4   1011.6    288.5      0.0     68.2
     1     1    14     9    21    14     0     2   -21.0   55.904   -5.767     54.3   1012.3    288.7      0.0     69.5
     1     1    14     9    21    13     0     1   -22.0   55.886   -5.798     58.6   1012.3    288.7      0.0     70.8
     1     1    14     9    21    12     0     0   -23.0   55.867   -5.813     64.4   1011.7    288.7      0.0     72.1
     1     1    14     9    21    11     0     1   -24.0   55.855   -5.807     72.3   1010.3    287.5      0.0     74.7
     1     1    14     9    21    10     0     2   -25.0   55.860   -5.772     83.4   1008.2    286.3      0.0     77.2
     1     1    14     9    21     9     0     3   -26.0   55.880   -5.707     98.2   1005.3    285.0      0.0     79.6
     1     1    14     9    21     8     0     2   -27.0   55.916   -5.626    117.5   1001.5    284.1      0.0     79.8
     1     1    14     9    21     7     0     1   -28.0   55.969   -5.540    142.7    997.0    283.4      0.0     79.8
     1     1    14     9    21     6     0     0   -29.0   56.035   -5.454    174.9    989.9    282.8      0.0     79.4
     1     1    14     9    21     5     0     1   -30.0   56.114   -5.370    212.5    981.6    282.5      0.0     79.5
     1     1    14     9    21     4     0     2   -31.0   56.203   -5.286    252.9    973.2    282.2      0.0     80.1
     1     1    14     9    21     3     0     3   -32.0   56.301   -5.203    295.5    963.6    281.8      0.0     80.9
     1     1    14     9    21     2     0     2   -33.0   56.403   -5.130    341.1    954.2    281.4      0.0     81.4
     1     1    14     9    21     1     0     1   -34.0   56.506   -5.075    392.4    944.7    281.0      0.0     82.4
     1     1    14     9    21     0     0     0   -35.0   56.614   -5.037    450.2    934.6    280.3      0.0     84.2
     1     1    14     9    20    23     0     1   -36.0   56.735   -5.013    510.5    923.1    279.6      0.0     87.1
     1     1    14     9    20    22     0     2   -37.0   56.877   -5.001    567.3    912.5    278.9      0.0     89.8
     1     1    14     9    20    21     0     3   -38.0   57.043   -5.010    614.7    904.8    278.4      0.0     91.5
     1     1    14     9    20    20     0     2   -39.0   57.227   -5.059    648.2    904.9    278.5      0.0     92.9
     1     1    14     9    20    19     0     1   -40.0   57.424   -5.154    668.6    908.5    278.7      0.0     94.4
     1     1    14     9    20    18     0     0   -41.0   57.632   -5.285    675.2    914.9    279.0      0.2     95.9
     1     1    14     9    20    17     0     1   -42.0   57.843   -5.463    657.5    925.0    279.6      0.1     96.0
     1     1    14     9    20    16     0     2   -43.0   58.054   -5.696    615.7    941.5    280.6      0.0     94.7
     1     1    14     9    20    15     0     3   -44.0   58.275   -5.972    576.8    955.9    281.7      0.0     90.7
     1     1    14     9    20    14     0     2   -45.0   58.510   -6.278    557.5    956.2    281.8      0.0     91.4
     1     1    14     9    20    13     0     1   -46.0   58.748   -6.624    556.8    955.0    281.6      0.0     92.4
     1     1    14     9    20    12     0     0   -47.0   58.989   -7.035    570.2    953.7    281.3      0.0     93.2
     1     1    14     9    20    11     0     1   -48.0   59.244   -7.491    581.8    950.9    281.2      0.0     92.4
     1     1    14     9    20    10     0     2   -49.0   59.516   -7.961    587.2    950.3    281.3      0.0     91.5
     1     1    14     9    20     9     0     3   -50.0   59.787   -8.464    595.8    949.4    281.3      0.0     91.1
     1     1    14     9    20     8     0     2   -51.0   60.045   -9.002    606.3    947.0    281.0      0.0     92.4
     1     1    14     9    20     7     0     1   -52.0   60.293   -9.547    616.1    945.7    280.9      0.0     93.2
     1     1    14     9    20     6     0     0   -53.0   60.533  -10.076    624.9    943.7    280.7      0.0     94.6
     1     1    14     9    20     5     0     1   -54.0   60.776  -10.613    630.3    942.8    280.7      0.0     95.0
     1     1    14     9    20     4     0     2   -55.0   61.032  -11.182    637.2    942.1    280.6      0.0     94.5
     1     1    14     9    20     3     0     3   -56.0   61.297  -11.758    646.4    940.3    280.5      0.0     93.6
     1     1    14     9    20     2     0     2   -57.0   61.559  -12.335    650.5    938.9    280.6      0.0     92.7
     1     1    14     9    20     1     0     1   -58.0   61.817  -12.945    646.9    939.1    280.7      0.0     89.0
     1     1    14     9    20     0     0     0   -59.0   62.077  -13.603    638.5    939.9    280.9      0.0     85.8
     1     1    14     9    19    23     0     1   -60.0   62.320  -14.266    625.4    941.0    281.1      0.0     85.0
     1     1    14     9    19    22     0     2   -61.0   62.533  -14.925    602.0    942.7    281.5      0.0     81.9
     1     1    14     9    19    21     0     3   -62.0   62.734  -15.628    574.6    946.7    282.1      0.0     76.9
     1     1    14     9    19    20     0     2   -63.0   62.935  -16.348    576.1    948.4    282.5      0.0     73.6
     1     1    14     9    19    19     0     1   -64.0   63.135  -16.997    649.0    935.6    281.8      0.0     73.3
     1     1    14     9    19    18     0     0   -65.0   63.338  -17.545    785.3    906.8    280.0      0.0     77.6
     1     1    14     9    19    17     0     1   -66.0   63.547  -18.032    956.0    881.3    278.3      0.0     80.2
     1     1    14     9    19    16     0     2   -67.0   63.756  -18.492   1111.3    837.2    275.5      0.0     83.2
     1     1    14     9    19    15     0     3   -68.0   63.948  -18.957   1153.8    801.6    273.2      0.0     87.1
     1     1    14     9    19    14     0     2   -69.0   64.105  -19.416   1121.3    822.5    274.1      1.3     90.6
     1     1    14     9    19    13     0     1   -70.0   64.210  -19.839   1042.0    845.9    275.2      0.3     92.3
     1     1    14     9    19    12     0     0   -71.0   64.279  -20.230    939.0    867.9    276.2      0.3     94.9
     1     1    14     9    19    11     0     1   -72.0   64.314  -20.585    869.4    884.9    277.3      0.0     95.3
