     7     1
    GDAS    14     8    22     0     0
    GDAS    14     8    29     0     0
    GDAS    14     9     1     0     0
    GDAS    14     9     8     0     0
    GDAS    14     9    15     0     0
    GDAS    14     9    22     0     0
    GDAS    14     9    29     0     0
     1 BACKWARD OMEGA   
    14     9    22     2   56.467   -2.973   100.0
     4 PRESSURE AIR_TEMP RAINFALL RELHUMID
     1     1    14     9    22     2     0     2     0.0   56.467   -2.973    100.0    982.1    282.1      0.0     84.4
     1     1    14     9    22     1     0     1    -1.0   56.433   -3.070     95.5    982.9    282.5      0.0     83.1
     1     1    14     9    22     0     0     0    -2.0   56.394   -3.162     91.9    984.4    283.0      0.0     81.4
     1     1    14     9    21    23     0     1    -3.0   56.358   -3.260     88.1    985.6    283.2      0.0     79.8
     1     1    14     9    21    22     0     2    -4.0   56.331   -3.375     83.1    986.6    283.3      0.0     78.1
     1     1    14     9    21    21     0     3    -5.0   56.316   -3.503     76.9    987.5    283.3      0.0     76.6
     1     1    14     9    21    20     0     2    -6.0   56.306   -3.626     70.0    988.3    283.5      0.0     74.5
     1     1    14     9    21    19     0     1    -7.0   56.293   -3.727     63.1    989.3    283.8      0.0     72.2
     1     1    14     9    21    18     0     0    -8.0   56.278   -3.808     55.8    990.7    284.1      0.0     69.8
     1     1    14     9    21    17     0     1    -9.0   56.265   -3.882     46.5    991.9    284.9      0.0     68.2
     1     1    14     9    21    16     0     2   -10.0   56.257   -3.962     34.3    993.4    286.0      0.0     66.6
     1     1    14     9    21    15     0     3   -11.0   56.254   -4.044     22.3    995.2    287.8      0.0     65.0
     1     1    14     9    21    14     0     2   -12.0   56.253   -4.113     14.3    997.2    288.6      0.0     65.6
     1     1    14     9    21    13     0     1   -13.0   56.252   -4.156      9.4    997.5    289.1      0.0     66.2
     1     1    14     9    21    12     0     0   -14.0   56.251   -4.173      6.4    997.6    289.6      0.0     66.9
     1     1    14     9    21    11     0     1   -15.0   56.256   -4.173      3.9    997.1    288.0      0.0     70.4
     1     1    14     9    21    10     0     2   -16.0   56.271   -4.162      1.8    996.1    286.3      0.0     74.1
     1     1    14     9    21     9     0     3   -17.0   56.297   -4.142      0.0    994.6    284.7      0.0     77.8
     1     1    14     9    21     8     0     2   -18.0   56.332   -4.125      0.0    992.8    282.3      0.0     79.4
     1     1    14     9    21     7     0     1   -19.0   56.375   -4.123      0.0    990.6    280.0      0.0     81.3
     1     1    14     9    21     6     0     0   -20.0   56.425   -4.135      0.0    988.0    278.0      0.0     83.6
     1     1    14     9    21     5     0     1   -21.0   56.482   -4.156      0.0    985.2    278.2      0.0     85.7
     1     1    14     9    21     4     0     2   -22.0   56.541   -4.181      0.0    982.4    278.2      0.0     87.7
     1     1    14     9    21     3     0     3   -23.0   56.605   -4.210      0.0    979.6    278.2      0.0     89.8
     1     1    14     9    21     2     0     2   -24.0   56.668   -4.247      0.0    976.9    278.6      0.0     90.5
     1     1    14     9    21     1     0     1   -25.0   56.727   -4.295      0.0    974.7    278.9      0.0     90.9
     1     1    14     9    21     0     0     0   -26.0   56.780   -4.356      0.0    973.1    279.2      0.0     91.0
     1     1    14     9    20    23     0     1   -27.0   56.830   -4.424      0.0    971.8    279.2      0.0     90.4
     1     1    14     9    20    22     0     2   -28.0   56.882   -4.492      0.0    970.7    279.0      0.0     89.7
     1     1    14     9    20    21     0     3   -29.0   56.933   -4.560      0.0    970.0    278.9      0.0     89.0
     1     1    14     9    20    20     0     2   -30.0   56.988   -4.628      0.0    968.5    279.5      0.0     87.2
     1     1    14     9    20    19     0     1   -31.0   57.051   -4.693      0.0    969.6    280.6      0.0     85.2
     1     1    14     9    20    18     0     0   -32.0   57.122   -4.759      0.0    971.4    281.7      0.0     83.2
     1     1    14     9    20    17     0     1   -33.0   57.197   -4.839      0.0    973.5    283.5      0.0     80.1
     1     1    14     9    20    16     0     2   -34.0   57.270   -4.942      0.0    975.7    285.2      0.0     77.6
     1     1    14     9    20    15     0     3   -35.0   57.347   -5.073      0.0    980.0    286.8      0.0     75.9
     1     1    14     9    20    14     0     2   -36.0   57.432   -5.219      0.0    986.8    286.9      0.0     78.1
     1     1    14     9    20    13     0     1   -37.0   57.520   -5.362      0.0    993.5    287.0      0.1     80.2
     1     1    14     9    20    12     0     0   -38.0   57.613   -5.504      0.0   1000.1    287.0      0.1     82.1
     1     1    14     9    20    11     0     1   -39.0   57.706   -5.655      0.0   1005.9    286.5      0.0     84.4
     1     1    14     9    20    10     0     2   -40.0   57.792   -5.826      0.0   1012.2    286.5      0.0     85.9
     1     1    14     9    20     9     0     3   -41.0   57.865   -6.024      0.0   1018.0    286.7      0.0     86.7
     1     1    14     9    20     8     0     2   -42.0   57.932   -6.238      0.0   1017.0    286.6      0.0     87.7
     1     1    14     9    20     7     0     1   -43.0   57.997   -6.458      0.0   1015.3    286.2      0.0     88.7
     1     1    14     9    20     6     0     0   -44.0   58.061   -6.685      0.0   1013.2    285.5      0.0     89.6
     1     1    14     9    20     5     0     1   -45.0   58.131   -6.920      0.0   1011.6    285.2      0.0     89.9
     1     1    14     9    20     4     0     2   -46.0   58.212   -7.179      0.0   1012.5    285.5      0.0     89.9
     1     1    14     9    20     3     0     3   -47.0   58.298   -7.481      0.0   1014.3    286.0      0.0     89.7
     1     1    14     9    20     2     0     2   -48.0   58.388   -7.828      0.0   1016.2    286.4      0.0     89.9
     1     1    14     9    20     1     0     1   -49.0   58.473   -8.205      0.0   1017.1    286.6      0.0     90.4
     1     1    14     9    20     0     0     0   -50.0   58.537   -8.607      0.0   1017.2    286.7      0.0     91.3
     1     1    14     9    19    23     0     1   -51.0   58.588   -9.022      0.0   1017.2    286.7      0.0     91.1
     1     1    14     9    19    22     0     2   -52.0   58.646   -9.439      0.0   1017.2    286.6      0.0     90.4
     1     1    14     9    19    21     0     3   -53.0   58.709   -9.855      0.0   1017.2    286.6      0.0     89.9
     1     1    14     9    19    20     0     2   -54.0   58.777  -10.282      0.1   1017.0    286.6      0.0     89.7
     1     1    14     9    19    19     0     1   -55.0   58.855  -10.733      0.3   1016.9    286.7      0.0     89.1
     1     1    14     9    19    18     0     0   -56.0   58.938  -11.217      1.1   1016.7    286.7      0.0     87.7
     1     1    14     9    19    17     0     1   -57.0   59.015  -11.724      2.0   1016.4    286.7      0.0     86.9
     1     1    14     9    19    16     0     2   -58.0   59.088  -12.239      2.5   1015.9    286.7      0.0     87.9
     1     1    14     9    19    15     0     3   -59.0   59.158  -12.757      2.7   1015.5    286.7      0.0     88.6
     1     1    14     9    19    14     0     2   -60.0   59.220  -13.277      2.6   1014.5    286.6      0.0     88.4
     1     1    14     9    19    13     0     1   -61.0   59.286  -13.802      2.5   1013.7    286.6      0.1     89.1
     1     1    14     9    19    12     0     0   -62.0   59.358  -14.344      2.5   1013.8    286.4      0.1     89.7
     1     1    14     9    19    11     0     1   -63.0   59.430  -14.897      2.5   1014.5    286.3      0.1     88.2
     1     1    14     9    19    10     0     2   -64.0   59.497  -15.454      2.5   1014.0    286.3      0.1     88.5
     1     1    14     9    19     9     0     3   -65.0   59.557  -16.006      2.5   1013.6    286.3      0.0     89.9
     1     1    14     9    19     8     0     2   -66.0   59.611  -16.551      2.6   1013.4    286.1      0.0     90.5
     1     1    14     9    19     7     0     1   -67.0   59.665  -17.088      2.7   1013.8    285.9      0.0     91.2
     1     1    14     9    19     6     0     0   -68.0   59.718  -17.599      2.7   1013.9    285.8      0.0     91.2
     1     1    14     9    19     5     0     1   -69.0   59.768  -18.096      2.5   1013.2    285.7      0.0     91.2
     1     1    14     9    19     4     0     2   -70.0   59.816  -18.612      2.6   1013.4    285.8      0.0     90.8
     1     1    14     9    19     3     0     3   -71.0   59.868  -19.158      3.1   1014.3    285.7      0.0     90.7
     1     1    14     9    19     2     0     2   -72.0   59.921  -19.695      3.7   1013.4    285.5      0.0     90.1
