     7     1
    GDAS    14     8    22     0     0
    GDAS    14     8    29     0     0
    GDAS    14     9     1     0     0
    GDAS    14     9     8     0     0
    GDAS    14     9    15     0     0
    GDAS    14     9    22     0     0
    GDAS    14     9    29     0     0
     1 BACKWARD OMEGA   
    14     9    19     0   56.467   -2.973   100.0
     4 PRESSURE AIR_TEMP RAINFALL RELHUMID
     1     1    14     9    19     0     0     0     0.0   56.467   -2.973    100.0    972.6    284.9      0.0     97.9
     1     1    14     9    18    23     0     1    -1.0   56.432   -2.833     87.5    979.0    285.4      0.0     97.3
     1     1    14     9    18    22     0     2    -2.0   56.400   -2.682     76.0    985.5    285.8      0.0     96.8
     1     1    14     9    18    21     0     3    -3.0   56.368   -2.521     66.5    991.7    286.2      0.0     96.2
     1     1    14     9    18    20     0     2    -4.0   56.337   -2.349     58.4    997.1    286.4      0.0     95.6
     1     1    14     9    18    19     0     1    -5.0   56.309   -2.160     50.4   1002.5    286.6      0.0     94.8
     1     1    14     9    18    18     0     0    -6.0   56.280   -1.952     42.1   1007.2    286.8      0.0     94.1
     1     1    14     9    18    17     0     1    -7.0   56.247   -1.727     35.6   1007.9    286.9      0.0     93.1
     1     1    14     9    18    16     0     2    -8.0   56.208   -1.491     31.6   1008.4    287.0      0.0     92.4
     1     1    14     9    18    15     0     3    -9.0   56.159   -1.251     29.2   1008.9    287.1      0.0     92.3
     1     1    14     9    18    14     0     2   -10.0   56.093   -0.999     27.7   1010.2    287.1      0.0     92.5
     1     1    14     9    18    13     0     1   -11.0   56.009   -0.723     26.1   1010.5    287.0      0.0     92.6
     1     1    14     9    18    12     0     0   -12.0   55.914   -0.427     23.7   1011.1    287.0      0.0     92.3
     1     1    14     9    18    11     0     1   -13.0   55.821   -0.125     21.7   1011.7    287.1      0.0     92.5
     1     1    14     9    18    10     0     2   -14.0   55.740    0.235     21.2   1012.0    287.3      0.0     88.6
     1     1    14     9    18     9     0     3   -15.0   55.677    0.669     21.5   1012.1    287.5      0.0     88.0
     1     1    14     9    18     8     0     2   -16.0   55.624    1.115     21.3   1011.9    287.7      0.0     87.1
     1     1    14     9    18     7     0     1   -17.0   55.579    1.563     20.4   1011.8    287.9      0.0     86.4
     1     1    14     9    18     6     0     0   -18.0   55.541    2.013     19.1   1011.6    288.1      0.0     86.1
     1     1    14     9    18     5     0     1   -19.0   55.515    2.473     17.9   1012.7    288.3      0.0     85.2
     1     1    14     9    18     4     0     2   -20.0   55.500    2.951     17.4   1013.3    288.4      0.0     83.5
     1     1    14     9    18     3     0     3   -21.0   55.487    3.444     17.3   1013.3    288.6      0.0     82.1
     1     1    14     9    18     2     0     2   -22.0   55.475    3.949     17.3   1013.5    288.9      0.0     81.3
     1     1    14     9    18     1     0     1   -23.0   55.457    4.465     17.4   1013.6    289.3      0.0     79.7
     1     1    14     9    18     0     0     0   -24.0   55.432    4.996     18.0   1013.7    289.6      0.0     77.7
     1     1    14     9    17    23     0     1   -25.0   55.403    5.538     18.6   1013.8    289.6      0.0     76.4
     1     1    14     9    17    22     0     2   -26.0   55.373    6.085     18.3   1014.5    289.8      0.0     74.4
     1     1    14     9    17    21     0     3   -27.0   55.340    6.637     17.9   1015.0    289.8      0.0     72.0
     1     1    14     9    17    20     0     2   -28.0   55.315    7.192     18.0   1014.6    290.0      0.0     69.5
     1     1    14     9    17    19     0     1   -29.0   55.308    7.741     19.1   1014.5    290.1      0.0     67.2
     1     1    14     9    17    18     0     0   -30.0   55.317    8.250     22.1   1013.7    289.7      0.0     67.0
     1     1    14     9    17    17     0     1   -31.0   55.331    8.686     28.1   1011.4    290.1      0.0     66.1
     1     1    14     9    17    16     0     2   -32.0   55.338    9.062     36.7   1009.2    291.4      0.0     64.0
     1     1    14     9    17    15     0     3   -33.0   55.340    9.419     44.1   1008.8    292.2      0.0     61.8
     1     1    14     9    17    14     0     2   -34.0   55.342    9.779     46.5   1009.9    291.8      0.0     65.5
     1     1    14     9    17    13     0     1   -35.0   55.346   10.136     45.6   1011.5    291.2      0.0     69.4
     1     1    14     9    17    12     0     0   -36.0   55.348   10.480     45.0   1013.0    290.9      0.0     71.7
     1     1    14     9    17    11     0     1   -37.0   55.349   10.816     45.6   1014.0    290.2      0.0     75.5
     1     1    14     9    17    10     0     2   -38.0   55.349   11.149     45.6   1014.6    289.9      0.0     79.1
     1     1    14     9    17     9     0     3   -39.0   55.341   11.479     43.7   1014.4    290.0      0.0     81.9
     1     1    14     9    17     8     0     2   -40.0   55.322   11.795     40.3   1014.4    289.9      0.0     82.6
     1     1    14     9    17     7     0     1   -41.0   55.300   12.093     36.7   1014.5    289.5      0.0     83.6
     1     1    14     9    17     6     0     0   -42.0   55.275   12.381     34.1   1014.7    288.9      0.0     84.5
     1     1    14     9    17     5     0     1   -43.0   55.248   12.681     33.3   1015.0    288.7      0.0     82.0
     1     1    14     9    17     4     0     2   -44.0   55.219   13.009     34.3   1015.7    288.7      0.0     78.9
     1     1    14     9    17     3     0     3   -45.0   55.190   13.346     34.6   1016.1    288.9      0.0     75.8
     1     1    14     9    17     2     0     2   -46.0   55.158   13.680     31.5   1016.5    289.2      0.0     73.3
     1     1    14     9    17     1     0     1   -47.0   55.117   14.022     26.1   1017.5    289.5      0.0     70.8
     1     1    14     9    17     0     0     0   -48.0   55.061   14.379     21.1   1018.7    289.9      0.0     68.0
     1     1    14     9    16    23     0     1   -49.0   54.992   14.757     18.2   1020.1    290.1      0.0     65.4
     1     1    14     9    16    22     0     2   -50.0   54.923   15.147     17.4   1020.8    289.9      0.0     64.3
     1     1    14     9    16    21     0     3   -51.0   54.867   15.545     17.9   1021.0    289.7      0.0     63.5
     1     1    14     9    16    20     0     2   -52.0   54.822   15.948     19.4   1020.1    289.7      0.0     63.1
     1     1    14     9    16    19     0     1   -53.0   54.790   16.352     21.7   1018.5    289.7      0.0     63.3
     1     1    14     9    16    18     0     0   -54.0   54.775   16.763     24.8   1016.8    289.7      0.0     63.6
     1     1    14     9    16    17     0     1   -55.0   54.771   17.161     27.8   1015.3    290.0      0.0     61.1
     1     1    14     9    16    16     0     2   -56.0   54.774   17.524     29.5   1014.8    290.4      0.0     58.9
     1     1    14     9    16    15     0     3   -57.0   54.781   17.858     29.4   1014.8    290.7      0.0     57.4
     1     1    14     9    16    14     0     2   -58.0   54.779   18.169     28.6   1016.3    290.8      0.0     57.7
     1     1    14     9    16    13     0     1   -59.0   54.761   18.455     28.3   1018.0    291.0      0.0     57.9
     1     1    14     9    16    12     0     0   -60.0   54.723   18.713     29.1   1019.1    291.3      0.0     58.5
     1     1    14     9    16    11     0     1   -61.0   54.672   18.956     30.9   1019.6    291.3      0.0     60.7
     1     1    14     9    16    10     0     2   -62.0   54.616   19.199     33.2   1018.5    291.0      0.0     61.7
     1     1    14     9    16     9     0     3   -63.0   54.557   19.445     35.4   1016.9    290.5      0.0     62.4
     1     1    14     9    16     8     0     2   -64.0   54.495   19.693     37.5   1014.8    289.2      0.0     64.5
     1     1    14     9    16     7     0     1   -65.0   54.431   19.944     39.4   1012.2    287.5      0.0     68.8
     1     1    14     9    16     6     0     0   -66.0   54.366   20.194     41.1   1010.5    285.5      0.0     74.7
     1     1    14     9    16     5     0     1   -67.0   54.304   20.430     43.1   1009.4    284.7      0.0     74.9
     1     1    14     9    16     4     0     2   -68.0   54.246   20.642     46.3   1008.3    283.8      0.0     75.6
     1     1    14     9    16     3     0     3   -69.0   54.190   20.838     51.1   1007.2    283.0      0.0     76.9
     1     1    14     9    16     2     0     2   -70.0   54.132   21.025     58.1   1005.5    283.0      0.0     75.5
     1     1    14     9    16     1     0     1   -71.0   54.070   21.219     67.9   1002.3    283.3      0.0     73.6
     1     1    14     9    16     0     0     0   -72.0   54.000   21.425     81.7    998.6    283.7      0.0     71.5
