     7     1
    GDAS    14     8    22     0     0
    GDAS    14     8    29     0     0
    GDAS    14     9     1     0     0
    GDAS    14     9     8     0     0
    GDAS    14     9    15     0     0
    GDAS    14     9    22     0     0
    GDAS    14     9    29     0     0
     1 BACKWARD OMEGA   
    14     9     3    10   56.467   -2.973   100.0
     4 PRESSURE AIR_TEMP RAINFALL RELHUMID
     1     1    14     9     3    10     0     2     0.0   56.467   -2.973    100.0    980.5    287.2      0.0     82.6
     1     1    14     9     3     9     0     3    -1.0   56.372   -2.956    103.3    983.9    286.8      0.0     85.1
     1     1    14     9     3     8     0     2    -2.0   56.282   -2.943    114.1    986.1    286.2      0.0     85.9
     1     1    14     9     3     7     0     1    -3.0   56.198   -2.945    133.4    986.8    285.8      0.0     86.7
     1     1    14     9     3     6     0     0    -4.0   56.117   -2.965    159.6    985.7    285.6      0.0     87.3
     1     1    14     9     3     5     0     1    -5.0   56.033   -2.985    188.0    984.2    285.8      0.0     84.6
     1     1    14     9     3     4     0     2    -6.0   55.942   -2.978    213.9    982.2    285.9      0.0     82.2
     1     1    14     9     3     3     0     3    -7.0   55.841   -2.947    234.5    980.0    285.9      0.0     80.3
     1     1    14     9     3     2     0     2    -8.0   55.738   -2.907    249.6    978.8    286.0      0.0     79.5
     1     1    14     9     3     1     0     1    -9.0   55.640   -2.869    261.3    977.7    286.1      0.0     79.0
     1     1    14     9     3     0     0     0   -10.0   55.547   -2.831    271.8    976.5    286.2      0.0     78.8
     1     1    14     9     2    23     0     1   -11.0   55.453   -2.796    279.0    974.9    286.3      0.0     78.0
     1     1    14     9     2    22     0     2   -12.0   55.355   -2.767    279.1    974.3    286.5      0.0     77.3
     1     1    14     9     2    21     0     3   -13.0   55.257   -2.734    270.4    974.7    286.7      0.0     76.4
     1     1    14     9     2    20     0     2   -14.0   55.166   -2.689    252.3    975.9    287.1      0.0     75.4
     1     1    14     9     2    19     0     1   -15.0   55.089   -2.626    224.9    977.5    287.4      0.0     74.0
     1     1    14     9     2    18     0     0   -16.0   55.027   -2.543    188.4    980.0    288.0      0.0     72.1
     1     1    14     9     2    17     0     1   -17.0   54.980   -2.445    146.5    984.3    288.5      0.0     69.9
     1     1    14     9     2    16     0     2   -18.0   54.947   -2.344    106.1    987.9    289.2      0.0     67.1
     1     1    14     9     2    15     0     3   -19.0   54.925   -2.240     72.3    990.9    290.4      0.0     63.5
     1     1    14     9     2    14     0     2   -20.0   54.911   -2.139     48.6    992.7    291.4      0.0     62.9
     1     1    14     9     2    13     0     1   -21.0   54.899   -2.052     33.8    992.7    292.4      0.0     62.5
     1     1    14     9     2    12     0     0   -22.0   54.891   -1.982     24.5    993.6    293.3      0.0     62.2
     1     1    14     9     2    11     0     1   -23.0   54.888   -1.927     19.0    996.0    291.9      0.0     66.8
     1     1    14     9     2    10     0     2   -24.0   54.892   -1.881     16.0    997.9    290.5      0.0     71.2
     1     1    14     9     2     9     0     3   -25.0   54.902   -1.847     14.4    999.4    289.2      0.0     75.3
     1     1    14     9     2     8     0     2   -26.0   54.920   -1.828     13.6    999.9    286.7      0.0     77.9
     1     1    14     9     2     7     0     1   -27.0   54.948   -1.828     13.1    999.9    284.3      0.0     80.2
     1     1    14     9     2     6     0     0   -28.0   54.983   -1.847     12.9    999.4    281.7      0.0     82.4
     1     1    14     9     2     5     0     1   -29.0   55.021   -1.885     12.8    999.1    281.3      0.0     82.9
     1     1    14     9     2     4     0     2   -30.0   55.054   -1.937     12.7    998.6    280.8      0.0     83.4
     1     1    14     9     2     3     0     3   -31.0   55.084   -2.005     12.7    997.8    280.2      0.0     84.0
     1     1    14     9     2     2     0     2   -32.0   55.115   -2.086     12.9    999.0    280.9      0.0     84.1
     1     1    14     9     2     1     0     1   -33.0   55.153   -2.177     13.5   1000.2    281.6      0.0     84.0
     1     1    14     9     2     0     0     0   -34.0   55.199   -2.278     14.1   1001.4    282.3      0.0     83.9
     1     1    14     9     1    23     0     1   -35.0   55.246   -2.384     14.4   1002.7    282.7      0.0     81.4
     1     1    14     9     1    22     0     2   -36.0   55.291   -2.492     13.9   1003.9    283.1      0.0     79.7
     1     1    14     9     1    21     0     3   -37.0   55.331   -2.606     12.8   1005.0    283.4      0.0     78.6
     1     1    14     9     1    20     0     2   -38.0   55.367   -2.726     11.4   1005.6    284.6      0.0     76.8
     1     1    14     9     1    19     0     1   -39.0   55.399   -2.852     10.2   1005.7    285.8      0.0     74.6
     1     1    14     9     1    18     0     0   -40.0   55.427   -2.986      8.8   1005.4    287.1      0.0     71.8
     1     1    14     9     1    17     0     1   -41.0   55.457   -3.134      6.9   1004.5    287.8      0.0     69.5
     1     1    14     9     1    16     0     2   -42.0   55.494   -3.301      4.8   1003.7    288.6      0.0     67.4
     1     1    14     9     1    15     0     3   -43.0   55.535   -3.492      2.9   1003.2    289.4      0.0     65.4
     1     1    14     9     1    14     0     2   -44.0   55.578   -3.698      3.6   1003.2    289.4      0.0     67.3
     1     1    14     9     1    13     0     1   -45.0   55.622   -3.906      9.1   1003.3    289.5      0.0     68.6
     1     1    14     9     1    12     0     0   -46.0   55.669   -4.112     21.6   1001.8    288.9      0.0     70.3
     1     1    14     9     1    11     0     1   -47.0   55.712   -4.328     41.1    997.7    287.2      0.0     74.3
     1     1    14     9     1    10     0     2   -48.0   55.746   -4.554     55.3    994.7    286.4      0.0     76.6
     1     1    14     9     1     9     0     3   -49.0   55.776   -4.790     62.3    992.5    285.9      0.0     77.1
     1     1    14     9     1     8     0     2   -50.0   55.814   -5.028     65.8    990.8    285.4      0.0     81.3
     1     1    14     9     1     7     0     1   -51.0   55.868   -5.272     68.7    992.6    285.2      0.0     83.7
     1     1    14     9     1     6     0     0   -52.0   55.934   -5.540     66.2    995.9    285.2      0.0     83.1
     1     1    14     9     1     5     0     1   -53.0   55.996   -5.842     52.1   1002.9    285.8      0.0     81.5
     1     1    14     9     1     4     0     2   -54.0   56.039   -6.168     34.5   1008.5    286.2      0.0     83.1
     1     1    14     9     1     3     0     3   -55.0   56.063   -6.519     23.3   1012.2    286.5      0.0     84.9
     1     1    14     9     1     2     0     2   -56.0   56.069   -6.918     19.1   1014.5    287.0      0.0     85.1
     1     1    14     9     1     1     0     1   -57.0   56.062   -7.367     18.9   1013.3    287.1      0.0     85.3
     1     1    14     9     1     0     0     0   -58.0   56.042   -7.853     20.5   1012.4    287.0      0.0     85.8
     1     1    14     8    31    23     0     1   -59.0   56.009   -8.363     22.7   1011.1    287.1      0.0     83.5
     1     1    14     8    31    22     0     2   -60.0   55.970   -8.882     24.2   1010.1    287.2      0.0     82.7
     1     1    14     8    31    21     0     3   -61.0   55.930   -9.406     25.9   1009.3    287.3      0.0     82.7
     1     1    14     8    31    20     0     2   -62.0   55.885   -9.939     28.8   1008.2    287.3      0.1     82.3
     1     1    14     8    31    19     0     1   -63.0   55.840  -10.504     32.4   1006.9    287.5      0.0     82.3
     1     1    14     8    31    18     0     0   -64.0   55.805  -11.106     34.9   1005.8    287.6      0.0     83.1
     1     1    14     8    31    17     0     1   -65.0   55.757  -11.750     37.7   1005.2    287.7      0.0     83.9
     1     1    14     8    31    16     0     2   -66.0   55.697  -12.443     41.7   1004.2    287.8      0.0     83.9
     1     1    14     8    31    15     0     3   -67.0   55.661  -13.180     46.8   1003.2    287.8      0.0     81.9
     1     1    14     8    31    14     0     2   -68.0   55.599  -13.930     52.0   1001.8    287.8      0.1     83.4
     1     1    14     8    31    13     0     1   -69.0   55.488  -14.708     57.5   1000.6    287.8      0.0     86.0
     1     1    14     8    31    12     0     0   -70.0   55.390  -15.557     66.9    998.3    287.6      0.0     88.1
     1     1    14     8    31    11     0     1   -71.0   55.281  -16.401     75.6    996.2    287.5      0.0     86.4
     1     1    14     8    31    10     0     2   -72.0   55.093  -17.218     76.6    995.0    287.6      0.1     89.0
