     7     1
    GDAS    14     8    22     0     0
    GDAS    14     8    29     0     0
    GDAS    14     9     1     0     0
    GDAS    14     9     8     0     0
    GDAS    14     9    15     0     0
    GDAS    14     9    22     0     0
    GDAS    14     9    29     0     0
     1 BACKWARD OMEGA   
    14     9    19    10   56.467   -2.973   100.0
     4 PRESSURE AIR_TEMP RAINFALL RELHUMID
     1     1    14     9    19    10     0     2     0.0   56.467   -2.973    100.0    971.6    285.6      0.0     90.7
     1     1    14     9    19     9     0     3    -1.0   56.459   -2.913     93.7    974.3    285.3      0.0     93.6
     1     1    14     9    19     8     0     2    -2.0   56.455   -2.843     87.9    977.2    285.1      0.0     94.0
     1     1    14     9    19     7     0     1    -3.0   56.452   -2.762     83.8    979.9    284.9      0.0     94.3
     1     1    14     9    19     6     0     0    -4.0   56.452   -2.669     80.6    982.8    284.8      0.0     94.5
     1     1    14     9    19     5     0     1    -5.0   56.453   -2.568     76.7    986.1    285.1      0.0     95.2
     1     1    14     9    19     4     0     2    -6.0   56.453   -2.461     71.4    989.9    285.5      0.0     95.9
     1     1    14     9    19     3     0     3    -7.0   56.452   -2.348     65.3    994.0    285.9      0.0     96.6
     1     1    14     9    19     2     0     2    -8.0   56.448   -2.227     58.3    998.5    286.2      0.0     96.2
     1     1    14     9    19     1     0     1    -9.0   56.438   -2.092     50.1   1003.5    286.5      0.0     95.7
     1     1    14     9    19     0     0     0   -10.0   56.423   -1.942     41.7   1007.2    286.7      0.0     95.4
     1     1    14     9    18    23     0     1   -11.0   56.401   -1.773     35.3   1008.7    286.7      0.0     95.2
     1     1    14     9    18    22     0     2   -12.0   56.371   -1.580     31.9   1009.9    286.7      0.0     95.1
     1     1    14     9    18    21     0     3   -13.0   56.332   -1.353     30.6   1011.0    286.8      0.0     95.2
     1     1    14     9    18    20     0     2   -14.0   56.285   -1.093     31.3   1011.1    286.8      0.0     94.6
     1     1    14     9    18    19     0     1   -15.0   56.236   -0.817     33.5   1010.3    286.8      0.0     94.1
     1     1    14     9    18    18     0     0   -16.0   56.187   -0.544     36.9   1009.1    286.8      0.0     93.7
     1     1    14     9    18    17     0     1   -17.0   56.135   -0.277     40.4   1008.6    286.9      0.0     93.6
     1     1    14     9    18    16     0     2   -18.0   56.079   -0.019     42.8   1008.3    287.1      0.0     93.7
     1     1    14     9    18    15     0     3   -19.0   56.030    0.279     41.1   1008.2    287.4      0.0     92.1
     1     1    14     9    18    14     0     2   -20.0   55.993    0.646     38.2   1009.2    287.4      0.0     91.1
     1     1    14     9    18    13     0     1   -21.0   55.955    1.049     37.5   1009.5    287.6      0.0     90.0
     1     1    14     9    18    12     0     0   -22.0   55.913    1.472     37.5   1009.8    287.7      0.0     89.2
     1     1    14     9    18    11     0     1   -23.0   55.876    1.914     37.5   1010.0    287.9      0.0     88.4
     1     1    14     9    18    10     0     2   -24.0   55.858    2.384     37.5   1010.2    288.1      0.0     87.3
     1     1    14     9    18     9     0     3   -25.0   55.857    2.886     37.5   1010.5    288.2      0.0     85.5
     1     1    14     9    18     8     0     2   -26.0   55.867    3.402     37.5   1010.6    288.4      0.0     84.5
     1     1    14     9    18     7     0     1   -27.0   55.887    3.915     37.4   1010.9    288.6      0.0     83.4
     1     1    14     9    18     6     0     0   -28.0   55.915    4.430     36.9   1011.1    288.8      0.0     81.6
     1     1    14     9    18     5     0     1   -29.0   55.946    4.962     35.5   1011.3    289.0      0.0     79.4
     1     1    14     9    18     4     0     2   -30.0   55.973    5.514     34.6   1011.6    289.1      0.0     76.5
     1     1    14     9    18     3     0     3   -31.0   56.007    6.079     34.4   1011.6    289.2      0.0     73.1
     1     1    14     9    18     2     0     2   -32.0   56.035    6.645     34.4   1011.9    289.2      0.0     71.5
     1     1    14     9    18     1     0     1   -33.0   56.044    7.194     35.3   1012.1    289.3      0.0     69.8
     1     1    14     9    18     0     0     0   -34.0   56.042    7.711     40.0   1012.0    289.3      0.0     68.2
     1     1    14     9    17    23     0     1   -35.0   56.038    8.180     51.0   1011.0    288.5      0.0     70.9
     1     1    14     9    17    22     0     2   -36.0   56.032    8.605     69.7   1006.7    287.2      0.0     74.6
     1     1    14     9    17    21     0     3   -37.0   56.023    9.015     98.4   1000.6    286.8      0.0     75.5
     1     1    14     9    17    20     0     2   -38.0   56.011    9.453    118.1    997.9    288.2      0.0     72.5
     1     1    14     9    17    19     0     1   -39.0   56.007    9.882    102.4   1001.0    288.7      0.0     71.7
     1     1    14     9    17    18     0     0   -40.0   56.010   10.255     78.5   1007.8    288.9      0.0     68.3
     1     1    14     9    17    17     0     1   -41.0   56.011   10.589     64.3   1011.4    289.7      0.0     64.5
     1     1    14     9    17    16     0     2   -42.0   56.011   10.896     59.3   1012.8    290.0      0.0     62.8
     1     1    14     9    17    15     0     3   -43.0   56.012   11.175     57.7   1012.7    290.1      0.0     61.7
     1     1    14     9    17    14     0     2   -44.0   56.002   11.428     56.1   1013.6    290.2      0.0     62.6
     1     1    14     9    17    13     0     1   -45.0   55.973   11.663     53.5   1014.7    290.4      0.0     63.3
     1     1    14     9    17    12     0     0   -46.0   55.929   11.878     50.0   1015.6    290.6      0.0     63.7
     1     1    14     9    17    11     0     1   -47.0   55.881   12.097     46.9   1015.0    290.6      0.0     67.9
     1     1    14     9    17    10     0     2   -48.0   55.834   12.347     46.0   1013.8    290.9      0.0     71.8
     1     1    14     9    17     9     0     3   -49.0   55.786   12.624     47.9   1012.6    291.0      0.0     74.3
     1     1    14     9    17     8     0     2   -50.0   55.734   12.913     54.0   1011.0    289.8      0.0     77.0
     1     1    14     9    17     7     0     1   -51.0   55.683   13.207     62.6   1009.1    288.3      0.0     81.8
     1     1    14     9    17     6     0     0   -52.0   55.632   13.500     67.1   1008.5    287.3      0.0     86.3
     1     1    14     9    17     5     0     1   -53.0   55.587   13.788     62.8   1009.5    287.4      0.0     84.0
     1     1    14     9    17     4     0     2   -54.0   55.551   14.066     51.7   1012.1    287.6      0.0     81.5
     1     1    14     9    17     3     0     3   -55.0   55.523   14.339     40.7   1014.6    288.1      0.0     78.4
     1     1    14     9    17     2     0     2   -56.0   55.492   14.624     33.0   1017.0    288.7      0.0     75.5
     1     1    14     9    17     1     0     1   -57.0   55.443   14.931     28.1   1019.0    289.5      0.0     72.1
     1     1    14     9    17     0     0     0   -58.0   55.369   15.258     24.7   1019.7    289.8      0.0     69.0
     1     1    14     9    16    23     0     1   -59.0   55.279   15.600     22.7   1020.2    289.9      0.0     66.8
     1     1    14     9    16    22     0     2   -60.0   55.187   15.964     22.1   1020.6    290.0      0.0     65.1
     1     1    14     9    16    21     0     3   -61.0   55.105   16.349     22.1   1021.1    290.0      0.0     64.2
     1     1    14     9    16    20     0     2   -62.0   55.040   16.746     23.0   1021.0    290.0      0.0     64.2
     1     1    14     9    16    19     0     1   -63.0   54.996   17.154     24.5   1020.7    289.9      0.0     64.0
     1     1    14     9    16    18     0     0   -64.0   54.979   17.575     25.8   1020.1    290.1      0.0     63.6
     1     1    14     9    16    17     0     1   -65.0   54.983   17.982     26.4   1019.9    290.3      0.0     61.9
     1     1    14     9    16    16     0     2   -66.0   54.997   18.362     27.4   1019.9    290.3      0.0     59.5
     1     1    14     9    16    15     0     3   -67.0   55.026   18.719     30.1   1019.3    290.3      0.0     58.7
     1     1    14     9    16    14     0     2   -68.0   55.050   19.048     34.3   1019.8    290.2      0.0     59.9
     1     1    14     9    16    13     0     1   -69.0   55.045   19.344     38.9   1020.3    290.3      0.0     60.0
     1     1    14     9    16    12     0     0   -70.0   55.007   19.604     43.2   1020.8    290.6      0.0     59.7
     1     1    14     9    16    11     0     1   -71.0   54.949   19.849     47.5   1019.8    290.6      0.0     59.9
     1     1    14     9    16    10     0     2   -72.0   54.883   20.098     52.1   1018.4    290.3      0.0     60.4
