     7     1
    GDAS    14     8    22     0     0
    GDAS    14     8    29     0     0
    GDAS    14     9     1     0     0
    GDAS    14     9     8     0     0
    GDAS    14     9    15     0     0
    GDAS    14     9    22     0     0
    GDAS    14     9    29     0     0
     1 BACKWARD OMEGA   
    14     9    10    21   56.467   -2.973   100.0
     4 PRESSURE AIR_TEMP RAINFALL RELHUMID
     1     1    14     9    10    21     0     3     0.0   56.467   -2.973    100.0    979.1    284.0      0.0     86.2
     1     1    14     9    10    20     0     2    -1.0   56.374   -2.870    116.6    982.7    285.3      0.0     82.7
     1     1    14     9    10    19     0     1    -2.0   56.281   -2.732    127.5    987.4    286.2      0.0     79.4
     1     1    14     9    10    18     0     0    -3.0   56.189   -2.561    134.5    992.1    286.8      0.0     76.1
     1     1    14     9    10    17     0     1    -4.0   56.094   -2.365    139.9    996.5    286.9      0.0     72.8
     1     1    14     9    10    16     0     2    -5.0   55.993   -2.147    144.5    999.4    286.7      0.0     70.4
     1     1    14     9    10    15     0     3    -6.0   55.892   -1.916    144.1    999.1    286.6      0.0     69.7
     1     1    14     9    10    14     0     2    -7.0   55.801   -1.703    140.1   1000.5    286.5      0.0     71.5
     1     1    14     9    10    13     0     1    -8.0   55.723   -1.525    138.3   1001.8    286.4      0.0     73.0
     1     1    14     9    10    12     0     0    -9.0   55.655   -1.372    140.0   1003.0    286.3      0.0     74.4
     1     1    14     9    10    11     0     1   -10.0   55.590   -1.226    144.5   1003.4    285.9      0.0     76.5
     1     1    14     9    10    10     0     2   -11.0   55.525   -1.073    150.8   1004.0    285.7      0.0     78.2
     1     1    14     9    10     9     0     3   -12.0   55.460   -0.910    156.9   1003.7    285.5      0.0     79.4
     1     1    14     9    10     8     0     2   -13.0   55.401   -0.738    161.9   1003.0    285.5      0.0     79.5
     1     1    14     9    10     7     0     1   -14.0   55.352   -0.561    166.6   1002.2    285.5      0.0     79.5
     1     1    14     9    10     6     0     0   -15.0   55.312   -0.380    170.9   1001.5    285.4      0.0     79.4
     1     1    14     9    10     5     0     1   -16.0   55.280   -0.205    173.9   1001.0    285.6      0.0     78.4
     1     1    14     9    10     4     0     2   -17.0   55.252   -0.042    174.6   1000.8    285.8      0.0     77.3
     1     1    14     9    10     3     0     3   -18.0   55.241    0.098    177.0   1001.0    285.6      0.0     79.8
     1     1    14     9    10     2     0     2   -19.0   55.247    0.216    182.3   1000.0    285.5      0.0     79.4
     1     1    14     9    10     1     0     1   -20.0   55.261    0.324    186.7    999.4    285.5      0.0     79.1
     1     1    14     9    10     0     0     0   -21.0   55.282    0.423    190.1    999.1    285.4      0.0     79.0
     1     1    14     9     9    23     0     1   -22.0   55.317    0.503    192.8    998.8    285.4      0.0     79.3
     1     1    14     9     9    22     0     2   -23.0   55.373    0.551    195.6    998.5    285.4      0.0     79.5
     1     1    14     9     9    21     0     3   -24.0   55.449    0.567    198.7    998.1    285.4      0.0     79.6
     1     1    14     9     9    20     0     2   -25.0   55.536    0.557    203.1    997.5    285.3      0.0     79.6
     1     1    14     9     9    19     0     1   -26.0   55.626    0.531    209.6    996.5    285.3      0.0     79.6
     1     1    14     9     9    18     0     0   -27.0   55.719    0.489    218.4    995.3    285.2      0.0     79.8
     1     1    14     9     9    17     0     1   -28.0   55.811    0.418    229.0    993.8    285.0      0.0     79.7
     1     1    14     9     9    16     0     2   -29.0   55.893    0.307    239.7    992.3    284.8      0.0     79.8
     1     1    14     9     9    15     0     3   -30.0   55.961    0.160    249.3    991.0    284.6      0.0     80.1
     1     1    14     9     9    14     0     2   -31.0   55.985    0.067    270.9    990.3    284.5      0.0     81.2
     1     1    14     9     9    13     0     1   -32.0   56.011   -0.037    286.9    988.5    284.4      0.0     80.4
     1     1    14     9     9    12     0     0   -33.0   56.005   -0.090    311.9    983.8    284.0      0.0     81.3
     1     1    14     9     9    11     0     1   -34.0   55.998   -0.163    330.4    981.6    283.9      0.0     81.4
     1     1    14     9     9    10     0     2   -35.0   55.988   -0.256    342.3    980.1    283.8      0.0     81.5
     1     1    14     9     9     9     0     3   -36.0   55.976   -0.365    346.8    979.5    283.8      0.0     81.5
     1     1    14     9     9     8     0     2   -37.0   55.973   -0.474    347.7    979.6    283.8      0.0     81.5
     1     1    14     9     9     7     0     1   -38.0   55.995   -0.566    348.0    979.3    283.7      0.0     81.6
     1     1    14     9     9     6     0     0   -39.0   56.041   -0.643    348.4    979.0    283.6      0.0     81.7
     1     1    14     9     9     5     0     1   -40.0   56.110   -0.742    350.2    978.7    283.6      0.0     81.9
     1     1    14     9     9     4     0     2   -41.0   56.200   -0.898    354.2    978.3    283.5      0.0     82.3
     1     1    14     9     9     3     0     3   -42.0   56.308   -1.110    361.0    977.2    283.4      0.0     82.7
     1     1    14     9     9     2     0     2   -43.0   56.418   -1.340    372.2    975.6    283.3      0.0     82.3
     1     1    14     9     9     1     0     1   -44.0   56.523   -1.561    390.1    973.6    283.2      0.0     82.4
     1     1    14     9     9     0     0     0   -45.0   56.628   -1.775    418.8    970.8    282.9      0.0     83.2
     1     1    14     9     8    23     0     1   -46.0   56.735   -1.987    459.2    965.9    282.7      0.0     83.8
     1     1    14     9     8    22     0     2   -47.0   56.845   -2.202    502.3    952.0    281.9      0.0     87.1
     1     1    14     9     8    21     0     3   -48.0   56.963   -2.423    539.9    936.8    281.0      0.0     91.5
     1     1    14     9     8    20     0     2   -49.0   57.094   -2.651    571.4    925.3    280.4      0.0     92.3
     1     1    14     9     8    19     0     1   -50.0   57.242   -2.890    602.0    918.7    280.0      0.0     92.9
     1     1    14     9     8    18     0     0   -51.0   57.408   -3.141    633.0    917.0    279.9      0.0     93.1
     1     1    14     9     8    17     0     1   -52.0   57.587   -3.413    672.0    917.6    279.8      0.0     92.5
     1     1    14     9     8    16     0     2   -53.0   57.769   -3.715    732.1    914.5    279.5      0.0     93.1
     1     1    14     9     8    15     0     3   -54.0   57.951   -4.051    808.7    908.3    279.1      0.0     94.7
     1     1    14     9     8    14     0     2   -55.0   58.127   -4.406    864.7    898.4    278.1      0.0     95.8
     1     1    14     9     8    13     0     1   -56.0   58.295   -4.763    881.0    896.2    277.8      0.0     95.8
     1     1    14     9     8    12     0     0   -57.0   58.458   -5.115    874.1    902.7    278.1      0.0     94.8
     1     1    14     9     8    11     0     1   -58.0   58.617   -5.453    859.9    913.4    278.7      0.0     91.9
     1     1    14     9     8    10     0     2   -59.0   58.770   -5.769    842.6    919.9    279.1      0.0     89.5
     1     1    14     9     8     9     0     3   -60.0   58.915   -6.070    824.4    923.1    279.3      0.0     87.6
     1     1    14     9     8     8     0     2   -61.0   59.061   -6.367    810.0    924.7    279.3      0.0     87.5
     1     1    14     9     8     7     0     1   -62.0   59.217   -6.671    802.8    925.4    279.3      0.0     87.3
     1     1    14     9     8     6     0     0   -63.0   59.379   -6.985    803.1    925.4    279.3      0.0     87.2
     1     1    14     9     8     5     0     1   -64.0   59.542   -7.317    812.2    924.4    279.2      0.0     86.8
     1     1    14     9     8     4     0     2   -65.0   59.702   -7.666    832.1    922.4    279.2      0.0     86.4
     1     1    14     9     8     3     0     3   -66.0   59.858   -8.025    865.8    919.0    279.1      0.0     86.4
     1     1    14     9     8     2     0     2   -67.0   60.005   -8.388    898.5    913.5    278.8      0.0     85.6
     1     1    14     9     8     1     0     1   -68.0   60.134   -8.754    913.8    912.0    278.7      0.0     85.7
     1     1    14     9     8     0     0     0   -69.0   60.245   -9.124    916.3    912.3    278.6      0.0     87.1
     1     1    14     9     7    23     0     1   -70.0   60.342   -9.496    912.3    913.2    278.8      0.0     85.5
     1     1    14     9     7    22     0     2   -71.0   60.432   -9.872    902.5    914.2    279.0      0.0     85.0
     1     1    14     9     7    21     0     3   -72.0   60.519  -10.260    883.9    916.5    279.3      0.0     85.6
