     7     1
    GDAS    14     8    22     0     0
    GDAS    14     8    29     0     0
    GDAS    14     9     1     0     0
    GDAS    14     9     8     0     0
    GDAS    14     9    15     0     0
    GDAS    14     9    22     0     0
    GDAS    14     9    29     0     0
     1 BACKWARD OMEGA   
    14     9    23    18   56.467   -2.973   100.0
     4 PRESSURE AIR_TEMP RAINFALL RELHUMID
     1     1    14     9    23    18     0     0     0.0   56.467   -2.973    100.0    969.3    283.7      0.0     81.5
     1     1    14     9    23    17     0     1    -1.0   56.360   -3.235    134.7    967.6    284.0      0.0     78.9
     1     1    14     9    23    16     0     2    -2.0   56.263   -3.493    165.7    966.3    284.0      0.0     76.9
     1     1    14     9    23    15     0     3    -3.0   56.172   -3.740    192.9    966.5    284.2      0.0     74.8
     1     1    14     9    23    14     0     2    -4.0   56.091   -3.974    218.9    967.9    284.0      0.0     75.0
     1     1    14     9    23    13     0     1    -5.0   56.022   -4.186    236.1    968.3    283.6      0.0     76.3
     1     1    14     9    23    12     0     0    -6.0   55.967   -4.367    237.2    969.0    283.5      0.0     77.0
     1     1    14     9    23    11     0     1    -7.0   55.922   -4.534    230.4    969.9    283.3      0.0     79.2
     1     1    14     9    23    10     0     2    -8.0   55.885   -4.700    222.8    970.6    283.1      0.0     80.7
     1     1    14     9    23     9     0     3    -9.0   55.856   -4.863    217.5    971.1    282.9      0.0     81.3
     1     1    14     9    23     8     0     2   -10.0   55.842   -5.032    216.6    971.5    282.9      0.0     81.4
     1     1    14     9    23     7     0     1   -11.0   55.842   -5.223    220.5    974.1    283.1      0.0     81.0
     1     1    14     9    23     6     0     0   -12.0   55.855   -5.437    225.6    976.6    283.3      0.0     79.7
     1     1    14     9    23     5     0     1   -13.0   55.871   -5.677    218.7    980.2    283.8      0.0     79.4
     1     1    14     9    23     4     0     2   -14.0   55.886   -5.955    192.7    988.1    284.6      0.0     75.4
     1     1    14     9    23     3     0     3   -15.0   55.903   -6.281    160.4    995.3    285.3      0.0     71.9
     1     1    14     9    23     2     0     2   -16.0   55.914   -6.637    137.7   1000.5    285.9      0.0     72.5
     1     1    14     9    23     1     0     1   -17.0   55.918   -6.996    128.7   1003.5    286.2      0.0     70.9
     1     1    14     9    23     0     0     0   -18.0   55.923   -7.348    127.8   1003.5    286.3      0.0     70.8
     1     1    14     9    22    23     0     1   -19.0   55.934   -7.701    127.5   1003.8    286.3      0.0     72.0
     1     1    14     9    22    22     0     2   -20.0   55.952   -8.073    126.7   1004.3    286.4      0.0     70.5
     1     1    14     9    22    21     0     3   -21.0   55.979   -8.461    125.5   1005.1    286.4      0.0     69.4
     1     1    14     9    22    20     0     2   -22.0   56.004   -8.860    124.0   1005.6    286.5      0.7     70.8
     1     1    14     9    22    19     0     1   -23.0   56.019   -9.271    121.5   1006.0    286.6      1.1     71.2
     1     1    14     9    22    18     0     0   -24.0   56.022   -9.712    119.2   1006.6    286.6      0.2     70.4
     1     1    14     9    22    17     0     1   -25.0   56.024  -10.158    119.6   1006.8    286.6      0.2     69.7
     1     1    14     9    22    16     0     2   -26.0   56.029  -10.587    122.2   1006.5    286.5      0.0     68.3
     1     1    14     9    22    15     0     3   -27.0   56.008  -11.030    123.7   1006.4    286.4      0.0     65.0
     1     1    14     9    22    14     0     2   -28.0   55.978  -11.470    124.7   1007.1    286.4      0.2     66.6
     1     1    14     9    22    13     0     1   -29.0   55.959  -11.883    126.2   1007.3    286.4      0.0     66.0
     1     1    14     9    22    12     0     0   -30.0   55.942  -12.273    127.3   1007.7    286.3      0.0     65.0
     1     1    14     9    22    11     0     1   -31.0   55.931  -12.649    130.1   1007.6    286.3      0.0     65.9
     1     1    14     9    22    10     0     2   -32.0   55.929  -13.022    137.7   1006.8    286.1      0.0     66.1
     1     1    14     9    22     9     0     3   -33.0   55.933  -13.394    151.0   1005.1    285.8      0.0     66.5
     1     1    14     9    22     8     0     2   -34.0   55.937  -13.771    167.0   1002.1    285.5      0.0     67.0
     1     1    14     9    22     7     0     1   -35.0   55.937  -14.158    181.2    999.9    285.3      0.0     66.9
     1     1    14     9    22     6     0     0   -36.0   55.932  -14.554    191.4    998.2    285.0      0.0     66.8
     1     1    14     9    22     5     0     1   -37.0   55.925  -14.968    196.8    997.8    285.1      0.0     66.7
     1     1    14     9    22     4     0     2   -38.0   55.918  -15.411    200.1    997.8    285.1      0.0     66.6
     1     1    14     9    22     3     0     3   -39.0   55.912  -15.878    203.2    997.7    285.1      0.0     65.7
     1     1    14     9    22     2     0     2   -40.0   55.907  -16.362    207.2    997.2    285.1      0.1     66.0
     1     1    14     9    22     1     0     1   -41.0   55.902  -16.862    213.5    996.3    285.1      0.0     65.0
     1     1    14     9    22     0     0     0   -42.0   55.901  -17.371    222.7    995.1    284.9      0.0     64.0
     1     1    14     9    21    23     0     1   -43.0   55.903  -17.884    234.8    993.5    284.9      0.0     65.1
     1     1    14     9    21    22     0     2   -44.0   55.906  -18.395    249.8    991.6    284.8      0.0     65.5
     1     1    14     9    21    21     0     3   -45.0   55.917  -18.902    267.7    989.4    284.6      0.0     64.2
     1     1    14     9    21    20     0     2   -46.0   55.928  -19.440    286.1    986.0    284.4      0.1     66.5
     1     1    14     9    21    19     0     1   -47.0   55.930  -20.047    304.5    983.3    284.1      0.2     66.4
     1     1    14     9    21    18     0     0   -48.0   55.930  -20.727    326.8    980.1    283.8      0.2     65.1
     1     1    14     9    21    17     0     1   -49.0   55.911  -21.461    353.3    975.9    283.3      0.2     68.6
     1     1    14     9    21    16     0     2   -50.0   55.873  -22.217    384.6    971.7    282.8      0.0     70.3
     1     1    14     9    21    15     0     3   -51.0   55.830  -22.975    417.7    966.8    282.3      0.0     68.7
     1     1    14     9    21    14     0     2   -52.0   55.772  -23.744    445.9    962.2    281.8      0.4     72.3
     1     1    14     9    21    13     0     1   -53.0   55.702  -24.553    466.2    958.7    281.4      0.9     74.6
     1     1    14     9    21    12     0     0   -54.0   55.624  -25.403    490.5    954.7    280.8      1.1     73.9
     1     1    14     9    21    11     0     1   -55.0   55.561  -26.287    518.5    950.1    280.3      1.5     77.3
     1     1    14     9    21    10     0     2   -56.0   55.526  -27.184    550.6    944.8    279.8      1.2     79.1
     1     1    14     9    21     9     0     3   -57.0   55.495  -28.083    562.1    942.0    279.5      0.3     77.0
     1     1    14     9    21     8     0     2   -58.0   55.468  -29.020    563.9    941.2    279.1      3.8     78.5
     1     1    14     9    21     7     0     1   -59.0   55.438  -29.987    594.1    937.1    278.5      2.7     80.3
     1     1    14     9    21     6     0     0   -60.0   55.381  -30.934    631.4    931.2    278.0      1.9     80.9
     1     1    14     9    21     5     0     1   -61.0   55.314  -31.856    648.1    928.6    277.6      0.9     82.0
     1     1    14     9    21     4     0     2   -62.0   55.247  -32.754    650.7    927.0    277.6      0.6     82.5
     1     1    14     9    21     3     0     3   -63.0   55.201  -33.649    634.4    929.3    277.8      0.1     79.8
     1     1    14     9    21     2     0     2   -64.0   55.168  -34.558    652.8    925.8    277.2      1.6     81.1
     1     1    14     9    21     1     0     1   -65.0   55.108  -35.441    655.4    925.4    277.2      2.1     81.7
     1     1    14     9    21     0     0     0   -66.0   55.061  -36.321    658.5    925.2    277.1      1.6     81.5
     1     1    14     9    20    23     0     1   -67.0   55.021  -37.190    683.2    921.0    276.8      0.3     82.0
     1     1    14     9    20    22     0     2   -68.0   54.990  -38.059    700.6    919.0    276.8      0.0     82.4
     1     1    14     9    20    21     0     3   -69.0   54.988  -38.953    711.9    916.7    276.6      0.0     80.5
     1     1    14     9    20    20     0     2   -70.0   54.977  -39.873    706.0    916.6    276.5      0.0     79.2
     1     1    14     9    20    19     0     1   -71.0   54.936  -40.823    692.1    919.1    276.7      0.0     78.2
     1     1    14     9    20    18     0     0   -72.0   54.885  -41.824    718.9    914.8    276.3      0.0     78.9
