     7     1
    GDAS    14     8    22     0     0
    GDAS    14     8    29     0     0
    GDAS    14     9     1     0     0
    GDAS    14     9     8     0     0
    GDAS    14     9    15     0     0
    GDAS    14     9    22     0     0
    GDAS    14     9    29     0     0
     1 BACKWARD OMEGA   
    14     9    12    10   56.467   -2.973   100.0
     4 PRESSURE AIR_TEMP RAINFALL RELHUMID
     1     1    14     9    12    10     0     2     0.0   56.467   -2.973    100.0    982.8    286.0      0.0     87.3
     1     1    14     9    12     9     0     3    -1.0   56.424   -2.940    102.8    984.7    285.5      0.0     90.0
     1     1    14     9    12     8     0     2    -2.0   56.381   -2.895    109.0    986.4    284.7      0.0     90.7
     1     1    14     9    12     7     0     1    -3.0   56.342   -2.852    117.4    987.6    284.1      0.0     91.2
     1     1    14     9    12     6     0     0    -4.0   56.309   -2.812    127.5    988.3    283.6      0.0     91.6
     1     1    14     9    12     5     0     1    -5.0   56.275   -2.761    136.5    989.0    284.1      0.0     91.2
     1     1    14     9    12     4     0     2    -6.0   56.235   -2.686    141.1    990.7    284.6      0.0     90.4
     1     1    14     9    12     3     0     3    -7.0   56.186   -2.587    142.0    993.4    285.1      0.0     89.1
     1     1    14     9    12     2     0     2    -8.0   56.125   -2.476    141.4    996.8    285.6      0.0     87.2
     1     1    14     9    12     1     0     1    -9.0   56.054   -2.361    141.0    999.6    285.9      0.0     85.4
     1     1    14     9    12     0     0     0   -10.0   55.972   -2.244    140.9   1001.1    286.1      0.0     83.7
     1     1    14     9    11    23     0     1   -11.0   55.877   -2.126    142.5   1000.5    286.1      0.0     81.6
     1     1    14     9    11    22     0     2   -12.0   55.771   -2.012    146.9    998.4    285.9      0.0     79.7
     1     1    14     9    11    21     0     3   -13.0   55.660   -1.898    153.3    996.1    285.9      0.0     78.1
     1     1    14     9    11    20     0     2   -14.0   55.554   -1.781    157.3    994.2    286.2      0.0     77.4
     1     1    14     9    11    19     0     1   -15.0   55.458   -1.654    155.7    994.8    286.4      0.0     76.6
     1     1    14     9    11    18     0     0   -16.0   55.370   -1.510    151.7    996.8    286.6      0.0     75.7
     1     1    14     9    11    17     0     1   -17.0   55.288   -1.352    151.6    999.3    286.7      0.0     75.2
     1     1    14     9    11    16     0     2   -18.0   55.211   -1.180    160.9   1001.0    286.5      0.0     75.1
     1     1    14     9    11    15     0     3   -19.0   55.138   -0.987    184.0   1002.0    286.0      0.0     75.5
     1     1    14     9    11    14     0     2   -20.0   55.069   -0.794    217.6    997.6    285.7      0.0     76.4
     1     1    14     9    11    13     0     1   -21.0   55.003   -0.624    256.8    993.6    285.3      0.0     77.7
     1     1    14     9    11    12     0     0   -22.0   54.940   -0.483    301.5    987.6    284.9      0.0     78.8
     1     1    14     9    11    11     0     1   -23.0   54.877   -0.368    345.2    980.9    284.3      0.0     81.6
     1     1    14     9    11    10     0     2   -24.0   54.810   -0.265    379.9    976.0    283.8      0.0     84.5
     1     1    14     9    11     9     0     3   -25.0   54.738   -0.166    403.4    972.5    283.4      0.0     87.7
     1     1    14     9    11     8     0     2   -26.0   54.670   -0.071    415.4    970.6    283.3      0.0     87.4
     1     1    14     9    11     7     0     1   -27.0   54.635    0.026    423.7    972.8    283.0      0.0     87.2
     1     1    14     9    11     6     0     0   -28.0   54.634    0.130    430.7    971.5    282.9      0.0     87.3
     1     1    14     9    11     5     0     1   -29.0   54.640    0.236    437.4    971.2    283.0      0.0     87.2
     1     1    14     9    11     4     0     2   -30.0   54.651    0.342    448.3    969.7    283.0      0.0     87.2
     1     1    14     9    11     3     0     3   -31.0   54.667    0.447    464.2    967.8    283.0      0.0     87.6
     1     1    14     9    11     2     0     2   -32.0   54.683    0.559    481.2    965.4    282.8      0.0     88.2
     1     1    14     9    11     1     0     1   -33.0   54.693    0.686    495.7    963.8    282.6      0.0     89.4
     1     1    14     9    11     0     0     0   -34.0   54.700    0.832    508.3    962.5    282.5      0.0     91.4
     1     1    14     9    10    23     0     1   -35.0   54.717    0.996    524.0    961.2    282.4      0.0     89.0
     1     1    14     9    10    22     0     2   -36.0   54.764    1.172    545.1    958.4    282.4      0.0     85.5
     1     1    14     9    10    21     0     3   -37.0   54.843    1.354    568.9    955.7    282.4      0.0     82.8
     1     1    14     9    10    20     0     2   -38.0   54.939    1.525    593.0    952.7    282.1      0.0     84.4
     1     1    14     9    10    19     0     1   -39.0   55.039    1.671    615.3    950.4    281.8      0.0     85.9
     1     1    14     9    10    18     0     0   -40.0   55.141    1.795    636.7    948.1    281.5      0.0     86.8
     1     1    14     9    10    17     0     1   -41.0   55.247    1.907    656.8    945.6    281.4      0.0     86.9
     1     1    14     9    10    16     0     2   -42.0   55.358    2.012    675.6    943.4    281.2      0.0     87.7
     1     1    14     9    10    15     0     3   -43.0   55.477    2.108    693.8    941.2    281.1      0.0     87.9
     1     1    14     9    10    14     0     2   -44.0   55.604    2.196    709.4    939.2    280.9      0.0     87.6
     1     1    14     9    10    13     0     1   -45.0   55.746    2.279    719.2    938.0    280.7      0.0     88.3
     1     1    14     9    10    12     0     0   -46.0   55.902    2.357    721.7    937.8    280.6      0.0     90.3
     1     1    14     9    10    11     0     1   -47.0   56.066    2.419    725.4    938.1    280.7      0.0     89.8
     1     1    14     9    10    10     0     2   -48.0   56.228    2.454    740.4    936.3    280.7      0.0     86.9
     1     1    14     9    10     9     0     3   -49.0   56.384    2.464    767.0    932.9    280.7      0.0     84.1
     1     1    14     9    10     8     0     2   -50.0   56.541    2.462    797.7    928.6    280.5      0.0     81.6
     1     1    14     9    10     7     0     1   -51.0   56.707    2.457    824.9    925.5    280.4      0.0     80.2
     1     1    14     9    10     6     0     0   -52.0   56.881    2.446    847.1    922.8    280.2      0.0     79.5
     1     1    14     9    10     5     0     1   -53.0   57.067    2.424    865.8    920.9    280.3      0.0     76.0
     1     1    14     9    10     4     0     2   -54.0   57.264    2.387    884.0    918.8    280.5      0.0     72.2
     1     1    14     9    10     3     0     3   -55.0   57.471    2.339    903.0    916.4    280.7      0.0     68.3
     1     1    14     9    10     2     0     2   -56.0   57.684    2.285    925.2    914.2    280.6      0.0     67.7
     1     1    14     9    10     1     0     1   -57.0   57.901    2.231    953.6    911.0    280.4      0.0     67.2
     1     1    14     9    10     0     0     0   -58.0   58.120    2.175    988.5    907.0    280.2      0.0     67.4
     1     1    14     9     9    23     0     1   -59.0   58.339    2.103   1025.9    902.3    279.9      0.0     68.8
     1     1    14     9     9    22     0     2   -60.0   58.562    2.007   1062.8    898.3    279.7      0.0     69.5
     1     1    14     9     9    21     0     3   -61.0   58.786    1.890   1100.9    894.2    279.4      0.0     69.0
     1     1    14     9     9    20     0     2   -62.0   59.005    1.754   1140.3    889.6    279.1      0.0     69.5
     1     1    14     9     9    19     0     1   -63.0   59.210    1.604   1179.8    885.0    278.7      0.0     70.7
     1     1    14     9     9    18     0     0   -64.0   59.402    1.444   1217.3    880.4    278.3      0.0     72.0
     1     1    14     9     9    17     0     1   -65.0   59.581    1.284   1250.8    876.2    278.1      0.0     74.7
     1     1    14     9     9    16     0     2   -66.0   59.748    1.129   1280.5    872.6    277.8      0.0     78.4
     1     1    14     9     9    15     0     3   -67.0   59.904    0.976   1307.1    869.4    277.5      0.0     82.9
     1     1    14     9     9    14     0     2   -68.0   60.053    0.827   1335.3    866.7    277.2      0.0     85.1
     1     1    14     9     9    13     0     1   -69.0   60.200    0.683   1367.4    863.0    276.9      0.0     86.2
     1     1    14     9     9    12     0     0   -70.0   60.344    0.538   1399.1    859.3    276.7      0.0     87.1
     1     1    14     9     9    11     0     1   -71.0   60.481    0.371   1425.4    856.2    276.7      0.0     85.8
     1     1    14     9     9    10     0     2   -72.0   60.602    0.162   1445.2    854.3    276.8      0.0     85.9
