     7     1
    GDAS    14     8    22     0     0
    GDAS    14     8    29     0     0
    GDAS    14     9     1     0     0
    GDAS    14     9     8     0     0
    GDAS    14     9    15     0     0
    GDAS    14     9    22     0     0
    GDAS    14     9    29     0     0
     1 BACKWARD OMEGA   
    14     9     1    16   56.467   -2.973   100.0
     4 PRESSURE AIR_TEMP RAINFALL RELHUMID
     1     1    14     9     1    16     0     2     0.0   56.467   -2.973    100.0    976.5    287.7      0.0     66.3
     1     1    14     9     1    15     0     3    -1.0   56.490   -3.155     91.7    974.2    287.9      0.0     65.1
     1     1    14     9     1    14     0     2    -2.0   56.516   -3.357     85.5    972.8    287.5      0.0     67.4
     1     1    14     9     1    13     0     1    -3.0   56.540   -3.581     87.7    969.4    286.7      0.0     69.6
     1     1    14     9     1    12     0     0    -4.0   56.561   -3.824     98.9    964.8    285.7      0.0     71.6
     1     1    14     9     1    11     0     1    -5.0   56.572   -4.081    114.0    960.7    284.8      0.0     76.2
     1     1    14     9     1    10     0     2    -6.0   56.568   -4.340    122.8    961.1    284.3      0.0     79.8
     1     1    14     9     1     9     0     3    -7.0   56.552   -4.603    121.4    963.2    283.9      0.0     81.4
     1     1    14     9     1     8     0     2    -8.0   56.537   -4.861    113.0    966.0    283.7      0.0     85.7
     1     1    14     9     1     7     0     1    -9.0   56.530   -5.105    100.9    970.9    283.7      0.0     89.3
     1     1    14     9     1     6     0     0   -10.0   56.530   -5.340     82.5    979.0    283.9      0.0     89.8
     1     1    14     9     1     5     0     1   -11.0   56.529   -5.585     54.9    989.4    284.7      0.0     87.5
     1     1    14     9     1     4     0     2   -12.0   56.522   -5.848     27.2   1001.0    285.5      0.0     86.5
     1     1    14     9     1     3     0     3   -13.0   56.512   -6.138      8.6   1008.6    286.1      0.0     87.1
     1     1    14     9     1     2     0     2   -14.0   56.496   -6.469      0.0   1010.8    286.5      0.1     87.5
     1     1    14     9     1     1     0     1   -15.0   56.473   -6.868      0.0   1013.5    287.0      0.0     87.9
     1     1    14     9     1     0     0     0   -16.0   56.444   -7.332      0.0   1014.0    287.1      0.0     88.6
     1     1    14     8    31    23     0     1   -17.0   56.402   -7.830      0.6   1013.1    287.1      0.0     87.8
     1     1    14     8    31    22     0     2   -18.0   56.349   -8.341      1.2   1012.1    287.1      0.0     86.4
     1     1    14     8    31    21     0     3   -19.0   56.295   -8.859      1.9   1011.2    287.2      0.0     86.3
     1     1    14     8    31    20     0     2   -20.0   56.236   -9.388      2.9   1010.2    287.3      0.3     85.8
     1     1    14     8    31    19     0     1   -21.0   56.174   -9.935      4.3   1009.2    287.4      0.1     85.7
     1     1    14     8    31    18     0     0   -22.0   56.121  -10.507      5.5   1008.2    287.6      0.0     86.3
     1     1    14     8    31    17     0     1   -23.0   56.050  -11.096      6.2   1008.0    287.8      0.0     86.6
     1     1    14     8    31    16     0     2   -24.0   55.955  -11.710      6.5   1008.0    287.9      0.0     87.8
     1     1    14     8    31    15     0     3   -25.0   55.871  -12.369      6.9   1007.8    287.9      0.0     87.6
     1     1    14     8    31    14     0     2   -26.0   55.785  -13.045      7.6   1006.9    287.9      0.3     85.8
     1     1    14     8    31    13     0     1   -27.0   55.648  -13.711      8.4   1006.3    288.0      0.1     88.3
     1     1    14     8    31    12     0     0   -28.0   55.477  -14.398      9.1   1006.2    288.0      0.1     91.9
     1     1    14     8    31    11     0     1   -29.0   55.296  -15.089     10.3   1005.9    288.2      0.1     90.8
     1     1    14     8    31    10     0     2   -30.0   55.071  -15.729     11.4   1004.1    288.3      0.0     88.9
     1     1    14     8    31     9     0     3   -31.0   54.775  -16.329     12.0   1002.5    288.4      0.0     90.5
     1     1    14     8    31     8     0     2   -32.0   54.442  -16.923     12.0   1003.1    288.5      0.3     92.3
     1     1    14     8    31     7     0     1   -33.0   54.113  -17.525     11.9   1003.1    288.5      0.1     89.8
     1     1    14     8    31     6     0     0   -34.0   53.771  -18.128     12.3   1003.1    288.4      0.1     87.6
     1     1    14     8    31     5     0     1   -35.0   53.412  -18.693     12.3   1004.0    288.6      0.1     91.5
     1     1    14     8    31     4     0     2   -36.0   53.057  -19.227     11.4   1004.2    288.7      0.1     91.2
     1     1    14     8    31     3     0     3   -37.0   52.714  -19.779     10.6   1004.8    288.7      0.0     87.1
     1     1    14     8    31     2     0     2   -38.0   52.367  -20.307      9.9   1005.8    288.7      0.0     89.7
     1     1    14     8    31     1     0     1   -39.0   52.011  -20.761      8.9   1006.9    288.8      0.1     93.7
     1     1    14     8    31     0     0     0   -40.0   51.648  -21.160      7.5   1006.4    289.1      0.2     97.4
     1     1    14     8    30    23     0     1   -41.0   51.283  -21.520      6.0   1006.6    289.2      0.0     96.4
     1     1    14     8    30    22     0     2   -42.0   50.917  -21.843      4.9   1007.5    289.3      0.0     96.5
     1     1    14     8    30    21     0     3   -43.0   50.538  -22.125      3.9   1007.3    289.6      0.0     96.4
     1     1    14     8    30    20     0     2   -44.0   50.153  -22.366      2.8   1007.7    289.8      0.0     95.9
     1     1    14     8    30    19     0     1   -45.0   49.769  -22.570      1.7   1008.6    290.0      0.0     96.0
     1     1    14     8    30    18     0     0   -46.0   49.383  -22.733      0.3   1008.7    290.4      0.0     96.6
     1     1    14     8    30    17     0     1   -47.0   48.996  -22.848      0.0   1009.1    290.7      0.0     96.1
     1     1    14     8    30    16     0     2   -48.0   48.608  -22.904      0.0   1010.2    290.9      0.0     95.3
     1     1    14     8    30    15     0     3   -49.0   48.214  -22.901      0.0   1012.1    291.2      0.0     94.9
     1     1    14     8    30    14     0     2   -50.0   47.830  -22.870      0.0   1012.9    291.5      0.0     94.2
     1     1    14     8    30    13     0     1   -51.0   47.470  -22.831      0.0   1013.2    291.8      0.0     93.6
     1     1    14     8    30    12     0     0   -52.0   47.131  -22.775      0.0   1013.8    292.1      0.0     93.3
     1     1    14     8    30    11     0     1   -53.0   46.808  -22.702      0.0   1014.4    292.3      0.0     92.1
     1     1    14     8    30    10     0     2   -54.0   46.497  -22.615      0.0   1014.8    292.4      0.0     91.3
     1     1    14     8    30     9     0     3   -55.0   46.196  -22.518      0.0   1015.3    292.4      0.0     91.3
     1     1    14     8    30     8     0     2   -56.0   45.906  -22.418      0.0   1015.9    292.6      0.0     89.4
     1     1    14     8    30     7     0     1   -57.0   45.627  -22.318      0.0   1016.6    292.8      0.0     87.8
     1     1    14     8    30     6     0     0   -58.0   45.360  -22.217      0.0   1017.2    293.0      0.0     86.9
     1     1    14     8    30     5     0     1   -59.0   45.110  -22.108      0.1   1017.8    293.1      0.0     87.1
     1     1    14     8    30     4     0     2   -60.0   44.880  -21.983      0.1   1017.9    293.2      0.0     87.0
     1     1    14     8    30     3     0     3   -61.0   44.670  -21.841      0.0   1018.1    293.3      0.0     86.5
     1     1    14     8    30     2     0     2   -62.0   44.479  -21.686      0.0   1018.5    293.5      0.0     85.1
     1     1    14     8    30     1     0     1   -63.0   44.311  -21.520      0.1   1018.8    293.6      0.0     84.9
     1     1    14     8    30     0     0     0   -64.0   44.168  -21.341      0.4   1019.2    293.7      0.0     85.7
     1     1    14     8    29    23     0     1   -65.0   44.055  -21.144      0.8   1019.0    293.7      0.0     86.2
     1     1    14     8    29    22     0     2   -66.0   43.974  -20.926      1.0   1018.9    293.8      0.0     86.7
     1     1    14     8    29    21     0     3   -67.0   43.923  -20.691      1.1   1018.7    293.8      0.0     86.7
     1     1    14     8    29    20     0     2   -68.0   43.889  -20.460      1.1   1019.0    293.8      0.0     85.5
     1     1    14     8    29    19     0     1   -69.0   43.865  -20.247      1.1   1019.3    293.7      0.0     84.9
     1     1    14     8    29    18     0     0   -70.0   43.852  -20.050      1.1   1019.6    293.7      0.0     84.7
     1     1    14     8    29    17     0     1   -71.0   43.840  -19.868      1.0   1019.5    293.6      0.0     83.7
     1     1    14     8    29    16     0     2   -72.0   43.819  -19.698      0.9   1019.3    293.6      0.0     82.6
