     7     1
    GDAS    14     8    22     0     0
    GDAS    14     8    29     0     0
    GDAS    14     9     1     0     0
    GDAS    14     9     8     0     0
    GDAS    14     9    15     0     0
    GDAS    14     9    22     0     0
    GDAS    14     9    29     0     0
     1 BACKWARD OMEGA   
    14     9     3    18   56.467   -2.973   100.0
     4 PRESSURE AIR_TEMP RAINFALL RELHUMID
     1     1    14     9     3    18     0     0     0.0   56.467   -2.973    100.0    979.2    287.8      0.0     81.9
     1     1    14     9     3    17     0     1    -1.0   56.365   -2.894     99.8    984.7    288.3      0.0     77.8
     1     1    14     9     3    16     0     2    -2.0   56.259   -2.804    100.4    989.9    288.7      0.0     74.8
     1     1    14     9     3    15     0     3    -3.0   56.153   -2.700    101.0    994.7    288.8      0.0     72.8
     1     1    14     9     3    14     0     2    -4.0   56.048   -2.590    103.9    999.2    288.7      0.0     73.5
     1     1    14     9     3    13     0     1    -5.0   55.946   -2.491    108.3   1000.3    288.5      0.0     75.0
     1     1    14     9     3    12     0     0    -6.0   55.845   -2.412    110.6    999.8    288.3      0.0     76.9
     1     1    14     9     3    11     0     1    -7.0   55.745   -2.349    112.2    999.1    287.8      0.0     79.7
     1     1    14     9     3    10     0     2    -8.0   55.643   -2.297    115.7    997.6    287.3      0.0     82.7
     1     1    14     9     3     9     0     3    -9.0   55.541   -2.258    122.3    995.5    286.7      0.0     85.9
     1     1    14     9     3     8     0     2   -10.0   55.442   -2.236    132.8    992.5    286.4      0.0     87.1
     1     1    14     9     3     7     0     1   -11.0   55.344   -2.231    148.1    988.9    286.0      0.0     88.2
     1     1    14     9     3     6     0     0   -12.0   55.246   -2.250    169.2    984.3    285.7      0.0     89.0
     1     1    14     9     3     5     0     1   -13.0   55.146   -2.280    191.7    979.4    285.5      0.0     87.6
     1     1    14     9     3     4     0     2   -14.0   55.042   -2.308    210.0    975.8    285.3      0.0     86.7
     1     1    14     9     3     3     0     3   -15.0   54.935   -2.327    221.6    974.0    285.1      0.0     85.5
     1     1    14     9     3     2     0     2   -16.0   54.826   -2.326    226.8    974.0    285.2      0.0     84.9
     1     1    14     9     3     1     0     1   -17.0   54.720   -2.300    227.7    973.8    285.2      0.0     84.7
     1     1    14     9     3     0     0     0   -18.0   54.617   -2.248    223.7    973.6    285.2      0.0     85.0
     1     1    14     9     2    23     0     1   -19.0   54.520   -2.168    209.8    973.1    285.4      0.0     84.1
     1     1    14     9     2    22     0     2   -20.0   54.432   -2.057    181.3    973.9    285.5      0.0     83.9
     1     1    14     9     2    21     0     3   -21.0   54.354   -1.913    141.7    980.0    286.1      0.0     82.6
     1     1    14     9     2    20     0     2   -22.0   54.291   -1.757    107.6    988.2    286.6      0.0     79.3
     1     1    14     9     2    19     0     1   -23.0   54.246   -1.605     86.1    994.0    287.4      0.0     76.3
     1     1    14     9     2    18     0     0   -24.0   54.215   -1.454     75.1    998.4    288.2      0.0     73.8
     1     1    14     9     2    17     0     1   -25.0   54.199   -1.304     72.5   1002.0    289.1      0.0     71.3
     1     1    14     9     2    16     0     2   -26.0   54.196   -1.153     77.1   1004.7    289.9      0.0     68.8
     1     1    14     9     2    15     0     3   -27.0   54.210   -0.996     89.7   1006.7    290.3      0.0     66.5
     1     1    14     9     2    14     0     2   -28.0   54.234   -0.844    107.5   1004.6    289.7      0.0     68.0
     1     1    14     9     2    13     0     1   -29.0   54.263   -0.712    125.9   1003.2    288.9      0.0     69.4
     1     1    14     9     2    12     0     0   -30.0   54.297   -0.603    144.1   1001.8    288.2      0.0     70.8
     1     1    14     9     2    11     0     1   -31.0   54.339   -0.516    163.5    999.7    287.3      0.0     74.7
     1     1    14     9     2    10     0     2   -32.0   54.391   -0.451    186.4    997.1    286.3      0.0     78.8
     1     1    14     9     2     9     0     3   -33.0   54.452   -0.407    212.2    994.3    285.5      0.0     82.8
     1     1    14     9     2     8     0     2   -34.0   54.526   -0.370    238.9    991.5    285.1      0.0     83.9
     1     1    14     9     2     7     0     1   -35.0   54.615   -0.328    262.7    989.2    284.7      0.0     84.6
     1     1    14     9     2     6     0     0   -36.0   54.717   -0.280    279.7    987.3    284.5      0.0     85.3
     1     1    14     9     2     5     0     1   -37.0   54.827   -0.237    287.1    987.0    284.7      0.0     84.0
     1     1    14     9     2     4     0     2   -38.0   54.941   -0.208    284.5    988.0    285.1      0.0     82.6
     1     1    14     9     2     3     0     3   -39.0   55.058   -0.193    273.6    989.9    285.5      0.0     80.5
     1     1    14     9     2     2     0     2   -40.0   55.175   -0.197    259.2    991.9    285.9      0.0     77.8
     1     1    14     9     2     1     0     1   -41.0   55.292   -0.224    246.0    993.4    286.2      0.0     75.6
     1     1    14     9     2     0     0     0   -42.0   55.413   -0.269    237.1    994.3    286.5      0.0     73.9
     1     1    14     9     1    23     0     1   -43.0   55.535   -0.320    235.6    994.4    286.5      0.0     72.3
     1     1    14     9     1    22     0     2   -44.0   55.657   -0.368    242.7    993.3    286.5      0.0     71.7
     1     1    14     9     1    21     0     3   -45.0   55.784   -0.415    257.9    991.4    286.3      0.0     72.0
     1     1    14     9     1    20     0     2   -46.0   55.910   -0.479    279.5    988.2    286.0      0.0     74.2
     1     1    14     9     1    19     0     1   -47.0   56.031   -0.582    304.8    984.4    285.7      0.0     76.0
     1     1    14     9     1    18     0     0   -48.0   56.144   -0.716    334.7    980.5    285.4      0.0     76.8
     1     1    14     9     1    17     0     1   -49.0   56.248   -0.859    371.6    975.9    285.1      0.0     78.6
     1     1    14     9     1    16     0     2   -50.0   56.349   -0.999    414.9    970.6    284.7      0.0     80.6
     1     1    14     9     1    15     0     3   -51.0   56.445   -1.135    458.7    964.2    284.4      0.0     82.2
     1     1    14     9     1    14     0     2   -52.0   56.535   -1.262    495.2    959.2    284.2      0.0     84.1
     1     1    14     9     1    13     0     1   -53.0   56.621   -1.379    520.9    955.8    283.9      0.0     85.9
     1     1    14     9     1    12     0     0   -54.0   56.705   -1.480    533.5    954.1    283.7      0.0     87.5
     1     1    14     9     1    11     0     1   -55.0   56.788   -1.562    528.6    953.7    283.7      0.0     87.8
     1     1    14     9     1    10     0     2   -56.0   56.874   -1.624    506.0    956.2    283.8      0.0     88.0
     1     1    14     9     1     9     0     3   -57.0   56.967   -1.667    472.6    960.2    283.9      0.0     88.7
     1     1    14     9     1     8     0     2   -58.0   57.057   -1.730    436.7    964.9    284.4      0.0     86.8
     1     1    14     9     1     7     0     1   -59.0   57.137   -1.858    403.0    968.3    284.7      0.0     85.2
     1     1    14     9     1     6     0     0   -60.0   57.217   -2.058    376.9    969.0    284.8      0.0     84.4
     1     1    14     9     1     5     0     1   -61.0   57.269   -2.354    386.4    959.8    284.5      0.0     84.5
     1     1    14     9     1     4     0     2   -62.0   57.281   -2.759    458.6    939.1    283.8      0.0     85.6
     1     1    14     9     1     3     0     3   -63.0   57.269   -3.257    580.3    909.9    281.9      0.0     89.7
     1     1    14     9     1     2     0     2   -64.0   57.226   -3.825    684.0    882.5    279.9      0.3     94.8
     1     1    14     9     1     1     0     1   -65.0   57.147   -4.449    724.1    875.4    279.5      0.2     95.5
     1     1    14     9     1     0     0     0   -66.0   57.051   -5.086    693.4    887.1    280.2      0.1     95.7
     1     1    14     8    31    23     0     1   -67.0   56.948   -5.677    573.2    918.5    281.8      0.2     95.0
     1     1    14     8    31    22     0     2   -68.0   56.826   -6.213    406.2    957.7    284.1      0.2     96.4
     1     1    14     8    31    21     0     3   -69.0   56.715   -6.789    308.6    981.7    285.7      0.1     95.8
     1     1    14     8    31    20     0     2   -70.0   56.599   -7.430    279.2    978.8    285.7      0.1     93.3
     1     1    14     8    31    19     0     1   -71.0   56.452   -8.110    251.6    981.1    286.1      0.7     95.2
     1     1    14     8    31    18     0     0   -72.0   56.339   -8.865    243.1    982.8    286.3      0.7     94.9
