     7     1
    GDAS    14     8    22     0     0
    GDAS    14     8    29     0     0
    GDAS    14     9     1     0     0
    GDAS    14     9     8     0     0
    GDAS    14     9    15     0     0
    GDAS    14     9    22     0     0
    GDAS    14     9    29     0     0
     1 BACKWARD OMEGA   
    14     9    16     1   56.467   -2.973   100.0
     4 PRESSURE AIR_TEMP RAINFALL RELHUMID
     1     1    14     9    16     1     0     1     0.0   56.467   -2.973    100.0    975.1    285.0      0.3     99.2
     1     1    14     9    16     0     0     0    -1.0   56.494   -2.810     58.3    985.0    285.3      0.3     99.2
     1     1    14     9    15    23     0     1    -2.0   56.534   -2.656     30.5    992.8    285.5      0.5     98.9
     1     1    14     9    15    22     0     2    -3.0   56.586   -2.510     14.7    999.1    285.7      0.5     98.8
     1     1    14     9    15    21     0     3    -4.0   56.656   -2.358      5.1   1004.1    285.8      0.2     98.9
     1     1    14     9    15    20     0     2    -5.0   56.730   -2.163      0.0   1010.6    286.1      0.5     98.5
     1     1    14     9    15    19     0     1    -6.0   56.793   -1.876      0.0   1016.8    286.4      0.5     97.8
     1     1    14     9    15    18     0     0    -7.0   56.842   -1.487      0.0   1016.9    286.5      0.0     96.5
     1     1    14     9    15    17     0     1    -8.0   56.885   -1.008      0.0   1018.1    286.6      0.2     95.8
     1     1    14     9    15    16     0     2    -9.0   56.931   -0.474      0.0   1019.2    286.6      0.2     96.4
     1     1    14     9    15    15     0     3   -10.0   56.973    0.095      0.0   1020.3    286.8      0.2     93.7
     1     1    14     9    15    14     0     2   -11.0   57.010    0.684      0.0   1020.2    287.0      0.2     93.4
     1     1    14     9    15    13     0     1   -12.0   57.039    1.275      0.0   1020.7    287.3      0.2     93.3
     1     1    14     9    15    12     0     0   -13.0   57.053    1.857      0.0   1022.9    287.6      0.0     92.2
     1     1    14     9    15    11     0     1   -14.0   57.064    2.447      0.0   1022.6    287.8      0.0     91.9
     1     1    14     9    15    10     0     2   -15.0   57.081    3.080      0.0   1021.8    288.1      0.0     91.9
     1     1    14     9    15     9     0     3   -16.0   57.109    3.772      0.0   1021.0    288.4      0.0     92.7
     1     1    14     9    15     8     0     2   -17.0   57.152    4.495      0.0   1022.0    288.7      0.0     91.4
     1     1    14     9    15     7     0     1   -18.0   57.210    5.209      0.0   1023.3    288.9      0.0     90.5
     1     1    14     9    15     6     0     0   -19.0   57.287    5.907      0.0   1024.1    289.2      0.0     90.3
     1     1    14     9    15     5     0     1   -20.0   57.369    6.572      1.0   1022.8    289.2      0.0     89.0
     1     1    14     9    15     4     0     2   -21.0   57.443    7.178      3.6   1021.5    289.1      0.0     89.2
     1     1    14     9    15     3     0     3   -22.0   57.512    7.714      5.9   1022.4    289.1      0.0     89.7
     1     1    14     9    15     2     0     2   -23.0   57.583    8.201      6.7   1024.4    289.3      0.0     88.8
     1     1    14     9    15     1     0     1   -24.0   57.659    8.675      6.6   1025.8    289.6      0.0     87.9
     1     1    14     9    15     0     0     0   -25.0   57.724    9.155      6.0   1026.2    289.8      0.0     87.1
     1     1    14     9    14    23     0     1   -26.0   57.769    9.621      5.4   1026.0    289.6      0.0     84.5
     1     1    14     9    14    22     0     2   -27.0   57.799   10.063      5.0   1026.3    289.5      0.0     83.4
     1     1    14     9    14    21     0     3   -28.0   57.826   10.503      4.9   1027.0    289.7      0.0     82.5
     1     1    14     9    14    20     0     2   -29.0   57.858   10.948      5.0   1027.4    289.9      0.0     80.2
     1     1    14     9    14    19     0     1   -30.0   57.893   11.346      5.9   1024.4    288.8      0.0     79.8
     1     1    14     9    14    18     0     0   -31.0   57.931   11.666      8.0   1020.6    287.9      0.0     79.7
     1     1    14     9    14    17     0     1   -32.0   57.965   11.934     11.3   1017.6    288.3      0.0     77.7
     1     1    14     9    14    16     0     2   -33.0   57.989   12.200     17.3   1013.6    289.3      0.0     75.6
     1     1    14     9    14    15     0     3   -34.0   58.004   12.497     29.7   1008.5    290.0      0.0     72.5
     1     1    14     9    14    14     0     2   -35.0   58.017   12.825     54.0   1002.4    289.1      0.0     74.0
     1     1    14     9    14    13     0     1   -36.0   58.036   13.171     86.0    995.2    287.9      0.0     76.8
     1     1    14     9    14    12     0     0   -37.0   58.061   13.516    105.2    991.8    287.2      0.0     79.3
     1     1    14     9    14    11     0     1   -38.0   58.088   13.850    103.4    991.3    286.6      0.0     81.4
     1     1    14     9    14    10     0     2   -39.0   58.116   14.169     88.9    993.6    286.3      0.0     83.0
     1     1    14     9    14     9     0     3   -40.0   58.149   14.473     73.9    996.3    286.1      0.0     84.9
     1     1    14     9    14     8     0     2   -41.0   58.190   14.751     62.8    998.3    285.5      0.0     88.5
     1     1    14     9    14     7     0     1   -42.0   58.239   14.994     54.5    999.9    284.8      0.0     92.0
     1     1    14     9    14     6     0     0   -43.0   58.295   15.204     46.4   1003.4    284.1      0.0     95.5
     1     1    14     9    14     5     0     1   -44.0   58.359   15.386     37.1   1006.9    284.1      0.0     94.8
     1     1    14     9    14     4     0     2   -45.0   58.430   15.550     27.8   1010.6    283.9      0.0     93.7
     1     1    14     9    14     3     0     3   -46.0   58.504   15.696     20.1   1014.1    283.5      0.0     92.2
     1     1    14     9    14     2     0     2   -47.0   58.576   15.830     14.9   1017.3    283.6      0.0     90.6
     1     1    14     9    14     1     0     1   -48.0   58.640   15.958     12.0   1019.7    283.7      0.0     89.2
     1     1    14     9    14     0     0     0   -49.0   58.700   16.087     10.5   1021.5    284.0      0.0     87.9
     1     1    14     9    13    23     0     1   -50.0   58.754   16.225      9.6   1022.1    284.2      0.0     87.8
     1     1    14     9    13    22     0     2   -51.0   58.802   16.372      8.9   1022.7    284.5      0.0     87.8
     1     1    14     9    13    21     0     3   -52.0   58.845   16.525      8.4   1023.3    284.7      0.0     88.0
     1     1    14     9    13    20     0     2   -53.0   58.886   16.682      8.0   1023.6    284.9      0.0     86.1
     1     1    14     9    13    19     0     1   -54.0   58.928   16.843      7.6   1023.4    285.0      0.0     85.1
     1     1    14     9    13    18     0     0   -55.0   58.967   17.005      7.2   1022.7    285.1      0.0     85.3
     1     1    14     9    13    17     0     1   -56.0   59.006   17.173      6.7   1023.1    287.1      0.0     81.7
     1     1    14     9    13    16     0     2   -57.0   59.050   17.358      5.9   1023.3    288.8      0.0     79.0
     1     1    14     9    13    15     0     3   -58.0   59.100   17.566      5.2   1023.0    290.2      0.0     77.6
     1     1    14     9    13    14     0     2   -59.0   59.158   17.785      4.6   1023.3    290.4      0.0     79.1
     1     1    14     9    13    13     0     1   -60.0   59.226   17.999      4.2   1023.7    290.8      0.0     80.3
     1     1    14     9    13    12     0     0   -61.0   59.304   18.204      3.8   1024.9    291.2      0.0     80.7
     1     1    14     9    13    11     0     1   -62.0   59.396   18.407      3.4   1025.6    290.5      0.0     82.6
     1     1    14     9    13    10     0     2   -63.0   59.503   18.618      3.0   1026.4    289.8      0.0     84.4
     1     1    14     9    13     9     0     3   -64.0   59.621   18.846      2.5   1027.2    289.3      0.0     86.4
     1     1    14     9    13     8     0     2   -65.0   59.741   19.085      1.9   1027.0    288.7      0.0     87.2
     1     1    14     9    13     7     0     1   -66.0   59.854   19.325      1.4   1026.7    288.5      0.0     87.4
     1     1    14     9    13     6     0     0   -67.0   59.960   19.575      0.9   1027.2    288.4      0.0     87.7
     1     1    14     9    13     5     0     1   -68.0   60.071   19.846      0.7   1027.2    288.5      0.0     85.4
     1     1    14     9    13     4     0     2   -69.0   60.197   20.137      0.7   1026.5    288.5      0.0     83.4
     1     1    14     9    13     3     0     3   -70.0   60.338   20.432      0.9   1025.8    288.5      0.0     81.9
     1     1    14     9    13     2     0     2   -71.0   60.484   20.721      1.3   1026.1    288.5      0.0     81.1
     1     1    14     9    13     1     0     1   -72.0   60.627   21.005      1.8   1026.0    288.4      0.0     80.3
