     7     1
    GDAS    14     8    22     0     0
    GDAS    14     8    29     0     0
    GDAS    14     9     1     0     0
    GDAS    14     9     8     0     0
    GDAS    14     9    15     0     0
    GDAS    14     9    22     0     0
    GDAS    14     9    29     0     0
     1 BACKWARD OMEGA   
    14     9    20     2   56.467   -2.973   100.0
     4 PRESSURE AIR_TEMP RAINFALL RELHUMID
     1     1    14     9    20     2     0     2     0.0   56.467   -2.973    100.0    973.2    284.5      0.0     89.7
     1     1    14     9    20     1     0     1    -1.0   56.542   -2.981    103.1    970.3    284.4      0.0     89.8
     1     1    14     9    20     0     0     0    -2.0   56.609   -2.996    109.3    966.6    284.4      0.0     90.0
     1     1    14     9    19    23     0     1    -3.0   56.675   -3.017    118.8    963.4    284.5      0.0     90.1
     1     1    14     9    19    22     0     2    -4.0   56.745   -3.044    131.8    959.6    284.6      0.0     90.0
     1     1    14     9    19    21     0     3    -5.0   56.819   -3.074    147.7    954.7    284.8      0.0     90.0
     1     1    14     9    19    20     0     2    -6.0   56.890   -3.104    159.9    949.1    285.0      0.0     89.8
     1     1    14     9    19    19     0     1    -7.0   56.943   -3.132    162.0    946.0    285.2      0.0     88.9
     1     1    14     9    19    18     0     0    -8.0   56.975   -3.161    152.3    945.2    285.6      0.0     87.3
     1     1    14     9    19    17     0     1    -9.0   56.985   -3.190    132.6    947.0    286.2      0.0     84.7
     1     1    14     9    19    16     0     2   -10.0   56.979   -3.217    109.1    949.2    286.9      0.0     81.9
     1     1    14     9    19    15     0     3   -11.0   56.960   -3.243     86.1    952.2    288.1      0.0     78.9
     1     1    14     9    19    14     0     2   -12.0   56.934   -3.264     69.3    955.4    288.4      0.0     79.0
     1     1    14     9    19    13     0     1   -13.0   56.904   -3.278     59.9    957.0    288.5      0.0     79.7
     1     1    14     9    19    12     0     0   -14.0   56.871   -3.284     55.3    958.3    288.5      0.0     80.5
     1     1    14     9    19    11     0     1   -15.0   56.836   -3.282     53.4    959.9    287.4      0.0     84.5
     1     1    14     9    19    10     0     2   -16.0   56.802   -3.272     53.3    961.5    286.4      0.0     88.5
     1     1    14     9    19     9     0     3   -17.0   56.768   -3.255     54.5    963.0    285.4      0.0     92.4
     1     1    14     9    19     8     0     2   -18.0   56.736   -3.229     57.0    964.1    284.8      0.0     93.7
     1     1    14     9    19     7     0     1   -19.0   56.705   -3.191     61.1    965.1    284.2      0.0     95.0
     1     1    14     9    19     6     0     0   -20.0   56.675   -3.141     67.1    965.9    283.6      0.0     96.1
     1     1    14     9    19     5     0     1   -21.0   56.646   -3.081     72.5    966.9    283.9      0.0     96.9
     1     1    14     9    19     4     0     2   -22.0   56.618   -3.011     74.3    968.4    284.1      0.0     97.9
     1     1    14     9    19     3     0     3   -23.0   56.594   -2.931     72.4    972.1    284.5      0.0     98.5
     1     1    14     9    19     2     0     2   -24.0   56.570   -2.840     67.9    976.6    284.8      0.0     98.0
     1     1    14     9    19     1     0     1   -25.0   56.545   -2.736     61.5    981.7    285.1      0.0     97.6
     1     1    14     9    19     0     0     0   -26.0   56.517   -2.618     54.0    987.2    285.5      0.0     97.1
     1     1    14     9    18    23     0     1   -27.0   56.489   -2.487     46.3    992.5    285.8      0.0     96.6
     1     1    14     9    18    22     0     2   -28.0   56.461   -2.345     39.4    997.9    286.1      0.0     96.1
     1     1    14     9    18    21     0     3   -29.0   56.429   -2.190     33.8   1003.2    286.4      0.0     95.5
     1     1    14     9    18    20     0     2   -30.0   56.396   -2.021     29.1   1008.3    286.5      0.0     94.7
     1     1    14     9    18    19     0     1   -31.0   56.362   -1.828     24.9   1009.8    286.6      0.0     94.1
     1     1    14     9    18    18     0     0   -32.0   56.326   -1.610     21.9   1010.3    286.6      0.0     93.5
     1     1    14     9    18    17     0     1   -33.0   56.284   -1.374     20.3   1010.4    286.8      0.0     92.7
     1     1    14     9    18    16     0     2   -34.0   56.233   -1.131     19.8   1010.7    286.9      0.0     92.4
     1     1    14     9    18    15     0     3   -35.0   56.172   -0.888     19.8   1010.8    287.0      0.0     92.5
     1     1    14     9    18    14     0     2   -36.0   56.101   -0.637     19.4   1011.1    287.0      0.0     92.4
     1     1    14     9    18    13     0     1   -37.0   56.018   -0.364     18.2   1011.5    287.0      0.0     92.5
     1     1    14     9    18    12     0     0   -38.0   55.925   -0.072     16.5   1012.1    287.0      0.0     92.2
     1     1    14     9    18    11     0     1   -39.0   55.842    0.283     15.7   1012.7    287.2      0.0     88.6
     1     1    14     9    18    10     0     2   -40.0   55.781    0.705     15.9   1012.8    287.4      0.0     88.0
     1     1    14     9    18     9     0     3   -41.0   55.734    1.145     16.0   1013.1    287.6      0.0     87.3
     1     1    14     9    18     8     0     2   -42.0   55.700    1.599     15.7   1012.9    287.8      0.0     86.3
     1     1    14     9    18     7     0     1   -43.0   55.674    2.056     15.2   1012.9    288.0      0.0     85.6
     1     1    14     9    18     6     0     0   -44.0   55.658    2.513     14.4   1013.4    288.2      0.0     85.1
     1     1    14     9    18     5     0     1   -45.0   55.652    2.977     13.9   1014.0    288.4      0.0     83.6
     1     1    14     9    18     4     0     2   -46.0   55.650    3.457     13.7   1014.0    288.6      0.0     82.1
     1     1    14     9    18     3     0     3   -47.0   55.647    3.954     13.7   1014.0    288.7      0.0     80.8
     1     1    14     9    18     2     0     2   -48.0   55.641    4.465     13.7   1014.1    289.1      0.0     79.3
     1     1    14     9    18     1     0     1   -49.0   55.627    4.988     13.9   1014.3    289.4      0.0     77.4
     1     1    14     9    18     0     0     0   -50.0   55.606    5.520     14.1   1014.4    289.5      0.0     75.5
     1     1    14     9    17    23     0     1   -51.0   55.581    6.057     14.1   1015.0    289.6      0.0     74.5
     1     1    14     9    17    22     0     2   -52.0   55.553    6.596     13.8   1015.8    289.8      0.0     72.8
     1     1    14     9    17    21     0     3   -53.0   55.523    7.134     13.8   1016.4    289.8      0.0     71.1
     1     1    14     9    17    20     0     2   -54.0   55.503    7.660     14.6   1016.0    290.0      0.0     68.6
     1     1    14     9    17    19     0     1   -55.0   55.504    8.150     16.9   1015.2    289.7      0.0     68.0
     1     1    14     9    17    18     0     0   -56.0   55.519    8.578     21.4   1012.7    289.0      0.0     69.5
     1     1    14     9    17    17     0     1   -57.0   55.536    8.941     28.6   1009.8    289.9      0.0     68.2
     1     1    14     9    17    16     0     2   -58.0   55.545    9.279     35.3   1009.0    291.3      0.0     65.7
     1     1    14     9    17    15     0     3   -59.0   55.548    9.613     37.2   1009.5    292.1      0.0     64.0
     1     1    14     9    17    14     0     2   -60.0   55.553    9.942     34.6   1011.0    291.6      0.0     68.4
     1     1    14     9    17    13     0     1   -61.0   55.560   10.264     31.1   1013.1    291.3      0.0     71.5
     1     1    14     9    17    12     0     0   -62.0   55.566   10.574     29.7   1014.8    290.8      0.0     74.6
     1     1    14     9    17    11     0     1   -63.0   55.573   10.882     29.9   1016.1    290.1      0.0     78.6
     1     1    14     9    17    10     0     2   -64.0   55.577   11.195     30.1   1016.5    289.8      0.0     81.6
     1     1    14     9    17     9     0     3   -65.0   55.573   11.511     29.2   1016.3    289.9      0.0     84.2
     1     1    14     9    17     8     0     2   -66.0   55.558   11.819     27.7   1016.1    289.8      0.0     84.9
     1     1    14     9    17     7     0     1   -67.0   55.537   12.110     26.5   1015.7    289.4      0.0     86.3
     1     1    14     9    17     6     0     0   -68.0   55.515   12.391     26.8   1015.1    288.5      0.0     88.2
     1     1    14     9    17     5     0     1   -69.0   55.495   12.676     29.4   1014.8    287.9      0.0     86.2
     1     1    14     9    17     4     0     2   -70.0   55.480   12.977     34.9   1014.5    287.4      0.0     84.2
     1     1    14     9    17     3     0     3   -71.0   55.469   13.289     40.2   1013.9    287.3      0.0     82.2
     1     1    14     9    17     2     0     2   -72.0   55.460   13.602     39.6   1013.8    287.5      0.0     80.5
