     7     1
    GDAS    14     8    22     0     0
    GDAS    14     8    29     0     0
    GDAS    14     9     1     0     0
    GDAS    14     9     8     0     0
    GDAS    14     9    15     0     0
    GDAS    14     9    22     0     0
    GDAS    14     9    29     0     0
     1 BACKWARD OMEGA   
    14     9     9    14   56.467   -2.973   100.0
     4 PRESSURE AIR_TEMP RAINFALL RELHUMID
     1     1    14     9     9    14     0     2     0.0   56.467   -2.973    100.0    977.7    286.7      0.0     69.8
     1     1    14     9     9    13     0     1    -1.0   56.450   -3.041     78.1    980.1    287.1      0.0     69.8
     1     1    14     9     9    12     0     0    -2.0   56.441   -3.101     61.3    982.2    287.3      0.0     70.2
     1     1    14     9     9    11     0     1    -3.0   56.433   -3.160     48.4    983.4    286.8      0.0     73.8
     1     1    14     9     9    10     0     2    -4.0   56.423   -3.224     38.9    984.2    286.1      0.0     77.6
     1     1    14     9     9     9     0     3    -5.0   56.412   -3.292     31.8    984.9    285.5      0.0     81.4
     1     1    14     9     9     8     0     2    -6.0   56.401   -3.363     27.2    985.1    284.2      0.0     82.9
     1     1    14     9     9     7     0     1    -7.0   56.394   -3.440     24.7    985.0    282.7      0.0     84.6
     1     1    14     9     9     6     0     0    -8.0   56.392   -3.523     23.6    984.5    281.2      0.0     86.5
     1     1    14     9     9     5     0     1    -9.0   56.391   -3.606     22.3    984.0    281.4      0.0     85.7
     1     1    14     9     9     4     0     2   -10.0   56.386   -3.684     19.5    984.1    281.5      0.0     84.9
     1     1    14     9     9     3     0     3   -11.0   56.377   -3.757     15.7    984.6    281.5      0.0     84.0
     1     1    14     9     9     2     0     2   -12.0   56.366   -3.822     11.9    986.0    281.1      0.0     82.5
     1     1    14     9     9     1     0     1   -13.0   56.357   -3.879      8.7    987.0    280.7      0.0     81.0
     1     1    14     9     9     0     0     0   -14.0   56.348   -3.929      5.7    987.7    280.6      0.0     79.3
     1     1    14     9     8    23     0     1   -15.0   56.343   -3.977      2.4    987.3    280.5      0.0     78.4
     1     1    14     9     8    22     0     2   -16.0   56.345   -4.028      0.0    986.7    280.5      0.0     77.8
     1     1    14     9     8    21     0     3   -17.0   56.352   -4.083      0.0    986.1    280.6      0.0     77.3
     1     1    14     9     8    20     0     2   -18.0   56.363   -4.139      0.0    985.7    281.9      0.0     76.7
     1     1    14     9     8    19     0     1   -19.0   56.373   -4.192      0.0    985.5    283.2      0.0     75.9
     1     1    14     9     8    18     0     0   -20.0   56.384   -4.243      0.0    985.3    284.4      0.0     75.0
     1     1    14     9     8    17     0     1   -21.0   56.403   -4.299      0.0    984.5    285.1      0.0     74.0
     1     1    14     9     8    16     0     2   -22.0   56.437   -4.366      0.0    983.2    285.8      0.0     73.1
     1     1    14     9     8    15     0     3   -23.0   56.486   -4.443      0.0    981.5    286.3      0.0     72.3
     1     1    14     9     8    14     0     2   -24.0   56.537   -4.528      0.0    980.1    286.3      0.0     72.9
     1     1    14     9     8    13     0     1   -25.0   56.578   -4.617      0.0    979.4    286.3      0.0     73.3
     1     1    14     9     8    12     0     0   -26.0   56.610   -4.706      0.0    979.3    286.3      0.0     73.7
     1     1    14     9     8    11     0     1   -27.0   56.639   -4.788      0.0    978.6    285.4      0.0     78.0
     1     1    14     9     8    10     0     2   -28.0   56.669   -4.855      0.0    977.7    284.5      0.0     82.2
     1     1    14     9     8     9     0     3   -29.0   56.701   -4.910      0.0    976.7    283.7      0.0     86.4
     1     1    14     9     8     8     0     2   -30.0   56.734   -4.959      0.0    976.9    282.7      0.0     89.7
     1     1    14     9     8     7     0     1   -31.0   56.769   -5.007      0.0    977.3    281.9      0.0     92.7
     1     1    14     9     8     6     0     0   -32.0   56.809   -5.055      0.0    978.5    281.3      0.0     95.2
     1     1    14     9     8     5     0     1   -33.0   56.852   -5.110      0.0    979.0    281.6      0.0     94.9
     1     1    14     9     8     4     0     2   -34.0   56.895   -5.174      0.0    979.9    281.8      0.0     94.5
     1     1    14     9     8     3     0     3   -35.0   56.940   -5.246      0.0    981.2    282.1      0.0     94.2
     1     1    14     9     8     2     0     2   -36.0   56.992   -5.324      0.0    982.9    281.8      0.0     93.1
     1     1    14     9     8     1     0     1   -37.0   57.061   -5.410      0.0    986.5    281.7      0.0     91.6
     1     1    14     9     8     0     0     0   -38.0   57.152   -5.508      0.0    991.2    282.0      0.0     90.1
     1     1    14     9     7    23     0     1   -39.0   57.259   -5.619      0.0    996.8    282.9      0.0     88.0
     1     1    14     9     7    22     0     2   -40.0   57.374   -5.739      0.0   1003.3    283.8      0.0     86.1
     1     1    14     9     7    21     0     3   -41.0   57.497   -5.866      0.0   1010.2    284.7      0.0     84.3
     1     1    14     9     7    20     0     2   -42.0   57.637   -6.004      0.0   1016.7    285.8      0.0     81.9
     1     1    14     9     7    19     0     1   -43.0   57.802   -6.155      0.0   1017.4    286.1      0.0     81.2
     1     1    14     9     7    18     0     0   -44.0   57.981   -6.316      0.0   1016.8    286.2      0.0     80.9
     1     1    14     9     7    17     0     1   -45.0   58.169   -6.496      0.0   1015.2    286.3      0.0     79.8
     1     1    14     9     7    16     0     2   -46.0   58.361   -6.712      0.0   1014.5    286.4      0.0     79.4
     1     1    14     9     7    15     0     3   -47.0   58.552   -6.969      0.0   1015.4    286.4      0.0     79.8
     1     1    14     9     7    14     0     2   -48.0   58.745   -7.231      0.1   1016.9    286.4      0.0     80.9
     1     1    14     9     7    13     0     1   -49.0   58.941   -7.460      0.4   1017.9    286.2      0.0     81.6
     1     1    14     9     7    12     0     0   -50.0   59.137   -7.649      0.8   1017.7    286.2      0.0     82.0
     1     1    14     9     7    11     0     1   -51.0   59.326   -7.813      1.1   1017.5    286.0      0.0     82.7
     1     1    14     9     7    10     0     2   -52.0   59.506   -7.967      1.4   1017.4    285.9      0.0     83.3
     1     1    14     9     7     9     0     3   -53.0   59.680   -8.111      1.8   1017.2    285.8      0.0     83.8
     1     1    14     9     7     8     0     2   -54.0   59.853   -8.240      2.3   1017.9    285.8      0.0     84.6
     1     1    14     9     7     7     0     1   -55.0   60.023   -8.353      2.5   1018.7    285.7      0.0     85.3
     1     1    14     9     7     6     0     0   -56.0   60.186   -8.453      2.7   1019.5    285.7      0.0     85.9
     1     1    14     9     7     5     0     1   -57.0   60.339   -8.558      2.8   1019.6    285.6      0.0     85.8
     1     1    14     9     7     4     0     2   -58.0   60.482   -8.688      2.8   1019.6    285.5      0.0     85.9
     1     1    14     9     7     3     0     3   -59.0   60.610   -8.845      2.9   1019.7    285.4      0.0     86.2
     1     1    14     9     7     2     0     2   -60.0   60.714   -9.019      3.0   1019.5    285.4      0.0     86.1
     1     1    14     9     7     1     0     1   -61.0   60.792   -9.194      3.5   1019.3    285.4      0.0     85.7
     1     1    14     9     7     0     0     0   -62.0   60.843   -9.363      4.2   1019.2    285.4      0.0     85.6
     1     1    14     9     6    23     0     1   -63.0   60.886   -9.509      4.9   1019.5    285.4      0.0     85.5
     1     1    14     9     6    22     0     2   -64.0   60.936   -9.617      5.4   1019.7    285.4      0.0     85.4
     1     1    14     9     6    21     0     3   -65.0   60.992   -9.691      5.8   1020.0    285.4      0.0     85.2
     1     1    14     9     6    20     0     2   -66.0   61.053   -9.765      6.3   1018.7    285.3      0.0     84.9
     1     1    14     9     6    19     0     1   -67.0   61.120   -9.872      7.1   1017.6    285.2      0.0     84.5
     1     1    14     9     6    18     0     0   -68.0   61.189  -10.015      8.1   1016.4    285.2      0.0     84.1
     1     1    14     9     6    17     0     1   -69.0   61.257  -10.184      9.1   1016.6    285.2      0.0     83.6
     1     1    14     9     6    16     0     2   -70.0   61.319  -10.370      9.8   1016.9    285.2      0.0     82.7
     1     1    14     9     6    15     0     3   -71.0   61.368  -10.571     10.3   1017.0    285.2      0.0     81.4
     1     1    14     9     6    14     0     2   -72.0   61.407  -10.777     10.6   1017.1    285.2      0.0     82.0
