     7     1
    GDAS    14     8    22     0     0
    GDAS    14     8    29     0     0
    GDAS    14     9     1     0     0
    GDAS    14     9     8     0     0
    GDAS    14     9    15     0     0
    GDAS    14     9    22     0     0
    GDAS    14     9    29     0     0
     1 BACKWARD OMEGA   
    14     9    17    13   56.467   -2.973   100.0
     4 PRESSURE AIR_TEMP RAINFALL RELHUMID
     1     1    14     9    17    13     0     1     0.0   56.467   -2.973    100.0    973.9    286.3      0.0     88.5
     1     1    14     9    17    12     0     0    -1.0   56.483   -2.885     89.6    977.2    286.3      0.0     88.0
     1     1    14     9    17    11     0     1    -2.0   56.504   -2.801     80.1    980.3    286.0      0.0     88.3
     1     1    14     9    17    10     0     2    -3.0   56.539   -2.732     73.2    982.3    285.8      0.0     88.5
     1     1    14     9    17     9     0     3    -4.0   56.588   -2.677     68.4    983.3    285.5      0.0     88.4
     1     1    14     9    17     8     0     2    -5.0   56.646   -2.629     65.7    984.3    284.6      0.0     88.0
     1     1    14     9    17     7     0     1    -6.0   56.707   -2.583     64.8    985.3    283.6      0.0     87.3
     1     1    14     9    17     6     0     0    -7.0   56.772   -2.543     66.0    985.9    282.6      0.0     86.2
     1     1    14     9    17     5     0     1    -8.0   56.836   -2.521     70.7    985.2    282.8      0.0     86.9
     1     1    14     9    17     4     0     2    -9.0   56.891   -2.528     81.0    982.8    282.9      0.0     87.5
     1     1    14     9    17     3     0     3   -10.0   56.933   -2.565    100.5    978.5    283.0      0.0     88.2
     1     1    14     9    17     2     0     2   -11.0   56.959   -2.619    133.6    972.7    283.2      0.0     89.3
     1     1    14     9    17     1     0     1   -12.0   56.967   -2.673    179.8    964.6    283.3      0.0     90.2
     1     1    14     9    17     0     0     0   -13.0   56.958   -2.718    235.5    956.6    283.2      0.0     90.8
     1     1    14     9    16    23     0     1   -14.0   56.928   -2.740    292.4    948.9    283.3      0.0     90.9
     1     1    14     9    16    22     0     2   -15.0   56.878   -2.724    340.7    945.2    283.4      0.0     91.3
     1     1    14     9    16    21     0     3   -16.0   56.813   -2.679    383.1    944.1    283.5      0.0     91.9
     1     1    14     9    16    20     0     2   -17.0   56.741   -2.624    425.2    943.4    283.5      0.0     92.1
     1     1    14     9    16    19     0     1   -18.0   56.666   -2.580    470.0    940.7    283.5      0.0     92.5
     1     1    14     9    16    18     0     0   -19.0   56.588   -2.548    516.4    937.5    283.4      0.0     93.1
     1     1    14     9    16    17     0     1   -20.0   56.503   -2.508    560.3    934.6    283.2      0.0     94.1
     1     1    14     9    16    16     0     2   -21.0   56.406   -2.436    597.9    934.0    283.2      0.0     95.2
     1     1    14     9    16    15     0     3   -22.0   56.298   -2.336    635.5    933.9    283.1      0.0     96.3
     1     1    14     9    16    14     0     2   -23.0   56.183   -2.225    672.6    931.9    283.0      0.0     95.3
     1     1    14     9    16    13     0     1   -24.0   56.063   -2.120    702.0    930.3    283.0      0.0     94.7
     1     1    14     9    16    12     0     0   -25.0   55.937   -2.017    719.6    928.1    283.0      0.0     94.5
     1     1    14     9    16    11     0     1   -26.0   55.812   -1.904    732.4    925.8    282.9      0.0     93.9
     1     1    14     9    16    10     0     2   -27.0   55.696   -1.771    749.1    923.1    282.8      0.0     93.1
     1     1    14     9    16     9     0     3   -28.0   55.592   -1.622    770.5    920.9    282.7      0.0     92.5
     1     1    14     9    16     8     0     2   -29.0   55.498   -1.472    790.3    918.8    282.7      0.0     92.1
     1     1    14     9    16     7     0     1   -30.0   55.410   -1.333    801.6    918.9    282.8      0.0     92.0
     1     1    14     9    16     6     0     0   -31.0   55.325   -1.202    804.5    920.2    282.9      0.0     91.9
     1     1    14     9    16     5     0     1   -32.0   55.239   -1.078    806.3    922.9    283.2      0.0     89.8
     1     1    14     9    16     4     0     2   -33.0   55.146   -0.963    814.4    923.5    283.5      0.0     87.4
     1     1    14     9    16     3     0     3   -34.0   55.045   -0.858    829.4    921.9    283.6      0.0     85.1
     1     1    14     9    16     2     0     2   -35.0   54.938   -0.750    851.0    919.2    283.4      0.0     86.2
     1     1    14     9    16     1     0     1   -36.0   54.826   -0.630    878.0    915.7    283.1      0.0     87.6
     1     1    14     9    16     0     0     0   -37.0   54.709   -0.503    910.4    911.2    282.9      0.0     88.9
     1     1    14     9    15    23     0     1   -38.0   54.598   -0.372    944.2    906.1    282.6      0.0     89.1
     1     1    14     9    15    22     0     2   -39.0   54.501   -0.235    974.6    902.1    282.5      0.0     88.9
     1     1    14     9    15    21     0     3   -40.0   54.419   -0.089   1001.2    898.6    282.4      0.0     88.2
     1     1    14     9    15    20     0     2   -41.0   54.320    0.072   1012.0    900.0    282.8      0.0     80.4
     1     1    14     9    15    19     0     1   -42.0   54.207    0.240   1010.6    902.2    283.0      0.0     80.2
     1     1    14     9    15    18     0     0   -43.0   54.107    0.404   1014.7    901.2    283.0      0.0     79.5
     1     1    14     9    15    17     0     1   -44.0   54.017    0.572   1018.7    900.6    283.1      0.0     77.8
     1     1    14     9    15    16     0     2   -45.0   53.929    0.753   1023.7    900.4    283.2      0.0     77.2
     1     1    14     9    15    15     0     3   -46.0   53.836    0.942   1036.4    899.4    283.3      0.0     76.9
     1     1    14     9    15    14     0     2   -47.0   53.743    1.130   1051.7    897.2    283.1      0.0     79.3
     1     1    14     9    15    13     0     1   -48.0   53.657    1.308   1060.6    896.5    282.9      0.0     81.0
     1     1    14     9    15    12     0     0   -49.0   53.576    1.476   1063.6    896.6    282.8      0.0     81.9
     1     1    14     9    15    11     0     1   -50.0   53.495    1.643   1061.8    896.7    282.9      0.0     80.9
     1     1    14     9    15    10     0     2   -51.0   53.404    1.817   1058.5    897.2    283.0      0.0     80.0
     1     1    14     9    15     9     0     3   -52.0   53.298    1.995   1059.0    897.3    283.0      0.0     79.3
     1     1    14     9    15     8     0     2   -53.0   53.187    2.174   1067.8    896.6    282.8      0.0     81.8
     1     1    14     9    15     7     0     1   -54.0   53.084    2.356   1082.8    894.8    282.6      0.0     83.7
     1     1    14     9    15     6     0     0   -55.0   52.984    2.541   1100.8    892.9    282.4      0.0     85.0
     1     1    14     9    15     5     0     1   -56.0   52.893    2.723   1111.1    890.6    282.3      0.0     84.5
     1     1    14     9    15     4     0     2   -57.0   52.818    2.896   1103.9    891.1    282.4      0.0     84.0
     1     1    14     9    15     3     0     3   -58.0   52.753    3.055   1078.3    893.5    282.6      0.0     83.5
     1     1    14     9    15     2     0     2   -59.0   52.705    3.220   1049.6    898.7    282.9      0.0     83.6
     1     1    14     9    15     1     0     1   -60.0   52.679    3.405   1031.7    900.9    283.0      0.0     84.1
     1     1    14     9    15     0     0     0   -61.0   52.671    3.604   1021.6    902.3    283.1      0.0     84.9
     1     1    14     9    14    23     0     1   -62.0   52.670    3.792   1019.5    903.0    283.3      0.0     83.8
     1     1    14     9    14    22     0     2   -63.0   52.670    3.945   1029.9    902.4    283.4      0.0     82.7
     1     1    14     9    14    21     0     3   -64.0   52.677    4.064   1056.6    899.8    283.4      0.0     81.7
     1     1    14     9    14    20     0     2   -65.0   52.694    4.178   1089.3    895.2    283.0      0.0     83.6
     1     1    14     9    14    19     0     1   -66.0   52.722    4.315   1113.3    892.6    282.7      0.0     85.7
     1     1    14     9    14    18     0     0   -67.0   52.761    4.471   1124.8    891.2    282.4      0.0     87.9
     1     1    14     9    14    17     0     1   -68.0   52.817    4.638   1133.8    891.7    282.4      0.0     86.9
     1     1    14     9    14    16     0     2   -69.0   52.897    4.806   1154.7    890.0    282.3      0.0     86.8
     1     1    14     9    14    15     0     3   -70.0   53.006    4.976   1197.5    886.4    282.0      0.0     87.6
     1     1    14     9    14    14     0     2   -71.0   53.132    5.162   1241.2    879.2    281.5      0.0     87.8
     1     1    14     9    14    13     0     1   -72.0   53.265    5.375   1261.7    878.0    281.2      0.0     89.9
