     7     1
    GDAS    14     8    22     0     0
    GDAS    14     8    29     0     0
    GDAS    14     9     1     0     0
    GDAS    14     9     8     0     0
    GDAS    14     9    15     0     0
    GDAS    14     9    22     0     0
    GDAS    14     9    29     0     0
     1 BACKWARD OMEGA   
    14     9    17     9   56.467   -2.973   100.0
     4 PRESSURE AIR_TEMP RAINFALL RELHUMID
     1     1    14     9    17     9     0     3     0.0   56.467   -2.973    100.0    973.9    284.7      0.0     87.0
     1     1    14     9    17     8     0     2    -1.0   56.504   -2.915    101.0    974.5    284.0      0.0     86.9
     1     1    14     9    17     7     0     1    -2.0   56.544   -2.851    103.3    975.4    283.3      0.0     86.7
     1     1    14     9    17     6     0     0    -3.0   56.588   -2.783    107.3    976.2    282.8      0.0     86.2
     1     1    14     9    17     5     0     1    -4.0   56.634   -2.730    115.3    976.3    283.0      0.0     87.3
     1     1    14     9    17     4     0     2    -5.0   56.677   -2.708    130.9    974.7    283.3      0.0     88.2
     1     1    14     9    17     3     0     3    -6.0   56.713   -2.714    156.7    971.1    283.6      0.0     89.1
     1     1    14     9    17     2     0     2    -7.0   56.733   -2.727    190.7    965.7    283.6      0.0     89.6
     1     1    14     9    17     1     0     1    -8.0   56.740   -2.733    229.2    961.2    283.6      0.0     90.2
     1     1    14     9    17     0     0     0    -9.0   56.735   -2.733    272.3    956.8    283.5      0.0     90.8
     1     1    14     9    16    23     0     1   -10.0   56.715   -2.712    314.4    952.3    283.6      0.0     91.1
     1     1    14     9    16    22     0     2   -11.0   56.677   -2.661    350.8    951.0    283.8      0.0     91.6
     1     1    14     9    16    21     0     3   -12.0   56.626   -2.588    385.1    951.0    283.9      0.0     92.1
     1     1    14     9    16    20     0     2   -13.0   56.568   -2.510    420.1    950.6    284.0      0.0     92.2
     1     1    14     9    16    19     0     1   -14.0   56.505   -2.445    455.2    949.0    284.0      0.0     92.4
     1     1    14     9    16    18     0     0   -15.0   56.438   -2.393    487.8    947.0    283.9      0.0     92.7
     1     1    14     9    16    17     0     1   -16.0   56.363   -2.333    517.5    945.8    283.9      0.0     93.5
     1     1    14     9    16    16     0     2   -17.0   56.276   -2.247    546.9    945.3    283.8      0.0     94.4
     1     1    14     9    16    15     0     3   -18.0   56.176   -2.138    582.0    944.2    283.6      0.0     95.5
     1     1    14     9    16    14     0     2   -19.0   56.066   -2.022    618.9    941.3    283.3      0.0     96.4
     1     1    14     9    16    13     0     1   -20.0   55.951   -1.912    646.2    937.4    283.3      0.0     96.1
     1     1    14     9    16    12     0     0   -21.0   55.833   -1.805    660.9    934.3    283.3      0.0     95.5
     1     1    14     9    16    11     0     1   -22.0   55.720   -1.692    672.1    933.1    283.3      0.0     94.9
     1     1    14     9    16    10     0     2   -23.0   55.619   -1.560    688.5    931.3    283.2      0.0     94.2
     1     1    14     9    16     9     0     3   -24.0   55.530   -1.414    710.1    929.7    283.1      0.0     93.7
     1     1    14     9    16     8     0     2   -25.0   55.450   -1.266    730.3    928.2    283.2      0.0     93.2
     1     1    14     9    16     7     0     1   -26.0   55.373   -1.124    742.0    928.7    283.2      0.0     92.9
     1     1    14     9    16     6     0     0   -27.0   55.297   -0.984    744.1    930.4    283.4      0.0     92.7
     1     1    14     9    16     5     0     1   -28.0   55.217   -0.854    744.0    931.4    283.7      0.0     90.3
     1     1    14     9    16     4     0     2   -29.0   55.128   -0.739    751.7    930.5    283.9      0.0     87.8
     1     1    14     9    16     3     0     3   -30.0   55.032   -0.637    768.4    928.6    283.9      0.0     85.3
     1     1    14     9    16     2     0     2   -31.0   54.930   -0.532    791.8    925.4    283.7      0.0     86.5
     1     1    14     9    16     1     0     1   -32.0   54.823   -0.413    819.6    921.7    283.5      0.0     87.8
     1     1    14     9    16     0     0     0   -33.0   54.712   -0.284    851.9    917.6    283.2      0.0     89.1
     1     1    14     9    15    23     0     1   -34.0   54.603   -0.151    884.5    912.9    283.0      0.0     89.7
     1     1    14     9    15    22     0     2   -35.0   54.507   -0.014    913.6    909.0    282.9      0.0     89.7
     1     1    14     9    15    21     0     3   -36.0   54.390    0.146    918.6    909.6    283.4      0.0     78.9
     1     1    14     9    15    20     0     2   -37.0   54.256    0.327    906.5    914.4    283.7      0.0     78.8
     1     1    14     9    15    19     0     1   -38.0   54.137    0.509    905.1    914.0    283.7      0.0     78.0
     1     1    14     9    15    18     0     0   -39.0   54.032    0.691    907.2    913.2    283.6      0.0     76.6
     1     1    14     9    15    17     0     1   -40.0   53.932    0.877    911.1    913.0    283.8      0.0     75.4
     1     1    14     9    15    16     0     2   -41.0   53.831    1.067    921.2    912.1    283.9      0.0     75.4
     1     1    14     9    15    15     0     3   -42.0   53.726    1.252    937.4    910.0    283.9      0.0     76.5
     1     1    14     9    15    14     0     2   -43.0   53.623    1.429    952.5    908.0    283.7      0.0     78.4
     1     1    14     9    15    13     0     1   -44.0   53.525    1.594    962.6    907.3    283.5      0.0     79.2
     1     1    14     9    15    12     0     0   -45.0   53.432    1.749    970.4    906.9    283.4      0.0     79.5
     1     1    14     9    15    11     0     1   -46.0   53.335    1.902    979.1    906.0    283.4      0.0     78.6
     1     1    14     9    15    10     0     2   -47.0   53.227    2.061    992.5    904.6    283.4      0.0     78.3
     1     1    14     9    15     9     0     3   -48.0   53.109    2.223   1013.2    902.3    283.2      0.0     78.6
     1     1    14     9    15     8     0     2   -49.0   52.990    2.387   1039.0    899.2    282.9      0.0     80.9
     1     1    14     9    15     7     0     1   -50.0   52.879    2.556   1062.6    896.4    282.6      0.0     82.1
     1     1    14     9    15     6     0     0   -51.0   52.772    2.734   1082.8    894.6    282.5      0.0     82.5
     1     1    14     9    15     5     0     1   -52.0   52.674    2.911   1094.0    892.4    282.4      0.0     81.9
     1     1    14     9    15     4     0     2   -53.0   52.590    3.077   1087.4    892.8    282.5      0.0     81.5
     1     1    14     9    15     3     0     3   -54.0   52.516    3.231   1065.2    895.2    282.6      0.0     80.9
     1     1    14     9    15     2     0     2   -55.0   52.458    3.387   1041.2    899.5    282.9      0.0     81.3
     1     1    14     9    15     1     0     1   -56.0   52.420    3.558   1025.3    901.4    283.0      0.0     81.9
     1     1    14     9    15     0     0     0   -57.0   52.400    3.738   1014.2    902.9    283.1      0.0     82.6
     1     1    14     9    14    23     0     1   -58.0   52.387    3.907   1011.4    904.0    283.3      0.0     81.6
     1     1    14     9    14    22     0     2   -59.0   52.375    4.046   1023.8    903.1    283.4      0.0     80.5
     1     1    14     9    14    21     0     3   -60.0   52.368    4.156   1052.9    900.2    283.4      0.0     79.4
     1     1    14     9    14    20     0     2   -61.0   52.368    4.260   1088.1    895.4    283.0      0.0     81.1
     1     1    14     9    14    19     0     1   -62.0   52.376    4.383   1116.9    892.2    282.7      0.0     83.0
     1     1    14     9    14    18     0     0   -63.0   52.390    4.524   1135.5    890.1    282.4      0.0     85.1
     1     1    14     9    14    17     0     1   -64.0   52.419    4.679   1142.9    889.7    282.4      0.0     84.8
     1     1    14     9    14    16     0     2   -65.0   52.476    4.842   1140.7    890.2    282.4      0.0     85.2
     1     1    14     9    14    15     0     3   -66.0   52.566    5.008   1134.1    891.4    282.5      0.0     86.5
     1     1    14     9    14    14     0     2   -67.0   52.678    5.177   1135.3    892.4    282.3      0.0     87.5
     1     1    14     9    14    13     0     1   -68.0   52.795    5.352   1145.1    891.4    281.9      0.0     89.2
     1     1    14     9    14    12     0     0   -69.0   52.925    5.530   1156.1    890.6    281.4      0.0     92.6
     1     1    14     9    14    11     0     1   -70.0   53.072    5.727   1160.1    890.1    281.5      0.0     90.7
     1     1    14     9    14    10     0     2   -71.0   53.239    5.963   1150.9    891.1    281.6      0.0     88.0
     1     1    14     9    14     9     0     3   -72.0   53.423    6.229   1138.9    893.6    281.7      0.0     86.1
