     7     1
    GDAS    14     8    22     0     0
    GDAS    14     8    29     0     0
    GDAS    14     9     1     0     0
    GDAS    14     9     8     0     0
    GDAS    14     9    15     0     0
    GDAS    14     9    22     0     0
    GDAS    14     9    29     0     0
     1 BACKWARD OMEGA   
    14     9     1     8   56.467   -2.973   100.0
     4 PRESSURE AIR_TEMP RAINFALL RELHUMID
     1     1    14     9     1     8     0     2     0.0   56.467   -2.973    100.0    973.8    284.7      0.0     83.9
     1     1    14     9     1     7     0     1    -1.0   56.513   -3.211    139.4    966.3    283.9      0.0     88.4
     1     1    14     9     1     6     0     0    -2.0   56.574   -3.479    194.1    954.1    282.9      0.0     91.8
     1     1    14     9     1     5     0     1    -3.0   56.627   -3.798    251.5    940.8    282.3      0.0     92.8
     1     1    14     9     1     4     0     2    -4.0   56.650   -4.173    288.3    933.0    281.8      0.0     95.0
     1     1    14     9     1     3     0     3    -5.0   56.658   -4.593    290.4    935.7    281.8      0.1     96.0
     1     1    14     9     1     2     0     2    -6.0   56.656   -5.021    253.0    944.3    282.5      0.1     95.9
     1     1    14     9     1     1     0     1    -7.0   56.643   -5.428    184.4    964.7    284.0      0.1     95.3
     1     1    14     9     1     0     0     0    -8.0   56.630   -5.811    104.5    987.2    285.3      0.3     96.1
     1     1    14     8    31    23     0     1    -9.0   56.598   -6.158     51.3   1003.3    286.4      0.2     94.9
     1     1    14     8    31    22     0     2   -10.0   56.532   -6.515     27.3   1008.1    286.7      0.1     94.5
     1     1    14     8    31    21     0     3   -11.0   56.456   -6.969     21.4   1009.9    286.9      0.1     94.6
     1     1    14     8    31    20     0     2   -12.0   56.354   -7.465     20.4   1008.7    287.1      0.4     92.4
     1     1    14     8    31    19     0     1   -13.0   56.210   -7.933     17.6   1008.1    287.3      0.7     94.2
     1     1    14     8    31    18     0     0   -14.0   56.065   -8.453     16.0   1007.5    287.4      0.8     95.2
     1     1    14     8    31    17     0     1   -15.0   55.908   -8.961     15.3   1007.5    287.5      0.7     93.7
     1     1    14     8    31    16     0     2   -16.0   55.711   -9.403     13.4   1008.1    287.6      0.8     93.7
     1     1    14     8    31    15     0     3   -17.0   55.494   -9.839     11.7   1008.1    287.7      0.1     95.3
     1     1    14     8    31    14     0     2   -18.0   55.258  -10.269     10.8   1007.9    287.9      0.2     95.0
     1     1    14     8    31    13     0     1   -19.0   54.974  -10.642      9.7   1008.3    288.0      0.3     95.5
     1     1    14     8    31    12     0     0   -20.0   54.638  -10.988      8.1   1008.4    288.3      0.3     98.3
     1     1    14     8    31    11     0     1   -21.0   54.287  -11.305      6.3   1008.8    288.4      0.0     97.3
     1     1    14     8    31    10     0     2   -22.0   53.933  -11.549      4.5   1009.5    288.6      0.3     96.8
     1     1    14     8    31     9     0     3   -23.0   53.538  -11.703      2.4   1010.3    288.8      0.3     96.9
     1     1    14     8    31     8     0     2   -24.0   53.130  -11.826      0.8   1011.6    288.9      0.0     96.0
     1     1    14     8    31     7     0     1   -25.0   52.755  -11.972      0.1   1013.4    289.0      0.0     94.5
     1     1    14     8    31     6     0     0   -26.0   52.412  -12.124      0.0   1014.4    289.1      0.0     93.6
     1     1    14     8    31     5     0     1   -27.0   52.093  -12.271      0.0   1014.9    289.3      0.0     92.8
     1     1    14     8    31     4     0     2   -28.0   51.793  -12.414      0.0   1015.6    289.4      0.0     91.1
     1     1    14     8    31     3     0     3   -29.0   51.510  -12.546      0.0   1016.5    289.4      0.0     89.4
     1     1    14     8    31     2     0     2   -30.0   51.244  -12.666      0.1   1017.3    289.5      0.0     89.2
     1     1    14     8    31     1     0     1   -31.0   50.995  -12.774      0.2   1018.1    289.6      0.0     88.2
     1     1    14     8    31     0     0     0   -32.0   50.765  -12.871      0.5   1018.9    289.7      0.0     86.7
     1     1    14     8    30    23     0     1   -33.0   50.554  -12.965      0.7   1019.1    289.8      0.0     86.1
     1     1    14     8    30    22     0     2   -34.0   50.354  -13.068      0.9   1019.3    289.8      0.0     85.1
     1     1    14     8    30    21     0     3   -35.0   50.163  -13.183      0.9   1019.6    289.8      0.0     83.8
     1     1    14     8    30    20     0     2   -36.0   49.985  -13.310      0.9   1019.9    289.9      0.0     83.1
     1     1    14     8    30    19     0     1   -37.0   49.825  -13.444      0.9   1020.3    290.0      0.0     82.4
     1     1    14     8    30    18     0     0   -38.0   49.681  -13.580      0.9   1020.6    290.2      0.0     81.2
     1     1    14     8    30    17     0     1   -39.0   49.546  -13.722      0.9   1020.7    290.2      0.0     80.9
     1     1    14     8    30    16     0     2   -40.0   49.413  -13.873      0.9   1020.8    290.2      0.0     79.7
     1     1    14     8    30    15     0     3   -41.0   49.284  -14.027      0.9   1020.9    290.2      0.0     78.0
     1     1    14     8    30    14     0     2   -42.0   49.160  -14.177      1.1   1020.9    290.4      0.0     77.8
     1     1    14     8    30    13     0     1   -43.0   49.047  -14.316      1.4   1021.0    290.5      0.0     77.3
     1     1    14     8    30    12     0     0   -44.0   48.943  -14.446      1.9   1021.0    290.7      0.0     77.0
     1     1    14     8    30    11     0     1   -45.0   48.847  -14.578      2.4   1021.1    290.7      0.0     77.6
     1     1    14     8    30    10     0     2   -46.0   48.757  -14.721      3.0   1021.2    290.7      0.0     78.1
     1     1    14     8    30     9     0     3   -47.0   48.674  -14.876      3.8   1021.3    290.7      0.0     78.5
     1     1    14     8    30     8     0     2   -48.0   48.601  -15.041      4.5   1020.8    290.7      0.0     78.3
     1     1    14     8    30     7     0     1   -49.0   48.540  -15.214      5.2   1020.2    290.8      0.0     78.0
     1     1    14     8    30     6     0     0   -50.0   48.491  -15.396      5.9   1019.4    290.8      0.0     77.6
     1     1    14     8    30     5     0     1   -51.0   48.448  -15.584      6.4   1018.8    290.9      0.0     77.4
     1     1    14     8    30     4     0     2   -52.0   48.405  -15.777      6.5   1018.4    290.9      0.0     77.0
     1     1    14     8    30     3     0     3   -53.0   48.365  -15.974      6.3   1018.2    291.0      0.0     76.4
     1     1    14     8    30     2     0     2   -54.0   48.330  -16.174      6.0   1018.6    291.0      0.0     76.1
     1     1    14     8    30     1     0     1   -55.0   48.300  -16.372      6.0   1018.9    291.1      0.0     75.8
     1     1    14     8    30     0     0     0   -56.0   48.278  -16.572      6.2   1019.2    291.1      0.0     75.4
     1     1    14     8    29    23     0     1   -57.0   48.259  -16.782      6.5   1019.1    291.1      0.0     75.0
     1     1    14     8    29    22     0     2   -58.0   48.236  -17.012      6.7   1018.9    291.2      0.0     74.1
     1     1    14     8    29    21     0     3   -59.0   48.207  -17.261      6.8   1018.7    291.2      0.0     73.4
     1     1    14     8    29    20     0     2   -60.0   48.175  -17.520      6.8   1018.8    291.2      0.0     72.9
     1     1    14     8    29    19     0     1   -61.0   48.142  -17.781      7.2   1019.0    291.2      0.0     72.2
     1     1    14     8    29    18     0     0   -62.0   48.110  -18.045      7.8   1019.2    291.2      0.0     71.4
     1     1    14     8    29    17     0     1   -63.0   48.077  -18.315      8.5   1019.2    291.3      0.0     71.9
     1     1    14     8    29    16     0     2   -64.0   48.040  -18.593      8.8   1019.2    291.4      0.0     71.9
     1     1    14     8    29    15     0     3   -65.0   48.000  -18.879      8.8   1019.0    291.4      0.0     71.4
     1     1    14     8    29    14     0     2   -66.0   47.958  -19.168      8.8   1018.2    291.5      0.0     71.4
     1     1    14     8    29    13     0     1   -67.0   47.917  -19.458      8.8   1017.4    291.6      0.0     71.2
     1     1    14     8    29    12     0     0   -68.0   47.878  -19.750      8.9   1016.7    291.7      0.0     70.6
     1     1    14     8    29    11     0     1   -69.0   47.838  -20.043      9.0   1017.1    291.6      0.0     71.1
     1     1    14     8    29    10     0     2   -70.0   47.796  -20.337      9.0   1017.4    291.5      0.0     72.0
     1     1    14     8    29     9     0     3   -71.0   47.751  -20.634      9.1   1017.5    291.5      0.0     72.9
     1     1    14     8    29     8     0     2   -72.0   47.705  -20.940      9.1   1017.3    291.5      0.0     73.0
