     7     1
    GDAS    14     8    22     0     0
    GDAS    14     8    29     0     0
    GDAS    14     9     1     0     0
    GDAS    14     9     8     0     0
    GDAS    14     9    15     0     0
    GDAS    14     9    22     0     0
    GDAS    14     9    29     0     0
     1 BACKWARD OMEGA   
    14     9     5    19   56.467   -2.973   100.0
     4 PRESSURE AIR_TEMP RAINFALL RELHUMID
     1     1    14     9     5    19     0     1     0.0   56.467   -2.973    100.0    974.4    283.9      0.3     96.4
     1     1    14     9     5    18     0     0    -1.0   56.525   -2.843     74.4    980.1    284.6      0.7     96.1
     1     1    14     9     5    17     0     1    -2.0   56.590   -2.724     55.7    984.7    285.2      0.3     94.9
     1     1    14     9     5    16     0     2    -3.0   56.666   -2.637     42.6    986.8    285.5      0.3     94.4
     1     1    14     9     5    15     0     3    -4.0   56.750   -2.570     32.4    988.5    285.8      0.3     94.7
     1     1    14     9     5    14     0     2    -5.0   56.834   -2.513     24.5    989.9    286.0      0.4     94.6
     1     1    14     9     5    13     0     1    -6.0   56.911   -2.460     18.9    991.3    286.1      0.0     94.7
     1     1    14     9     5    12     0     0    -7.0   56.978   -2.411     15.1    992.8    286.2      0.0     94.8
     1     1    14     9     5    11     0     1    -8.0   57.037   -2.379     13.0    995.3    286.4      0.0     92.9
     1     1    14     9     5    10     0     2    -9.0   57.091   -2.381     12.4    996.7    286.6      0.0     91.3
     1     1    14     9     5     9     0     3   -10.0   57.141   -2.415     12.8    996.4    286.8      0.0     90.2
     1     1    14     9     5     8     0     2   -11.0   57.183   -2.474     13.8    994.8    286.3      0.0     91.3
     1     1    14     9     5     7     0     1   -12.0   57.211   -2.548     15.1    992.5    285.7      0.0     92.3
     1     1    14     9     5     6     0     0   -13.0   57.224   -2.634     17.0    989.4    285.0      0.0     93.5
     1     1    14     9     5     5     0     1   -14.0   57.223   -2.736     20.0    985.2    284.9      0.0     93.1
     1     1    14     9     5     4     0     2   -15.0   57.208   -2.859     25.3    979.4    284.7      0.0     93.4
     1     1    14     9     5     3     0     3   -16.0   57.185   -3.003     34.6    972.0    284.4      0.0     94.5
     1     1    14     9     5     2     0     2   -17.0   57.152   -3.152     48.3    966.9    284.4      0.0     95.3
     1     1    14     9     5     1     0     1   -18.0   57.103   -3.288     65.7    960.5    284.4      0.0     96.1
     1     1    14     9     5     0     0     0   -19.0   57.037   -3.418     87.1    952.5    284.5      0.0     97.2
     1     1    14     9     4    23     0     1   -20.0   56.953   -3.538    109.8    948.4    284.9      0.0     96.5
     1     1    14     9     4    22     0     2   -21.0   56.856   -3.644    131.2    949.1    285.6      0.0     94.0
     1     1    14     9     4    21     0     3   -22.0   56.751   -3.738    150.9    950.4    286.3      0.0     91.2
     1     1    14     9     4    20     0     2   -23.0   56.645   -3.836    166.4    951.9    287.0      0.0     88.4
     1     1    14     9     4    19     0     1   -24.0   56.545   -3.955    175.5    954.6    287.6      0.0     85.7
     1     1    14     9     4    18     0     0   -25.0   56.450   -4.096    176.6    959.1    288.3      0.0     83.0
     1     1    14     9     4    17     0     1   -26.0   56.352   -4.236    168.3    965.2    288.7      0.1     81.2
     1     1    14     9     4    16     0     2   -27.0   56.246   -4.361    152.2    971.7    289.2      0.1     79.5
     1     1    14     9     4    15     0     3   -28.0   56.133   -4.468    128.0    979.0    289.9      0.2     77.7
     1     1    14     9     4    14     0     2   -29.0   56.022   -4.543    103.2    986.7    290.2      0.0     79.3
     1     1    14     9     4    13     0     1   -30.0   55.920   -4.573     85.7    991.0    290.2      0.0     81.9
     1     1    14     9     4    12     0     0   -31.0   55.824   -4.562     75.0    993.6    290.0      0.0     84.5
     1     1    14     9     4    11     0     1   -32.0   55.733   -4.525     67.2    995.0    289.3      0.0     86.4
     1     1    14     9     4    10     0     2   -33.0   55.645   -4.473     58.9    996.7    288.8      0.0     88.5
     1     1    14     9     4     9     0     3   -34.0   55.557   -4.407     48.4    998.4    288.3      0.0     90.9
     1     1    14     9     4     8     0     2   -35.0   55.472   -4.334     34.2   1000.2    288.0      0.0     91.2
     1     1    14     9     4     7     0     1   -36.0   55.397   -4.261     19.6   1002.6    287.3      0.0     92.2
     1     1    14     9     4     6     0     0   -37.0   55.338   -4.190      8.1   1004.2    286.2      0.0     93.5
     1     1    14     9     4     5     0     1   -38.0   55.289   -4.118      0.0   1004.3    286.1      0.0     92.6
     1     1    14     9     4     4     0     2   -39.0   55.244   -4.040      0.0   1004.3    285.9      0.0     91.9
     1     1    14     9     4     3     0     3   -40.0   55.204   -3.954      0.0   1004.3    285.9      0.0     90.9
     1     1    14     9     4     2     0     2   -41.0   55.167   -3.864      0.0   1004.5    285.5      0.0     88.8
     1     1    14     9     4     1     0     1   -42.0   55.132   -3.773      0.0   1004.7    285.2      0.0     87.0
     1     1    14     9     4     0     0     0   -43.0   55.100   -3.681      0.0   1004.8    284.9      0.0     85.3
     1     1    14     9     3    23     0     1   -44.0   55.067   -3.586      0.0   1005.2    285.0      0.0     82.7
     1     1    14     9     3    22     0     2   -45.0   55.029   -3.487      0.0   1005.8    285.0      0.0     80.3
     1     1    14     9     3    21     0     3   -46.0   54.988   -3.383      0.0   1006.9    284.9      0.0     78.0
     1     1    14     9     3    20     0     2   -47.0   54.940   -3.284      0.0   1008.0    286.5      0.0     75.2
     1     1    14     9     3    19     0     1   -48.0   54.886   -3.200      0.4   1009.1    287.9      0.0     72.1
     1     1    14     9     3    18     0     0   -49.0   54.823   -3.131      0.8   1010.2    289.1      0.0     68.9
     1     1    14     9     3    17     0     1   -50.0   54.753   -3.074      0.7   1010.2    289.8      0.0     67.0
     1     1    14     9     3    16     0     2   -51.0   54.678   -3.025      0.0   1010.1    290.4      0.0     65.0
     1     1    14     9     3    15     0     3   -52.0   54.597   -2.978      0.0   1009.5    290.8      0.0     63.0
     1     1    14     9     3    14     0     2   -53.0   54.509   -2.929      0.0   1010.9    290.7      0.0     62.8
     1     1    14     9     3    13     0     1   -54.0   54.414   -2.873      0.0   1011.9    290.6      0.0     62.6
     1     1    14     9     3    12     0     0   -55.0   54.312   -2.811      0.0   1012.4    290.6      0.0     62.2
     1     1    14     9     3    11     0     1   -56.0   54.210   -2.737      0.0   1011.5    289.9      0.0     66.3
     1     1    14     9     3    10     0     2   -57.0   54.120   -2.644      0.0   1009.6    289.3      0.0     70.6
     1     1    14     9     3     9     0     3   -58.0   54.043   -2.540      0.0   1007.0    288.7      0.0     75.3
     1     1    14     9     3     8     0     2   -59.0   53.976   -2.436      0.0   1003.9    287.7      0.0     77.8
     1     1    14     9     3     7     0     1   -60.0   53.914   -2.344      0.0   1001.2    286.6      0.0     81.0
     1     1    14     9     3     6     0     0   -61.0   53.856   -2.266      0.0    999.2    285.3      0.0     84.2
     1     1    14     9     3     5     0     1   -62.0   53.805   -2.195      0.0    997.7    284.8      0.0     84.9
     1     1    14     9     3     4     0     2   -63.0   53.763   -2.125      0.0    996.3    284.3      0.0     85.3
     1     1    14     9     3     3     0     3   -64.0   53.731   -2.056      0.0    995.0    283.7      0.0     85.5
     1     1    14     9     3     2     0     2   -65.0   53.703   -1.983      0.0    994.3    283.5      0.0     86.1
     1     1    14     9     3     1     0     1   -66.0   53.675   -1.901      0.0    996.6    283.6      0.0     85.5
     1     1    14     9     3     0     0     0   -67.0   53.646   -1.807      0.0    999.2    283.8      0.0     84.6
     1     1    14     9     2    23     0     1   -68.0   53.616   -1.704      0.0   1001.7    284.8      0.0     81.2
     1     1    14     9     2    22     0     2   -69.0   53.587   -1.596      0.0   1004.2    285.7      0.0     77.8
     1     1    14     9     2    21     0     3   -70.0   53.558   -1.482      0.0   1006.6    286.4      0.0     74.4
     1     1    14     9     2    20     0     2   -71.0   53.532   -1.366      0.0   1008.8    287.3      0.0     71.5
     1     1    14     9     2    19     0     1   -72.0   53.512   -1.251      0.0   1010.9    288.2      0.0     68.8
