     7     1
    GDAS    14     8    22     0     0
    GDAS    14     8    29     0     0
    GDAS    14     9     1     0     0
    GDAS    14     9     8     0     0
    GDAS    14     9    15     0     0
    GDAS    14     9    22     0     0
    GDAS    14     9    29     0     0
     1 BACKWARD OMEGA   
    14     9     9     8   56.467   -2.973   100.0
     4 PRESSURE AIR_TEMP RAINFALL RELHUMID
     1     1    14     9     9     8     0     2     0.0   56.467   -2.973    100.0    977.8    283.7      0.0     83.6
     1     1    14     9     9     7     0     1    -1.0   56.456   -3.064    104.9    976.4    282.8      0.0     84.7
     1     1    14     9     9     6     0     0    -2.0   56.449   -3.164    115.3    974.6    282.1      0.0     86.0
     1     1    14     9     9     5     0     1    -3.0   56.442   -3.267    125.9    972.5    282.4      0.0     85.4
     1     1    14     9     9     4     0     2    -4.0   56.431   -3.366    130.8    971.7    282.7      0.0     84.8
     1     1    14     9     9     3     0     3    -5.0   56.414   -3.461    129.4    971.9    283.0      0.0     84.1
     1     1    14     9     9     2     0     2    -6.0   56.394   -3.549    123.8    973.0    283.3      0.0     82.9
     1     1    14     9     9     1     0     1    -7.0   56.374   -3.623    116.1    974.3    283.6      0.0     81.4
     1     1    14     9     9     0     0     0    -8.0   56.354   -3.684    106.4    976.0    284.0      0.0     79.7
     1     1    14     9     8    23     0     1    -9.0   56.338   -3.741     95.1    977.7    284.3      0.0     78.5
     1     1    14     9     8    22     0     2   -10.0   56.331   -3.803     82.4    979.1    284.6      0.0     77.5
     1     1    14     9     8    21     0     3   -11.0   56.335   -3.870     68.1    980.2    285.0      0.0     76.5
     1     1    14     9     8    20     0     2   -12.0   56.345   -3.937     53.6    981.5    285.2      0.0     75.6
     1     1    14     9     8    19     0     1   -13.0   56.356   -3.998     41.4    981.7    284.9      0.0     74.8
     1     1    14     9     8    18     0     0   -14.0   56.366   -4.053     32.6    982.2    285.1      0.0     74.1
     1     1    14     9     8    17     0     1   -15.0   56.385   -4.111     26.6    982.0    285.4      0.0     73.2
     1     1    14     9     8    16     0     2   -16.0   56.422   -4.180     22.5    980.9    285.7      0.0     72.4
     1     1    14     9     8    15     0     3   -17.0   56.474   -4.260     19.8    979.1    286.1      0.0     71.6
     1     1    14     9     8    14     0     2   -18.0   56.529   -4.349     16.9    977.6    286.0      0.0     72.3
     1     1    14     9     8    13     0     1   -19.0   56.574   -4.443     12.8    977.4    286.1      0.0     72.7
     1     1    14     9     8    12     0     0   -20.0   56.609   -4.539      8.3    977.7    286.3      0.0     73.1
     1     1    14     9     8    11     0     1   -21.0   56.641   -4.629      3.9    976.9    285.4      0.0     77.4
     1     1    14     9     8    10     0     2   -22.0   56.676   -4.705      0.0    975.8    284.4      0.0     81.6
     1     1    14     9     8     9     0     3   -23.0   56.712   -4.768      0.0    974.7    283.5      0.0     85.9
     1     1    14     9     8     8     0     2   -24.0   56.749   -4.826      0.0    974.7    282.6      0.0     89.4
     1     1    14     9     8     7     0     1   -25.0   56.787   -4.881      0.0    974.9    281.8      0.0     92.7
     1     1    14     9     8     6     0     0   -26.0   56.826   -4.934      0.0    975.3    281.1      0.0     95.8
     1     1    14     9     8     5     0     1   -27.0   56.862   -4.991      0.0    974.9    281.1      0.0     96.1
     1     1    14     9     8     4     0     2   -28.0   56.893   -5.057      0.0    976.0    281.3      0.0     95.7
     1     1    14     9     8     3     0     3   -29.0   56.927   -5.133      0.0    977.5    281.6      0.0     95.2
     1     1    14     9     8     2     0     2   -30.0   56.968   -5.214      0.0    979.4    281.2      0.0     94.0
     1     1    14     9     8     1     0     1   -31.0   57.024   -5.299      0.0    982.1    281.0      0.0     92.7
     1     1    14     9     8     0     0     0   -32.0   57.100   -5.395      0.0    986.4    281.2      0.0     91.2
     1     1    14     9     7    23     0     1   -33.0   57.192   -5.501      0.0    991.6    282.0      0.0     89.1
     1     1    14     9     7    22     0     2   -34.0   57.291   -5.616      0.0    997.5    282.9      0.0     87.0
     1     1    14     9     7    21     0     3   -35.0   57.398   -5.739      0.0   1004.1    283.8      0.0     85.1
     1     1    14     9     7    20     0     2   -36.0   57.523   -5.873      0.0   1010.5    285.1      0.0     82.3
     1     1    14     9     7    19     0     1   -37.0   57.678   -6.022      0.0   1016.9    286.0      0.0     80.3
     1     1    14     9     7    18     0     0   -38.0   57.857   -6.183      0.0   1017.2    286.2      0.0     79.9
     1     1    14     9     7    17     0     1   -39.0   58.040   -6.359      0.0   1016.3    286.3      0.0     79.1
     1     1    14     9     7    16     0     2   -40.0   58.225   -6.564      0.0   1014.9    286.4      0.0     78.4
     1     1    14     9     7    15     0     3   -41.0   58.412   -6.808      0.0   1014.8    286.6      0.0     78.4
     1     1    14     9     7    14     0     2   -42.0   58.602   -7.060      0.0   1015.5    286.6      0.0     79.4
     1     1    14     9     7    13     0     1   -43.0   58.799   -7.284      0.3   1017.0    286.4      0.0     80.4
     1     1    14     9     7    12     0     0   -44.0   59.001   -7.473      0.9   1017.7    286.2      0.0     80.9
     1     1    14     9     7    11     0     1   -45.0   59.199   -7.638      1.4   1017.5    286.1      0.0     81.7
     1     1    14     9     7    10     0     2   -46.0   59.388   -7.794      1.8   1017.3    285.9      0.0     82.2
     1     1    14     9     7     9     0     3   -47.0   59.569   -7.939      2.2   1017.2    285.8      0.0     82.7
     1     1    14     9     7     8     0     2   -48.0   59.747   -8.071      2.6   1017.9    285.7      0.0     83.5
     1     1    14     9     7     7     0     1   -49.0   59.923   -8.186      2.9   1018.7    285.7      0.0     84.2
     1     1    14     9     7     6     0     0   -50.0   60.093   -8.284      3.0   1019.5    285.7      0.0     84.8
     1     1    14     9     7     5     0     1   -51.0   60.255   -8.386      3.1   1019.5    285.6      0.0     84.7
     1     1    14     9     7     4     0     2   -52.0   60.407   -8.512      3.2   1019.6    285.5      0.0     84.8
     1     1    14     9     7     3     0     3   -53.0   60.545   -8.663      3.2   1019.7    285.4      0.0     85.0
     1     1    14     9     7     2     0     2   -54.0   60.661   -8.831      3.4   1019.5    285.4      0.0     85.1
     1     1    14     9     7     1     0     1   -55.0   60.747   -9.003      4.0   1019.3    285.4      0.0     84.6
     1     1    14     9     7     0     0     0   -56.0   60.805   -9.173      4.8   1019.2    285.4      0.0     84.3
     1     1    14     9     6    23     0     1   -57.0   60.854   -9.319      5.7   1019.5    285.4      0.0     84.1
     1     1    14     9     6    22     0     2   -58.0   60.913   -9.425      6.5   1019.7    285.4      0.0     83.8
     1     1    14     9     6    21     0     3   -59.0   60.979   -9.493      7.1   1020.0    285.4      0.0     83.4
     1     1    14     9     6    20     0     2   -60.0   61.051   -9.559      7.9   1018.7    285.3      0.0     83.3
     1     1    14     9     6    19     0     1   -61.0   61.128   -9.658      8.8   1017.5    285.2      0.0     83.2
     1     1    14     9     6    18     0     0   -62.0   61.206   -9.791      9.8   1016.4    285.2      0.0     83.0
     1     1    14     9     6    17     0     1   -63.0   61.281   -9.948     10.9   1016.4    285.1      0.0     82.5
     1     1    14     9     6    16     0     2   -64.0   61.350  -10.121     12.1   1016.4    285.1      0.0     81.7
     1     1    14     9     6    15     0     3   -65.0   61.409  -10.311     13.1   1016.5    285.1      0.0     80.5
     1     1    14     9     6    14     0     2   -66.0   61.460  -10.506     13.8   1016.5    285.0      0.0     81.3
     1     1    14     9     6    13     0     1   -67.0   61.505  -10.691     14.1   1016.5    285.0      0.0     81.8
     1     1    14     9     6    12     0     0   -68.0   61.543  -10.866     14.2   1016.7    285.1      0.0     81.9
     1     1    14     9     6    11     0     1   -69.0   61.583  -11.019     14.8   1017.3    285.0      0.0     82.8
     1     1    14     9     6    10     0     2   -70.0   61.635  -11.135     16.6   1017.5    284.9      0.0     83.4
     1     1    14     9     6     9     0     3   -71.0   61.701  -11.211     20.0   1017.6    284.8      0.0     83.9
     1     1    14     9     6     8     0     2   -72.0   61.782  -11.272     23.7   1016.6    284.7      0.0     84.4
