     7     1
    GDAS    14     8    22     0     0
    GDAS    14     8    29     0     0
    GDAS    14     9     1     0     0
    GDAS    14     9     8     0     0
    GDAS    14     9    15     0     0
    GDAS    14     9    22     0     0
    GDAS    14     9    29     0     0
     1 BACKWARD OMEGA   
    14     9     8    19   56.467   -2.973   100.0
     4 PRESSURE AIR_TEMP RAINFALL RELHUMID
     1     1    14     9     8    19     0     1     0.0   56.467   -2.973    100.0    977.3    284.7      0.0     76.2
     1     1    14     9     8    18     0     0    -1.0   56.492   -3.048    116.0    973.7    284.8      0.0     76.2
     1     1    14     9     8    17     0     1    -2.0   56.537   -3.135    134.4    969.2    284.8      0.0     75.1
     1     1    14     9     8    16     0     2    -3.0   56.613   -3.245    154.4    962.9    284.5      0.0     74.5
     1     1    14     9     8    15     0     3    -4.0   56.718   -3.380    180.4    954.2    284.0      0.0     74.3
     1     1    14     9     8    14     0     2    -5.0   56.838   -3.539    212.9    943.0    282.7      0.0     77.5
     1     1    14     9     8    13     0     1    -6.0   56.958   -3.723    241.0    931.2    281.4      0.0     81.0
     1     1    14     9     8    12     0     0    -7.0   57.071   -3.931    253.9    927.4    280.8      0.0     83.1
     1     1    14     9     8    11     0     1    -8.0   57.175   -4.143    262.4    933.6    280.7      0.0     86.0
     1     1    14     9     8    10     0     2    -9.0   57.280   -4.342    282.2    937.1    280.5      0.0     89.6
     1     1    14     9     8     9     0     3   -10.0   57.387   -4.530    306.9    938.1    280.1      0.0     92.8
     1     1    14     9     8     8     0     2   -11.0   57.503   -4.709    320.3    938.8    280.0      0.0     94.6
     1     1    14     9     8     7     0     1   -12.0   57.634   -4.883    304.3    942.3    280.2      0.0     96.0
     1     1    14     9     8     6     0     0   -13.0   57.773   -5.050    251.9    951.9    280.8      0.0     96.9
     1     1    14     9     8     5     0     1   -14.0   57.917   -5.224    178.6    970.2    282.1      0.0     95.0
     1     1    14     9     8     4     0     2   -15.0   58.069   -5.411    112.7    988.5    283.6      0.0     91.9
     1     1    14     9     8     3     0     3   -16.0   58.239   -5.608     70.3   1003.1    284.9      0.0     89.0
     1     1    14     9     8     2     0     2   -17.0   58.431   -5.819     48.9   1011.4    285.6      0.0     87.1
     1     1    14     9     8     1     0     1   -18.0   58.642   -6.047     40.2   1015.3    285.9      0.0     86.4
     1     1    14     9     8     0     0     0   -19.0   58.865   -6.296     37.8   1014.9    285.9      0.0     86.4
     1     1    14     9     7    23     0     1   -20.0   59.091   -6.557     38.5   1014.6    285.9      0.0     86.5
     1     1    14     9     7    22     0     2   -21.0   59.314   -6.811     40.4   1014.0    285.7      0.0     87.5
     1     1    14     9     7    21     0     3   -22.0   59.532   -7.051     42.3   1013.4    285.6      0.0     89.0
     1     1    14     9     7    20     0     2   -23.0   59.748   -7.288     44.1   1012.9    285.5      0.0     88.8
     1     1    14     9     7    19     0     1   -24.0   59.965   -7.546     45.8   1012.5    285.4      0.0     88.8
     1     1    14     9     7    18     0     0   -25.0   60.178   -7.836     48.0   1012.1    285.4      0.0     89.2
     1     1    14     9     7    17     0     1   -26.0   60.376   -8.160     50.8   1012.3    285.3      0.0     89.8
     1     1    14     9     7    16     0     2   -27.0   60.551   -8.507     54.0   1012.7    285.2      0.0     90.3
     1     1    14     9     7    15     0     3   -28.0   60.708   -8.873     58.2   1012.7    285.1      0.0     91.0
     1     1    14     9     7    14     0     2   -29.0   60.846   -9.248     61.9   1011.6    284.9      0.0     91.7
     1     1    14     9     7    13     0     1   -30.0   60.962   -9.619     63.6   1011.2    284.9      0.0     92.4
     1     1    14     9     7    12     0     0   -31.0   61.059   -9.992     63.9   1011.0    284.8      0.0     93.2
     1     1    14     9     7    11     0     1   -32.0   61.145  -10.365     64.5   1011.0    284.9      0.0     90.3
     1     1    14     9     7    10     0     2   -33.0   61.222  -10.741     66.1   1010.7    285.0      0.0     87.9
     1     1    14     9     7     9     0     3   -34.0   61.290  -11.123     69.1   1010.2    285.0      0.0     86.1
     1     1    14     9     7     8     0     2   -35.0   61.346  -11.513     72.3   1010.1    284.9      0.0     86.3
     1     1    14     9     7     7     0     1   -36.0   61.393  -11.917     74.5   1010.2    284.9      0.0     85.8
     1     1    14     9     7     6     0     0   -37.0   61.430  -12.338     75.3   1010.5    284.9      0.0     85.2
     1     1    14     9     7     5     0     1   -38.0   61.453  -12.780     75.2   1010.7    285.0      0.0     84.7
     1     1    14     9     7     4     0     2   -39.0   61.457  -13.240     75.0   1010.8    285.0      0.0     83.9
     1     1    14     9     7     3     0     3   -40.0   61.441  -13.709     75.0   1010.8    285.0      0.0     83.0
     1     1    14     9     7     2     0     2   -41.0   61.410  -14.170     75.0   1010.7    285.0      0.0     83.1
     1     1    14     9     7     1     0     1   -42.0   61.367  -14.618     75.0   1010.7    285.0      0.0     82.9
     1     1    14     9     7     0     0     0   -43.0   61.311  -15.058     75.0   1010.9    285.1      0.0     81.6
     1     1    14     9     6    23     0     1   -44.0   61.249  -15.481     75.0   1011.1    285.1      0.0     82.5
     1     1    14     9     6    22     0     2   -45.0   61.193  -15.873     75.0   1011.2    285.2      0.0     82.2
     1     1    14     9     6    21     0     3   -46.0   61.139  -16.229     75.0   1011.4    285.2      0.0     81.4
     1     1    14     9     6    20     0     2   -47.0   61.084  -16.561     75.0   1011.3    285.2      0.0     81.3
     1     1    14     9     6    19     0     1   -48.0   61.027  -16.888     75.0   1011.2    285.2      0.0     80.6
     1     1    14     9     6    18     0     0   -49.0   60.970  -17.205     75.0   1011.1    285.1      0.0     80.4
     1     1    14     9     6    17     0     1   -50.0   60.914  -17.524     76.1   1010.6    285.1      0.0     81.3
     1     1    14     9     6    16     0     2   -51.0   60.858  -17.863     79.5   1009.8    285.1      0.0     82.0
     1     1    14     9     6    15     0     3   -52.0   60.799  -18.225     85.6   1008.9    285.0      0.0     82.6
     1     1    14     9     6    14     0     2   -53.0   60.730  -18.590     92.1   1008.1    284.8      0.0     83.9
     1     1    14     9     6    13     0     1   -54.0   60.647  -18.934     96.3   1007.8    284.7      0.0     84.7
     1     1    14     9     6    12     0     0   -55.0   60.551  -19.258     97.7   1007.8    284.7      0.0     85.5
     1     1    14     9     6    11     0     1   -56.0   60.443  -19.565     97.7   1008.2    284.8      0.0     86.1
     1     1    14     9     6    10     0     2   -57.0   60.327  -19.860     97.7   1008.2    284.9      0.0     86.1
     1     1    14     9     6     9     0     3   -58.0   60.203  -20.143     97.7   1008.2    285.0      0.0     85.7
     1     1    14     9     6     8     0     2   -59.0   60.078  -20.423     97.7   1008.1    285.0      0.0     84.9
     1     1    14     9     6     7     0     1   -60.0   59.960  -20.709     97.7   1008.1    284.9      0.0     84.4
     1     1    14     9     6     6     0     0   -61.0   59.852  -21.002     97.7   1008.0    284.9      0.0     84.3
     1     1    14     9     6     5     0     1   -62.0   59.735  -21.302     97.7   1008.1    284.9      0.0     85.0
     1     1    14     9     6     4     0     2   -63.0   59.591  -21.606     97.7   1008.0    284.8      0.0     85.0
     1     1    14     9     6     3     0     3   -64.0   59.425  -21.904     97.7   1008.0    284.9      0.0     84.3
     1     1    14     9     6     2     0     2   -65.0   59.252  -22.182     98.1   1008.7    284.9      0.0     84.4
     1     1    14     9     6     1     0     1   -66.0   59.087  -22.431     98.7   1009.1    284.9      0.0     84.1
     1     1    14     9     6     0     0     0   -67.0   58.930  -22.656     98.8   1009.5    284.9      0.0     83.9
     1     1    14     9     5    23     0     1   -68.0   58.783  -22.870     98.7   1009.7    285.0      0.0     84.7
     1     1    14     9     5    22     0     2   -69.0   58.649  -23.089     98.6   1009.9    285.1      0.0     85.4
     1     1    14     9     5    21     0     3   -70.0   58.525  -23.316     98.6   1010.1    285.3      0.0     85.7
     1     1    14     9     5    20     0     2   -71.0   58.403  -23.553     98.9   1010.0    285.3      0.0     85.7
     1     1    14     9     5    19     0     1   -72.0   58.279  -23.799     99.6   1009.9    285.3      0.0     85.1
