     7     1
    GDAS    14     8    22     0     0
    GDAS    14     8    29     0     0
    GDAS    14     9     1     0     0
    GDAS    14     9     8     0     0
    GDAS    14     9    15     0     0
    GDAS    14     9    22     0     0
    GDAS    14     9    29     0     0
     1 BACKWARD OMEGA   
    14     9    16    11   56.467   -2.973   100.0
     4 PRESSURE AIR_TEMP RAINFALL RELHUMID
     1     1    14     9    16    11     0     1     0.0   56.467   -2.973    100.0    975.0    285.7      0.0     93.1
     1     1    14     9    16    10     0     2    -1.0   56.409   -2.853     94.9    980.9    285.6      0.0     93.8
     1     1    14     9    16     9     0     3    -2.0   56.352   -2.725     93.4    985.9    285.5      0.0     94.6
     1     1    14     9    16     8     0     2    -3.0   56.297   -2.595     93.2    989.8    285.6      0.0     95.1
     1     1    14     9    16     7     0     1    -4.0   56.244   -2.471     91.6    993.5    285.6      0.0     95.7
     1     1    14     9    16     6     0     0    -5.0   56.195   -2.354     88.0    996.7    285.7      0.0     96.5
     1     1    14     9    16     5     0     1    -6.0   56.147   -2.249     84.9    999.7    286.0      0.0     96.5
     1     1    14     9    16     4     0     2    -7.0   56.096   -2.161     85.4   1001.3    286.2      0.0     96.4
     1     1    14     9    16     3     0     3    -8.0   56.039   -2.094     89.9   1001.8    286.4      0.0     96.2
     1     1    14     9    16     2     0     2    -9.0   55.988   -2.025     94.7   1001.3    286.5      0.3     96.3
     1     1    14     9    16     1     0     1   -10.0   55.953   -1.931     94.2   1001.1    286.5      0.3     96.4
     1     1    14     9    16     0     0     0   -11.0   55.931   -1.812     88.2   1002.2    286.6      0.4     96.4
     1     1    14     9    15    23     0     1   -12.0   55.915   -1.689     79.3   1004.2    286.6      0.2     95.9
     1     1    14     9    15    22     0     2   -13.0   55.901   -1.574     69.6   1006.4    286.7      0.2     95.3
     1     1    14     9    15    21     0     3   -14.0   55.886   -1.465     60.9   1008.5    286.8      0.0     94.5
     1     1    14     9    15    20     0     2   -15.0   55.869   -1.321     53.6   1010.1    286.8      0.0     94.6
     1     1    14     9    15    19     0     1   -16.0   55.847   -1.103     49.5   1011.8    286.9      0.0     94.9
     1     1    14     9    15    18     0     0   -17.0   55.829   -0.807     48.6   1012.3    287.0      0.0     95.8
     1     1    14     9    15    17     0     1   -18.0   55.826   -0.472     48.6   1012.1    286.9      0.0     96.7
     1     1    14     9    15    16     0     2   -19.0   55.843   -0.137     48.6   1012.1    286.9      0.0     97.6
     1     1    14     9    15    15     0     3   -20.0   55.870    0.267     44.8   1011.9    287.3      0.0     93.0
     1     1    14     9    15    14     0     2   -21.0   55.887    0.759     38.7   1013.8    287.3      0.5     93.4
     1     1    14     9    15    13     0     1   -22.0   55.886    1.276     34.5   1015.1    287.5      0.5     94.1
     1     1    14     9    15    12     0     0   -23.0   55.885    1.812     32.0   1016.3    287.7      1.6     94.3
     1     1    14     9    15    11     0     1   -24.0   55.898    2.384     30.4   1016.6    287.9      1.5     94.8
     1     1    14     9    15    10     0     2   -25.0   55.929    3.005     30.2   1017.0    288.1      1.6     96.3
     1     1    14     9    15     9     0     3   -26.0   55.971    3.661     31.1   1017.1    288.3      1.6     97.7
     1     1    14     9    15     8     0     2   -27.0   56.010    4.318     30.5   1016.9    288.7      0.0     95.6
     1     1    14     9    15     7     0     1   -28.0   56.057    4.952     27.6   1017.0    289.0      0.0     94.6
     1     1    14     9    15     6     0     0   -29.0   56.116    5.574     22.8   1019.2    289.3      0.0     93.1
     1     1    14     9    15     5     0     1   -30.0   56.178    6.217     18.2   1020.5    289.5      0.3     91.2
     1     1    14     9    15     4     0     2   -31.0   56.234    6.888     15.7   1020.1    289.6      0.3     89.3
     1     1    14     9    15     3     0     3   -32.0   56.283    7.526     16.3   1020.9    289.6      1.3     89.5
     1     1    14     9    15     2     0     2   -33.0   56.324    8.078     21.3   1021.1    289.5      0.0     90.2
     1     1    14     9    15     1     0     1   -34.0   56.353    8.544     29.3   1018.6    288.8      0.0     91.7
     1     1    14     9    15     0     0     0   -35.0   56.371    8.941     38.9   1017.2    288.4      0.0     92.5
     1     1    14     9    14    23     0     1   -36.0   56.386    9.314     46.8   1015.3    288.4      0.0     90.3
     1     1    14     9    14    22     0     2   -37.0   56.407    9.684     46.9   1015.3    288.5      0.5     88.1
     1     1    14     9    14    21     0     3   -38.0   56.433   10.044     39.9   1017.0    288.8      0.5     86.4
     1     1    14     9    14    20     0     2   -39.0   56.470   10.424     32.6   1019.5    289.3      0.2     83.6
     1     1    14     9    14    19     0     1   -40.0   56.521   10.875     28.7   1021.5    289.8      0.0     80.0
     1     1    14     9    14    18     0     0   -41.0   56.584   11.358     27.7   1021.7    290.1      0.0     77.5
     1     1    14     9    14    17     0     1   -42.0   56.644   11.801     28.7   1021.5    290.1      0.0     75.9
     1     1    14     9    14    16     0     2   -43.0   56.692   12.197     32.9   1018.6    290.2      0.0     74.5
     1     1    14     9    14    15     0     3   -44.0   56.730   12.573     45.1   1012.9    290.8      0.0     72.9
     1     1    14     9    14    14     0     2   -45.0   56.765   12.949     73.2   1005.6    291.1      0.0     73.2
     1     1    14     9    14    13     0     1   -46.0   56.804   13.353    110.7    998.1    290.1      0.0     74.5
     1     1    14     9    14    12     0     0   -47.0   56.854   13.777    129.6    994.0    289.4      0.0     76.6
     1     1    14     9    14    11     0     1   -48.0   56.915   14.224    134.1    992.0    288.6      0.0     79.4
     1     1    14     9    14    10     0     2   -49.0   56.990   14.707    151.8    986.9    287.7      0.0     83.7
     1     1    14     9    14     9     0     3   -50.0   57.082   15.227    183.4    981.8    286.6      0.0     89.9
     1     1    14     9    14     8     0     2   -51.0   57.195   15.740    173.0    986.6    286.3      0.0     92.5
     1     1    14     9    14     7     0     1   -52.0   57.326   16.175    122.2   1002.4    286.9      0.0     92.5
     1     1    14     9    14     6     0     0   -53.0   57.459   16.554     83.6   1014.1    287.8      0.0     93.6
     1     1    14     9    14     5     0     1   -54.0   57.593   16.943     64.7   1021.1    288.8      0.0     91.1
     1     1    14     9    14     4     0     2   -55.0   57.723   17.352     56.2   1022.3    289.0      0.0     89.2
     1     1    14     9    14     3     0     3   -56.0   57.844   17.766     52.9   1022.6    289.0      0.0     87.6
     1     1    14     9    14     2     0     2   -57.0   57.953   18.186     52.4   1023.1    289.0      0.0     86.8
     1     1    14     9    14     1     0     1   -58.0   58.051   18.605     52.0   1023.2    288.9      0.0     85.7
     1     1    14     9    14     0     0     0   -59.0   58.145   19.020     50.0   1023.5    289.1      0.0     83.8
     1     1    14     9    13    23     0     1   -60.0   58.237   19.435     48.0   1023.2    289.1      0.0     83.5
     1     1    14     9    13    22     0     2   -61.0   58.334   19.851     47.4   1022.8    289.1      0.0     82.0
     1     1    14     9    13    21     0     3   -62.0   58.433   20.264     47.6   1022.5    289.1      0.0     80.4
     1     1    14     9    13    20     0     2   -63.0   58.535   20.666     48.5   1022.5    289.1      0.0     80.3
     1     1    14     9    13    19     0     1   -64.0   58.642   21.050     50.4   1022.1    289.1      0.0     79.7
     1     1    14     9    13    18     0     0   -65.0   58.753   21.417     53.3   1021.4    289.0      0.0     78.6
     1     1    14     9    13    17     0     1   -66.0   58.869   21.762     57.2   1021.1    288.9      0.0     79.2
     1     1    14     9    13    16     0     2   -67.0   58.995   22.092     62.1   1020.4    288.9      0.0     79.8
     1     1    14     9    13    15     0     3   -68.0   59.123   22.392     67.3   1019.5    289.0      0.0     78.2
     1     1    14     9    13    14     0     2   -69.0   59.235   22.652     71.6   1018.9    289.1      0.0     76.5
     1     1    14     9    13    13     0     1   -70.0   59.327   22.886     75.3   1018.2    289.2      0.0     75.3
     1     1    14     9    13    12     0     0   -71.0   59.406   23.103     78.5   1017.2    289.4      0.0     74.5
     1     1    14     9    13    11     0     1   -72.0   59.474   23.322     81.9   1015.6    289.5      0.0     75.7
