     7     1
    GDAS    14     8    22     0     0
    GDAS    14     8    29     0     0
    GDAS    14     9     1     0     0
    GDAS    14     9     8     0     0
    GDAS    14     9    15     0     0
    GDAS    14     9    22     0     0
    GDAS    14     9    29     0     0
     1 BACKWARD OMEGA   
    14     9    22     1   56.467   -2.973   100.0
     4 PRESSURE AIR_TEMP RAINFALL RELHUMID
     1     1    14     9    22     1     0     1     0.0   56.467   -2.973    100.0    982.5    282.5      0.0     83.0
     1     1    14     9    22     0     0     0    -1.0   56.432   -3.056     97.3    983.2    283.0      0.0     81.6
     1     1    14     9    21    23     0     1    -2.0   56.399   -3.145     94.9    984.0    283.1      0.0     80.0
     1     1    14     9    21    22     0     2    -3.0   56.376   -3.251     91.5    984.6    283.3      0.0     78.5
     1     1    14     9    21    21     0     3    -4.0   56.364   -3.372     86.9    985.0    283.3      0.0     77.0
     1     1    14     9    21    20     0     2    -5.0   56.357   -3.488     81.6    985.2    283.6      0.0     75.1
     1     1    14     9    21    19     0     1    -6.0   56.349   -3.581     76.1    985.7    283.9      0.0     73.0
     1     1    14     9    21    18     0     0    -7.0   56.339   -3.651     70.5    986.5    284.2      0.0     70.7
     1     1    14     9    21    17     0     1    -8.0   56.332   -3.716     62.8    987.4    284.9      0.0     69.2
     1     1    14     9    21    16     0     2    -9.0   56.331   -3.789     50.9    988.8    285.7      0.0     67.5
     1     1    14     9    21    15     0     3   -10.0   56.337   -3.868     36.3    989.7    287.0      0.0     65.9
     1     1    14     9    21    14     0     2   -11.0   56.345   -3.937     24.0    991.1    287.7      0.0     66.6
     1     1    14     9    21    13     0     1   -12.0   56.354   -3.981     16.1    991.7    288.4      0.0     67.3
     1     1    14     9    21    12     0     0   -13.0   56.364   -4.000     11.5    992.0    289.1      0.0     68.1
     1     1    14     9    21    11     0     1   -14.0   56.379   -4.003      8.3    990.9    287.4      0.0     71.7
     1     1    14     9    21    10     0     2   -15.0   56.404   -4.000      5.6    989.3    285.8      0.0     75.4
     1     1    14     9    21     9     0     3   -16.0   56.439   -3.992      3.1    987.2    284.0      0.0     79.1
     1     1    14     9    21     8     0     2   -17.0   56.483   -3.990      0.8    984.9    281.9      0.0     81.1
     1     1    14     9    21     7     0     1   -18.0   56.535   -4.005      0.0    982.0    279.9      0.0     83.5
     1     1    14     9    21     6     0     0   -19.0   56.594   -4.035      0.0    979.1    278.3      0.0     86.4
     1     1    14     9    21     5     0     1   -20.0   56.658   -4.074      0.0    976.0    278.4      0.0     88.6
     1     1    14     9    21     4     0     2   -21.0   56.725   -4.116      0.0    973.0    278.4      0.0     90.9
     1     1    14     9    21     3     0     3   -22.0   56.796   -4.162      0.0    970.1    278.1      0.0     93.1
     1     1    14     9    21     2     0     2   -23.0   56.865   -4.216      0.0    967.5    278.5      0.0     93.5
     1     1    14     9    21     1     0     1   -24.0   56.927   -4.284      0.0    965.8    278.7      0.0     93.5
     1     1    14     9    21     0     0     0   -25.0   56.979   -4.364      0.0    964.9    278.8      0.0     93.1
     1     1    14     9    20    23     0     1   -26.0   57.026   -4.448      0.0    966.5    278.8      0.0     92.1
     1     1    14     9    20    22     0     2   -27.0   57.074   -4.531      0.0    969.4    279.0      0.0     91.0
     1     1    14     9    20    21     0     3   -28.0   57.121   -4.613      0.0    971.9    279.2      0.0     90.0
     1     1    14     9    20    20     0     2   -29.0   57.171   -4.694      0.0    973.5    280.2      0.0     87.9
     1     1    14     9    20    19     0     1   -30.0   57.231   -4.773      0.0    975.0    281.2      0.0     85.9
     1     1    14     9    20    18     0     0   -31.0   57.298   -4.852      0.0    976.2    282.1      0.0     84.1
     1     1    14     9    20    17     0     1   -32.0   57.369   -4.944      0.0    977.8    283.7      0.0     81.6
     1     1    14     9    20    16     0     2   -33.0   57.444   -5.063      0.0    981.4    285.3      0.0     79.7
     1     1    14     9    20    15     0     3   -34.0   57.535   -5.217      0.0    988.3    286.6      0.1     78.2
     1     1    14     9    20    14     0     2   -35.0   57.639   -5.388      0.0    996.2    286.7      0.1     80.3
     1     1    14     9    20    13     0     1   -36.0   57.751   -5.559      0.0   1004.1    286.6      0.0     82.1
     1     1    14     9    20    12     0     0   -37.0   57.873   -5.730      0.0   1012.0    286.5      0.1     83.8
     1     1    14     9    20    11     0     1   -38.0   57.997   -5.917      0.0   1019.2    286.4      0.0     85.2
     1     1    14     9    20    10     0     2   -39.0   58.111   -6.137      0.0   1019.8    286.7      0.0     85.8
     1     1    14     9    20     9     0     3   -40.0   58.225   -6.390      0.0   1017.3    286.7      0.0     86.1
     1     1    14     9    20     8     0     2   -41.0   58.345   -6.664      0.0   1015.4    286.4      0.0     86.9
     1     1    14     9    20     7     0     1   -42.0   58.472   -6.953      0.0   1013.7    285.9      0.0     87.9
     1     1    14     9    20     6     0     0   -43.0   58.603   -7.260      0.1   1014.5    285.9      0.0     89.0
     1     1    14     9    20     5     0     1   -44.0   58.738   -7.600      0.1   1015.9    286.2      0.0     88.8
     1     1    14     9    20     4     0     2   -45.0   58.869   -7.983      0.1   1016.2    286.4      0.0     88.5
     1     1    14     9    20     3     0     3   -46.0   58.991   -8.397      0.3   1016.1    286.3      0.0     88.2
     1     1    14     9    20     2     0     2   -47.0   59.094   -8.832      0.8   1017.2    286.3      0.0     89.2
     1     1    14     9    20     1     0     1   -48.0   59.173   -9.280      1.2   1016.9    286.4      0.0     89.3
     1     1    14     9    20     0     0     0   -49.0   59.231   -9.747      1.3   1016.3    286.5      0.0     89.1
     1     1    14     9    19    23     0     1   -50.0   59.289  -10.227      1.3   1016.3    286.4      0.0     88.7
     1     1    14     9    19    22     0     2   -51.0   59.364  -10.714      1.2   1016.1    286.4      0.0     87.7
     1     1    14     9    19    21     0     3   -52.0   59.449  -11.213      0.9   1015.4    286.4      0.0     86.3
     1     1    14     9    19    20     0     2   -53.0   59.544  -11.734      0.7   1014.9    286.5      0.0     87.0
     1     1    14     9    19    19     0     1   -54.0   59.640  -12.282      0.8   1014.7    286.4      0.0     87.4
     1     1    14     9    19    18     0     0   -55.0   59.725  -12.856      1.0   1014.0    286.4      0.0     88.1
     1     1    14     9    19    17     0     1   -56.0   59.803  -13.439      1.2   1013.5    286.4      0.0     89.0
     1     1    14     9    19    16     0     2   -57.0   59.879  -14.017      1.3   1013.0    286.3      0.0     89.4
     1     1    14     9    19    15     0     3   -58.0   59.951  -14.588      1.3   1014.5    286.3      0.0     89.4
     1     1    14     9    19    14     0     2   -59.0   60.026  -15.153      1.3   1014.9    286.2      0.2     89.7
     1     1    14     9    19    13     0     1   -60.0   60.111  -15.714      1.3   1013.8    286.0      0.0     89.2
     1     1    14     9    19    12     0     0   -61.0   60.198  -16.275      1.2   1012.9    285.9      0.0     88.3
     1     1    14     9    19    11     0     1   -62.0   60.280  -16.828      0.8   1013.1    285.8      0.0     88.5
     1     1    14     9    19    10     0     2   -63.0   60.349  -17.370      0.3   1013.3    285.6      0.0     88.0
     1     1    14     9    19     9     0     3   -64.0   60.399  -17.944      0.0   1013.6    285.5      0.0     87.4
     1     1    14     9    19     8     0     2   -65.0   60.439  -18.516      0.0   1013.1    285.4      0.0     90.0
     1     1    14     9    19     7     0     1   -66.0   60.470  -19.029      0.1   1012.6    285.3      0.0     91.2
     1     1    14     9    19     6     0     0   -67.0   60.490  -19.497      0.0   1012.1    285.3      0.0     89.7
     1     1    14     9    19     5     0     1   -68.0   60.508  -19.957      0.0   1012.2    285.3      0.0     89.3
     1     1    14     9    19     4     0     2   -69.0   60.523  -20.451      0.1   1012.2    285.2      0.0     89.2
     1     1    14     9    19     3     0     3   -70.0   60.525  -21.007      0.4   1012.4    285.0      0.0     88.2
     1     1    14     9    19     2     0     2   -71.0   60.512  -21.579      0.6   1012.6    285.0      0.0     87.4
     1     1    14     9    19     1     0     1   -72.0   60.494  -22.126      0.9   1013.0    285.0      0.0     88.8
