     7     1
    GDAS    14     8    22     0     0
    GDAS    14     8    29     0     0
    GDAS    14     9     1     0     0
    GDAS    14     9     8     0     0
    GDAS    14     9    15     0     0
    GDAS    14     9    22     0     0
    GDAS    14     9    29     0     0
     1 BACKWARD OMEGA   
    14     9    11    11   56.467   -2.973   100.0
     4 PRESSURE AIR_TEMP RAINFALL RELHUMID
     1     1    14     9    11    11     0     1     0.0   56.467   -2.973    100.0    980.4    287.3      0.0     84.8
     1     1    14     9    11    10     0     2    -1.0   56.423   -2.962    100.6    981.9    286.5      0.0     86.1
     1     1    14     9    11     9     0     3    -2.0   56.381   -2.965    108.8    981.8    285.5      0.0     87.6
     1     1    14     9    11     8     0     2    -3.0   56.341   -2.982    123.7    981.1    284.7      0.0     88.7
     1     1    14     9    11     7     0     1    -4.0   56.300   -3.009    144.4    979.8    284.1      0.0     89.5
     1     1    14     9    11     6     0     0    -5.0   56.259   -3.045    168.6    977.5    283.8      0.0     89.8
     1     1    14     9    11     5     0     1    -6.0   56.209   -3.069    192.0    975.9    284.3      0.0     88.9
     1     1    14     9    11     4     0     2    -7.0   56.139   -3.064    212.9    976.0    284.8      0.0     87.9
     1     1    14     9    11     3     0     3    -8.0   56.049   -3.023    234.2    977.1    285.3      0.0     86.8
     1     1    14     9    11     2     0     2    -9.0   55.939   -2.957    260.4    976.7    285.6      0.0     85.0
     1     1    14     9    11     1     0     1   -10.0   55.817   -2.885    290.0    973.2    285.8      0.0     83.5
     1     1    14     9    11     0     0     0   -11.0   55.684   -2.811    320.5    969.4    285.9      0.0     82.8
     1     1    14     9    10    23     0     1   -12.0   55.551   -2.720    350.1    965.5    285.8      0.0     82.4
     1     1    14     9    10    22     0     2   -13.0   55.427   -2.599    377.6    961.6    285.6      0.0     82.5
     1     1    14     9    10    21     0     3   -14.0   55.311   -2.449    402.3    957.2    285.3      0.0     83.1
     1     1    14     9    10    20     0     2   -15.0   55.202   -2.294    419.0    952.7    285.0      0.0     84.5
     1     1    14     9    10    19     0     1   -16.0   55.100   -2.150    424.2    949.2    284.7      0.0     86.7
     1     1    14     9    10    18     0     0   -17.0   55.006   -2.009    415.9    946.6    284.4      0.0     89.5
     1     1    14     9    10    17     0     1   -18.0   54.924   -1.853    393.9    952.3    284.9      0.0     84.4
     1     1    14     9    10    16     0     2   -19.0   54.855   -1.673    365.6    960.4    285.4      0.0     79.4
     1     1    14     9    10    15     0     3   -20.0   54.797   -1.479    342.2    968.3    285.7      0.0     75.3
     1     1    14     9    10    14     0     2   -21.0   54.746   -1.291    331.7    974.5    285.8      0.0     74.3
     1     1    14     9    10    13     0     1   -22.0   54.696   -1.123    332.6    978.0    285.7      0.0     74.1
     1     1    14     9    10    12     0     0   -23.0   54.646   -0.977    336.8    979.9    285.6      0.0     74.4
     1     1    14     9    10    11     0     1   -24.0   54.596   -0.837    338.8    978.9    285.5      0.0     75.7
     1     1    14     9    10    10     0     2   -25.0   54.547   -0.688    337.6    978.5    285.4      0.0     76.9
     1     1    14     9    10     9     0     3   -26.0   54.500   -0.529    334.0    978.4    285.3      0.0     78.3
     1     1    14     9    10     8     0     2   -27.0   54.455   -0.371    327.1    978.6    285.3      0.0     77.9
     1     1    14     9    10     7     0     1   -28.0   54.415   -0.222    315.7    979.6    285.3      0.0     77.5
     1     1    14     9    10     6     0     0   -29.0   54.378   -0.084    299.9    981.2    285.3      0.0     77.3
     1     1    14     9    10     5     0     1   -30.0   54.350    0.023    287.1    988.3    285.6      0.0     75.7
     1     1    14     9    10     4     0     2   -31.0   54.329    0.098    277.9    988.8    285.7      0.0     75.2
     1     1    14     9    10     3     0     3   -32.0   54.305    0.162    267.6    990.0    285.9      0.0     74.8
     1     1    14     9    10     2     0     2   -33.0   54.279    0.220    256.1    991.4    286.1      0.0     74.5
     1     1    14     9    10     1     0     1   -34.0   54.251    0.276    243.9    992.8    286.3      0.0     74.3
     1     1    14     9    10     0     0     0   -35.0   54.219    0.330    230.9    994.3    286.5      0.0     74.0
     1     1    14     9     9    23     0     1   -36.0   54.184    0.380    219.3    995.8    286.6      0.0     74.2
     1     1    14     9     9    22     0     2   -37.0   54.147    0.424    211.0    996.7    286.6      0.0     74.3
     1     1    14     9     9    21     0     3   -38.0   54.107    0.464    206.1    997.3    286.7      0.0     74.2
     1     1    14     9     9    20     0     2   -39.0   54.062    0.500    204.2    997.3    286.7      0.0     74.0
     1     1    14     9     9    19     0     1   -40.0   54.011    0.532    205.6    997.0    286.7      0.0     73.7
     1     1    14     9     9    18     0     0   -41.0   53.955    0.563    211.0    996.2    286.6      0.0     73.5
     1     1    14     9     9    17     0     1   -42.0   53.902    0.585    219.0    994.9    286.5      0.0     73.2
     1     1    14     9     9    16     0     2   -43.0   53.853    0.585    227.0    993.8    286.4      0.0     72.8
     1     1    14     9     9    15     0     3   -44.0   53.808    0.564    233.7    992.8    286.3      0.0     72.1
     1     1    14     9     9    14     0     2   -45.0   53.770    0.528    238.5    992.5    286.3      0.0     72.5
     1     1    14     9     9    13     0     1   -46.0   53.740    0.484    242.2    992.4    286.2      0.0     73.0
     1     1    14     9     9    12     0     0   -47.0   53.716    0.432    245.4    992.3    286.1      0.0     73.5
     1     1    14     9     9    11     0     1   -48.0   53.700    0.375    249.8    991.8    285.8      0.0     74.1
     1     1    14     9     9    10     0     2   -49.0   53.697    0.313    258.2    990.9    285.3      0.0     75.2
     1     1    14     9     9     9     0     3   -50.0   53.705    0.245    273.3    989.3    284.8      0.0     76.6
     1     1    14     9     9     8     0     2   -51.0   53.720    0.176    294.5    985.9    284.4      0.0     76.8
     1     1    14     9     9     7     0     1   -52.0   53.734    0.112    318.5    982.6    284.2      0.0     76.7
     1     1    14     9     9     6     0     0   -53.0   53.753    0.052    344.9    979.2    284.0      0.0     76.3
     1     1    14     9     9     5     0     1   -54.0   53.734    0.016    350.4    975.7    283.9      0.0     75.9
     1     1    14     9     9     4     0     2   -55.0   53.711   -0.008    356.1    968.6    283.5      0.0     81.9
     1     1    14     9     9     3     0     3   -56.0   53.687   -0.017    360.5    972.5    283.7      0.0     81.4
     1     1    14     9     9     2     0     2   -57.0   53.661   -0.001    363.7    971.9    283.9      0.0     80.4
     1     1    14     9     9     1     0     1   -58.0   53.641    0.049    363.5    978.1    284.2      0.0     76.4
     1     1    14     9     9     0     0     0   -59.0   53.683    0.092    379.6    975.0    284.0      0.0     76.3
     1     1    14     9     8    23     0     1   -60.0   53.748    0.131    401.2    973.4    283.9      0.0     76.8
     1     1    14     9     8    22     0     2   -61.0   53.843    0.144    436.9    970.0    283.7      0.0     77.8
     1     1    14     9     8    21     0     3   -62.0   53.962    0.116    489.1    963.9    283.3      0.0     79.1
     1     1    14     9     8    20     0     2   -63.0   54.087    0.050    550.2    955.7    282.8      0.0     80.3
     1     1    14     9     8    19     0     1   -64.0   54.145    0.012    587.1    948.9    282.2      0.0     81.9
     1     1    14     9     8    18     0     0   -65.0   54.203   -0.038    627.8    939.6    282.7      0.0     78.4
     1     1    14     9     8    17     0     1   -66.0   54.205   -0.030    643.0    939.3    282.9      0.0     77.3
     1     1    14     9     8    16     0     2   -67.0   54.225   -0.019    655.5    937.7    283.0      0.0     76.9
     1     1    14     9     8    15     0     3   -68.0   54.266   -0.006    666.1    936.4    283.0      0.0     76.8
     1     1    14     9     8    14     0     2   -69.0   54.359   -0.062    684.2    936.0    282.4      0.0     79.6
     1     1    14     9     8    13     0     1   -70.0   54.427   -0.095    708.7    933.0    281.6      0.0     82.3
     1     1    14     9     8    12     0     0   -71.0   54.503   -0.152    739.1    929.9    280.9      0.0     84.9
     1     1    14     9     8    11     0     1   -72.0   54.592   -0.234    778.2    926.2    280.4      0.0     86.9
