     7     1
    GDAS    14     8    22     0     0
    GDAS    14     8    29     0     0
    GDAS    14     9     1     0     0
    GDAS    14     9     8     0     0
    GDAS    14     9    15     0     0
    GDAS    14     9    22     0     0
    GDAS    14     9    29     0     0
     1 BACKWARD OMEGA   
    14     9    14     7   56.467   -2.973   100.0
     4 PRESSURE AIR_TEMP RAINFALL RELHUMID
     1     1    14     9    14     7     0     1     0.0   56.467   -2.973    100.0    986.0    282.9      0.0     93.5
     1     1    14     9    14     6     0     0    -1.0   56.430   -2.846     83.2    993.2    283.0      0.0     93.8
     1     1    14     9    14     5     0     1    -2.0   56.397   -2.725     70.2    998.8    283.5      0.0     92.8
     1     1    14     9    14     4     0     2    -3.0   56.367   -2.602     59.4   1004.3    283.9      0.0     91.7
     1     1    14     9    14     3     0     3    -4.0   56.337   -2.475     51.0   1009.1    284.4      0.0     90.5
     1     1    14     9    14     2     0     2    -5.0   56.301   -2.340     44.5   1013.4    284.9      0.0     88.4
     1     1    14     9    14     1     0     1    -6.0   56.254   -2.194     39.3   1017.6    285.5      0.0     86.0
     1     1    14     9    14     0     0     0    -7.0   56.194   -2.038     34.5   1021.3    286.1      0.0     83.0
     1     1    14     9    13    23     0     1    -8.0   56.125   -1.868     30.6   1023.0    286.4      0.0     81.2
     1     1    14     9    13    22     0     2    -9.0   56.056   -1.681     28.3   1023.9    286.5      0.0     79.2
     1     1    14     9    13    21     0     3   -10.0   55.985   -1.479     27.6   1024.7    286.6      0.0     77.1
     1     1    14     9    13    20     0     2   -11.0   55.917   -1.273     27.9   1025.3    286.6      0.0     77.4
     1     1    14     9    13    19     0     1   -12.0   55.850   -1.074     29.1   1026.5    286.7      0.0     77.3
     1     1    14     9    13    18     0     0   -13.0   55.781   -0.885     31.6   1027.0    286.7      0.0     77.2
     1     1    14     9    13    17     0     1   -14.0   55.710   -0.702     35.1   1025.9    286.7      0.0     77.2
     1     1    14     9    13    16     0     2   -15.0   55.642   -0.521     39.9   1024.9    286.8      0.0     77.1
     1     1    14     9    13    15     0     3   -16.0   55.577   -0.336     46.3   1023.9    286.9      0.0     76.7
     1     1    14     9    13    14     0     2   -17.0   55.514   -0.160     53.5   1023.2    286.9      0.0     76.9
     1     1    14     9    13    13     0     1   -18.0   55.474   -0.018     59.1   1022.1    286.8      0.0     77.1
     1     1    14     9    13    12     0     0   -19.0   55.434    0.105     64.6   1021.1    286.7      0.0     83.8
     1     1    14     9    13    11     0     1   -20.0   55.413    0.204     67.7   1020.8    286.8      0.0     85.7
     1     1    14     9    13    10     0     2   -21.0   55.390    0.303     70.3   1020.2    286.8      0.0     87.7
     1     1    14     9    13     9     0     3   -22.0   55.362    0.401     72.6   1019.7    286.9      0.0     89.7
     1     1    14     9    13     8     0     2   -23.0   55.329    0.505     74.6   1019.7    286.9      0.0     89.7
     1     1    14     9    13     7     0     1   -24.0   55.294    0.616     76.1   1019.8    287.0      0.0     89.9
     1     1    14     9    13     6     0     0   -25.0   55.255    0.734     77.0   1019.9    287.0      0.0     90.3
     1     1    14     9    13     5     0     1   -26.0   55.222    0.853     77.3   1019.6    287.0      0.0     90.1
     1     1    14     9    13     4     0     2   -27.0   55.201    0.967     77.4   1019.3    287.0      0.0     89.7
     1     1    14     9    13     3     0     3   -28.0   55.191    1.075     77.4   1018.9    287.0      0.0     89.1
     1     1    14     9    13     2     0     2   -29.0   55.185    1.178     77.4   1018.2    287.1      0.0     88.7
     1     1    14     9    13     1     0     1   -30.0   55.176    1.277     77.4   1017.7    287.1      0.0     88.4
     1     1    14     9    13     0     0     0   -31.0   55.166    1.373     77.4   1017.4    287.2      0.0     88.2
     1     1    14     9    12    23     0     1   -32.0   55.158    1.476     78.2   1017.4    287.3      0.0     88.7
     1     1    14     9    12    22     0     2   -33.0   55.155    1.601     80.9   1017.1    287.5      0.0     89.0
     1     1    14     9    12    21     0     3   -34.0   55.159    1.745     85.5   1016.6    287.6      0.0     89.3
     1     1    14     9    12    20     0     2   -35.0   55.172    1.905     90.4   1015.9    287.5      0.0     89.4
     1     1    14     9    12    19     0     1   -36.0   55.198    2.073     93.4   1015.6    287.5      0.0     89.3
     1     1    14     9    12    18     0     0   -37.0   55.238    2.249     94.4   1015.6    287.6      0.0     88.9
     1     1    14     9    12    17     0     1   -38.0   55.288    2.420     94.4   1015.1    287.6      0.0     88.1
     1     1    14     9    12    16     0     2   -39.0   55.346    2.570     94.4   1014.5    287.7      0.0     87.2
     1     1    14     9    12    15     0     3   -40.0   55.413    2.699     94.4   1013.9    287.8      0.0     86.2
     1     1    14     9    12    14     0     2   -41.0   55.483    2.817     94.4   1014.2    287.7      0.0     86.2
     1     1    14     9    12    13     0     1   -42.0   55.552    2.939     94.4   1014.3    287.7      0.0     86.3
     1     1    14     9    12    12     0     0   -43.0   55.620    3.066     94.4   1014.5    287.7      0.0     86.3
     1     1    14     9    12    11     0     1   -44.0   55.689    3.197     95.2   1014.5    287.7      0.0     86.7
     1     1    14     9    12    10     0     2   -45.0   55.764    3.328     97.6   1014.4    287.7      0.0     87.0
     1     1    14     9    12     9     0     3   -46.0   55.844    3.454    101.8   1014.0    287.7      0.0     87.2
     1     1    14     9    12     8     0     2   -47.0   55.925    3.570    106.2   1013.3    287.6      0.0     87.6
     1     1    14     9    12     7     0     1   -48.0   56.007    3.672    108.9   1012.9    287.6      0.0     87.7
     1     1    14     9    12     6     0     0   -49.0   56.089    3.760    110.2   1012.7    287.5      0.0     87.5
     1     1    14     9    12     5     0     1   -50.0   56.168    3.842    111.0   1012.2    287.6      0.0     87.1
     1     1    14     9    12     4     0     2   -51.0   56.240    3.926    111.8   1011.7    287.7      0.0     86.7
     1     1    14     9    12     3     0     3   -52.0   56.309    4.013    112.1   1011.2    287.8      0.0     86.4
     1     1    14     9    12     2     0     2   -53.0   56.372    4.103    112.1   1011.8    287.8      0.0     85.9
     1     1    14     9    12     1     0     1   -54.0   56.430    4.197    112.1   1012.2    287.8      0.0     85.4
     1     1    14     9    12     0     0     0   -55.0   56.483    4.296    112.1   1012.6    287.8      0.0     84.9
     1     1    14     9    11    23     0     1   -56.0   56.539    4.394    112.1   1012.1    287.9      0.0     84.5
     1     1    14     9    11    22     0     2   -57.0   56.603    4.483    112.1   1011.6    288.0      0.0     84.1
     1     1    14     9    11    21     0     3   -58.0   56.675    4.561    112.1   1011.1    288.1      0.0     83.8
     1     1    14     9    11    20     0     2   -59.0   56.747    4.627    112.1   1011.0    288.2      0.0     83.1
     1     1    14     9    11    19     0     1   -60.0   56.811    4.683    112.1   1010.8    288.2      0.0     82.4
     1     1    14     9    11    18     0     0   -61.0   56.866    4.731    112.1   1010.7    288.2      0.0     81.7
     1     1    14     9    11    17     0     1   -62.0   56.912    4.789    111.3   1010.3    288.3      0.0     81.7
     1     1    14     9    11    16     0     2   -63.0   56.952    4.876    109.0   1010.2    288.4      0.0     81.8
     1     1    14     9    11    15     0     3   -64.0   56.985    4.998    105.2   1010.4    288.6      0.0     82.0
     1     1    14     9    11    14     0     2   -65.0   57.014    5.146    101.0   1011.0    288.6      0.0     81.5
     1     1    14     9    11    13     0     1   -66.0   57.047    5.309     97.1   1011.7    288.7      0.0     81.2
     1     1    14     9    11    12     0     0   -67.0   57.080    5.487     93.7   1012.7    288.8      0.0     81.0
     1     1    14     9    11    11     0     1   -68.0   57.115    5.676     91.4   1012.7    288.8      0.0     81.0
     1     1    14     9    11    10     0     2   -69.0   57.154    5.868     90.9   1012.2    288.8      0.0     80.9
     1     1    14     9    11     9     0     3   -70.0   57.199    6.066     92.7   1011.2    288.8      0.0     80.6
     1     1    14     9    11     8     0     2   -71.0   57.247    6.270     95.2   1010.5    288.8      0.0     80.0
     1     1    14     9    11     7     0     1   -72.0   57.297    6.484     97.7   1009.6    288.7      0.0     79.5
