     7     1
    GDAS    14     8    22     0     0
    GDAS    14     8    29     0     0
    GDAS    14     9     1     0     0
    GDAS    14     9     8     0     0
    GDAS    14     9    15     0     0
    GDAS    14     9    22     0     0
    GDAS    14     9    29     0     0
     1 BACKWARD OMEGA   
    14     9    22    10   56.467   -2.973   100.0
     4 PRESSURE AIR_TEMP RAINFALL RELHUMID
     1     1    14     9    22    10     0     2     0.0   56.467   -2.973    100.0    980.3    284.6      0.0     78.3
     1     1    14     9    22     9     0     3    -1.0   56.419   -3.144    117.3    978.7    283.4      0.0     82.4
     1     1    14     9    22     8     0     2    -2.0   56.371   -3.324    134.2    977.6    282.9      0.0     83.4
     1     1    14     9    22     7     0     1    -3.0   56.331   -3.534    148.2    975.9    282.6      0.0     83.8
     1     1    14     9    22     6     0     0    -4.0   56.299   -3.768    155.8    974.9    282.4      0.0     83.7
     1     1    14     9    22     5     0     1    -5.0   56.267   -4.007    152.9    975.7    282.7      0.0     83.8
     1     1    14     9    22     4     0     2    -6.0   56.231   -4.219    140.1    979.9    283.1      0.0     84.2
     1     1    14     9    22     3     0     3    -7.0   56.193   -4.392    123.0    983.8    283.4      0.0     83.9
     1     1    14     9    22     2     0     2    -8.0   56.155   -4.539    105.5    987.2    283.6      0.0     82.2
     1     1    14     9    22     1     0     1    -9.0   56.114   -4.675     88.1    990.3    283.8      0.0     80.5
     1     1    14     9    22     0     0     0   -10.0   56.071   -4.805     69.2    993.6    284.1      0.0     78.9
     1     1    14     9    21    23     0     1   -11.0   56.036   -4.925     52.3    996.7    284.4      0.0     77.0
     1     1    14     9    21    22     0     2   -12.0   56.016   -5.031     42.2    998.5    284.1      0.0     75.3
     1     1    14     9    21    21     0     3   -13.0   56.011   -5.124     39.2   1000.8    283.9      0.0     73.6
     1     1    14     9    21    20     0     2   -14.0   56.010   -5.212     39.5   1002.3    284.5      0.0     72.0
     1     1    14     9    21    19     0     1   -15.0   56.007   -5.302     40.6   1004.1    285.0      0.0     70.7
     1     1    14     9    21    18     0     0   -16.0   56.002   -5.396     42.7   1005.9    285.4      0.0     69.6
     1     1    14     9    21    17     0     1   -17.0   55.996   -5.487     44.8   1007.6    286.3      0.0     68.9
     1     1    14     9    21    16     0     2   -18.0   55.988   -5.569     46.1   1009.1    287.3      0.0     68.3
     1     1    14     9    21    15     0     3   -19.0   55.976   -5.642     47.1   1010.5    288.4      0.0     67.9
     1     1    14     9    21    14     0     2   -20.0   55.960   -5.699     48.8   1011.6    288.6      0.0     69.0
     1     1    14     9    21    13     0     1   -21.0   55.941   -5.737     51.8   1012.1    288.8      0.0     70.3
     1     1    14     9    21    12     0     0   -22.0   55.920   -5.758     55.9   1012.2    288.8      0.0     71.5
     1     1    14     9    21    11     0     1   -23.0   55.905   -5.755     61.8   1011.1    287.7      0.0     74.3
     1     1    14     9    21    10     0     2   -24.0   55.908   -5.722     70.6   1009.2    286.4      0.0     76.8
     1     1    14     9    21     9     0     3   -25.0   55.926   -5.659     82.8   1006.4    285.1      0.0     79.2
     1     1    14     9    21     8     0     2   -26.0   55.959   -5.577     99.4   1002.6    284.2      0.0     79.5
     1     1    14     9    21     7     0     1   -27.0   56.009   -5.493    122.6    997.9    283.4      0.0     79.7
     1     1    14     9    21     6     0     0   -28.0   56.074   -5.408    154.1    991.2    282.7      0.0     80.2
     1     1    14     9    21     5     0     1   -29.0   56.151   -5.325    191.5    982.4    282.4      0.0     80.3
     1     1    14     9    21     4     0     2   -30.0   56.237   -5.244    231.2    973.8    282.1      0.0     80.9
     1     1    14     9    21     3     0     3   -31.0   56.333   -5.165    272.4    964.8    281.8      0.0     81.9
     1     1    14     9    21     2     0     2   -32.0   56.432   -5.096    316.2    955.5    281.4      0.0     82.4
     1     1    14     9    21     1     0     1   -33.0   56.532   -5.047    365.3    946.2    281.0      0.0     83.2
     1     1    14     9    21     0     0     0   -34.0   56.635   -5.015    421.7    936.9    280.4      0.0     84.5
     1     1    14     9    20    23     0     1   -35.0   56.751   -4.997    481.0    925.6    279.8      0.0     87.3
     1     1    14     9    20    22     0     2   -36.0   56.886   -4.992    536.2    915.4    279.1      0.0     90.1
     1     1    14     9    20    21     0     3   -37.0   57.043   -5.008    581.4    908.1    278.6      0.0     91.8
     1     1    14     9    20    20     0     2   -38.0   57.218   -5.060    612.3    908.9    278.7      0.0     93.5
     1     1    14     9    20    19     0     1   -39.0   57.408   -5.153    629.8    912.8    278.9      0.0     95.0
     1     1    14     9    20    18     0     0   -40.0   57.609   -5.280    633.6    919.4    279.2      0.2     96.4
     1     1    14     9    20    17     0     1   -41.0   57.816   -5.455    614.3    929.5    279.8      0.1     96.3
     1     1    14     9    20    16     0     2   -42.0   58.021   -5.685    570.2    945.5    280.8      0.0     94.3
     1     1    14     9    20    15     0     3   -43.0   58.237   -5.959    526.7    961.3    282.1      0.0     90.0
     1     1    14     9    20    14     0     2   -44.0   58.468   -6.264    503.3    962.7    282.2      0.0     90.7
     1     1    14     9    20    13     0     1   -45.0   58.705   -6.608    499.9    961.6    282.0      0.0     91.7
     1     1    14     9    20    12     0     0   -46.0   58.945   -7.018    512.6    960.2    281.7      0.0     92.4
     1     1    14     9    20    11     0     1   -47.0   59.199   -7.478    525.5    957.2    281.6      0.0     91.8
     1     1    14     9    20    10     0     2   -48.0   59.469   -7.956    530.6    956.5    281.7      0.0     90.9
     1     1    14     9    20     9     0     3   -49.0   59.740   -8.468    537.1    955.9    281.7      0.0     90.4
     1     1    14     9    20     8     0     2   -50.0   59.998   -9.018    546.4    953.8    281.5      0.0     91.6
     1     1    14     9    20     7     0     1   -51.0   60.246   -9.576    556.8    952.3    281.3      0.0     92.2
     1     1    14     9    20     6     0     0   -52.0   60.485  -10.118    567.6    950.1    281.1      0.0     93.5
     1     1    14     9    20     5     0     1   -53.0   60.725  -10.666    575.7    948.8    281.1      0.0     94.2
     1     1    14     9    20     4     0     2   -54.0   60.978  -11.246    583.9    947.8    281.0      0.0     94.0
     1     1    14     9    20     3     0     3   -55.0   61.239  -11.838    593.4    946.2    280.8      0.0     93.5
     1     1    14     9    20     2     0     2   -56.0   61.499  -12.431    597.6    945.0    280.8      0.2     92.9
     1     1    14     9    20     1     0     1   -57.0   61.755  -13.057    594.7    945.2    281.0      0.0     89.6
     1     1    14     9    20     0     0     0   -58.0   62.019  -13.744    587.5    945.6    281.2      0.0     85.4
     1     1    14     9    19    23     0     1   -59.0   62.269  -14.448    574.5    946.5    281.4      0.0     85.0
     1     1    14     9    19    22     0     2   -60.0   62.491  -15.150    552.6    948.6    281.8      0.0     82.0
     1     1    14     9    19    21     0     3   -61.0   62.707  -15.900    532.0    952.0    282.4      0.0     76.3
     1     1    14     9    19    20     0     2   -62.0   62.921  -16.656    550.4    949.9    282.5      0.0     73.8
     1     1    14     9    19    19     0     1   -63.0   63.133  -17.325    628.3    936.1    281.7      0.0     75.3
     1     1    14     9    19    18     0     0   -64.0   63.349  -17.904    754.0    912.1    280.1      0.0     79.7
     1     1    14     9    19    17     0     1   -65.0   63.563  -18.425    888.1    876.7    277.7      0.0     83.8
     1     1    14     9    19    16     0     2   -66.0   63.766  -18.926    956.3    838.4    275.2      0.0     88.1
     1     1    14     9    19    15     0     3   -67.0   63.942  -19.411    961.7    844.9    275.4      0.0     89.0
     1     1    14     9    19    14     0     2   -68.0   64.069  -19.851    929.2    864.2    276.2      0.2     90.5
     1     1    14     9    19    13     0     1   -69.0   64.150  -20.243    870.4    880.8    277.0      0.3     93.4
     1     1    14     9    19    12     0     0   -70.0   64.205  -20.614    825.6    892.1    277.5      0.0     96.1
     1     1    14     9    19    11     0     1   -71.0   64.235  -20.957    821.6    898.5    278.0      0.0     96.0
     1     1    14     9    19    10     0     2   -72.0   64.231  -21.243    827.1    895.3    278.0      0.0     95.9
