     7     1
    GDAS    14     8    22     0     0
    GDAS    14     8    29     0     0
    GDAS    14     9     1     0     0
    GDAS    14     9     8     0     0
    GDAS    14     9    15     0     0
    GDAS    14     9    22     0     0
    GDAS    14     9    29     0     0
     1 BACKWARD OMEGA   
    14     9     6    21   56.467   -2.973   100.0
     4 PRESSURE AIR_TEMP RAINFALL RELHUMID
     1     1    14     9     6    21     0     3     0.0   56.467   -2.973    100.0    972.0    282.0      0.0     85.7
     1     1    14     9     6    20     0     2    -1.0   56.567   -3.271    150.4    960.2    282.1      0.2     84.4
     1     1    14     9     6    19     0     1    -2.0   56.664   -3.608    195.4    944.9    281.6      0.3     84.9
     1     1    14     9     6    18     0     0    -3.0   56.749   -3.974    207.2    933.9    281.0      0.3     86.4
     1     1    14     9     6    17     0     1    -4.0   56.823   -4.328    189.8    937.8    281.3      0.3     84.7
     1     1    14     9     6    16     0     2    -5.0   56.893   -4.644    157.9    943.6    281.8      0.0     82.2
     1     1    14     9     6    15     0     3    -6.0   56.959   -4.920    113.0    951.4    282.6      0.0     79.3
     1     1    14     9     6    14     0     2    -7.0   57.023   -5.161     73.0    964.8    283.9      0.3     79.5
     1     1    14     9     6    13     0     1    -8.0   57.095   -5.388     42.7    977.9    284.9      0.3     79.4
     1     1    14     9     6    12     0     0    -9.0   57.189   -5.613     22.3    991.4    286.1      0.6     79.2
     1     1    14     9     6    11     0     1   -10.0   57.302   -5.842      8.6   1002.9    286.1      0.3     79.8
     1     1    14     9     6    10     0     2   -11.0   57.430   -6.074      0.7   1010.6    286.2      0.3     80.0
     1     1    14     9     6     9     0     3   -12.0   57.577   -6.315      0.0   1011.5    286.1      0.1     80.3
     1     1    14     9     6     8     0     2   -13.0   57.745   -6.572      0.0   1011.2    286.0      0.3     80.6
     1     1    14     9     6     7     0     1   -14.0   57.933   -6.852      0.0   1009.3    285.5      0.3     81.9
     1     1    14     9     6     6     0     0   -15.0   58.147   -7.150      0.0   1009.6    285.3      0.3     83.2
     1     1    14     9     6     5     0     1   -16.0   58.390   -7.458      0.0   1012.5    285.8      0.2     82.7
     1     1    14     9     6     4     0     2   -17.0   58.666   -7.793      0.0   1014.1    286.1      0.2     83.1
     1     1    14     9     6     3     0     3   -18.0   58.980   -8.178      0.0   1013.8    286.0      0.2     84.9
     1     1    14     9     6     2     0     2   -19.0   59.305   -8.580      0.0   1015.4    286.0      0.0     85.3
     1     1    14     9     6     1     0     1   -20.0   59.628   -8.966      0.0   1017.0    286.0      0.0     86.4
     1     1    14     9     6     0     0     0   -21.0   59.952   -9.355      0.0   1017.3    285.9      0.0     87.3
     1     1    14     9     5    23     0     1   -22.0   60.274   -9.728      0.0   1017.1    285.8      0.0     86.8
     1     1    14     9     5    22     0     2   -23.0   60.598  -10.066      0.0   1017.7    285.6      0.0     86.7
     1     1    14     9     5    21     0     3   -24.0   60.926  -10.367      0.0   1017.9    285.4      0.0     85.6
     1     1    14     9     5    20     0     2   -25.0   61.257  -10.642      0.0   1017.4    285.2      0.0     84.9
     1     1    14     9     5    19     0     1   -26.0   61.588  -10.895      0.1   1017.6    285.1      0.0     84.5
     1     1    14     9     5    18     0     0   -27.0   61.921  -11.110      0.5   1017.8    285.0      0.0     84.3
     1     1    14     9     5    17     0     1   -28.0   62.246  -11.291      1.2   1017.8    284.7      0.0     83.6
     1     1    14     9     5    16     0     2   -29.0   62.552  -11.451      2.0   1017.8    284.4      0.0     82.8
     1     1    14     9     5    15     0     3   -30.0   62.846  -11.590      2.7   1017.7    284.3      0.0     82.3
     1     1    14     9     5    14     0     2   -31.0   63.131  -11.695      3.3   1017.5    284.1      0.0     82.5
     1     1    14     9     5    13     0     1   -32.0   63.409  -11.762      3.8   1017.8    283.9      0.0     82.5
     1     1    14     9     5    12     0     0   -33.0   63.687  -11.796      4.4   1018.7    283.7      0.0     82.8
     1     1    14     9     5    11     0     1   -34.0   63.967  -11.786      5.2   1018.8    283.6      0.0     81.9
     1     1    14     9     5    10     0     2   -35.0   64.239  -11.730      6.0   1017.9    283.5      0.0     81.4
     1     1    14     9     5     9     0     3   -36.0   64.502  -11.637      6.6   1017.3    283.5      0.0     80.7
     1     1    14     9     5     8     0     2   -37.0   64.762  -11.515      6.9   1017.2    283.3      0.0     80.9
     1     1    14     9     5     7     0     1   -38.0   65.025  -11.361      7.2   1017.1    283.2      0.0     80.7
     1     1    14     9     5     6     0     0   -39.0   65.292  -11.170      7.3   1017.1    283.1      0.0     81.7
     1     1    14     9     5     5     0     1   -40.0   65.548  -10.962      7.3   1017.0    282.9      0.0     81.9
     1     1    14     9     5     4     0     2   -41.0   65.786  -10.758      7.3   1016.9    282.8      0.0     82.0
     1     1    14     9     5     3     0     3   -42.0   66.004  -10.570      7.3   1016.9    282.8      0.0     81.3
     1     1    14     9     5     2     0     2   -43.0   66.212  -10.402      7.3   1016.9    282.6      0.0     82.0
     1     1    14     9     5     1     0     1   -44.0   66.419  -10.258      7.3   1016.9    282.5      0.0     82.2
     1     1    14     9     5     0     0     0   -45.0   66.628  -10.138      7.4   1016.8    282.5      0.0     82.1
     1     1    14     9     4    23     0     1   -46.0   66.839  -10.054      7.4   1016.6    282.4      0.0     83.3
     1     1    14     9     4    22     0     2   -47.0   67.049  -10.019      7.4   1016.9    282.3      0.0     84.3
     1     1    14     9     4    21     0     3   -48.0   67.256  -10.037      7.5   1016.9    282.3      0.0     84.7
     1     1    14     9     4    20     0     2   -49.0   67.452  -10.108      7.9   1015.8    282.3      0.0     84.7
     1     1    14     9     4    19     0     1   -50.0   67.635  -10.222      8.5   1014.8    282.4      0.0     84.6
     1     1    14     9     4    18     0     0   -51.0   67.811  -10.363      9.3   1013.8    282.4      0.0     84.4
     1     1    14     9     4    17     0     1   -52.0   67.988  -10.542     10.2   1013.9    282.4      0.0     84.4
     1     1    14     9     4    16     0     2   -53.0   68.168  -10.774     11.1   1014.0    282.1      0.0     84.7
     1     1    14     9     4    15     0     3   -54.0   68.357  -11.068     12.1   1014.0    282.0      0.0     84.6
     1     1    14     9     4    14     0     2   -55.0   68.545  -11.431     13.1   1013.2    282.0      0.0     84.6
     1     1    14     9     4    13     0     1   -56.0   68.723  -11.863     13.7   1013.1    282.0      0.0     85.1
     1     1    14     9     4    12     0     0   -57.0   68.896  -12.359     13.9   1013.2    281.7      0.0     85.8
     1     1    14     9     4    11     0     1   -58.0   69.068  -12.894     14.2   1012.3    281.3      0.0     86.4
     1     1    14     9     4    10     0     2   -59.0   69.242  -13.427     14.8   1011.4    281.1      0.0     87.1
     1     1    14     9     4     9     0     3   -60.0   69.422  -13.939     16.0   1010.6    280.8      0.0     86.7
     1     1    14     9     4     8     0     2   -61.0   69.613  -14.439     17.6   1009.5    280.2      0.0     87.3
     1     1    14     9     4     7     0     1   -62.0   69.823  -14.940     18.8   1008.0    279.7      0.0     87.3
     1     1    14     9     4     6     0     0   -63.0   70.062  -15.428     20.1   1007.6    279.1      0.0     87.2
     1     1    14     9     4     5     0     1   -64.0   70.322  -15.878     22.0   1007.2    278.4      0.0     87.5
     1     1    14     9     4     4     0     2   -65.0   70.597  -16.287     23.3   1006.1    277.7      0.0     88.0
     1     1    14     9     4     3     0     3   -66.0   70.895  -16.660     23.7   1005.7    277.2      0.0     88.7
     1     1    14     9     4     2     0     2   -67.0   71.225  -16.994     25.2   1004.9    276.7      0.0     89.0
     1     1    14     9     4     1     0     1   -68.0   71.589  -17.281     29.6   1003.6    276.3      0.0     88.7
     1     1    14     9     4     0     0     0   -69.0   71.992  -17.507     35.7   1001.9    276.0      0.0     88.0
     1     1    14     9     3    23     0     1   -70.0   72.433  -17.641     40.4   1000.8    275.6      0.0     87.1
     1     1    14     9     3    22     0     2   -71.0   72.902  -17.681     44.2   1000.2    275.3      0.0     86.3
     1     1    14     9     3    21     0     3   -72.0   73.402  -17.663     49.0    999.5    275.0      0.0     84.2
