     7     1
    GDAS    14     8    22     0     0
    GDAS    14     8    29     0     0
    GDAS    14     9     1     0     0
    GDAS    14     9     8     0     0
    GDAS    14     9    15     0     0
    GDAS    14     9    22     0     0
    GDAS    14     9    29     0     0
     1 BACKWARD OMEGA   
    14     9    13     7   56.467   -2.973   100.0
     4 PRESSURE AIR_TEMP RAINFALL RELHUMID
     1     1    14     9    13     7     0     1     0.0   56.467   -2.973    100.0    985.2    285.4      0.0     95.4
     1     1    14     9    13     6     0     0    -1.0   56.464   -3.052    118.3    982.4    285.0      0.0     96.7
     1     1    14     9    13     5     0     1    -2.0   56.460   -3.144    138.9    978.9    285.3      0.0     95.9
     1     1    14     9    13     4     0     2    -3.0   56.450   -3.248    159.0    975.3    285.4      0.0     95.0
     1     1    14     9    13     3     0     3    -4.0   56.434   -3.363    178.1    972.2    285.5      0.0     94.3
     1     1    14     9    13     2     0     2    -5.0   56.416   -3.487    195.0    970.0    285.6      0.0     93.9
     1     1    14     9    13     1     0     1    -6.0   56.396   -3.615    208.5    968.5    285.7      0.0     93.8
     1     1    14     9    13     0     0     0    -7.0   56.376   -3.750    217.7    967.5    285.8      0.0     94.2
     1     1    14     9    12    23     0     1    -8.0   56.356   -3.881    224.6    967.0    286.0      0.0     93.2
     1     1    14     9    12    22     0     2    -9.0   56.336   -3.998    231.7    966.5    286.2      0.0     92.4
     1     1    14     9    12    21     0     3   -10.0   56.315   -4.096    238.3    966.7    286.4      0.0     91.0
     1     1    14     9    12    20     0     2   -11.0   56.293   -4.187    239.2    967.0    286.5      0.0     90.0
     1     1    14     9    12    19     0     1   -12.0   56.271   -4.282    231.1    968.7    286.8      0.0     89.1
     1     1    14     9    12    18     0     0   -13.0   56.247   -4.384    217.3    971.0    287.0      0.0     88.2
     1     1    14     9    12    17     0     1   -14.0   56.218   -4.480    202.1    973.8    287.2      0.0     87.1
     1     1    14     9    12    16     0     2   -15.0   56.178   -4.555    187.4    976.5    287.4      0.0     86.3
     1     1    14     9    12    15     0     3   -16.0   56.130   -4.609    172.0    979.7    287.6      0.0     85.7
     1     1    14     9    12    14     0     2   -17.0   56.075   -4.644    157.0    983.8    287.4      0.0     86.3
     1     1    14     9    12    13     0     1   -18.0   56.017   -4.663    143.8    987.8    287.1      0.0     86.9
     1     1    14     9    12    12     0     0   -19.0   55.954   -4.668    132.3    990.3    286.9      0.0     87.1
     1     1    14     9    12    11     0     1   -20.0   55.897   -4.646    125.6    991.7    286.7      0.0     87.7
     1     1    14     9    12    10     0     2   -21.0   55.858   -4.591    126.0    992.0    286.4      0.0     88.4
     1     1    14     9    12     9     0     3   -22.0   55.837   -4.504    131.8    991.8    286.0      0.0     89.3
     1     1    14     9    12     8     0     2   -23.0   55.827   -4.401    138.2    991.2    285.6      0.0     89.5
     1     1    14     9    12     7     0     1   -24.0   55.823   -4.296    140.9    991.1    285.3      0.0     89.9
     1     1    14     9    12     6     0     0   -25.0   55.828   -4.188    139.6    991.7    284.8      0.0     90.5
     1     1    14     9    12     5     0     1   -26.0   55.839   -4.080    134.5    992.5    285.3      0.0     89.7
     1     1    14     9    12     4     0     2   -27.0   55.851   -3.974    126.6    993.5    286.0      0.0     89.1
     1     1    14     9    12     3     0     3   -28.0   55.860   -3.865    118.1    994.2    286.5      0.0     88.1
     1     1    14     9    12     2     0     2   -29.0   55.863   -3.755    110.8    995.2    286.7      0.0     86.6
     1     1    14     9    12     1     0     1   -30.0   55.862   -3.646    105.2    996.0    286.8      0.0     85.1
     1     1    14     9    12     0     0     0   -31.0   55.855   -3.540    101.0    996.6    287.0      0.0     83.7
     1     1    14     9    11    23     0     1   -32.0   55.841   -3.430     99.2    996.9    287.2      0.0     82.8
     1     1    14     9    11    22     0     2   -33.0   55.819   -3.311    101.7    996.5    287.4      0.0     82.1
     1     1    14     9    11    21     0     3   -34.0   55.788   -3.180    109.8    995.6    287.7      0.0     81.4
     1     1    14     9    11    20     0     2   -35.0   55.756   -3.052    118.2    993.8    288.3      0.0     79.9
     1     1    14     9    11    19     0     1   -36.0   55.731   -2.941    118.5    993.6    288.8      0.0     78.1
     1     1    14     9    11    18     0     0   -37.0   55.710   -2.844    109.4    994.8    289.1      0.0     76.3
     1     1    14     9    11    17     0     1   -38.0   55.688   -2.754     96.5    997.1    289.1      0.0     74.9
     1     1    14     9    11    16     0     2   -39.0   55.658   -2.666     84.0    998.5    289.3      0.0     73.4
     1     1    14     9    11    15     0     3   -40.0   55.624   -2.580     71.8    999.8    289.6      0.0     71.9
     1     1    14     9    11    14     0     2   -41.0   55.587   -2.494     61.0   1001.8    289.4      0.0     73.6
     1     1    14     9    11    13     0     1   -42.0   55.547   -2.407     52.5   1003.0    289.3      0.0     75.2
     1     1    14     9    11    12     0     0   -43.0   55.503   -2.321     45.5   1003.8    289.4      0.0     76.7
     1     1    14     9    11    11     0     1   -44.0   55.456   -2.239     40.4   1003.5    288.8      0.0     79.6
     1     1    14     9    11    10     0     2   -45.0   55.405   -2.168     37.8   1002.5    288.1      0.0     82.9
     1     1    14     9    11     9     0     3   -46.0   55.349   -2.109     37.1   1001.1    287.3      0.0     86.6
     1     1    14     9    11     8     0     2   -47.0   55.291   -2.062     37.1    999.2    286.0      0.0     88.5
     1     1    14     9    11     7     0     1   -48.0   55.231   -2.027     36.9    997.4    284.5      0.0     90.8
     1     1    14     9    11     6     0     0   -49.0   55.169   -2.005     36.7    995.6    282.8      0.0     93.4
     1     1    14     9    11     5     0     1   -50.0   55.106   -1.985     37.1    994.2    282.6      0.0     93.5
     1     1    14     9    11     4     0     2   -51.0   55.041   -1.955     38.0    993.2    282.5      0.0     93.6
     1     1    14     9    11     3     0     3   -52.0   54.973   -1.914     39.6    992.9    282.5      0.0     93.4
     1     1    14     9    11     2     0     2   -53.0   54.903   -1.865     41.1    993.6    282.7      0.0     92.6
     1     1    14     9    11     1     0     1   -54.0   54.831   -1.806     41.7    994.6    282.9      0.0     91.8
     1     1    14     9    11     0     0     0   -55.0   54.758   -1.737     41.2    996.0    283.2      0.0     91.0
     1     1    14     9    10    23     0     1   -56.0   54.688   -1.649     39.0    998.1    283.9      0.0     89.4
     1     1    14     9    10    22     0     2   -57.0   54.626   -1.531     35.7   1001.2    284.5      0.0     87.2
     1     1    14     9    10    21     0     3   -58.0   54.571   -1.385     32.6   1005.1    285.1      0.0     84.3
     1     1    14     9    10    20     0     2   -59.0   54.521   -1.222     30.9   1009.1    285.9      0.0     80.1
     1     1    14     9    10    19     0     1   -60.0   54.475   -1.050     31.6   1013.0    286.7      0.0     76.0
     1     1    14     9    10    18     0     0   -61.0   54.430   -0.871     34.5   1013.4    287.4      0.0     73.0
     1     1    14     9    10    17     0     1   -62.0   54.389   -0.689     38.3   1012.7    288.0      0.0     70.9
     1     1    14     9    10    16     0     2   -63.0   54.353   -0.508     42.2   1012.1    288.6      0.0     68.7
     1     1    14     9    10    15     0     3   -64.0   54.320   -0.328     46.2   1011.5    289.3      0.0     66.5
     1     1    14     9    10    14     0     2   -65.0   54.286   -0.160     48.7   1010.9    289.7      0.0     66.2
     1     1    14     9    10    13     0     1   -66.0   54.248   -0.013     47.7   1010.7    290.2      0.0     65.7
     1     1    14     9    10    12     0     0   -67.0   54.205    0.119     45.1   1017.1    287.5      0.0     75.1
     1     1    14     9    10    11     0     1   -68.0   54.166    0.247     42.9   1017.3    287.6      0.0     74.8
     1     1    14     9    10    10     0     2   -69.0   54.145    0.377     41.8   1017.4    287.7      0.0     74.6
     1     1    14     9    10     9     0     3   -70.0   54.139    0.512     41.5   1017.5    287.8      0.0     74.7
     1     1    14     9    10     8     0     2   -71.0   54.143    0.641     42.0   1017.2    287.8      0.0     75.8
     1     1    14     9    10     7     0     1   -72.0   54.148    0.757     42.5   1016.8    287.8      0.0     76.8
