     7     1
    GDAS    14     8    22     0     0
    GDAS    14     8    29     0     0
    GDAS    14     9     1     0     0
    GDAS    14     9     8     0     0
    GDAS    14     9    15     0     0
    GDAS    14     9    22     0     0
    GDAS    14     9    29     0     0
     1 BACKWARD OMEGA   
    14     9     2    17   56.467   -2.973   100.0
     4 PRESSURE AIR_TEMP RAINFALL RELHUMID
     1     1    14     9     2    17     0     1     0.0   56.467   -2.973    100.0    980.4    287.3      0.0     75.7
     1     1    14     9     2    16     0     2    -1.0   56.397   -3.018     98.6    982.1    287.6      0.0     74.0
     1     1    14     9     2    15     0     3    -2.0   56.329   -3.082    100.3    983.9    287.8      0.0     72.7
     1     1    14     9     2    14     0     2    -3.0   56.267   -3.164    106.5    985.4    287.5      0.0     73.3
     1     1    14     9     2    13     0     1    -4.0   56.218   -3.264    117.8    985.9    287.0      0.0     74.4
     1     1    14     9     2    12     0     0    -5.0   56.179   -3.381    133.0    985.8    286.5      0.0     75.7
     1     1    14     9     2    11     0     1    -6.0   56.147   -3.511    150.1    984.5    285.6      0.0     78.2
     1     1    14     9     2    10     0     2    -7.0   56.119   -3.650    167.7    982.9    285.0      0.0     80.6
     1     1    14     9     2     9     0     3    -8.0   56.094   -3.798    185.1    981.4    284.5      0.0     82.7
     1     1    14     9     2     8     0     2    -9.0   56.078   -3.961    199.5    979.8    284.0      0.0     85.2
     1     1    14     9     2     7     0     1   -10.0   56.069   -4.140    208.6    978.3    283.7      0.0     88.0
     1     1    14     9     2     6     0     0   -11.0   56.062   -4.329    213.0    976.9    283.3      0.0     90.7
     1     1    14     9     2     5     0     1   -12.0   56.057   -4.511    217.2    976.0    283.4      0.0     90.9
     1     1    14     9     2     4     0     2   -13.0   56.053   -4.677    225.8    974.2    283.6      0.0     91.3
     1     1    14     9     2     3     0     3   -14.0   56.050   -4.828    239.3    972.0    283.7      0.0     91.9
     1     1    14     9     2     2     0     2   -15.0   56.048   -4.974    258.0    969.1    283.9      0.0     92.8
     1     1    14     9     2     1     0     1   -16.0   56.044   -5.133    279.6    968.7    284.0      0.0     92.6
     1     1    14     9     2     0     0     0   -17.0   56.033   -5.313    298.7    969.8    284.2      0.0     91.9
     1     1    14     9     1    23     0     1   -18.0   56.022   -5.526    308.8    972.1    284.5      0.0     91.5
     1     1    14     9     1    22     0     2   -19.0   56.014   -5.788    302.4    977.5    285.0      0.0     90.9
     1     1    14     9     1    21     0     3   -20.0   56.008   -6.104    278.8    985.0    285.7      0.0     89.9
     1     1    14     9     1    20     0     2   -21.0   55.984   -6.481    255.9    990.2    286.1      0.0     88.3
     1     1    14     9     1    19     0     1   -22.0   55.928   -6.921    253.3    991.3    286.3      0.0     87.2
     1     1    14     9     1    18     0     0   -23.0   55.851   -7.417    266.9    987.6    286.2      0.0     87.6
     1     1    14     9     1    17     0     1   -24.0   55.749   -7.929    278.7    983.5    285.9      0.0     88.4
     1     1    14     9     1    16     0     2   -25.0   55.627   -8.432    283.7    983.4    286.0      0.0     87.9
     1     1    14     9     1    15     0     3   -26.0   55.499   -8.932    280.2    986.0    286.2      0.0     86.5
     1     1    14     9     1    14     0     2   -27.0   55.370   -9.429    271.9    988.3    286.3      0.0     86.0
     1     1    14     9     1    13     0     1   -28.0   55.241   -9.920    268.7    988.8    286.5      0.0     84.6
     1     1    14     9     1    12     0     0   -29.0   55.116  -10.410    271.3    988.0    286.5      0.0     83.7
     1     1    14     9     1    11     0     1   -30.0   55.000  -10.902    279.7    986.9    286.5      0.0     82.0
     1     1    14     9     1    10     0     2   -31.0   54.899  -11.398    294.3    984.7    286.3      0.0     81.6
     1     1    14     9     1     9     0     3   -32.0   54.815  -11.898    312.4    982.0    286.1      0.0     81.2
     1     1    14     9     1     8     0     2   -33.0   54.745  -12.409    330.3    979.1    286.0      0.0     81.7
     1     1    14     9     1     7     0     1   -34.0   54.685  -12.944    344.5    976.9    285.9      0.0     81.4
     1     1    14     9     1     6     0     0   -35.0   54.627  -13.509    354.5    975.3    285.7      0.0     82.2
     1     1    14     9     1     5     0     1   -36.0   54.563  -14.110    363.3    974.5    285.6      0.0     82.6
     1     1    14     9     1     4     0     2   -37.0   54.493  -14.751    371.7    973.2    285.3      0.0     84.0
     1     1    14     9     1     3     0     3   -38.0   54.415  -15.429    379.2    972.5    285.1      0.0     84.6
     1     1    14     9     1     2     0     2   -39.0   54.330  -16.137    390.5    971.4    285.1      0.0     83.5
     1     1    14     9     1     1     0     1   -40.0   54.237  -16.859    408.4    969.2    285.0      0.0     83.5
     1     1    14     9     1     0     0     0   -41.0   54.136  -17.585    433.1    966.7    284.8      0.0     84.5
     1     1    14     8    31    23     0     1   -42.0   54.034  -18.301    463.6    962.3    284.2      0.0     84.8
     1     1    14     8    31    22     0     2   -43.0   53.937  -19.008    494.5    957.9    283.7      0.0     85.1
     1     1    14     8    31    21     0     3   -44.0   53.851  -19.721    521.6    954.3    283.2      0.0     84.6
     1     1    14     8    31    20     0     2   -45.0   53.776  -20.453    541.9    951.2    283.0      0.0     85.4
     1     1    14     8    31    19     0     1   -46.0   53.706  -21.213    555.8    949.4    282.8      0.0     85.6
     1     1    14     8    31    18     0     0   -47.0   53.640  -22.004    566.8    947.9    282.7      0.0     85.0
     1     1    14     8    31    17     0     1   -48.0   53.576  -22.825    581.8    946.1    282.5      0.0     84.7
     1     1    14     8    31    16     0     2   -49.0   53.510  -23.672    604.9    943.4    282.1      0.0     83.7
     1     1    14     8    31    15     0     3   -50.0   53.449  -24.558    630.1    940.5    281.8      0.0     81.4
     1     1    14     8    31    14     0     2   -51.0   53.403  -25.496    651.1    937.3    281.5      0.0     81.7
     1     1    14     8    31    13     0     1   -52.0   53.365  -26.460    665.6    935.6    281.3      0.0     82.7
     1     1    14     8    31    12     0     0   -53.0   53.333  -27.459    703.4    930.8    280.9      0.0     83.0
     1     1    14     8    31    11     0     1   -54.0   53.307  -28.476    752.5    924.3    280.3      0.0     82.9
     1     1    14     8    31    10     0     2   -55.0   53.286  -29.470    798.6    918.8    279.7      0.0     84.6
     1     1    14     8    31     9     0     3   -56.0   53.251  -30.424    842.6    913.9    278.9      0.0     90.2
     1     1    14     8    31     8     0     2   -57.0   53.226  -31.354    885.7    908.5    278.6      0.0     90.4
     1     1    14     8    31     7     0     1   -58.0   53.240  -32.274    923.0    903.4    278.5      0.0     88.5
     1     1    14     8    31     6     0     0   -59.0   53.263  -33.183    951.2    899.8    278.1      0.0     89.5
     1     1    14     8    31     5     0     1   -60.0   53.310  -34.090    980.1    895.7    277.9      0.0     87.3
     1     1    14     8    31     4     0     2   -61.0   53.413  -34.967   1006.8    892.2    277.6      0.0     84.9
     1     1    14     8    31     3     0     3   -62.0   53.543  -35.796   1040.2    888.1    277.2      0.0     81.2
     1     1    14     8    31     2     0     2   -63.0   53.680  -36.604   1072.9    883.5    277.0      0.0     84.1
     1     1    14     8    31     1     0     1   -64.0   53.849  -37.406   1104.8    879.9    276.7      0.0     83.7
     1     1    14     8    31     0     0     0   -65.0   54.039  -38.158   1158.3    873.8    276.2      0.0     82.4
     1     1    14     8    30    23     0     1   -66.0   54.245  -38.857   1219.8    865.9    275.7      0.0     83.5
     1     1    14     8    30    22     0     2   -67.0   54.493  -39.522   1273.7    858.9    275.3      0.0     80.5
     1     1    14     8    30    21     0     3   -68.0   54.774  -40.154   1317.1    853.8    275.2      0.0     76.1
     1     1    14     8    30    20     0     2   -69.0   55.074  -40.744   1355.2    849.1    275.1      0.0     72.6
     1     1    14     8    30    19     0     1   -70.0   55.389  -41.283   1390.9    844.3    274.8      0.0     72.3
     1     1    14     8    30    18     0     0   -71.0   55.707  -41.777   1422.5    840.4    274.7      0.0     69.6
     1     1    14     8    30    17     0     1   -72.0   56.006  -42.201   1453.0    837.2    274.4      0.0     69.9
