     7     1
    GDAS    14     8    22     0     0
    GDAS    14     8    29     0     0
    GDAS    14     9     1     0     0
    GDAS    14     9     8     0     0
    GDAS    14     9    15     0     0
    GDAS    14     9    22     0     0
    GDAS    14     9    29     0     0
     1 BACKWARD OMEGA   
    14     9    10    15   56.467   -2.973   100.0
     4 PRESSURE AIR_TEMP RAINFALL RELHUMID
     1     1    14     9    10    15     0     3     0.0   56.467   -2.973    100.0    978.8    288.1      0.0     71.9
     1     1    14     9    10    14     0     2    -1.0   56.378   -2.850     91.5    986.5    288.0      0.0     71.0
     1     1    14     9    10    13     0     1    -2.0   56.302   -2.732     87.6    992.0    287.8      0.0     70.8
     1     1    14     9    10    12     0     0    -3.0   56.238   -2.625     85.5    996.3    287.5      0.0     71.0
     1     1    14     9    10    11     0     1    -4.0   56.175   -2.518     85.9    999.7    286.8      0.0     74.3
     1     1    14     9    10    10     0     2    -5.0   56.103   -2.401     90.2   1002.0    286.2      0.0     77.7
     1     1    14     9    10     9     0     3    -6.0   56.019   -2.271     98.2   1003.4    285.6      0.0     81.0
     1     1    14     9    10     8     0     2    -7.0   55.930   -2.132    104.6   1002.6    285.4      0.0     80.7
     1     1    14     9    10     7     0     1    -8.0   55.845   -1.991    102.3   1002.4    285.3      0.0     80.7
     1     1    14     9    10     6     0     0    -9.0   55.770   -1.849     94.0   1003.6    285.0      0.0     80.6
     1     1    14     9    10     5     0     1   -10.0   55.705   -1.710     86.2   1004.8    285.1      0.0     80.0
     1     1    14     9    10     4     0     2   -11.0   55.651   -1.581     81.0   1005.7    285.2      0.0     79.3
     1     1    14     9    10     3     0     3   -12.0   55.606   -1.459     77.8   1006.9    285.4      0.0     78.5
     1     1    14     9    10     2     0     2   -13.0   55.568   -1.338     75.8   1008.3    285.7      0.0     77.5
     1     1    14     9    10     1     0     1   -14.0   55.532   -1.208     75.4   1010.0    286.1      0.0     76.3
     1     1    14     9    10     0     0     0   -15.0   55.498   -1.069     77.3   1011.7    286.5      0.0     74.8
     1     1    14     9     9    23     0     1   -16.0   55.470   -0.925     82.8   1012.2    286.6      0.0     74.3
     1     1    14     9     9    22     0     2   -17.0   55.449   -0.779     92.6   1010.9    286.5      0.0     74.2
     1     1    14     9     9    21     0     3   -18.0   55.436   -0.634    107.1   1009.3    286.4      0.0     74.2
     1     1    14     9     9    20     0     2   -19.0   55.425   -0.486    126.1   1007.0    286.4      0.0     73.9
     1     1    14     9     9    19     0     1   -20.0   55.412   -0.329    148.8   1004.2    286.3      0.0     73.5
     1     1    14     9     9    18     0     0   -21.0   55.395   -0.169    175.2   1000.5    286.2      0.0     73.2
     1     1    14     9     9    17     0     1   -22.0   55.376   -0.031    203.8    996.7    286.1      0.0     72.3
     1     1    14     9     9    16     0     2   -23.0   55.374    0.001    232.0    993.2    285.1      0.0     78.7
     1     1    14     9     9    15     0     3   -24.0   55.366   -0.004    259.5    989.9    286.0      0.0     71.2
     1     1    14     9     9    14     0     2   -25.0   55.355   -0.041    291.4    987.0    285.5      0.0     72.9
     1     1    14     9     9    13     0     1   -26.0   55.326   -0.051    319.6    983.3    285.0      0.0     74.7
     1     1    14     9     9    12     0     0   -27.0   55.297   -0.085    351.9    979.9    284.5      0.0     76.5
     1     1    14     9     9    11     0     1   -28.0   55.266   -0.142    386.3    975.7    284.0      0.0     77.4
     1     1    14     9     9    10     0     2   -29.0   55.232   -0.217    418.7    972.1    283.6      0.0     78.1
     1     1    14     9     9     9     0     3   -30.0   55.198   -0.306    448.7    968.6    283.2      0.0     78.7
     1     1    14     9     9     8     0     2   -31.0   55.171   -0.400    472.9    965.0    283.0      0.0     79.2
     1     1    14     9     9     7     0     1   -32.0   55.158   -0.498    485.9    963.0    282.9      0.0     79.5
     1     1    14     9     9     6     0     0   -33.0   55.161   -0.599    486.3    962.6    282.9      0.0     79.7
     1     1    14     9     9     5     0     1   -34.0   55.170   -0.710    481.5    964.1    283.1      0.0     78.7
     1     1    14     9     9     4     0     2   -35.0   55.175   -0.836    478.8    964.3    283.2      0.0     77.9
     1     1    14     9     9     3     0     3   -36.0   55.175   -0.979    477.9    964.4    283.4      0.0     77.1
     1     1    14     9     9     2     0     2   -37.0   55.176   -1.122    481.3    961.7    283.3      0.0     77.0
     1     1    14     9     9     1     0     1   -38.0   55.183   -1.249    490.3    957.8    283.1      0.0     77.5
     1     1    14     9     9     0     0     0   -39.0   55.197   -1.359    502.3    954.1    282.9      0.0     78.3
     1     1    14     9     8    23     0     1   -40.0   55.212   -1.459    518.1    950.4    282.7      0.0     79.5
     1     1    14     9     8    22     0     2   -41.0   55.228   -1.561    538.5    945.9    282.5      0.0     80.8
     1     1    14     9     8    21     0     3   -42.0   55.242   -1.665    561.3    941.2    282.3      0.0     82.1
     1     1    14     9     8    20     0     2   -43.0   55.251   -1.768    579.1    936.5    282.0      0.0     83.8
     1     1    14     9     8    19     0     1   -44.0   55.253   -1.859    584.4    934.0    281.7      0.0     84.9
     1     1    14     9     8    18     0     0   -45.0   55.248   -1.931    574.8    933.2    281.6      0.0     85.4
     1     1    14     9     8    17     0     1   -46.0   55.248   -1.987    542.4    934.8    282.0      0.0     84.0
     1     1    14     9     8    16     0     2   -47.0   55.272   -2.032    486.5    941.9    282.9      0.0     80.7
     1     1    14     9     8    15     0     3   -48.0   55.324   -2.078    419.6    951.8    283.9      0.0     76.4
     1     1    14     9     8    14     0     2   -49.0   55.392   -2.135    363.7    960.8    284.2      0.0     74.9
     1     1    14     9     8    13     0     1   -50.0   55.457   -2.208    327.7    965.9    284.1      0.0     74.5
     1     1    14     9     8    12     0     0   -51.0   55.516   -2.299    307.5    969.1    283.9      0.0     74.7
     1     1    14     9     8    11     0     1   -52.0   55.577   -2.408    299.9    970.3    283.4      0.0     76.8
     1     1    14     9     8    10     0     2   -53.0   55.648   -2.533    301.6    970.0    282.8      0.0     79.2
     1     1    14     9     8     9     0     3   -54.0   55.733   -2.668    308.1    968.8    282.2      0.0     81.3
     1     1    14     9     8     8     0     2   -55.0   55.832   -2.803    313.1    967.3    281.9      0.0     80.9
     1     1    14     9     8     7     0     1   -56.0   55.940   -2.932    314.8    966.3    281.7      0.0     80.2
     1     1    14     9     8     6     0     0   -57.0   56.064   -3.056    323.4    963.3    281.4      0.0     80.8
     1     1    14     9     8     5     0     1   -58.0   56.220   -3.207    356.9    953.7    281.0      0.0     83.5
     1     1    14     9     8     4     0     2   -59.0   56.430   -3.407    425.4    937.0    280.2      0.0     87.3
     1     1    14     9     8     3     0     3   -60.0   56.720   -3.643    532.9    909.8    278.9      0.0     92.0
     1     1    14     9     8     2     0     2   -61.0   57.091   -3.891    676.4    881.6    277.5      0.0     94.1
     1     1    14     9     8     1     0     1   -62.0   57.499   -4.163    842.1    880.6    277.6      0.0     90.7
     1     1    14     9     8     0     0     0   -63.0   57.899   -4.471    967.4    875.9    277.3      0.0     93.4
     1     1    14     9     7    23     0     1   -64.0   58.273   -4.786   1004.7    876.4    276.9      0.0     94.5
     1     1    14     9     7    22     0     2   -65.0   58.626   -5.077    982.9    891.3    277.6      0.0     91.1
     1     1    14     9     7    21     0     3   -66.0   58.975   -5.339    953.7    907.3    278.7      0.0     88.7
     1     1    14     9     7    20     0     2   -67.0   59.330   -5.575    942.1    909.5    278.7      0.0     89.2
     1     1    14     9     7    19     0     1   -68.0   59.695   -5.788    948.2    907.7    278.6      0.0     89.7
     1     1    14     9     7    18     0     0   -69.0   60.069   -5.988    954.8    905.8    278.5      0.0     90.3
     1     1    14     9     7    17     0     1   -70.0   60.429   -6.197    956.8    906.0    278.5      0.0     86.9
     1     1    14     9     7    16     0     2   -71.0   60.755   -6.439    958.0    905.8    278.5      0.0     85.1
     1     1    14     9     7    15     0     3   -72.0   61.046   -6.722    962.7    905.6    278.4      0.0     84.5
