     7     1
    GDAS    14     8    22     0     0
    GDAS    14     8    29     0     0
    GDAS    14     9     1     0     0
    GDAS    14     9     8     0     0
    GDAS    14     9    15     0     0
    GDAS    14     9    22     0     0
    GDAS    14     9    29     0     0
     1 BACKWARD OMEGA   
    14     9    20    11   56.467   -2.973   100.0
     4 PRESSURE AIR_TEMP RAINFALL RELHUMID
     1     1    14     9    20    11     0     1     0.0   56.467   -2.973    100.0    976.4    285.2      0.5     82.0
     1     1    14     9    20    10     0     2    -1.0   56.545   -2.996    114.9    971.4    284.5      0.0     85.5
     1     1    14     9    20     9     0     3    -2.0   56.635   -3.028    136.6    965.7    283.8      0.0     89.1
     1     1    14     9    20     8     0     2    -3.0   56.735   -3.068    166.9    957.5    283.1      0.3     91.4
     1     1    14     9    20     7     0     1    -4.0   56.851   -3.117    205.5    947.9    282.3      0.3     94.2
     1     1    14     9    20     6     0     0    -5.0   56.990   -3.178    255.2    936.4    281.4      0.3     97.5
     1     1    14     9    20     5     0     1    -6.0   57.145   -3.268    311.0    934.3    281.8      0.2     96.0
     1     1    14     9    20     4     0     2    -7.0   57.300   -3.391    362.9    934.3    282.2      0.2     94.9
     1     1    14     9    20     3     0     3    -8.0   57.456   -3.549    419.7    934.1    282.5      0.0     94.0
     1     1    14     9    20     2     0     2    -9.0   57.605   -3.736    494.1    930.0    282.3      0.0     94.1
     1     1    14     9    20     1     0     1   -10.0   57.736   -3.939    596.7    922.1    281.9      0.0     94.9
     1     1    14     9    20     0     0     0   -11.0   57.855   -4.159    717.7    909.3    281.0      0.0     97.2
     1     1    14     9    19    23     0     1   -12.0   57.967   -4.395    825.7    897.3    280.3      0.0     96.7
     1     1    14     9    19    22     0     2   -13.0   58.064   -4.652    899.5    886.5    279.9      0.0     94.2
     1     1    14     9    19    21     0     3   -14.0   58.141   -4.919    932.5    880.8    279.7      0.0     93.0
     1     1    14     9    19    20     0     2   -15.0   58.212   -5.184    940.7    887.1    280.1      0.0     94.2
     1     1    14     9    19    19     0     1   -16.0   58.291   -5.444    944.2    895.9    280.5      0.0     95.0
     1     1    14     9    19    18     0     0   -17.0   58.383   -5.693    956.5    901.6    280.8      0.0     95.9
     1     1    14     9    19    17     0     1   -18.0   58.472   -5.927    970.0    903.4    280.9      0.0     94.9
     1     1    14     9    19    16     0     2   -19.0   58.546   -6.150    972.2    903.5    280.9      0.0     94.2
     1     1    14     9    19    15     0     3   -20.0   58.606   -6.369    968.1    903.1    281.0      0.0     93.4
     1     1    14     9    19    14     0     2   -21.0   58.658   -6.570    971.9    903.3    281.0      0.0     93.2
     1     1    14     9    19    13     0     1   -22.0   58.704   -6.736    993.9    900.4    280.9      0.0     92.9
     1     1    14     9    19    12     0     0   -23.0   58.740   -6.864   1033.0    895.8    280.8      0.0     92.5
     1     1    14     9    19    11     0     1   -24.0   58.771   -6.969   1079.8    889.7    280.7      0.0     93.2
     1     1    14     9    19    10     0     2   -25.0   58.800   -7.064   1121.0    885.0    280.7      0.0     93.7
     1     1    14     9    19     9     0     3   -26.0   58.827   -7.149   1149.3    882.0    280.8      0.0     94.0
     1     1    14     9    19     8     0     2   -27.0   58.856   -7.229   1162.0    880.8    280.7      0.0     94.4
     1     1    14     9    19     7     0     1   -28.0   58.888   -7.313   1159.6    881.4    280.8      0.0     94.8
     1     1    14     9    19     6     0     0   -29.0   58.927   -7.397   1144.4    883.2    281.0      0.0     95.3
     1     1    14     9    19     5     0     1   -30.0   58.963   -7.468   1126.0    886.2    281.2      0.0     92.3
     1     1    14     9    19     4     0     2   -31.0   58.985   -7.517   1113.6    887.7    281.4      0.0     89.1
     1     1    14     9    19     3     0     3   -32.0   58.992   -7.542   1108.0    888.3    281.7      0.0     85.8
     1     1    14     9    19     2     0     2   -33.0   58.991   -7.554   1108.6    888.4    281.6      0.0     86.5
     1     1    14     9    19     1     0     1   -34.0   58.993   -7.562   1114.7    888.1    281.6      0.0     87.2
     1     1    14     9    19     0     0     0   -35.0   58.996   -7.568   1126.6    887.1    281.5      0.0     87.8
     1     1    14     9    18    23     0     1   -36.0   58.994   -7.570   1136.9    885.3    281.6      0.0     87.5
     1     1    14     9    18    22     0     2   -37.0   58.981   -7.560   1137.5    885.2    281.8      0.0     87.4
     1     1    14     9    18    21     0     3   -38.0   58.957   -7.539   1129.1    886.1    282.1      0.0     87.3
     1     1    14     9    18    20     0     2   -39.0   58.926   -7.512   1118.4    887.6    282.3      0.0     87.0
     1     1    14     9    18    19     0     1   -40.0   58.891   -7.485   1111.1    887.9    282.3      0.0     86.8
     1     1    14     9    18    18     0     0   -41.0   58.851   -7.458   1106.3    888.0    282.4      0.0     86.6
     1     1    14     9    18    17     0     1   -42.0   58.803   -7.417   1110.3    888.0    282.4      0.0     84.7
     1     1    14     9    18    16     0     2   -43.0   58.740   -7.348   1129.4    885.5    282.3      0.0     83.0
     1     1    14     9    18    15     0     3   -44.0   58.662   -7.252   1164.1    881.3    282.1      0.0     81.5
     1     1    14     9    18    14     0     2   -45.0   58.577   -7.145   1202.9    875.3    281.7      0.0     82.7
     1     1    14     9    18    13     0     1   -46.0   58.497   -7.039   1233.6    871.6    281.4      0.0     83.7
     1     1    14     9    18    12     0     0   -47.0   58.421   -6.930   1256.2    869.2    281.2      0.0     84.5
     1     1    14     9    18    11     0     1   -48.0   58.337   -6.824   1273.0    867.6    281.2      0.0     83.6
     1     1    14     9    18    10     0     2   -49.0   58.232   -6.726   1285.2    866.2    281.2      0.0     82.0
     1     1    14     9    18     9     0     3   -50.0   58.105   -6.633   1289.4    865.6    281.3      0.0     79.9
     1     1    14     9    18     8     0     2   -51.0   57.973   -6.532   1292.1    866.9    281.3      0.0     80.5
     1     1    14     9    18     7     0     1   -52.0   57.849   -6.415   1304.0    866.5    281.3      0.0     81.8
     1     1    14     9    18     6     0     0   -53.0   57.729   -6.284   1329.6    864.0    281.0      0.0     83.3
     1     1    14     9    18     5     0     1   -54.0   57.599   -6.150   1358.4    859.2    280.8      0.0     84.4
     1     1    14     9    18     4     0     2   -55.0   57.453   -6.026   1379.2    855.6    280.7      0.0     86.4
     1     1    14     9    18     3     0     3   -56.0   57.293   -5.906   1393.1    849.4    280.4      0.0     88.5
     1     1    14     9    18     2     0     2   -57.0   57.129   -5.774   1408.2    841.9    280.0      0.0     87.8
     1     1    14     9    18     1     0     1   -58.0   56.968   -5.623   1425.5    833.7    279.6      0.0     86.4
     1     1    14     9    18     0     0     0   -59.0   56.810   -5.458   1440.1    829.1    279.5      0.0     84.8
     1     1    14     9    17    23     0     1   -60.0   56.663   -5.285   1449.4    826.3    279.4      0.0     83.4
     1     1    14     9    17    22     0     2   -61.0   56.531   -5.111   1459.4    824.2    279.4      0.0     81.5
     1     1    14     9    17    21     0     3   -62.0   56.415   -4.945   1477.7    822.8    279.5      0.0     78.8
     1     1    14     9    17    20     0     2   -63.0   56.309   -4.778   1497.8    821.8    279.5      0.0     78.9
     1     1    14     9    17    19     0     1   -64.0   56.210   -4.599   1508.7    823.5    279.7      0.0     79.6
     1     1    14     9    17    18     0     0   -65.0   56.116   -4.413   1510.4    826.7    279.9      0.0     80.1
     1     1    14     9    17    17     0     1   -66.0   56.026   -4.232   1504.7    831.9    280.2      0.0     79.3
     1     1    14     9    17    16     0     2   -67.0   55.938   -4.070   1491.0    835.6    280.4      0.0     77.1
     1     1    14     9    17    15     0     3   -68.0   55.852   -3.931   1471.4    838.4    280.6      0.0     74.5
     1     1    14     9    17    14     0     2   -69.0   55.763   -3.790   1446.0    840.6    280.7      0.0     74.6
     1     1    14     9    17    13     0     1   -70.0   55.668   -3.619   1415.7    843.9    280.8      0.0     74.9
     1     1    14     9    17    12     0     0   -71.0   55.567   -3.413   1386.5    847.1    281.0      0.0     75.0
     1     1    14     9    17    11     0     1   -72.0   55.474   -3.196   1376.1    849.6    281.1      0.0     74.9
