     7     1
    GDAS    14     8    22     0     0
    GDAS    14     8    29     0     0
    GDAS    14     9     1     0     0
    GDAS    14     9     8     0     0
    GDAS    14     9    15     0     0
    GDAS    14     9    22     0     0
    GDAS    14     9    29     0     0
     1 BACKWARD OMEGA   
    14     9     5    16   56.467   -2.973   100.0
     4 PRESSURE AIR_TEMP RAINFALL RELHUMID
     1     1    14     9     5    16     0     2     0.0   56.467   -2.973    100.0    974.4    285.3      0.3     94.7
     1     1    14     9     5    15     0     3    -1.0   56.525   -2.943     75.8    976.7    285.7      0.3     93.8
     1     1    14     9     5    14     0     2    -2.0   56.582   -2.940     57.3    977.3    286.1      0.4     93.1
     1     1    14     9     5    13     0     1    -3.0   56.635   -2.951     42.7    976.1    286.3      0.3     92.7
     1     1    14     9     5    12     0     0    -4.0   56.683   -2.973     31.0    974.5    286.6      0.3     92.5
     1     1    14     9     5    11     0     1    -5.0   56.724   -3.007     23.6    973.1    286.7      0.2     92.6
     1     1    14     9     5    10     0     2    -6.0   56.759   -3.053     21.1    971.7    286.8      0.2     92.3
     1     1    14     9     5     9     0     3    -7.0   56.790   -3.115     22.7    969.7    286.8      0.1     91.9
     1     1    14     9     5     8     0     2    -8.0   56.814   -3.187     27.5    967.2    285.8      0.0     93.8
     1     1    14     9     5     7     0     1    -9.0   56.827   -3.264     35.1    964.8    284.9      0.0     95.4
     1     1    14     9     5     6     0     0   -10.0   56.828   -3.347     46.6    962.6    284.2      0.0     96.7
     1     1    14     9     5     5     0     1   -11.0   56.817   -3.441     62.5    960.5    284.3      0.0     96.4
     1     1    14     9     5     4     0     2   -12.0   56.799   -3.555     83.9    957.7    284.5      0.0     96.1
     1     1    14     9     5     3     0     3   -13.0   56.773   -3.691    112.3    954.5    284.6      0.0     95.7
     1     1    14     9     5     2     0     2   -14.0   56.736   -3.842    145.5    950.5    284.9      0.0     94.8
     1     1    14     9     5     1     0     1   -15.0   56.685   -3.998    179.5    946.6    285.1      0.0     93.9
     1     1    14     9     5     0     0     0   -16.0   56.627   -4.156    208.2    947.1    285.4      0.0     93.0
     1     1    14     9     4    23     0     1   -17.0   56.565   -4.306    224.8    949.2    285.9      0.0     90.7
     1     1    14     9     4    22     0     2   -18.0   56.492   -4.441    226.4    952.7    286.5      0.0     88.4
     1     1    14     9     4    21     0     3   -19.0   56.407   -4.561    210.6    958.0    287.1      0.0     85.9
     1     1    14     9     4    20     0     2   -20.0   56.314   -4.674    181.5    965.3    287.7      0.0     83.2
     1     1    14     9     4    19     0     1   -21.0   56.218   -4.787    144.3    973.2    288.4      0.0     80.3
     1     1    14     9     4    18     0     0   -22.0   56.118   -4.896    104.0    980.3    289.1      0.0     78.2
     1     1    14     9     4    17     0     1   -23.0   56.014   -4.992     68.3    987.4    289.6      0.0     77.0
     1     1    14     9     4    16     0     2   -24.0   55.905   -5.069     43.7    993.6    290.3      0.0     75.4
     1     1    14     9     4    15     0     3   -25.0   55.785   -5.126     29.7    997.4    290.9      0.0     74.4
     1     1    14     9     4    14     0     2   -26.0   55.664   -5.149     22.9   1000.7    290.6      0.0     78.3
     1     1    14     9     4    13     0     1   -27.0   55.550   -5.131     21.3   1002.3    290.3      0.0     81.7
     1     1    14     9     4    12     0     0   -28.0   55.439   -5.080     23.1   1003.4    290.0      0.0     84.9
     1     1    14     9     4    11     0     1   -29.0   55.324   -5.006     27.7   1003.8    289.3      0.0     87.1
     1     1    14     9     4    10     0     2   -30.0   55.203   -4.918     33.4   1004.4    289.0      0.0     88.7
     1     1    14     9     4     9     0     3   -31.0   55.073   -4.821     36.8   1005.2    288.8      0.0     90.5
     1     1    14     9     4     8     0     2   -32.0   54.942   -4.722     34.0   1006.1    288.6      0.0     90.8
     1     1    14     9     4     7     0     1   -33.0   54.823   -4.626     26.3   1007.7    288.2      0.0     90.8
     1     1    14     9     4     6     0     0   -34.0   54.718   -4.536     17.5   1009.9    287.7      0.0     90.8
     1     1    14     9     4     5     0     1   -35.0   54.619   -4.437     11.0   1012.1    287.5      0.0     87.9
     1     1    14     9     4     4     0     2   -36.0   54.516   -4.308      6.0   1013.1    287.6      0.0     85.5
     1     1    14     9     4     3     0     3   -37.0   54.406   -4.138      1.4   1014.2    287.6      0.0     83.6
     1     1    14     9     4     2     0     2   -38.0   54.291   -3.935      0.0   1015.6    287.6      0.0     81.5
     1     1    14     9     4     1     0     1   -39.0   54.179   -3.723      0.0   1016.8    287.9      0.0     78.8
     1     1    14     9     4     0     0     0   -40.0   54.079   -3.515      0.0   1017.7    288.2      0.0     76.7
     1     1    14     9     3    23     0     1   -41.0   53.993   -3.312      0.0   1018.7    288.4      0.0     75.3
     1     1    14     9     3    22     0     2   -42.0   53.923   -3.119      0.0   1018.3    288.6      0.0     75.6
     1     1    14     9     3    21     0     3   -43.0   53.867   -2.938      0.0   1017.0    288.7      0.0     76.1
     1     1    14     9     3    20     0     2   -44.0   53.816   -2.777      0.0   1012.0    288.8      0.0     75.9
     1     1    14     9     3    19     0     1   -45.0   53.765   -2.645      0.0   1008.2    289.1      0.0     75.3
     1     1    14     9     3    18     0     0   -46.0   53.712   -2.536      0.0   1005.2    289.5      0.0     74.2
     1     1    14     9     3    17     0     1   -47.0   53.659   -2.434      0.0   1002.4    290.1      0.0     72.3
     1     1    14     9     3    16     0     2   -48.0   53.608   -2.319      0.0    999.9    290.7      0.0     70.5
     1     1    14     9     3    15     0     3   -49.0   53.559   -2.187      0.0    997.6    291.4      0.0     68.6
     1     1    14     9     3    14     0     2   -50.0   53.514   -2.048      0.3    995.9    291.6      0.0     69.8
     1     1    14     9     3    13     0     1   -51.0   53.472   -1.914      1.2    997.5    291.9      0.0     70.4
     1     1    14     9     3    12     0     0   -52.0   53.431   -1.788      2.3   1000.7    292.4      0.0     71.2
     1     1    14     9     3    11     0     1   -53.0   53.395   -1.669      3.4   1003.7    291.7      0.0     75.7
     1     1    14     9     3    10     0     2   -54.0   53.366   -1.556      4.3   1006.4    290.8      0.0     80.2
     1     1    14     9     3     9     0     3   -55.0   53.341   -1.449      4.9   1008.9    289.8      0.0     84.5
     1     1    14     9     3     8     0     2   -56.0   53.317   -1.351      5.3   1010.9    288.8      0.0     86.5
     1     1    14     9     3     7     0     1   -57.0   53.290   -1.263      5.6   1012.6    287.8      0.0     88.7
     1     1    14     9     3     6     0     0   -58.0   53.257   -1.185      6.0   1014.1    286.7      0.0     91.2
     1     1    14     9     3     5     0     1   -59.0   53.226   -1.111      6.3   1014.8    286.5      0.0     91.0
     1     1    14     9     3     4     0     2   -60.0   53.199   -1.032      6.5   1015.3    286.4      0.0     91.3
     1     1    14     9     3     3     0     3   -61.0   53.178   -0.949      6.7   1014.8    286.2      0.0     91.6
     1     1    14     9     3     2     0     2   -62.0   53.160   -0.855      6.8   1015.8    286.4      0.0     89.6
     1     1    14     9     3     1     0     1   -63.0   53.144   -0.746      6.9   1016.9    286.5      0.0     87.6
     1     1    14     9     3     0     0     0   -64.0   53.130   -0.620      7.1   1018.0    286.7      0.0     85.5
     1     1    14     9     2    23     0     1   -65.0   53.116   -0.484      7.2   1016.9    287.0      0.0     80.7
     1     1    14     9     2    22     0     2   -66.0   53.101   -0.346      7.0   1015.9    287.3      0.0     75.7
     1     1    14     9     2    21     0     3   -67.0   53.084   -0.205      6.5   1014.7    287.6      0.0     70.7
     1     1    14     9     2    20     0     2   -68.0   53.067   -0.067      5.9   1015.0    288.3      0.0     67.0
     1     1    14     9     2    19     0     1   -69.0   53.062    0.064      5.5   1020.6    287.9      0.0     76.2
     1     1    14     9     2    18     0     0   -70.0   53.070    0.191      5.2   1019.8    288.5      0.0     74.8
     1     1    14     9     2    17     0     1   -71.0   53.088    0.320      5.0   1019.8    289.7      0.0     73.7
     1     1    14     9     2    16     0     2   -72.0   53.117    0.452      4.5   1019.7    290.5      0.0     73.4
