     7     1
    GDAS    14     8    22     0     0
    GDAS    14     8    29     0     0
    GDAS    14     9     1     0     0
    GDAS    14     9     8     0     0
    GDAS    14     9    15     0     0
    GDAS    14     9    22     0     0
    GDAS    14     9    29     0     0
     1 BACKWARD OMEGA   
    14     9     5     7   56.467   -2.973   100.0
     4 PRESSURE AIR_TEMP RAINFALL RELHUMID
     1     1    14     9     5     7     0     1     0.0   56.467   -2.973    100.0    974.2    286.3      0.0     93.8
     1     1    14     9     5     6     0     0    -1.0   56.457   -3.093    120.5    971.3    285.8      0.0     94.8
     1     1    14     9     5     5     0     1    -2.0   56.440   -3.223    145.6    968.3    286.0      0.0     93.5
     1     1    14     9     5     4     0     2    -3.0   56.423   -3.365    172.5    964.9    286.1      0.0     91.9
     1     1    14     9     5     3     0     3    -4.0   56.405   -3.520    202.7    961.4    286.2      0.0     90.5
     1     1    14     9     5     2     0     2    -5.0   56.383   -3.679    234.9    957.7    286.3      0.0     89.9
     1     1    14     9     5     1     0     1    -6.0   56.352   -3.834    265.3    955.0    286.4      0.0     89.5
     1     1    14     9     5     0     0     0    -7.0   56.317   -3.986    293.2    952.6    286.4      0.0     88.7
     1     1    14     9     4    23     0     1    -8.0   56.273   -4.139    314.0    951.7    286.7      0.0     86.4
     1     1    14     9     4    22     0     2    -9.0   56.215   -4.284    319.7    953.2    287.0      0.0     84.3
     1     1    14     9     4    21     0     3   -10.0   56.137   -4.422    305.9    957.4    287.6      0.0     81.8
     1     1    14     9     4    20     0     2   -11.0   56.048   -4.555    275.3    964.5    288.3      0.0     80.1
     1     1    14     9     4    19     0     1   -12.0   55.950   -4.684    234.3    970.7    288.9      0.0     78.2
     1     1    14     9     4    18     0     0   -13.0   55.838   -4.801    191.3    976.5    289.3      0.0     76.6
     1     1    14     9     4    17     0     1   -14.0   55.712   -4.893    152.7    982.7    289.7      0.0     76.4
     1     1    14     9     4    16     0     2   -15.0   55.574   -4.955    123.5    988.1    289.9      0.0     76.6
     1     1    14     9     4    15     0     3   -16.0   55.426   -4.990    106.8    992.2    290.2      0.0     77.2
     1     1    14     9     4    14     0     2   -17.0   55.272   -4.987    105.3    995.3    289.9      0.0     80.5
     1     1    14     9     4    13     0     1   -18.0   55.114   -4.946    118.3    996.1    289.7      0.0     83.0
     1     1    14     9     4    12     0     0   -19.0   54.950   -4.878    139.0    995.5    289.5      0.0     84.9
     1     1    14     9     4    11     0     1   -20.0   54.789   -4.799    156.0    993.4    289.1      0.0     86.0
     1     1    14     9     4    10     0     2   -21.0   54.630   -4.720    162.4    993.6    288.8      0.0     86.9
     1     1    14     9     4     9     0     3   -22.0   54.468   -4.639    157.5    995.5    288.7      0.0     87.7
     1     1    14     9     4     8     0     2   -23.0   54.303   -4.554    144.9    999.2    288.9      0.0     86.5
     1     1    14     9     4     7     0     1   -24.0   54.136   -4.467    129.5   1002.9    289.1      0.0     85.2
     1     1    14     9     4     6     0     0   -25.0   53.962   -4.375    114.8   1005.5    289.2      0.0     84.2
     1     1    14     9     4     5     0     1   -26.0   53.793   -4.255    107.7   1003.1    288.8      0.0     83.6
     1     1    14     9     4     4     0     2   -27.0   53.639   -4.084    113.8    997.4    288.5      0.0     84.0
     1     1    14     9     4     3     0     3   -28.0   53.501   -3.878    136.0    991.0    288.5      0.0     84.4
     1     1    14     9     4     2     0     2   -29.0   53.379   -3.662    163.1    985.2    288.5      0.0     83.8
     1     1    14     9     4     1     0     1   -30.0   53.269   -3.447    177.4    982.5    288.6      0.0     83.3
     1     1    14     9     4     0     0     0   -31.0   53.167   -3.220    165.9    984.1    288.9      0.0     83.1
     1     1    14     9     3    23     0     1   -32.0   53.078   -2.990    124.4    991.2    289.3      0.0     82.3
     1     1    14     9     3    22     0     2   -33.0   53.012   -2.777     82.8    997.2    289.6      0.0     81.8
     1     1    14     9     3    21     0     3   -34.0   52.974   -2.570     61.4    999.2    289.9      0.0     80.6
     1     1    14     9     3    20     0     2   -35.0   52.951   -2.374     56.7    998.6    290.3      0.0     79.1
     1     1    14     9     3    19     0     1   -36.0   52.934   -2.192     63.0    996.9    290.8      0.0     77.0
     1     1    14     9     3    18     0     0   -37.0   52.916   -2.021     74.1    994.5    291.2      0.0     74.3
     1     1    14     9     3    17     0     1   -38.0   52.899   -1.843     85.1    994.5    291.4      0.0     71.7
     1     1    14     9     3    16     0     2   -39.0   52.886   -1.642     91.9    995.5    291.7      0.0     68.8
     1     1    14     9     3    15     0     3   -40.0   52.876   -1.422     91.9    997.6    292.2      0.0     65.1
     1     1    14     9     3    14     0     2   -41.0   52.868   -1.201     85.6   1001.4    292.5      0.0     65.9
     1     1    14     9     3    13     0     1   -42.0   52.860   -0.998     74.9   1005.7    293.2      0.0     66.6
     1     1    14     9     3    12     0     0   -43.0   52.852   -0.819     63.5   1008.7    294.1      0.0     68.0
     1     1    14     9     3    11     0     1   -44.0   52.843   -0.660     54.3   1010.3    293.1      0.0     72.9
     1     1    14     9     3    10     0     2   -45.0   52.835   -0.515     47.5   1011.1    291.9      0.0     77.9
     1     1    14     9     3     9     0     3   -46.0   52.829   -0.382     42.2   1011.8    290.5      0.0     82.8
     1     1    14     9     3     8     0     2   -47.0   52.820   -0.259     38.6   1012.1    289.5      0.0     86.4
     1     1    14     9     3     7     0     1   -48.0   52.802   -0.145     36.9   1012.1    288.3      0.0     90.0
     1     1    14     9     3     6     0     0   -49.0   52.776   -0.041     36.9   1011.8    287.1      0.0     93.7
     1     1    14     9     3     5     0     1   -50.0   52.752    0.062     36.8   1015.4    286.3      0.0     86.6
     1     1    14     9     3     4     0     2   -51.0   52.733    0.172     35.5   1015.7    286.3      0.0     86.6
     1     1    14     9     3     3     0     3   -52.0   52.715    0.292     33.5   1016.2    286.3      0.0     86.3
     1     1    14     9     3     2     0     2   -53.0   52.696    0.423     31.6   1016.7    286.7      0.0     86.0
     1     1    14     9     3     1     0     1   -54.0   52.678    0.566     30.4   1017.1    287.0      0.0     85.4
     1     1    14     9     3     0     0     0   -55.0   52.659    0.717     29.9   1017.4    287.4      0.0     84.4
     1     1    14     9     2    23     0     1   -56.0   52.641    0.875     29.4   1017.7    287.7      0.0     83.7
     1     1    14     9     2    22     0     2   -57.0   52.626    1.037     28.4   1018.2    287.9      0.0     83.7
     1     1    14     9     2    21     0     3   -58.0   52.615    1.209     26.6   1018.6    288.3      0.0     82.8
     1     1    14     9     2    20     0     2   -59.0   52.612    1.391     24.9   1019.1    288.9      0.0     81.1
     1     1    14     9     2    19     0     1   -60.0   52.620    1.577     23.7   1019.7    289.3      0.0     80.1
     1     1    14     9     2    18     0     0   -61.0   52.639    1.763     23.3   1020.5    289.6      0.0     79.8
     1     1    14     9     2    17     0     1   -62.0   52.670    1.944     23.4   1020.9    289.8      0.0     81.8
     1     1    14     9     2    16     0     2   -63.0   52.715    2.113     23.8   1020.9    289.8      0.0     83.7
     1     1    14     9     2    15     0     3   -64.0   52.771    2.263     24.6   1020.6    289.8      0.0     84.5
     1     1    14     9     2    14     0     2   -65.0   52.825    2.395     25.3   1020.5    289.7      0.0     84.3
     1     1    14     9     2    13     0     1   -66.0   52.866    2.514     25.7   1020.6    289.7      0.0     84.5
     1     1    14     9     2    12     0     0   -67.0   52.891    2.622     25.8   1020.7    289.6      0.0     84.9
     1     1    14     9     2    11     0     1   -68.0   52.907    2.727     25.5   1019.8    289.7      0.0     85.4
     1     1    14     9     2    10     0     2   -69.0   52.922    2.834     24.7   1019.0    289.8      0.0     86.3
     1     1    14     9     2     9     0     3   -70.0   52.930    2.943     23.2   1018.3    289.8      0.0     87.5
     1     1    14     9     2     8     0     2   -71.0   52.931    3.051     21.5   1018.4    289.9      0.0     87.7
     1     1    14     9     2     7     0     1   -72.0   52.924    3.156     20.1   1018.4    289.9      0.0     87.5
