     7     1
    GDAS    14     8    22     0     0
    GDAS    14     8    29     0     0
    GDAS    14     9     1     0     0
    GDAS    14     9     8     0     0
    GDAS    14     9    15     0     0
    GDAS    14     9    22     0     0
    GDAS    14     9    29     0     0
     1 BACKWARD OMEGA   
    14     9    17    10   56.467   -2.973   100.0
     4 PRESSURE AIR_TEMP RAINFALL RELHUMID
     1     1    14     9    17    10     0     2     0.0   56.467   -2.973    100.0    974.0    285.2      0.0     87.2
     1     1    14     9    17     9     0     3    -1.0   56.501   -2.914     98.2    974.9    284.8      0.0     87.2
     1     1    14     9    17     8     0     2    -2.0   56.543   -2.858     98.8    975.4    284.1      0.0     87.1
     1     1    14     9    17     7     0     1    -3.0   56.587   -2.797    100.8    976.2    283.4      0.0     86.7
     1     1    14     9    17     6     0     0    -4.0   56.635   -2.735    105.0    976.9    282.8      0.0     86.1
     1     1    14     9    17     5     0     1    -5.0   56.684   -2.689    113.5    976.8    283.1      0.0     87.1
     1     1    14     9    17     4     0     2    -6.0   56.730   -2.672    129.8    975.1    283.4      0.0     88.0
     1     1    14     9    17     3     0     3    -7.0   56.765   -2.684    157.1    971.0    283.6      0.0     88.7
     1     1    14     9    17     2     0     2    -8.0   56.785   -2.704    193.1    965.2    283.6      0.0     89.3
     1     1    14     9    17     1     0     1    -9.0   56.790   -2.716    234.2    960.3    283.6      0.0     90.0
     1     1    14     9    17     0     0     0   -10.0   56.782   -2.720    280.2    955.3    283.5      0.0     90.5
     1     1    14     9    16    23     0     1   -11.0   56.759   -2.704    325.2    950.4    283.6      0.0     90.8
     1     1    14     9    16    22     0     2   -12.0   56.718   -2.658    364.3    948.8    283.7      0.0     91.3
     1     1    14     9    16    21     0     3   -13.0   56.663   -2.589    401.3    948.6    283.8      0.0     91.9
     1     1    14     9    16    20     0     2   -14.0   56.601   -2.516    439.0    947.7    283.8      0.0     92.1
     1     1    14     9    16    19     0     1   -15.0   56.535   -2.456    476.8    945.7    283.8      0.0     92.3
     1     1    14     9    16    18     0     0   -16.0   56.465   -2.408    512.5    943.4    283.7      0.0     92.8
     1     1    14     9    16    17     0     1   -17.0   56.387   -2.353    545.3    942.0    283.6      0.0     93.7
     1     1    14     9    16    16     0     2   -18.0   56.297   -2.271    576.8    941.3    283.5      0.0     94.7
     1     1    14     9    16    15     0     3   -19.0   56.194   -2.165    613.6    940.3    283.3      0.0     95.9
     1     1    14     9    16    14     0     2   -20.0   56.081   -2.051    651.5    937.2    283.2      0.0     95.8
     1     1    14     9    16    13     0     1   -21.0   55.963   -1.941    679.6    933.6    283.2      0.0     95.0
     1     1    14     9    16    12     0     0   -22.0   55.841   -1.836    694.6    930.2    283.1      0.0     94.6
     1     1    14     9    16    11     0     1   -23.0   55.725   -1.722    705.7    929.0    283.1      0.0     94.1
     1     1    14     9    16    10     0     2   -24.0   55.619   -1.589    722.1    927.1    283.0      0.0     93.4
     1     1    14     9    16     9     0     3   -25.0   55.527   -1.443    743.9    925.5    283.0      0.0     93.0
     1     1    14     9    16     8     0     2   -26.0   55.443   -1.295    764.4    923.9    283.0      0.0     92.5
     1     1    14     9    16     7     0     1   -27.0   55.363   -1.155    776.6    924.3    283.1      0.0     92.3
     1     1    14     9    16     6     0     0   -28.0   55.285   -1.017    779.6    926.2    283.2      0.0     92.1
     1     1    14     9    16     5     0     1   -29.0   55.203   -0.888    780.3    927.3    283.5      0.0     89.8
     1     1    14     9    16     4     0     2   -30.0   55.113   -0.773    788.1    926.4    283.6      0.0     87.4
     1     1    14     9    16     3     0     3   -31.0   55.015   -0.669    804.2    924.7    283.7      0.0     85.1
     1     1    14     9    16     2     0     2   -32.0   54.911   -0.562    826.9    921.5    283.5      0.0     86.4
     1     1    14     9    16     1     0     1   -33.0   54.802   -0.443    854.3    917.9    283.3      0.0     87.7
     1     1    14     9    16     0     0     0   -34.0   54.688   -0.316    886.6    913.8    283.0      0.0     89.0
     1     1    14     9    15    23     0     1   -35.0   54.578   -0.186    919.7    908.7    282.8      0.0     89.3
     1     1    14     9    15    22     0     2   -36.0   54.483   -0.050    949.5    904.7    282.7      0.0     89.1
     1     1    14     9    15    21     0     3   -37.0   54.368    0.109    955.5    905.5    283.1      0.0     79.0
     1     1    14     9    15    20     0     2   -38.0   54.236    0.287    944.5    910.0    283.4      0.0     78.8
     1     1    14     9    15    19     0     1   -39.0   54.120    0.464    943.6    909.5    283.4      0.0     78.2
     1     1    14     9    15    18     0     0   -40.0   54.016    0.640    945.6    908.7    283.4      0.0     76.9
     1     1    14     9    15    17     0     1   -41.0   53.919    0.821    948.9    908.6    283.6      0.0     76.1
     1     1    14     9    15    16     0     2   -42.0   53.820    1.007    958.8    907.9    283.7      0.0     75.7
     1     1    14     9    15    15     0     3   -43.0   53.716    1.193    975.8    905.7    283.7      0.0     76.8
     1     1    14     9    15    14     0     2   -44.0   53.615    1.370    991.8    903.6    283.4      0.0     78.8
     1     1    14     9    15    13     0     1   -45.0   53.520    1.536   1002.6    902.9    283.3      0.0     79.7
     1     1    14     9    15    12     0     0   -46.0   53.429    1.691   1010.5    902.4    283.1      0.0     80.1
     1     1    14     9    15    11     0     1   -47.0   53.335    1.844   1018.6    901.6    283.1      0.0     79.2
     1     1    14     9    15    10     0     2   -48.0   53.230    2.002   1031.1    900.4    283.1      0.0     78.5
     1     1    14     9    15     9     0     3   -49.0   53.113    2.162   1050.8    898.2    283.0      0.0     78.9
     1     1    14     9    15     8     0     2   -50.0   52.995    2.325   1075.4    895.3    282.7      0.0     81.2
     1     1    14     9    15     7     0     1   -51.0   52.885    2.494   1097.8    892.6    282.4      0.0     82.6
     1     1    14     9    15     6     0     0   -52.0   52.780    2.672   1116.6    891.0    282.3      0.0     83.0
     1     1    14     9    15     5     0     1   -53.0   52.685    2.851   1126.4    889.0    282.2      0.0     82.4
     1     1    14     9    15     4     0     2   -54.0   52.604    3.018   1118.9    889.5    282.3      0.0     81.8
     1     1    14     9    15     3     0     3   -55.0   52.533    3.171   1095.4    891.9    282.5      0.0     81.2
     1     1    14     9    15     2     0     2   -56.0   52.479    3.328   1069.8    896.4    282.7      0.0     81.5
     1     1    14     9    15     1     0     1   -57.0   52.445    3.500   1053.0    898.5    282.8      0.0     82.1
     1     1    14     9    15     0     0     0   -58.0   52.430    3.683   1041.5    900.0    282.9      0.0     82.9
     1     1    14     9    14    23     0     1   -59.0   52.421    3.854   1038.5    901.0    283.1      0.0     81.8
     1     1    14     9    14    22     0     2   -60.0   52.414    3.996   1050.6    900.2    283.2      0.0     80.8
     1     1    14     9    14    21     0     3   -61.0   52.411    4.106   1079.7    897.3    283.2      0.0     79.6
     1     1    14     9    14    20     0     2   -62.0   52.416    4.211   1115.1    892.6    282.8      0.0     81.4
     1     1    14     9    14    19     0     1   -63.0   52.427    4.337   1143.5    889.5    282.5      0.0     83.4
     1     1    14     9    14    18     0     0   -64.0   52.446    4.482   1161.4    887.5    282.2      0.0     85.5
     1     1    14     9    14    17     0     1   -65.0   52.479    4.640   1169.4    887.1    282.2      0.0     85.0
     1     1    14     9    14    16     0     2   -66.0   52.538    4.806   1171.6    887.2    282.2      0.0     85.2
     1     1    14     9    14    15     0     3   -67.0   52.630    4.975   1173.4    887.6    282.3      0.0     86.3
     1     1    14     9    14    14     0     2   -68.0   52.742    5.148   1183.5    887.2    281.9      0.0     87.1
     1     1    14     9    14    13     0     1   -69.0   52.862    5.324   1199.5    885.6    281.5      0.0     88.4
     1     1    14     9    14    12     0     0   -70.0   52.995    5.502   1214.3    884.2    281.1      0.0     91.3
     1     1    14     9    14    11     0     1   -71.0   53.145    5.705   1220.3    883.4    281.2      0.0     89.6
     1     1    14     9    14    10     0     2   -72.0   53.312    5.949   1214.0    884.3    281.3      0.0     87.2
