     7     1
    GDAS    14     8    22     0     0
    GDAS    14     8    29     0     0
    GDAS    14     9     1     0     0
    GDAS    14     9     8     0     0
    GDAS    14     9    15     0     0
    GDAS    14     9    22     0     0
    GDAS    14     9    29     0     0
     1 BACKWARD OMEGA   
    14     9    18    22   56.467   -2.973   100.0
     4 PRESSURE AIR_TEMP RAINFALL RELHUMID
     1     1    14     9    18    22     0     2     0.0   56.467   -2.973    100.0    972.9    285.3      0.0     97.5
     1     1    14     9    18    21     0     3    -1.0   56.432   -2.818     85.3    980.1    285.7      0.0     96.9
     1     1    14     9    18    20     0     2    -2.0   56.402   -2.652     72.6    986.5    286.0      0.0     96.4
     1     1    14     9    18    19     0     1    -3.0   56.378   -2.476     61.1    992.8    286.3      0.0     95.7
     1     1    14     9    18    18     0     0    -4.0   56.356   -2.284     50.5    999.0    286.5      0.0     94.8
     1     1    14     9    18    17     0     1    -5.0   56.333   -2.078     40.8   1005.0    286.9      0.0     93.1
     1     1    14     9    18    16     0     2    -6.0   56.303   -1.859     33.0   1007.6    287.0      0.0     91.9
     1     1    14     9    18    15     0     3    -7.0   56.267   -1.630     27.6   1008.2    287.1      0.0     91.2
     1     1    14     9    18    14     0     2    -8.0   56.215   -1.390     24.0   1009.4    287.0      0.0     91.7
     1     1    14     9    18    13     0     1    -9.0   56.140   -1.126     21.5   1010.8    287.0      0.0     91.6
     1     1    14     9    18    12     0     0   -10.0   56.045   -0.832     19.3   1011.7    286.9      0.0     91.6
     1     1    14     9    18    11     0     1   -11.0   55.945   -0.525     17.4   1012.3    287.0      0.0     92.2
     1     1    14     9    18    10     0     2   -12.0   55.854   -0.221     16.5   1012.7    287.0      0.0     92.4
     1     1    14     9    18     9     0     3   -13.0   55.770    0.143     16.4   1013.0    287.2      0.0     87.5
     1     1    14     9    18     8     0     2   -14.0   55.697    0.571     16.4   1012.7    287.4      0.0     87.1
     1     1    14     9    18     7     0     1   -15.0   55.630    0.999     15.8   1012.6    287.6      0.0     85.7
     1     1    14     9    18     6     0     0   -16.0   55.567    1.429     14.8   1012.3    287.8      0.0     85.3
     1     1    14     9    18     5     0     1   -17.0   55.518    1.871     13.8   1012.9    288.0      0.0     85.2
     1     1    14     9    18     4     0     2   -18.0   55.483    2.336     13.3   1013.6    288.2      0.0     84.1
     1     1    14     9    18     3     0     3   -19.0   55.455    2.819     13.2   1014.0    288.4      0.0     82.3
     1     1    14     9    18     2     0     2   -20.0   55.429    3.310     13.2   1014.1    288.6      0.0     81.8
     1     1    14     9    18     1     0     1   -21.0   55.401    3.806     13.2   1014.3    289.0      0.0     80.7
     1     1    14     9    18     0     0     0   -22.0   55.369    4.319     13.3   1014.5    289.4      0.0     79.0
     1     1    14     9    17    23     0     1   -23.0   55.334    4.846     13.6   1014.4    289.6      0.0     77.3
     1     1    14     9    17    22     0     2   -24.0   55.298    5.384     13.8   1014.6    289.7      0.0     75.3
     1     1    14     9    17    21     0     3   -25.0   55.260    5.929     13.7   1015.2    289.9      0.0     72.6
     1     1    14     9    17    20     0     2   -26.0   55.227    6.480     13.4   1015.0    289.9      0.0     70.4
     1     1    14     9    17    19     0     1   -27.0   55.207    7.038     13.7   1014.6    290.2      0.0     67.8
     1     1    14     9    17    18     0     0   -28.0   55.203    7.594     14.5   1014.7    290.3      0.0     65.7
     1     1    14     9    17    17     0     1   -29.0   55.211    8.116     16.5   1014.3    290.3      0.0     63.8
     1     1    14     9    17    16     0     2   -30.0   55.217    8.565     20.4   1012.6    291.1      0.0     62.4
     1     1    14     9    17    15     0     3   -31.0   55.218    8.944     27.1   1010.6    292.9      0.0     60.0
     1     1    14     9    17    14     0     2   -32.0   55.216    9.304     35.0   1010.1    292.8      0.0     62.7
     1     1    14     9    17    13     0     1   -33.0   55.215    9.672     40.7   1010.8    292.2      0.0     66.6
     1     1    14     9    17    12     0     0   -34.0   55.215   10.036     42.8   1012.3    291.4      0.0     71.3
     1     1    14     9    17    11     0     1   -35.0   55.217   10.388     42.8   1013.1    290.7      0.0     74.6
     1     1    14     9    17    10     0     2   -36.0   55.220   10.732     42.0   1014.3    290.2      0.0     78.5
     1     1    14     9    17     9     0     3   -37.0   55.221   11.069     40.3   1015.5    289.8      0.0     82.5
     1     1    14     9    17     8     0     2   -38.0   55.216   11.397     37.6   1015.0    289.8      0.0     83.2
     1     1    14     9    17     7     0     1   -39.0   55.206   11.705     34.0   1015.0    289.6      0.0     84.2
     1     1    14     9    17     6     0     0   -40.0   55.196   11.981     29.8   1015.5    289.1      0.0     85.6
     1     1    14     9    17     5     0     1   -41.0   55.189   12.253     26.2   1016.0    288.9      0.0     83.6
     1     1    14     9    17     4     0     2   -42.0   55.179   12.554     24.3   1016.6    288.8      0.0     81.2
     1     1    14     9    17     3     0     3   -43.0   55.168   12.885     23.9   1017.8    288.8      0.0     78.2
     1     1    14     9    17     2     0     2   -44.0   55.154   13.242     23.7   1017.7    289.0      0.0     75.8
     1     1    14     9    17     1     0     1   -45.0   55.132   13.612     21.5   1017.9    289.3      0.0     73.5
     1     1    14     9    17     0     0     0   -46.0   55.103   13.986     17.6   1018.6    289.5      0.0     71.2
     1     1    14     9    16    23     0     1   -47.0   55.067   14.374     14.5   1020.6    289.8      0.0     68.5
     1     1    14     9    16    22     0     2   -48.0   55.028   14.782     13.2   1021.7    290.0      0.0     66.8
     1     1    14     9    16    21     0     3   -49.0   54.993   15.209     12.9   1022.6    290.0      0.0     66.3
     1     1    14     9    16    20     0     2   -50.0   54.965   15.648     13.2   1022.3    290.1      0.0     65.9
     1     1    14     9    16    19     0     1   -51.0   54.947   16.094     13.9   1021.9    290.1      0.0     65.7
     1     1    14     9    16    18     0     0   -52.0   54.946   16.549     15.2   1021.3    290.0      0.0     66.1
     1     1    14     9    16    17     0     1   -53.0   54.956   16.987     16.7   1020.7    289.9      0.0     64.1
     1     1    14     9    16    16     0     2   -54.0   54.975   17.386     18.0   1020.5    290.1      0.0     62.4
     1     1    14     9    16    15     0     3   -55.0   55.001   17.753     19.2   1020.6    290.2      0.0     62.0
     1     1    14     9    16    14     0     2   -56.0   55.015   18.097     20.7   1021.4    290.2      0.0     62.9
     1     1    14     9    16    13     0     1   -57.0   55.008   18.417     22.7   1022.2    290.0      0.0     63.4
     1     1    14     9    16    12     0     0   -58.0   54.981   18.710     25.6   1022.5    290.0      0.0     64.5
     1     1    14     9    16    11     0     1   -59.0   54.935   18.991     29.1   1021.9    290.0      0.0     66.8
     1     1    14     9    16    10     0     2   -60.0   54.878   19.273     32.5   1020.9    290.2      0.0     66.7
     1     1    14     9    16     9     0     3   -61.0   54.813   19.553     35.8   1019.6    290.0      0.0     66.5
     1     1    14     9    16     8     0     2   -62.0   54.744   19.832     39.3   1017.6    289.2      0.0     67.6
     1     1    14     9    16     7     0     1   -63.0   54.674   20.109     42.6   1015.5    287.8      0.0     71.1
     1     1    14     9    16     6     0     0   -64.0   54.606   20.381     45.5   1014.0    286.1      0.0     76.5
     1     1    14     9    16     5     0     1   -65.0   54.541   20.636     48.4   1012.7    285.2      0.0     76.6
     1     1    14     9    16     4     0     2   -66.0   54.482   20.866     51.9   1011.7    284.4      0.0     77.0
     1     1    14     9    16     3     0     3   -67.0   54.426   21.078     56.5   1010.3    283.4      0.0     77.8
     1     1    14     9    16     2     0     2   -68.0   54.371   21.285     62.9   1007.7    283.3      0.0     76.0
     1     1    14     9    16     1     0     1   -69.0   54.312   21.497     71.4   1004.7    283.3      0.0     74.1
     1     1    14     9    16     0     0     0   -70.0   54.248   21.718     82.2   1001.3    283.5      0.0     72.2
     1     1    14     9    15    23     0     1   -71.0   54.183   21.959     95.4    997.8    283.9      0.0     69.3
     1     1    14     9    15    22     0     2   -72.0   54.121   22.232    108.3    995.0    284.4      0.0     66.3
