     7     1
    GDAS    14     8    22     0     0
    GDAS    14     8    29     0     0
    GDAS    14     9     1     0     0
    GDAS    14     9     8     0     0
    GDAS    14     9    15     0     0
    GDAS    14     9    22     0     0
    GDAS    14     9    29     0     0
     1 BACKWARD OMEGA   
    14     9     2    11   56.467   -2.973   100.0
     4 PRESSURE AIR_TEMP RAINFALL RELHUMID
     1     1    14     9     2    11     0     1     0.0   56.467   -2.973    100.0    980.8    286.8      0.0     75.6
     1     1    14     9     2    10     0     2    -1.0   56.423   -3.064    107.7    980.4    285.9      0.0     78.0
     1     1    14     9     2     9     0     3    -2.0   56.379   -3.168    118.3    980.0    285.0      0.0     80.4
     1     1    14     9     2     8     0     2    -3.0   56.338   -3.290    132.9    979.3    284.2      0.0     82.6
     1     1    14     9     2     7     0     1    -4.0   56.305   -3.436    151.2    977.3    283.6      0.0     85.0
     1     1    14     9     2     6     0     0    -5.0   56.278   -3.607    169.3    974.8    283.1      0.0     87.3
     1     1    14     9     2     5     0     1    -6.0   56.259   -3.792    185.4    972.8    283.3      0.0     87.5
     1     1    14     9     2     4     0     2    -7.0   56.244   -3.981    201.3    971.0    283.5      0.0     87.6
     1     1    14     9     2     3     0     3    -8.0   56.230   -4.165    220.0    969.3    283.7      0.0     87.8
     1     1    14     9     2     2     0     2    -9.0   56.218   -4.348    242.7    967.1    283.7      0.0     88.6
     1     1    14     9     2     1     0     1   -10.0   56.209   -4.538    270.1    964.1    283.8      0.0     89.7
     1     1    14     9     2     0     0     0   -11.0   56.203   -4.736    302.0    959.9    283.6      0.0     90.9
     1     1    14     9     1    23     0     1   -12.0   56.203   -4.951    334.5    955.0    283.4      0.0     93.1
     1     1    14     9     1    22     0     2   -13.0   56.208   -5.203    357.7    955.8    283.6      0.0     93.7
     1     1    14     9     1    21     0     3   -14.0   56.213   -5.503    360.7    961.5    284.2      0.0     93.3
     1     1    14     9     1    20     0     2   -15.0   56.205   -5.849    335.7    971.4    284.8      0.0     90.9
     1     1    14     9     1    19     0     1   -16.0   56.171   -6.241    295.3    982.4    285.6      0.0     88.8
     1     1    14     9     1    18     0     0   -17.0   56.112   -6.699    274.5    989.1    286.1      0.0     87.3
     1     1    14     9     1    17     0     1   -18.0   56.023   -7.219    282.5    988.3    286.2      0.0     86.7
     1     1    14     9     1    16     0     2   -19.0   55.904   -7.750    296.3    983.3    286.0      0.0     87.3
     1     1    14     9     1    15     0     3   -20.0   55.770   -8.263    303.4    981.2    285.9      0.0     87.5
     1     1    14     9     1    14     0     2   -21.0   55.633   -8.764    303.6    982.1    285.9      0.0     86.8
     1     1    14     9     1    13     0     1   -22.0   55.497   -9.259    298.8    984.1    286.1      0.0     86.1
     1     1    14     9     1    12     0     0   -23.0   55.363   -9.748    295.1    984.9    286.2      0.0     84.9
     1     1    14     9     1    11     0     1   -24.0   55.240  -10.245    297.8    984.3    286.3      0.0     83.3
     1     1    14     9     1    10     0     2   -25.0   55.134  -10.758    308.0    982.9    286.2      0.0     81.7
     1     1    14     9     1     9     0     3   -26.0   55.044  -11.276    326.1    980.5    286.0      0.0     80.3
     1     1    14     9     1     8     0     2   -27.0   54.967  -11.800    350.0    977.0    285.8      0.0     81.1
     1     1    14     9     1     7     0     1   -28.0   54.903  -12.337    374.7    973.4    285.6      0.0     81.6
     1     1    14     9     1     6     0     0   -29.0   54.852  -12.899    395.5    970.4    285.5      0.0     81.4
     1     1    14     9     1     5     0     1   -30.0   54.801  -13.501    410.6    968.6    285.2      0.0     82.0
     1     1    14     9     1     4     0     2   -31.0   54.743  -14.153    421.6    967.6    285.1      0.0     81.9
     1     1    14     9     1     3     0     3   -32.0   54.676  -14.855    428.7    966.4    284.8      0.0     84.4
     1     1    14     9     1     2     0     2   -33.0   54.596  -15.593    435.8    966.1    284.8      0.0     84.4
     1     1    14     9     1     1     0     1   -34.0   54.503  -16.348    451.8    964.2    284.6      0.0     84.3
     1     1    14     9     1     0     0     0   -35.0   54.399  -17.112    476.1    960.5    284.4      0.0     85.7
     1     1    14     8    31    23     0     1   -36.0   54.293  -17.867    503.5    956.9    283.9      0.0     86.0
     1     1    14     8    31    22     0     2   -37.0   54.190  -18.611    532.2    953.3    283.4      0.0     86.2
     1     1    14     8    31    21     0     3   -38.0   54.098  -19.353    559.7    949.6    282.8      0.0     86.2
     1     1    14     8    31    20     0     2   -39.0   54.019  -20.112    581.7    946.5    282.6      0.0     87.2
     1     1    14     8    31    19     0     1   -40.0   53.945  -20.902    597.7    944.6    282.4      0.0     87.3
     1     1    14     8    31    18     0     0   -41.0   53.876  -21.726    612.6    942.5    282.3      0.0     87.2
     1     1    14     8    31    17     0     1   -42.0   53.808  -22.578    629.5    940.5    282.0      0.0     86.8
     1     1    14     8    31    16     0     2   -43.0   53.737  -23.453    651.7    937.6    281.7      0.0     85.7
     1     1    14     8    31    15     0     3   -44.0   53.671  -24.365    670.4    935.0    281.5      0.0     83.4
     1     1    14     8    31    14     0     2   -45.0   53.623  -25.338    681.2    933.3    281.3      0.0     83.2
     1     1    14     8    31    13     0     1   -46.0   53.582  -26.344    695.7    931.5    281.1      0.0     83.6
     1     1    14     8    31    12     0     0   -47.0   53.539  -27.379    740.3    926.0    280.6      0.0     84.3
     1     1    14     8    31    11     0     1   -48.0   53.502  -28.425    793.7    919.1    280.0      0.0     84.8
     1     1    14     8    31    10     0     2   -49.0   53.474  -29.445    841.4    913.7    279.3      0.0     86.7
     1     1    14     8    31     9     0     3   -50.0   53.435  -30.425    890.5    908.2    278.5      0.0     91.6
     1     1    14     8    31     8     0     2   -51.0   53.407  -31.379    934.2    902.3    278.3      0.0     89.0
     1     1    14     8    31     7     0     1   -52.0   53.423  -32.323    967.1    897.8    278.2      0.0     87.5
     1     1    14     8    31     6     0     0   -53.0   53.448  -33.253    985.6    895.4    277.9      0.0     88.9
     1     1    14     8    31     5     0     1   -54.0   53.497  -34.179   1003.1    892.7    277.7      0.0     86.4
     1     1    14     8    31     4     0     2   -55.0   53.605  -35.074   1021.7    890.2    277.5      0.0     83.7
     1     1    14     8    31     3     0     3   -56.0   53.734  -35.918   1052.4    886.4    277.1      0.0     79.9
     1     1    14     8    31     2     0     2   -57.0   53.865  -36.738   1084.2    882.0    276.9      0.0     83.5
     1     1    14     8    31     1     0     1   -58.0   54.028  -37.545   1118.3    878.2    276.6      0.0     82.8
     1     1    14     8    31     0     0     0   -59.0   54.214  -38.296   1172.5    872.0    276.1      0.0     81.9
     1     1    14     8    30    23     0     1   -60.0   54.416  -38.992   1235.2    864.0    275.6      0.0     82.3
     1     1    14     8    30    22     0     2   -61.0   54.656  -39.652   1289.5    856.8    275.2      0.0     79.6
     1     1    14     8    30    21     0     3   -62.0   54.927  -40.281   1331.5    852.0    275.1      0.0     75.3
     1     1    14     8    30    20     0     2   -63.0   55.215  -40.865   1367.9    847.7    275.0      0.0     71.9
     1     1    14     8    30    19     0     1   -64.0   55.517  -41.398   1400.9    843.1    274.8      0.0     72.2
     1     1    14     8    30    18     0     0   -65.0   55.818  -41.885   1428.9    839.8    274.7      0.0     69.7
     1     1    14     8    30    17     0     1   -66.0   56.101  -42.302   1459.4    836.9    274.3      0.0     69.9
     1     1    14     8    30    16     0     2   -67.0   56.375  -42.619   1501.5    832.6    273.7      0.0     73.0
     1     1    14     8    30    15     0     3   -68.0   56.657  -42.840   1554.8    826.2    272.9      0.0     78.5
     1     1    14     8    30    14     0     2   -69.0   56.946  -42.992   1617.7    819.9    272.4      0.0     81.0
     1     1    14     8    30    13     0     1   -70.0   57.238  -43.110   1686.4    812.2    271.8      0.0     80.7
     1     1    14     8    30    12     0     0   -71.0   57.540  -43.203   1746.6    805.4    271.3      0.0     83.6
     1     1    14     8    30    11     0     1   -72.0   57.840  -43.293   1790.7    800.7    271.0      0.0     86.4
