     7     1
    GDAS    14     8    22     0     0
    GDAS    14     8    29     0     0
    GDAS    14     9     1     0     0
    GDAS    14     9     8     0     0
    GDAS    14     9    15     0     0
    GDAS    14     9    22     0     0
    GDAS    14     9    29     0     0
     1 BACKWARD OMEGA   
    14     9    15    17   56.467   -2.973   100.0
     4 PRESSURE AIR_TEMP RAINFALL RELHUMID
     1     1    14     9    15    17     0     1     0.0   56.467   -2.973    100.0    977.1    285.1      0.5     99.1
     1     1    14     9    15    16     0     2    -1.0   56.553   -2.765     48.2    990.3    285.5      1.0     99.0
     1     1    14     9    15    15     0     3    -2.0   56.652   -2.585     20.5    995.7    285.8      1.0     99.0
     1     1    14     9    15    14     0     2    -3.0   56.759   -2.393      6.4   1001.9    285.9      0.0     98.7
     1     1    14     9    15    13     0     1    -4.0   56.875   -2.166      0.0   1011.1    286.1      0.0     98.4
     1     1    14     9    15    12     0     0    -5.0   57.005   -1.903      0.0   1019.7    286.2      0.0     98.0
     1     1    14     9    15    11     0     1    -6.0   57.140   -1.592      0.0   1020.5    286.5      0.0     96.2
     1     1    14     9    15    10     0     2    -7.0   57.267   -1.207      0.0   1021.3    286.6      0.0     94.1
     1     1    14     9    15     9     0     3    -8.0   57.387   -0.764      0.0   1022.1    286.6      0.0     91.5
     1     1    14     9    15     8     0     2    -9.0   57.507   -0.312      0.0   1023.4    286.6      0.0     89.3
     1     1    14     9    15     7     0     1   -10.0   57.624    0.150      0.0   1024.6    286.7      0.0     88.5
     1     1    14     9    15     6     0     0   -11.0   57.739    0.621      0.0   1025.8    286.9      0.0     85.5
     1     1    14     9    15     5     0     1   -12.0   57.851    1.084      0.0   1026.3    286.9      0.0     84.2
     1     1    14     9    15     4     0     2   -13.0   57.956    1.545      0.3   1026.7    287.1      0.0     83.3
     1     1    14     9    15     3     0     3   -14.0   58.063    1.992      0.8   1026.9    287.3      0.0     82.1
     1     1    14     9    15     2     0     2   -15.0   58.165    2.408      1.3   1026.7    287.5      0.0     82.0
     1     1    14     9    15     1     0     1   -16.0   58.259    2.782      1.6   1026.5    287.5      0.0     82.0
     1     1    14     9    15     0     0     0   -17.0   58.350    3.114      1.7   1026.4    287.5      0.0     82.0
     1     1    14     9    14    23     0     1   -18.0   58.442    3.405      1.8   1026.7    287.7      0.0     81.3
     1     1    14     9    14    22     0     2   -19.0   58.544    3.653      2.0   1027.0    287.9      0.0     81.3
     1     1    14     9    14    21     0     3   -20.0   58.660    3.856      2.3   1027.4    287.9      0.0     81.6
     1     1    14     9    14    20     0     2   -21.0   58.788    4.015      2.6   1027.6    288.0      0.0     81.6
     1     1    14     9    14    19     0     1   -22.0   58.919    4.132      2.9   1027.9    288.0      0.0     81.2
     1     1    14     9    14    18     0     0   -23.0   59.051    4.214      3.2   1028.2    288.1      0.0     81.2
     1     1    14     9    14    17     0     1   -24.0   59.182    4.258      3.8   1028.6    288.1      0.0     81.7
     1     1    14     9    14    16     0     2   -25.0   59.307    4.261      4.6   1029.0    288.1      0.0     82.2
     1     1    14     9    14    15     0     3   -26.0   59.427    4.226      5.6   1029.4    288.1      0.0     83.0
     1     1    14     9    14    14     0     2   -27.0   59.537    4.180      6.5   1029.7    288.0      0.0     83.6
     1     1    14     9    14    13     0     1   -28.0   59.635    4.145      7.3   1030.1    288.0      0.0     84.3
     1     1    14     9    14    12     0     0   -29.0   59.721    4.122      7.9   1030.4    288.1      0.0     84.8
     1     1    14     9    14    11     0     1   -30.0   59.805    4.109      8.4   1029.7    288.0      0.0     85.9
     1     1    14     9    14    10     0     2   -31.0   59.895    4.105      8.6   1028.7    287.9      0.0     86.8
     1     1    14     9    14     9     0     3   -32.0   59.993    4.104      8.8   1027.5    287.7      0.0     87.8
     1     1    14     9    14     8     0     2   -33.0   60.091    4.107      8.9   1027.7    287.8      0.0     87.8
     1     1    14     9    14     7     0     1   -34.0   60.181    4.117      9.2   1028.0    287.8      0.0     87.8
     1     1    14     9    14     6     0     0   -35.0   60.264    4.132      9.7   1028.3    287.8      0.0     87.8
     1     1    14     9    14     5     0     1   -36.0   60.345    4.143     10.2   1028.4    287.7      0.0     85.8
     1     1    14     9    14     4     0     2   -37.0   60.429    4.135     10.8   1028.3    287.6      0.0     84.0
     1     1    14     9    14     3     0     3   -38.0   60.513    4.107     11.6   1028.3    287.5      0.0     82.4
     1     1    14     9    14     2     0     2   -39.0   60.588    4.070     12.5   1028.2    287.5      0.0     82.4
     1     1    14     9    14     1     0     1   -40.0   60.644    4.033     13.4   1028.1    287.5      0.0     82.4
     1     1    14     9    14     0     0     0   -41.0   60.683    3.996     14.2   1028.1    287.5      0.0     82.4
     1     1    14     9    13    23     0     1   -42.0   60.706    3.952     15.1   1028.2    287.5      0.0     83.2
     1     1    14     9    13    22     0     2   -43.0   60.713    3.895     16.1   1028.3    287.5      0.0     83.8
     1     1    14     9    13    21     0     3   -44.0   60.704    3.823     17.1   1028.3    287.5      0.0     84.3
     1     1    14     9    13    20     0     2   -45.0   60.686    3.740     18.2   1028.4    287.5      0.0     84.7
     1     1    14     9    13    19     0     1   -46.0   60.669    3.646     19.2   1028.5    287.5      0.0     84.9
     1     1    14     9    13    18     0     0   -47.0   60.651    3.540     20.0   1028.7    287.4      0.0     85.1
     1     1    14     9    13    17     0     1   -48.0   60.620    3.415     20.8   1028.4    287.4      0.0     84.8
     1     1    14     9    13    16     0     2   -49.0   60.565    3.267     21.5   1028.3    287.3      0.0     84.1
     1     1    14     9    13    15     0     3   -50.0   60.484    3.100     22.1   1028.5    287.2      0.0     83.1
     1     1    14     9    13    14     0     2   -51.0   60.384    2.929     22.5   1029.0    287.1      0.0     83.6
     1     1    14     9    13    13     0     1   -52.0   60.277    2.770     23.1   1029.2    287.1      0.0     84.1
     1     1    14     9    13    12     0     0   -53.0   60.166    2.620     24.1   1029.3    287.1      0.0     84.5
     1     1    14     9    13    11     0     1   -54.0   60.048    2.484     25.1   1028.0    287.1      0.0     84.4
     1     1    14     9    13    10     0     2   -55.0   59.923    2.370     25.6   1026.7    287.0      0.0     84.2
     1     1    14     9    13     9     0     3   -56.0   59.793    2.280     25.9   1025.3    286.9      0.0     84.0
     1     1    14     9    13     8     0     2   -57.0   59.666    2.208     26.2   1025.7    286.9      0.0     83.8
     1     1    14     9    13     7     0     1   -58.0   59.550    2.143     26.6   1025.9    286.9      0.0     83.6
     1     1    14     9    13     6     0     0   -59.0   59.442    2.085     26.8   1026.3    287.0      0.0     83.2
     1     1    14     9    13     5     0     1   -60.0   59.336    2.027     27.1   1026.0    286.9      0.0     81.9
     1     1    14     9    13     4     0     2   -61.0   59.228    1.963     28.1   1025.7    286.9      0.0     80.7
     1     1    14     9    13     3     0     3   -62.0   59.117    1.892     29.9   1025.2    286.8      0.0     79.5
     1     1    14     9    13     2     0     2   -63.0   59.006    1.822     32.4   1025.0    286.8      0.0     78.8
     1     1    14     9    13     1     0     1   -64.0   58.901    1.759     34.9   1024.8    286.8      0.0     78.3
     1     1    14     9    13     0     0     0   -65.0   58.801    1.703     37.2   1024.6    286.8      0.0     77.8
     1     1    14     9    12    23     0     1   -66.0   58.705    1.652     39.1   1023.6    286.8      0.0     77.9
     1     1    14     9    12    22     0     2   -67.0   58.614    1.606     40.8   1022.7    286.9      0.0     78.2
     1     1    14     9    12    21     0     3   -68.0   58.526    1.561     42.2   1021.8    286.9      0.0     78.7
     1     1    14     9    12    20     0     2   -69.0   58.444    1.518     43.4   1021.8    286.9      0.0     78.5
     1     1    14     9    12    19     0     1   -70.0   58.372    1.476     44.2   1021.9    286.9      0.0     78.3
     1     1    14     9    12    18     0     0   -71.0   58.309    1.438     44.5   1022.1    286.9      0.0     78.0
     1     1    14     9    12    17     0     1   -72.0   58.251    1.397     44.8   1021.4    286.8      0.0     79.0
