     7     1
    GDAS    14     8    22     0     0
    GDAS    14     8    29     0     0
    GDAS    14     9     1     0     0
    GDAS    14     9     8     0     0
    GDAS    14     9    15     0     0
    GDAS    14     9    22     0     0
    GDAS    14     9    29     0     0
     1 BACKWARD OMEGA   
    14     9     6    17   56.467   -2.973   100.0
     4 PRESSURE AIR_TEMP RAINFALL RELHUMID
     1     1    14     9     6    17     0     1     0.0   56.467   -2.973    100.0    970.5    284.6      0.0     75.3
     1     1    14     9     6    16     0     2    -1.0   56.510   -3.233    137.4    963.0    284.5      0.3     73.0
     1     1    14     9     6    15     0     3    -2.0   56.552   -3.500    160.4    954.7    284.2      0.3     72.1
     1     1    14     9     6    14     0     2    -3.0   56.592   -3.769    162.4    950.8    283.6      0.0     75.1
     1     1    14     9     6    13     0     1    -4.0   56.630   -4.039    146.1    949.4    283.4      0.0     77.2
     1     1    14     9     6    12     0     0    -5.0   56.660   -4.291    123.5    954.5    283.7      0.0     78.6
     1     1    14     9     6    11     0     1    -6.0   56.679   -4.514    106.3    958.1    283.4      0.0     81.8
     1     1    14     9     6    10     0     2    -7.0   56.683   -4.713     95.4    961.3    282.9      0.0     85.0
     1     1    14     9     6     9     0     3    -8.0   56.676   -4.893     89.8    964.4    282.3      0.0     88.3
     1     1    14     9     6     8     0     2    -9.0   56.669   -5.051     89.1    967.3    281.6      0.0     90.1
     1     1    14     9     6     7     0     1   -10.0   56.674   -5.181     92.2    970.6    281.1      0.0     90.8
     1     1    14     9     6     6     0     0   -11.0   56.691   -5.287     98.6    972.8    280.8      0.0     91.4
     1     1    14     9     6     5     0     1   -12.0   56.725   -5.387    105.4    974.3    281.1      0.0     90.0
     1     1    14     9     6     4     0     2   -13.0   56.782   -5.497    108.1    976.8    281.5      0.0     88.4
     1     1    14     9     6     3     0     3   -14.0   56.862   -5.615    107.5    980.0    281.9      0.0     86.2
     1     1    14     9     6     2     0     2   -15.0   56.957   -5.732    103.6    983.4    282.3      0.0     84.8
     1     1    14     9     6     1     0     1   -16.0   57.060   -5.846     96.5    989.0    282.9      0.0     83.6
     1     1    14     9     6     0     0     0   -17.0   57.170   -5.968     88.5    996.3    283.6      0.0     82.4
     1     1    14     9     5    23     0     1   -18.0   57.282   -6.108     82.7   1000.8    284.3      0.0     81.2
     1     1    14     9     5    22     0     2   -19.0   57.398   -6.274     79.3   1003.1    284.7      0.0     80.0
     1     1    14     9     5    21     0     3   -20.0   57.519   -6.461     76.1   1004.7    284.9      0.0     78.9
     1     1    14     9     5    20     0     2   -21.0   57.649   -6.669     71.9   1005.2    285.0      0.0     78.0
     1     1    14     9     5    19     0     1   -22.0   57.797   -6.904     67.9   1004.7    284.9      0.0     77.1
     1     1    14     9     5    18     0     0   -23.0   57.965   -7.167     66.8   1004.5    284.8      0.0     75.7
     1     1    14     9     5    17     0     1   -24.0   58.152   -7.469     68.1   1006.5    285.2      0.0     75.6
     1     1    14     9     5    16     0     2   -25.0   58.356   -7.822     69.8   1008.8    285.3      0.0     76.3
     1     1    14     9     5    15     0     3   -26.0   58.583   -8.225     71.9   1009.6    285.3      0.0     76.7
     1     1    14     9     5    14     0     2   -27.0   58.826   -8.663     73.8   1009.2    285.2      0.0     76.1
     1     1    14     9     5    13     0     1   -28.0   59.087   -9.108     75.4   1008.8    285.0      0.0     75.6
     1     1    14     9     5    12     0     0   -29.0   59.370   -9.545     76.2   1008.4    284.9      0.0     76.6
     1     1    14     9     5    11     0     1   -30.0   59.667  -10.011     76.8   1008.5    284.8      0.0     77.6
     1     1    14     9     5    10     0     2   -31.0   59.979  -10.535     80.5   1008.3    284.8      0.0     78.0
     1     1    14     9     5     9     0     3   -32.0   60.332  -11.056     85.9   1007.3    284.5      0.0     78.5
     1     1    14     9     5     8     0     2   -33.0   60.724  -11.514     90.7   1006.4    284.2      0.0     79.6
     1     1    14     9     5     7     0     1   -34.0   61.137  -11.911     97.5   1005.6    283.7      0.0     80.2
     1     1    14     9     5     6     0     0   -35.0   61.569  -12.215    107.5   1004.0    283.2      0.7     80.7
     1     1    14     9     5     5     0     1   -36.0   62.027  -12.425    118.5   1001.9    282.7      0.5     82.0
     1     1    14     9     5     4     0     2   -37.0   62.496  -12.542    127.8   1000.6    282.3      0.2     82.1
     1     1    14     9     5     3     0     3   -38.0   62.967  -12.535    132.0    999.6    281.6      0.0     83.6
     1     1    14     9     5     2     0     2   -39.0   63.426  -12.420    134.4    999.9    281.7      1.3     83.3
     1     1    14     9     5     1     0     1   -40.0   63.852  -12.253    139.5    999.6    281.5      0.7     83.0
     1     1    14     9     5     0     0     0   -41.0   64.246  -12.071    144.1    998.9    281.2      0.7     83.2
     1     1    14     9     4    23     0     1   -42.0   64.600  -11.895    146.9    998.5    281.1      0.0     83.2
     1     1    14     9     4    22     0     2   -43.0   64.910  -11.735    151.1    998.1    281.0      0.0     82.9
     1     1    14     9     4    21     0     3   -44.0   65.182  -11.589    158.6    996.8    280.8      0.0     83.8
     1     1    14     9     4    20     0     2   -45.0   65.430  -11.450    166.1    995.2    280.7      0.0     84.8
     1     1    14     9     4    19     0     1   -46.0   65.666  -11.340    172.0    994.4    280.6      0.0     84.8
     1     1    14     9     4    18     0     0   -47.0   65.894  -11.289    178.3    993.6    280.5      0.0     84.3
     1     1    14     9     4    17     0     1   -48.0   66.099  -11.295    187.3    992.7    280.3      0.0     84.2
     1     1    14     9     4    16     0     2   -49.0   66.273  -11.340    199.0    991.1    280.1      0.0     84.8
     1     1    14     9     4    15     0     3   -50.0   66.427  -11.420    210.5    989.6    279.8      0.0     85.6
     1     1    14     9     4    14     0     2   -51.0   66.577  -11.545    219.6    988.2    279.6      0.0     87.0
     1     1    14     9     4    13     0     1   -52.0   66.731  -11.727    225.9    987.3    279.5      0.0     88.1
     1     1    14     9     4    12     0     0   -53.0   66.880  -11.966    229.0    986.6    279.3      0.0     88.8
     1     1    14     9     4    11     0     1   -54.0   67.021  -12.243    230.9    986.6    279.2      0.0     88.9
     1     1    14     9     4    10     0     2   -55.0   67.161  -12.545    235.2    986.2    279.0      0.0     89.0
     1     1    14     9     4     9     0     3   -56.0   67.307  -12.875    243.5    985.2    278.7      0.0     89.3
     1     1    14     9     4     8     0     2   -57.0   67.466  -13.254    255.1    983.0    278.4      0.0     89.9
     1     1    14     9     4     7     0     1   -58.0   67.640  -13.697    268.5    980.7    278.0      0.0     90.7
     1     1    14     9     4     6     0     0   -59.0   67.831  -14.200    283.6    978.1    277.4      0.0     91.5
     1     1    14     9     4     5     0     1   -60.0   68.038  -14.738    301.7    975.3    277.1      0.0     92.1
     1     1    14     9     4     4     0     2   -61.0   68.263  -15.278    322.3    972.0    276.7      0.0     93.1
     1     1    14     9     4     3     0     3   -62.0   68.514  -15.811    343.9    968.6    276.0      0.0     94.1
     1     1    14     9     4     2     0     2   -63.0   68.791  -16.359    365.2    965.4    275.5      0.6     94.7
     1     1    14     9     4     1     0     1   -64.0   69.089  -16.935    385.3    962.5    275.0      0.7     95.7
     1     1    14     9     4     0     0     0   -65.0   69.408  -17.497    407.1    959.9    274.5      0.7     96.2
     1     1    14     9     3    23     0     1   -66.0   69.762  -17.993    433.3    956.0    274.1      0.2     96.2
     1     1    14     9     3    22     0     2   -67.0   70.170  -18.373    466.7    951.2    274.1      0.2     95.5
     1     1    14     9     3    21     0     3   -68.0   70.643  -18.595    508.7    944.9    273.9      0.0     95.8
     1     1    14     9     3    20     0     2   -69.0   71.183  -18.642    548.0    937.9    273.7      0.3     96.4
     1     1    14     9     3    19     0     1   -70.0   71.781  -18.481    571.9    933.9    273.5      0.7     97.2
     1     1    14     9     3    18     0     0   -71.0   72.438  -18.082    575.8    932.4    273.2      0.7     98.1
     1     1    14     9     3    17     0     1   -72.0   73.144  -17.499    576.4    933.6    273.3      0.5     98.5
