     7     1
    GDAS    14     8    22     0     0
    GDAS    14     8    29     0     0
    GDAS    14     9     1     0     0
    GDAS    14     9     8     0     0
    GDAS    14     9    15     0     0
    GDAS    14     9    22     0     0
    GDAS    14     9    29     0     0
     1 BACKWARD OMEGA   
    14     9     8    18   56.467   -2.973   100.0
     4 PRESSURE AIR_TEMP RAINFALL RELHUMID
     1     1    14     9     8    18     0     0     0.0   56.467   -2.973    100.0    977.1    285.0      0.0     75.4
     1     1    14     9     8    17     0     1    -1.0   56.509   -3.058    116.6    972.6    285.1      0.0     74.2
     1     1    14     9     8    16     0     2    -2.0   56.580   -3.165    134.8    967.3    284.9      0.0     73.4
     1     1    14     9     8    15     0     3    -3.0   56.682   -3.297    159.1    959.2    284.5      0.0     73.0
     1     1    14     9     8    14     0     2    -4.0   56.801   -3.455    191.7    948.4    283.2      0.0     76.1
     1     1    14     9     8    13     0     1    -5.0   56.919   -3.637    224.2    936.3    281.9      0.0     79.6
     1     1    14     9     8    12     0     0    -6.0   57.032   -3.844    243.0    928.1    280.9      0.0     82.5
     1     1    14     9     8    11     0     1    -7.0   57.140   -4.056    253.4    931.4    280.6      0.0     85.8
     1     1    14     9     8    10     0     2    -8.0   57.247   -4.258    273.4    936.3    280.5      0.0     89.2
     1     1    14     9     8     9     0     3    -9.0   57.356   -4.450    302.2    937.5    280.1      0.0     92.5
     1     1    14     9     8     8     0     2   -10.0   57.477   -4.632    323.1    937.9    280.0      0.0     94.4
     1     1    14     9     8     7     0     1   -11.0   57.615   -4.810    317.7    940.8    280.1      0.0     95.8
     1     1    14     9     8     6     0     0   -12.0   57.761   -4.982    271.6    946.9    280.5      0.0     97.2
     1     1    14     9     8     5     0     1   -13.0   57.908   -5.164    195.9    965.3    281.8      0.0     95.8
     1     1    14     9     8     4     0     2   -14.0   58.063   -5.359    124.0    985.2    283.3      0.0     92.5
     1     1    14     9     8     3     0     3   -15.0   58.232   -5.561     76.4   1001.1    284.7      0.0     89.5
     1     1    14     9     8     2     0     2   -16.0   58.424   -5.775     52.3   1010.2    285.5      0.0     87.3
     1     1    14     9     8     1     0     1   -17.0   58.635   -6.003     42.3   1015.3    285.9      0.0     86.4
     1     1    14     9     8     0     0     0   -18.0   58.860   -6.252     39.4   1014.8    285.9      0.0     86.5
     1     1    14     9     7    23     0     1   -19.0   59.088   -6.513     39.9   1014.5    285.9      0.0     86.6
     1     1    14     9     7    22     0     2   -20.0   59.313   -6.769     41.7   1013.8    285.7      0.0     87.5
     1     1    14     9     7    21     0     3   -21.0   59.532   -7.009     43.6   1013.2    285.6      0.0     89.1
     1     1    14     9     7    20     0     2   -22.0   59.750   -7.247     45.3   1012.8    285.4      0.0     88.9
     1     1    14     9     7    19     0     1   -23.0   59.968   -7.504     46.9   1012.4    285.4      0.0     88.9
     1     1    14     9     7    18     0     0   -24.0   60.183   -7.793     49.1   1012.0    285.4      0.0     89.4
     1     1    14     9     7    17     0     1   -25.0   60.383   -8.116     51.8   1012.3    285.3      0.0     89.9
     1     1    14     9     7    16     0     2   -26.0   60.559   -8.463     55.0   1012.6    285.2      0.0     90.4
     1     1    14     9     7    15     0     3   -27.0   60.717   -8.830     59.2   1012.5    285.1      0.0     91.2
     1     1    14     9     7    14     0     2   -28.0   60.856   -9.205     63.1   1011.4    284.9      0.0     91.9
     1     1    14     9     7    13     0     1   -29.0   60.973   -9.576     65.0   1011.0    284.8      0.0     92.5
     1     1    14     9     7    12     0     0   -30.0   61.071   -9.949     65.4   1010.8    284.8      0.0     93.3
     1     1    14     9     7    11     0     1   -31.0   61.157  -10.322     65.9   1010.8    284.9      0.0     90.5
     1     1    14     9     7    10     0     2   -32.0   61.235  -10.698     67.6   1010.5    284.9      0.0     88.1
     1     1    14     9     7     9     0     3   -33.0   61.303  -11.082     70.6   1010.0    284.9      0.0     86.3
     1     1    14     9     7     8     0     2   -34.0   61.360  -11.474     74.0   1009.9    284.9      0.0     86.6
     1     1    14     9     7     7     0     1   -35.0   61.408  -11.879     76.3   1010.0    284.9      0.0     86.1
     1     1    14     9     7     6     0     0   -36.0   61.446  -12.302     77.1   1010.3    284.9      0.0     85.4
     1     1    14     9     7     5     0     1   -37.0   61.469  -12.745     77.0   1010.4    284.9      0.0     84.9
     1     1    14     9     7     4     0     2   -38.0   61.473  -13.208     76.9   1010.5    285.0      0.0     84.1
     1     1    14     9     7     3     0     3   -39.0   61.458  -13.680     76.9   1010.5    284.9      0.0     83.2
     1     1    14     9     7     2     0     2   -40.0   61.427  -14.145     76.9   1010.5    285.0      0.0     83.3
     1     1    14     9     7     1     0     1   -41.0   61.384  -14.596     76.9   1010.4    285.0      0.0     83.0
     1     1    14     9     7     0     0     0   -42.0   61.328  -15.041     76.9   1010.6    285.0      0.0     81.7
     1     1    14     9     6    23     0     1   -43.0   61.267  -15.468     76.9   1010.8    285.1      0.0     82.6
     1     1    14     9     6    22     0     2   -44.0   61.211  -15.864     76.9   1011.0    285.1      0.0     82.4
     1     1    14     9     6    21     0     3   -45.0   61.156  -16.225     76.9   1011.2    285.2      0.0     81.6
     1     1    14     9     6    20     0     2   -46.0   61.101  -16.563     76.9   1011.0    285.2      0.0     81.4
     1     1    14     9     6    19     0     1   -47.0   61.044  -16.894     76.9   1010.9    285.2      0.0     80.8
     1     1    14     9     6    18     0     0   -48.0   60.986  -17.215     76.9   1010.8    285.1      0.0     80.3
     1     1    14     9     6    17     0     1   -49.0   60.929  -17.538     78.0   1010.3    285.1      0.0     81.3
     1     1    14     9     6    16     0     2   -50.0   60.871  -17.879     81.5   1009.6    285.1      0.0     81.9
     1     1    14     9     6    15     0     3   -51.0   60.811  -18.244     87.7   1008.6    285.0      0.0     82.6
     1     1    14     9     6    14     0     2   -52.0   60.741  -18.611     94.4   1007.8    284.8      0.0     84.0
     1     1    14     9     6    13     0     1   -53.0   60.657  -18.957     98.7   1007.5    284.7      0.0     84.8
     1     1    14     9     6    12     0     0   -54.0   60.558  -19.283    100.2   1007.5    284.6      0.0     85.6
     1     1    14     9     6    11     0     1   -55.0   60.449  -19.592    100.2   1007.9    284.7      0.0     86.1
     1     1    14     9     6    10     0     2   -56.0   60.332  -19.889    100.2   1007.9    284.8      0.0     86.1
     1     1    14     9     6     9     0     3   -57.0   60.206  -20.173    100.2   1007.9    284.9      0.0     85.7
     1     1    14     9     6     8     0     2   -58.0   60.078  -20.454    100.2   1007.8    284.9      0.0     85.0
     1     1    14     9     6     7     0     1   -59.0   59.959  -20.741    100.1   1007.8    284.9      0.0     84.4
     1     1    14     9     6     6     0     0   -60.0   59.849  -21.033    100.1   1007.7    284.9      0.0     84.4
     1     1    14     9     6     5     0     1   -61.0   59.730  -21.334    100.1   1007.8    284.8      0.0     85.0
     1     1    14     9     6     4     0     2   -62.0   59.585  -21.637    100.1   1007.7    284.8      0.0     85.1
     1     1    14     9     6     3     0     3   -63.0   59.416  -21.934    100.1   1007.7    284.8      0.0     84.3
     1     1    14     9     6     2     0     2   -64.0   59.242  -22.210    100.5   1008.4    284.9      0.0     84.4
     1     1    14     9     6     1     0     1   -65.0   59.076  -22.459    101.0   1008.8    284.9      0.0     84.1
     1     1    14     9     6     0     0     0   -66.0   58.918  -22.682    101.1   1009.2    284.8      0.0     83.9
     1     1    14     9     5    23     0     1   -67.0   58.770  -22.895    101.0   1009.5    285.0      0.0     84.7
     1     1    14     9     5    22     0     2   -68.0   58.635  -23.113    101.0   1009.6    285.1      0.0     85.4
     1     1    14     9     5    21     0     3   -69.0   58.510  -23.340    101.0   1009.8    285.2      0.0     85.7
     1     1    14     9     5    20     0     2   -70.0   58.387  -23.577    101.2   1009.8    285.3      0.0     85.6
     1     1    14     9     5    19     0     1   -71.0   58.263  -23.823    101.9   1009.6    285.3      0.0     85.0
     1     1    14     9     5    18     0     0   -72.0   58.144  -24.080    103.0   1009.4    285.2      0.0     84.4
