     7     1
    GDAS    14     8    22     0     0
    GDAS    14     8    29     0     0
    GDAS    14     9     1     0     0
    GDAS    14     9     8     0     0
    GDAS    14     9    15     0     0
    GDAS    14     9    22     0     0
    GDAS    14     9    29     0     0
     1 BACKWARD OMEGA   
    14     9    23     6   56.467   -2.973   100.0
     4 PRESSURE AIR_TEMP RAINFALL RELHUMID
     1     1    14     9    23     6     0     0     0.0   56.467   -2.973    100.0    973.3    282.7      0.0     92.9
     1     1    14     9    23     5     0     1    -1.0   56.472   -3.239    134.6    967.8    282.6      0.0     92.7
     1     1    14     9    23     4     0     2    -2.0   56.450   -3.534    171.3    961.6    282.6      0.0     93.8
     1     1    14     9    23     3     0     3    -3.0   56.399   -3.855    200.3    957.7    282.8      0.0     96.1
     1     1    14     9    23     2     0     2    -4.0   56.328   -4.178    212.2    959.3    283.0      0.0     94.6
     1     1    14     9    23     1     0     1    -5.0   56.253   -4.486    199.3    964.1    283.3      0.0     93.9
     1     1    14     9    23     0     0     0    -6.0   56.178   -4.767    156.5    971.5    283.8      0.2     95.5
     1     1    14     9    22    23     0     1    -7.0   56.105   -5.003    100.4    981.5    284.5      0.0     93.2
     1     1    14     9    22    22     0     2    -8.0   56.036   -5.203     58.1    994.7    285.2      0.0     88.6
     1     1    14     9    22    21     0     3    -9.0   55.967   -5.404     31.3   1002.2    285.7      0.0     86.9
     1     1    14     9    22    20     0     2   -10.0   55.898   -5.610     16.8   1008.6    286.3      0.1     83.3
     1     1    14     9    22    19     0     1   -11.0   55.816   -5.813     10.1   1012.1    286.8      0.1     79.0
     1     1    14     9    22    18     0     0   -12.0   55.708   -5.998      7.7   1014.2    287.2      0.1     73.7
     1     1    14     9    22    17     0     1   -13.0   55.592   -6.163      7.1   1013.7    287.8      0.0     73.4
     1     1    14     9    22    16     0     2   -14.0   55.479   -6.312      7.6   1012.9    288.6      0.0     71.9
     1     1    14     9    22    15     0     3   -15.0   55.367   -6.439      9.0   1011.9    289.7      0.0     69.3
     1     1    14     9    22    14     0     2   -16.0   55.261   -6.553     11.0   1010.9    289.9      0.0     68.7
     1     1    14     9    22    13     0     1   -17.0   55.166   -6.660     13.8   1009.6    289.9      0.0     67.9
     1     1    14     9    22    12     0     0   -18.0   55.082   -6.752     17.7   1008.2    289.8      0.0     66.8
     1     1    14     9    22    11     0     1   -19.0   55.005   -6.830     23.7   1006.2    288.5      0.0     69.3
     1     1    14     9    22    10     0     2   -20.0   54.929   -6.908     32.9   1005.0    286.8      0.0     73.5
     1     1    14     9    22     9     0     3   -21.0   54.847   -6.992     46.1   1003.8    285.0      0.0     77.9
     1     1    14     9    22     8     0     2   -22.0   54.763   -7.088     62.1   1002.0    283.8      0.0     79.7
     1     1    14     9    22     7     0     1   -23.0   54.679   -7.208     77.7    999.8    283.1      0.0     80.5
     1     1    14     9    22     6     0     0   -24.0   54.595   -7.353     89.6    998.2    282.7      0.0     80.4
     1     1    14     9    22     5     0     1   -25.0   54.514   -7.510     96.4    997.7    283.3      0.0     78.6
     1     1    14     9    22     4     0     2   -26.0   54.438   -7.667     98.5    997.9    283.8      0.0     76.9
     1     1    14     9    22     3     0     3   -27.0   54.367   -7.822     96.9    998.5    284.2      0.0     75.3
     1     1    14     9    22     2     0     2   -28.0   54.299   -7.974     91.3    999.2    284.4      0.0     73.5
     1     1    14     9    22     1     0     1   -29.0   54.234   -8.122     83.1   1001.7    284.2      0.0     72.6
     1     1    14     9    22     0     0     0   -30.0   54.173   -8.269     75.0   1004.2    284.0      0.0     72.0
     1     1    14     9    21    23     0     1   -31.0   54.118   -8.390     67.8   1006.2    283.5      0.0     71.0
     1     1    14     9    21    22     0     2   -32.0   54.064   -8.457     60.6   1007.7    283.0      0.0     70.2
     1     1    14     9    21    21     0     3   -33.0   54.011   -8.473     52.4   1008.8    282.5      0.0     69.6
     1     1    14     9    21    20     0     2   -34.0   53.959   -8.459     45.0   1009.1    283.0      0.0     67.9
     1     1    14     9    21    19     0     1   -35.0   53.911   -8.437     40.2   1008.9    283.9      0.0     66.2
     1     1    14     9    21    18     0     0   -36.0   53.865   -8.406     37.6   1008.5    284.8      0.0     64.6
     1     1    14     9    21    17     0     1   -37.0   53.818   -8.368     36.0   1008.2    286.7      0.0     64.4
     1     1    14     9    21    16     0     2   -38.0   53.764   -8.328     34.1   1008.1    288.4      0.0     64.2
     1     1    14     9    21    15     0     3   -39.0   53.704   -8.287     32.0   1007.9    290.1      0.0     64.1
     1     1    14     9    21    14     0     2   -40.0   53.648   -8.238     29.9   1008.2    289.8      0.0     66.2
     1     1    14     9    21    13     0     1   -41.0   53.602   -8.172     28.1   1008.4    289.5      0.0     68.5
     1     1    14     9    21    12     0     0   -42.0   53.567   -8.090     26.5   1008.6    289.2      0.0     70.8
     1     1    14     9    21    11     0     1   -43.0   53.546   -7.999     25.2   1008.1    287.3      0.0     77.0
     1     1    14     9    21    10     0     2   -44.0   53.547   -7.910     24.6   1008.0    285.4      0.0     83.0
     1     1    14     9    21     9     0     3   -45.0   53.567   -7.823     24.8   1007.8    283.5      0.0     88.9
     1     1    14     9    21     8     0     2   -46.0   53.604   -7.735     26.3   1007.4    282.1      0.0     89.4
     1     1    14     9    21     7     0     1   -47.0   53.650   -7.643     29.6   1006.7    280.7      0.0     89.8
     1     1    14     9    21     6     0     0   -48.0   53.709   -7.543     35.5   1005.7    279.4      0.0     89.9
     1     1    14     9    21     5     0     1   -49.0   53.782   -7.448     42.9   1004.6    279.9      0.0     90.6
     1     1    14     9    21     4     0     2   -50.0   53.870   -7.371     50.0   1003.8    280.4      0.0     91.4
     1     1    14     9    21     3     0     3   -51.0   53.974   -7.315     56.1   1003.0    280.7      0.0     92.3
     1     1    14     9    21     2     0     2   -52.0   54.091   -7.271     61.9   1002.4    281.2      0.0     91.9
     1     1    14     9    21     1     0     1   -53.0   54.218   -7.227     67.5   1001.4    281.7      0.0     91.2
     1     1    14     9    21     0     0     0   -54.0   54.356   -7.187     70.3   1000.9    282.1      0.0     90.5
     1     1    14     9    20    23     0     1   -55.0   54.505   -7.151     67.6   1000.9    282.6      0.0     89.2
     1     1    14     9    20    22     0     2   -56.0   54.657   -7.124     57.8   1002.1    282.9      0.0     88.4
     1     1    14     9    20    21     0     3   -57.0   54.808   -7.110     41.9   1003.9    283.1      0.0     87.9
     1     1    14     9    20    20     0     2   -58.0   54.954   -7.108     24.6   1005.4    283.6      0.0     85.5
     1     1    14     9    20    19     0     1   -59.0   55.100   -7.108     13.1   1008.2    284.5      0.0     82.9
     1     1    14     9    20    18     0     0   -60.0   55.268   -7.102      6.1   1010.4    285.7      0.0     80.2
     1     1    14     9    20    17     0     1   -61.0   55.465   -7.101      1.8   1013.3    287.0      0.0     78.0
     1     1    14     9    20    16     0     2   -62.0   55.687   -7.116      0.0   1016.3    287.8      0.0     78.6
     1     1    14     9    20    15     0     3   -63.0   55.928   -7.151      0.0   1019.2    287.9      0.0     82.5
     1     1    14     9    20    14     0     2   -64.0   56.175   -7.205      0.4   1020.5    287.8      0.0     82.6
     1     1    14     9    20    13     0     1   -65.0   56.416   -7.274      0.8   1020.6    287.7      0.0     82.4
     1     1    14     9    20    12     0     0   -66.0   56.652   -7.349      0.9   1020.9    287.8      0.2     83.5
     1     1    14     9    20    11     0     1   -67.0   56.882   -7.431      0.8   1020.7    287.7      0.0     83.5
     1     1    14     9    20    10     0     2   -68.0   57.104   -7.539      0.6   1020.0    287.6      0.0     83.3
     1     1    14     9    20     9     0     3   -69.0   57.316   -7.690      0.4   1018.9    287.5      0.0     83.6
     1     1    14     9    20     8     0     2   -70.0   57.528   -7.884      0.1   1018.8    287.4      0.0     84.2
     1     1    14     9    20     7     0     1   -71.0   57.743   -8.112      0.1   1018.9    287.3      0.0     84.7
     1     1    14     9    20     6     0     0   -72.0   57.959   -8.373      0.0   1018.6    287.2      0.0     85.2
