     7     1
    GDAS    14     8    22     0     0
    GDAS    14     8    29     0     0
    GDAS    14     9     1     0     0
    GDAS    14     9     8     0     0
    GDAS    14     9    15     0     0
    GDAS    14     9    22     0     0
    GDAS    14     9    29     0     0
     1 BACKWARD OMEGA   
    14     9    18    12   56.467   -2.973   100.0
     4 PRESSURE AIR_TEMP RAINFALL RELHUMID
     1     1    14     9    18    12     0     0     0.0   56.467   -2.973    100.0    972.5    286.8      0.0     95.8
     1     1    14     9    18    11     0     1    -1.0   56.435   -2.790     70.7    982.8    287.0      0.0     95.3
     1     1    14     9    18    10     0     2    -2.0   56.399   -2.607     51.3    990.1    287.0      0.0     95.5
     1     1    14     9    18     9     0     3    -3.0   56.358   -2.418     38.0    996.4    286.9      0.0     95.7
     1     1    14     9    18     8     0     2    -4.0   56.312   -2.222     28.3   1002.7    286.9      0.0     95.5
     1     1    14     9    18     7     0     1    -5.0   56.262   -2.018     21.6   1008.4    286.9      0.0     95.1
     1     1    14     9    18     6     0     0    -6.0   56.208   -1.805     17.3   1010.4    287.0      0.0     94.6
     1     1    14     9    18     5     0     1    -7.0   56.148   -1.577     14.9   1011.5    287.0      0.0     95.0
     1     1    14     9    18     4     0     2    -8.0   56.085   -1.330     14.1   1012.6    287.0      0.0     95.8
     1     1    14     9    18     3     0     3    -9.0   56.023   -1.064     14.9   1013.5    287.2      0.0     97.0
     1     1    14     9    18     2     0     2   -10.0   55.969   -0.789     16.8   1013.4    287.2      0.0     97.0
     1     1    14     9    18     1     0     1   -11.0   55.926   -0.521     18.8   1013.1    287.2      0.0     97.0
     1     1    14     9    18     0     0     0   -12.0   55.894   -0.262     20.7   1012.9    287.2      0.0     97.1
     1     1    14     9    17    23     0     1   -13.0   55.869   -0.012     22.6   1012.7    287.2      0.0     96.8
     1     1    14     9    17    22     0     2   -14.0   55.823    0.260     23.2   1012.3    287.4      0.0     95.4
     1     1    14     9    17    21     0     3   -15.0   55.749    0.562     22.1   1012.8    287.5      0.0     94.9
     1     1    14     9    17    20     0     2   -16.0   55.672    0.875     20.9   1013.0    287.6      0.0     94.5
     1     1    14     9    17    19     0     1   -17.0   55.592    1.207     20.0   1013.1    287.8      0.0     93.9
     1     1    14     9    17    18     0     0   -18.0   55.511    1.560     19.8   1013.0    288.0      0.3     93.6
     1     1    14     9    17    17     0     1   -19.0   55.429    1.929     19.9   1012.8    288.2      0.0     93.0
     1     1    14     9    17    16     0     2   -20.0   55.349    2.316     20.1   1012.5    288.4      0.0     92.7
     1     1    14     9    17    15     0     3   -21.0   55.275    2.725     20.2   1012.3    288.6      0.0     93.0
     1     1    14     9    17    14     0     2   -22.0   55.201    3.151     19.8   1012.3    288.8      0.3     92.2
     1     1    14     9    17    13     0     1   -23.0   55.122    3.579     18.9   1012.3    288.9      0.2     91.4
     1     1    14     9    17    12     0     0   -24.0   55.047    4.012     18.4   1012.0    289.1      0.4     91.2
     1     1    14     9    17    11     0     1   -25.0   54.962    4.455     17.7   1013.6    289.3      0.4     91.0
     1     1    14     9    17    10     0     2   -26.0   54.852    4.907     16.3   1014.3    289.6      0.1     91.1
     1     1    14     9    17     9     0     3   -27.0   54.723    5.368     15.2   1014.3    289.8      0.1     91.2
     1     1    14     9    17     8     0     2   -28.0   54.597    5.844     14.8   1014.3    290.0      0.4     90.1
     1     1    14     9    17     7     0     1   -29.0   54.492    6.333     14.6   1014.3    290.1      0.6     88.8
     1     1    14     9    17     6     0     0   -30.0   54.405    6.827     14.3   1014.7    290.3      0.0     87.7
     1     1    14     9    17     5     0     1   -31.0   54.325    7.321     14.0   1014.6    290.3      0.1     85.1
     1     1    14     9    17     4     0     2   -32.0   54.248    7.809     13.4   1015.3    290.3      0.0     82.7
     1     1    14     9    17     3     0     3   -33.0   54.177    8.258     12.8   1016.5    289.6      0.0     80.8
     1     1    14     9    17     2     0     2   -34.0   54.127    8.640     12.7   1016.4    288.7      0.0     80.1
     1     1    14     9    17     1     0     1   -35.0   54.103    8.962     13.3   1016.1    288.2      0.0     79.6
     1     1    14     9    17     0     0     0   -36.0   54.092    9.256     14.6   1014.8    288.2      0.0     79.6
     1     1    14     9    16    23     0     1   -37.0   54.083    9.543     16.4   1013.7    288.4      0.0     79.0
     1     1    14     9    16    22     0     2   -38.0   54.073    9.828     19.3   1013.2    288.6      0.0     78.0
     1     1    14     9    16    21     0     3   -39.0   54.061   10.122     23.2   1013.1    288.9      0.0     76.3
     1     1    14     9    16    20     0     2   -40.0   54.053   10.436     25.4   1012.4    289.5      0.0     73.5
     1     1    14     9    16    19     0     1   -41.0   54.053   10.771     23.4   1012.7    289.9      0.0     70.7
     1     1    14     9    16    18     0     0   -42.0   54.059   11.119     19.2   1013.6    290.2      0.0     68.2
     1     1    14     9    16    17     0     1   -43.0   54.064   11.464     15.8   1014.1    291.7      0.0     63.2
     1     1    14     9    16    16     0     2   -44.0   54.066   11.798     13.7   1014.1    293.5      0.0     58.1
     1     1    14     9    16    15     0     3   -45.0   54.067   12.128     11.9   1014.6    295.5      0.0     53.3
     1     1    14     9    16    14     0     2   -46.0   54.068   12.446     10.5   1016.7    296.0      0.0     54.2
     1     1    14     9    16    13     0     1   -47.0   54.064   12.746      9.5   1017.6    296.7      0.0     54.7
     1     1    14     9    16    12     0     0   -48.0   54.052   13.027      8.6   1017.8    297.4      0.0     55.0
     1     1    14     9    16    11     0     1   -49.0   54.040   13.306      8.0   1018.9    295.0      0.0     57.5
     1     1    14     9    16    10     0     2   -50.0   54.034   13.604      7.6   1020.1    292.8      0.0     60.2
     1     1    14     9    16     9     0     3   -51.0   54.021   13.927      7.4   1021.4    291.0      0.0     63.2
     1     1    14     9    16     8     0     2   -52.0   53.999   14.259      7.5   1020.7    290.8      0.0     62.3
     1     1    14     9    16     7     0     1   -53.0   53.974   14.577      7.7   1020.1    290.3      0.0     61.8
     1     1    14     9    16     6     0     0   -54.0   53.948   14.881      8.4   1020.3    289.0      0.0     62.3
     1     1    14     9    16     5     0     1   -55.0   53.918   15.163      9.7   1018.6    288.4      0.0     61.1
     1     1    14     9    16     4     0     2   -56.0   53.883   15.415     12.1   1016.3    287.6      0.0     60.5
     1     1    14     9    16     3     0     3   -57.0   53.844   15.645     16.9   1013.9    286.8      0.0     59.9
     1     1    14     9    16     2     0     2   -58.0   53.799   15.871     25.1   1011.9    287.0      0.0     60.4
     1     1    14     9    16     1     0     1   -59.0   53.744   16.114     37.4   1009.2    287.3      0.0     61.0
     1     1    14     9    16     0     0     0   -60.0   53.680   16.386     52.8   1005.8    287.7      0.0     61.7
     1     1    14     9    15    23     0     1   -61.0   53.619   16.692     69.0   1001.6    288.2      0.0     62.1
     1     1    14     9    15    22     0     2   -62.0   53.576   17.028     83.0    997.8    288.6      0.0     61.9
     1     1    14     9    15    21     0     3   -63.0   53.551   17.378     92.3    996.5    289.0      0.0     61.3
     1     1    14     9    15    20     0     2   -64.0   53.542   17.730     96.8    995.8    289.5      0.0     60.2
     1     1    14     9    15    19     0     1   -65.0   53.546   18.076     97.7    996.0    290.0      0.0     58.9
     1     1    14     9    15    18     0     0   -66.0   53.562   18.418     97.2    999.0    290.7      0.0     55.4
     1     1    14     9    15    17     0     1   -67.0   53.584   18.750     95.9   1001.5    292.1      0.0     50.1
     1     1    14     9    15    16     0     2   -68.0   53.611   19.058     92.4   1003.6    293.6      0.0     46.5
     1     1    14     9    15    15     0     3   -69.0   53.646   19.346     87.1   1002.1    294.8      0.0     43.7
     1     1    14     9    15    14     0     2   -70.0   53.676   19.621     83.2   1001.3    294.9      0.0     43.7
     1     1    14     9    15    13     0     1   -71.0   53.695   19.890     83.3    999.4    294.7      0.0     44.3
     1     1    14     9    15    12     0     0   -72.0   53.706   20.153     86.0    998.3    294.6      0.0     45.3
