     7     1
    GDAS    14     8    22     0     0
    GDAS    14     8    29     0     0
    GDAS    14     9     1     0     0
    GDAS    14     9     8     0     0
    GDAS    14     9    15     0     0
    GDAS    14     9    22     0     0
    GDAS    14     9    29     0     0
     1 BACKWARD OMEGA   
    14     9     4    17   56.467   -2.973   100.0
     4 PRESSURE AIR_TEMP RAINFALL RELHUMID
     1     1    14     9     4    17     0     1     0.0   56.467   -2.973    100.0    976.1    288.8      0.0     85.3
     1     1    14     9     4    16     0     2    -1.0   56.363   -2.954     97.9    980.5    289.3      0.0     82.6
     1     1    14     9     4    15     0     3    -2.0   56.259   -2.910     99.6    984.8    289.6      0.0     80.3
     1     1    14     9     4    14     0     2    -3.0   56.158   -2.841    105.6    989.0    289.8      0.0     79.0
     1     1    14     9     4    13     0     1    -4.0   56.062   -2.753    114.3    992.3    289.8      0.0     78.5
     1     1    14     9     4    12     0     0    -5.0   55.968   -2.649    122.1    994.2    289.7      0.0     78.7
     1     1    14     9     4    11     0     1    -6.0   55.860   -2.541    129.9    993.8    289.3      0.0     79.2
     1     1    14     9     4    10     0     2    -7.0   55.731   -2.443    140.7    992.1    288.9      0.0     80.5
     1     1    14     9     4     9     0     3    -8.0   55.585   -2.356    156.2    988.7    288.3      0.0     82.7
     1     1    14     9     4     8     0     2    -9.0   55.432   -2.279    173.6    983.8    287.8      0.0     83.6
     1     1    14     9     4     7     0     1   -10.0   55.277   -2.207    189.7    979.3    287.3      0.0     84.7
     1     1    14     9     4     6     0     0   -11.0   55.121   -2.147    207.3    974.2    286.8      0.0     86.2
     1     1    14     9     4     5     0     1   -12.0   54.968   -2.085    222.5    969.1    286.5      0.0     85.7
     1     1    14     9     4     4     0     2   -13.0   54.824   -1.998    226.7    967.0    286.3      0.0     85.4
     1     1    14     9     4     3     0     3   -14.0   54.690   -1.879    218.9    970.7    286.3      0.0     85.5
     1     1    14     9     4     2     0     2   -15.0   54.569   -1.735    206.0    976.0    286.6      0.0     86.0
     1     1    14     9     4     1     0     1   -16.0   54.458   -1.573    194.0    981.2    286.8      0.0     85.8
     1     1    14     9     4     0     0     0   -17.0   54.354   -1.396    185.8    986.4    287.1      0.0     85.2
     1     1    14     9     3    23     0     1   -18.0   54.256   -1.196    188.3    991.1    287.5      0.0     84.2
     1     1    14     9     3    22     0     2   -19.0   54.164   -0.964    213.2    992.9    287.9      0.0     82.8
     1     1    14     9     3    21     0     3   -20.0   54.077   -0.699    262.0    986.6    288.0      0.0     81.1
     1     1    14     9     3    20     0     2   -21.0   53.993   -0.429    323.8    977.6    288.0      0.0     78.7
     1     1    14     9     3    19     0     1   -22.0   53.911   -0.181    388.1    969.9    287.8      0.0     78.0
     1     1    14     9     3    18     0     0   -23.0   53.842    0.039    420.0    969.5    287.1      0.0     80.7
     1     1    14     9     3    17     0     1   -24.0   53.798    0.253    414.7    973.8    287.5      0.0     80.7
     1     1    14     9     3    16     0     2   -25.0   53.775    0.479    408.9    974.8    287.6      0.0     80.4
     1     1    14     9     3    15     0     3   -26.0   53.768    0.710    407.3    975.3    287.6      0.0     80.2
     1     1    14     9     3    14     0     2   -27.0   53.765    0.930    413.3    975.6    287.5      0.0     80.8
     1     1    14     9     3    13     0     1   -28.0   53.758    1.128    422.9    974.7    287.4      0.0     80.9
     1     1    14     9     3    12     0     0   -29.0   53.743    1.307    430.0    974.3    287.3      0.0     80.9
     1     1    14     9     3    11     0     1   -30.0   53.719    1.483    433.2    973.9    287.3      0.0     80.6
     1     1    14     9     3    10     0     2   -31.0   53.688    1.672    433.4    974.2    287.3      0.0     80.3
     1     1    14     9     3     9     0     3   -32.0   53.652    1.878    432.9    974.5    287.3      0.0     80.1
     1     1    14     9     3     8     0     2   -33.0   53.619    2.091    435.1    974.3    287.3      0.0     79.7
     1     1    14     9     3     7     0     1   -34.0   53.591    2.295    440.4    973.3    287.3      0.0     79.0
     1     1    14     9     3     6     0     0   -35.0   53.567    2.489    445.6    972.3    287.3      0.0     78.2
     1     1    14     9     3     5     0     1   -36.0   53.539    2.680    448.7    971.8    287.3      0.0     79.4
     1     1    14     9     3     4     0     2   -37.0   53.501    2.876    450.1    971.7    287.4      0.0     81.4
     1     1    14     9     3     3     0     3   -38.0   53.454    3.076    452.4    971.4    287.4      0.0     83.6
     1     1    14     9     3     2     0     2   -39.0   53.406    3.286    454.5    971.0    287.4      0.0     82.6
     1     1    14     9     3     1     0     1   -40.0   53.366    3.516    454.7    971.1    287.6      0.0     81.3
     1     1    14     9     3     0     0     0   -41.0   53.332    3.776    453.1    971.5    287.8      0.0     79.9
     1     1    14     9     2    23     0     1   -42.0   53.307    4.059    453.2    971.8    287.8      0.0     80.2
     1     1    14     9     2    22     0     2   -43.0   53.293    4.346    459.6    971.1    287.8      0.0     79.4
     1     1    14     9     2    21     0     3   -44.0   53.289    4.630    471.0    969.4    287.9      0.0     77.4
     1     1    14     9     2    20     0     2   -45.0   53.298    4.905    485.4    967.6    287.9      0.0     78.2
     1     1    14     9     2    19     0     1   -46.0   53.323    5.166    500.9    965.5    287.7      0.0     79.4
     1     1    14     9     2    18     0     0   -47.0   53.363    5.417    513.9    963.7    287.7      0.0     78.3
     1     1    14     9     2    17     0     1   -48.0   53.420    5.656    520.3    962.2    287.7      0.0     77.3
     1     1    14     9     2    16     0     2   -49.0   53.493    5.880    519.0    962.2    287.8      0.0     76.9
     1     1    14     9     2    15     0     3   -50.0   53.579    6.095    516.7    962.7    287.8      0.0     76.9
     1     1    14     9     2    14     0     2   -51.0   53.658    6.311    522.2    962.7    287.5      0.0     77.6
     1     1    14     9     2    13     0     1   -52.0   53.719    6.532    535.1    961.1    287.2      0.0     78.5
     1     1    14     9     2    12     0     0   -53.0   53.765    6.760    550.1    959.2    286.8      0.0     79.3
     1     1    14     9     2    11     0     1   -54.0   53.802    6.996    565.5    957.1    286.6      0.0     80.0
     1     1    14     9     2    10     0     2   -55.0   53.835    7.240    582.1    954.6    286.3      0.0     82.2
     1     1    14     9     2     9     0     3   -56.0   53.865    7.492    597.7    952.1    286.1      0.0     82.0
     1     1    14     9     2     8     0     2   -57.0   53.891    7.755    609.0    950.4    286.1      0.0     81.0
     1     1    14     9     2     7     0     1   -58.0   53.911    8.041    616.3    949.4    286.0      0.1     81.1
     1     1    14     9     2     6     0     0   -59.0   53.923    8.359    625.3    948.6    285.9      0.1     81.9
     1     1    14     9     2     5     0     1   -60.0   53.933    8.714    641.1    946.7    285.8      0.0     80.9
     1     1    14     9     2     4     0     2   -61.0   53.945    9.111    662.3    943.3    285.7      0.0     81.4
     1     1    14     9     2     3     0     3   -62.0   53.970    9.550    688.6    938.6    285.4      0.0     83.3
     1     1    14     9     2     2     0     2   -63.0   54.009   10.035    733.5    932.9    285.1      0.0     84.1
     1     1    14     9     2     1     0     1   -64.0   54.053   10.545    787.7    924.8    284.7      0.0     84.8
     1     1    14     9     2     0     0     0   -65.0   54.107   11.066    838.5    920.0    284.5      0.0     85.6
     1     1    14     9     1    23     0     1   -66.0   54.158   11.561    883.5    914.4    284.1      0.2     85.0
     1     1    14     9     1    22     0     2   -67.0   54.192   12.003    915.5    910.9    283.7      0.2     86.3
     1     1    14     9     1    21     0     3   -68.0   54.214   12.403    933.4    909.7    283.5      0.2     87.8
     1     1    14     9     1    20     0     2   -69.0   54.224   12.782    944.9    910.5    283.6      1.1     87.1
     1     1    14     9     1    19     0     1   -70.0   54.220   13.155    957.0    909.2    283.6      1.1     87.2
     1     1    14     9     1    18     0     0   -71.0   54.205   13.510    959.3    908.0    283.6      1.1     87.9
     1     1    14     9     1    17     0     1   -72.0   54.182   13.850    950.3    909.4    283.7      0.8     87.9
