     7     1
    GDAS    14     8    22     0     0
    GDAS    14     8    29     0     0
    GDAS    14     9     1     0     0
    GDAS    14     9     8     0     0
    GDAS    14     9    15     0     0
    GDAS    14     9    22     0     0
    GDAS    14     9    29     0     0
     1 BACKWARD OMEGA   
    14     9    15    18   56.467   -2.973   100.0
     4 PRESSURE AIR_TEMP RAINFALL RELHUMID
     1     1    14     9    15    18     0     0     0.0   56.467   -2.973    100.0    976.9    285.2      0.5     99.0
     1     1    14     9    15    17     0     1    -1.0   56.527   -2.724     48.3    992.2    285.6      1.0     99.0
     1     1    14     9    15    16     0     2    -2.0   56.604   -2.497     20.5    999.4    285.9      0.3     98.9
     1     1    14     9    15    15     0     3    -3.0   56.699   -2.259      5.7   1006.9    286.3      0.3     99.0
     1     1    14     9    15    14     0     2    -4.0   56.808   -1.982      0.0   1017.4    286.6      0.0     98.7
     1     1    14     9    15    13     0     1    -5.0   56.925   -1.646      0.0   1018.9    286.5      0.0     98.1
     1     1    14     9    15    12     0     0    -6.0   57.045   -1.248      0.0   1019.8    286.6      0.2     97.9
     1     1    14     9    15    11     0     1    -7.0   57.165   -0.788      0.0   1020.6    286.7      0.0     96.2
     1     1    14     9    15    10     0     2    -8.0   57.281   -0.313      0.0   1021.4    286.6      0.0     94.0
     1     1    14     9    15     9     0     3    -9.0   57.381    0.194      0.0   1022.1    286.7      0.0     94.5
     1     1    14     9    15     8     0     2   -10.0   57.466    0.737      0.0   1023.2    287.0      0.0     93.3
     1     1    14     9    15     7     0     1   -11.0   57.553    1.269      0.0   1024.3    287.1      0.0     91.3
     1     1    14     9    15     6     0     0   -12.0   57.642    1.779      0.0   1025.5    287.3      0.0     89.3
     1     1    14     9    15     5     0     1   -13.0   57.733    2.278      0.0   1025.8    287.5      0.0     87.9
     1     1    14     9    15     4     0     2   -14.0   57.823    2.780      0.0   1026.2    287.7      0.0     85.7
     1     1    14     9    15     3     0     3   -15.0   57.909    3.284      0.0   1026.5    287.9      0.0     82.8
     1     1    14     9    15     2     0     2   -16.0   57.985    3.788      0.0   1026.7    288.1      0.0     81.0
     1     1    14     9    15     1     0     1   -17.0   58.049    4.278      0.0   1026.6    288.2      0.0     78.6
     1     1    14     9    15     0     0     0   -18.0   58.107    4.753      0.0   1026.7    288.3      0.0     76.1
     1     1    14     9    14    23     0     1   -19.0   58.158    5.208      0.5   1026.6    288.6      0.0     73.9
     1     1    14     9    14    22     0     2   -20.0   58.205    5.641      3.6   1024.3    288.8      0.0     70.6
     1     1    14     9    14    21     0     3   -21.0   58.244    6.056      8.8   1019.2    288.8      0.0     66.8
     1     1    14     9    14    20     0     2   -22.0   58.288    6.443     13.8   1005.7    287.5      0.0     68.2
     1     1    14     9    14    19     0     1   -23.0   58.343    6.800     20.0    989.7    286.2      0.0     67.9
     1     1    14     9    14    18     0     0   -24.0   58.402    7.152     29.9    978.2    285.6      0.0     66.7
     1     1    14     9    14    17     0     1   -25.0   58.465    7.499     33.4    977.5    286.8      0.0     66.0
     1     1    14     9    14    16     0     2   -26.0   58.533    7.828     20.3    980.0    287.8      0.0     64.6
     1     1    14     9    14    15     0     3   -27.0   58.601    8.139      5.0    985.4    289.4      0.0     61.6
     1     1    14     9    14    14     0     2   -28.0   58.671    8.437      0.0    990.2    289.8      0.0     62.9
     1     1    14     9    14    13     0     1   -29.0   58.743    8.716      0.0    996.2    290.4      0.0     63.9
     1     1    14     9    14    12     0     0   -30.0   58.816    8.981      0.0   1003.3    291.1      0.0     64.4
     1     1    14     9    14    11     0     1   -31.0   58.893    9.213      0.0   1007.0    290.4      0.0     67.8
     1     1    14     9    14    10     0     2   -32.0   58.976    9.393      0.3   1010.2    289.8      0.0     71.1
     1     1    14     9    14     9     0     3   -33.0   59.068    9.532      1.6   1011.0    289.3      0.0     74.5
     1     1    14     9    14     8     0     2   -34.0   59.163    9.648      2.9   1010.3    288.2      0.0     75.9
     1     1    14     9    14     7     0     1   -35.0   59.259    9.757      3.7   1010.1    287.1      0.0     76.7
     1     1    14     9    14     6     0     0   -36.0   59.357    9.857      4.0   1010.2    285.9      0.0     77.3
     1     1    14     9    14     5     0     1   -37.0   59.449    9.945      4.1   1010.6    285.0      0.0     74.3
     1     1    14     9    14     4     0     2   -38.0   59.527   10.018      4.3   1010.5    283.9      0.0     71.3
     1     1    14     9    14     3     0     3   -39.0   59.590   10.076      4.6   1008.5    282.5      0.0     68.4
     1     1    14     9    14     2     0     2   -40.0   59.639   10.119      5.2   1008.1    282.2      0.0     67.9
     1     1    14     9    14     1     0     1   -41.0   59.674   10.145      5.8   1008.0    282.0      0.0     67.3
     1     1    14     9    14     0     0     0   -42.0   59.696   10.156      6.3   1008.3    282.0      0.0     66.8
     1     1    14     9    13    23     0     1   -43.0   59.710   10.160      6.8   1007.4    282.2      0.0     66.2
     1     1    14     9    13    22     0     2   -44.0   59.719   10.166      7.4   1006.6    282.5      0.0     65.4
     1     1    14     9    13    21     0     3   -45.0   59.724   10.174      8.1   1005.9    282.8      0.0     64.7
     1     1    14     9    13    20     0     2   -46.0   59.727   10.191      8.9   1006.1    283.2      0.0     63.7
     1     1    14     9    13    19     0     1   -47.0   59.731   10.223     10.1   1006.3    283.7      0.0     62.5
     1     1    14     9    13    18     0     0   -48.0   59.738   10.270     11.8   1006.2    284.2      0.0     61.3
     1     1    14     9    13    17     0     1   -49.0   59.748   10.321     14.2   1005.4    286.4      0.0     60.1
     1     1    14     9    13    16     0     2   -50.0   59.760   10.366     17.4   1004.4    288.3      0.0     59.0
     1     1    14     9    13    15     0     3   -51.0   59.774   10.403     21.2   1003.4    290.1      0.0     58.1
     1     1    14     9    13    14     0     2   -52.0   59.790   10.441     25.2   1002.3    290.6      0.0     59.0
     1     1    14     9    13    13     0     1   -53.0   59.807   10.487     29.0   1001.5    290.9      0.0     59.7
     1     1    14     9    13    12     0     0   -54.0   59.825   10.544     32.1   1000.8    291.2      0.0     60.2
     1     1    14     9    13    11     0     1   -55.0   59.837   10.604     35.2   1000.5    290.2      0.0     64.1
     1     1    14     9    13    10     0     2   -56.0   59.838   10.660     39.5   1000.3    289.2      0.0     68.3
     1     1    14     9    13     9     0     3   -57.0   59.830   10.713     45.8   1000.1    288.2      0.0     72.7
     1     1    14     9    13     8     0     2   -58.0   59.819   10.768     52.6   1000.1    287.0      0.0     75.6
     1     1    14     9    13     7     0     1   -59.0   59.809   10.833     58.4    999.7    286.1      0.0     78.4
     1     1    14     9    13     6     0     0   -60.0   59.799   10.908     62.7    999.5    285.4      0.0     81.2
     1     1    14     9    13     5     0     1   -61.0   59.799   11.000     71.1    999.1    285.5      0.0     80.8
     1     1    14     9    13     4     0     2   -62.0   59.818   11.114     87.9    995.5    285.4      0.0     80.4
     1     1    14     9    13     3     0     3   -63.0   59.856   11.248    109.6    991.4    285.2      0.0     80.0
     1     1    14     9    13     2     0     2   -64.0   59.904   11.392    131.1    987.8    285.3      0.0     79.7
     1     1    14     9    13     1     0     1   -65.0   59.955   11.539    148.3    984.8    285.3      0.0     79.3
     1     1    14     9    13     0     0     0   -66.0   60.013   11.688    160.0    982.4    285.4      0.0     79.0
     1     1    14     9    12    23     0     1   -67.0   60.068   11.835    168.1    980.2    285.4      0.0     77.8
     1     1    14     9    12    22     0     2   -68.0   60.115   11.972    177.0    978.3    285.5      0.0     76.5
     1     1    14     9    12    21     0     3   -69.0   60.156   12.092    190.7    975.6    285.6      0.0     75.1
     1     1    14     9    12    20     0     2   -70.0   60.194   12.202    211.4    971.9    285.4      0.0     75.3
     1     1    14     9    12    19     0     1   -71.0   60.236   12.307    239.2    967.4    285.5      0.0     75.5
     1     1    14     9    12    18     0     0   -72.0   60.282   12.406    273.2    961.9    285.5      0.0     76.0
