     7     1
    GDAS    14     8    22     0     0
    GDAS    14     8    29     0     0
    GDAS    14     9     1     0     0
    GDAS    14     9     8     0     0
    GDAS    14     9    15     0     0
    GDAS    14     9    22     0     0
    GDAS    14     9    29     0     0
     1 BACKWARD OMEGA   
    14     9     4    15   56.467   -2.973   100.0
     4 PRESSURE AIR_TEMP RAINFALL RELHUMID
     1     1    14     9     4    15     0     3     0.0   56.467   -2.973    100.0    976.3    289.1      0.0     83.1
     1     1    14     9     4    14     0     2    -1.0   56.356   -2.924     92.1    983.2    289.5      0.0     81.0
     1     1    14     9     4    13     0     1    -2.0   56.257   -2.855     90.5    988.2    289.7      0.0     79.8
     1     1    14     9     4    12     0     0    -3.0   56.166   -2.769     91.8    992.5    289.6      0.0     79.4
     1     1    14     9     4    11     0     1    -4.0   56.069   -2.675     99.1    995.9    289.2      0.0     80.5
     1     1    14     9     4    10     0     2    -5.0   55.949   -2.586    116.3    996.0    289.0      0.0     81.2
     1     1    14     9     4     9     0     3    -6.0   55.805   -2.509    139.9    992.7    288.6      0.0     82.7
     1     1    14     9     4     8     0     2    -7.0   55.647   -2.438    164.1    987.7    288.1      0.0     83.4
     1     1    14     9     4     7     0     1    -8.0   55.483   -2.370    185.5    983.2    287.6      0.0     84.3
     1     1    14     9     4     6     0     0    -9.0   55.316   -2.308    205.7    978.4    287.2      0.0     85.4
     1     1    14     9     4     5     0     1   -10.0   55.152   -2.245    223.3    973.4    286.9      0.0     85.0
     1     1    14     9     4     4     0     2   -11.0   54.997   -2.168    233.2    968.9    286.6      0.0     84.6
     1     1    14     9     4     3     0     3   -12.0   54.851   -2.064    230.6    967.6    286.4      0.0     84.4
     1     1    14     9     4     2     0     2   -13.0   54.715   -1.933    216.3    970.1    286.5      0.0     85.7
     1     1    14     9     4     1     0     1   -14.0   54.591   -1.782    198.3    976.1    286.7      0.0     85.9
     1     1    14     9     4     0     0     0   -15.0   54.478   -1.615    181.6    982.2    287.0      0.0     85.5
     1     1    14     9     3    23     0     1   -16.0   54.373   -1.425    171.0    988.1    287.4      0.0     84.6
     1     1    14     9     3    22     0     2   -17.0   54.274   -1.204    175.6    993.0    287.8      0.0     83.4
     1     1    14     9     3    21     0     3   -18.0   54.182   -0.948    207.5    994.2    288.2      0.0     81.8
     1     1    14     9     3    20     0     2   -19.0   54.093   -0.681    259.1    986.2    288.4      0.0     78.9
     1     1    14     9     3    19     0     1   -20.0   54.007   -0.430    315.5    978.5    288.3      0.0     77.4
     1     1    14     9     3    18     0     0   -21.0   53.921   -0.201    375.0    971.3    288.1      0.0     77.2
     1     1    14     9     3    17     0     1   -22.0   53.856    0.015    401.0    971.6    287.2      0.0     80.4
     1     1    14     9     3    16     0     2   -23.0   53.826    0.236    389.5    976.6    287.6      0.0     80.2
     1     1    14     9     3    15     0     3   -24.0   53.815    0.466    379.9    978.1    287.7      0.0     79.8
     1     1    14     9     3    14     0     2   -25.0   53.811    0.684    377.5    979.4    287.6      0.0     80.7
     1     1    14     9     3    13     0     1   -26.0   53.804    0.879    382.8    979.3    287.5      0.0     81.3
     1     1    14     9     3    12     0     0   -27.0   53.792    1.052    391.1    978.7    287.4      0.0     81.6
     1     1    14     9     3    11     0     1   -28.0   53.773    1.220    397.5    977.8    287.3      0.0     81.3
     1     1    14     9     3    10     0     2   -29.0   53.746    1.397    399.6    977.7    287.3      0.0     81.0
     1     1    14     9     3     9     0     3   -30.0   53.713    1.589    399.7    977.9    287.3      0.0     80.7
     1     1    14     9     3     8     0     2   -31.0   53.682    1.788    401.8    977.9    287.3      0.0     80.3
     1     1    14     9     3     7     0     1   -32.0   53.659    1.981    408.8    977.0    287.3      0.0     80.1
     1     1    14     9     3     6     0     0   -33.0   53.642    2.165    419.8    975.5    287.2      0.0     79.3
     1     1    14     9     3     5     0     1   -34.0   53.621    2.345    429.6    974.0    287.2      0.0     79.7
     1     1    14     9     3     4     0     2   -35.0   53.587    2.529    435.3    973.4    287.2      0.0     80.9
     1     1    14     9     3     3     0     3   -36.0   53.542    2.718    439.4    972.9    287.2      0.0     82.7
     1     1    14     9     3     2     0     2   -37.0   53.493    2.917    443.3    972.6    287.2      0.0     83.3
     1     1    14     9     3     1     0     1   -38.0   53.451    3.131    446.1    972.2    287.3      0.0     82.9
     1     1    14     9     3     0     0     0   -39.0   53.414    3.369    447.0    972.2    287.4      0.0     81.4
     1     1    14     9     2    23     0     1   -40.0   53.386    3.629    448.2    972.3    287.6      0.0     80.4
     1     1    14     9     2    22     0     2   -41.0   53.368    3.901    453.0    971.7    287.5      0.0     81.4
     1     1    14     9     2    21     0     3   -42.0   53.362    4.177    462.4    970.6    287.5      0.0     81.4
     1     1    14     9     2    20     0     2   -43.0   53.368    4.444    475.4    968.8    287.5      0.0     80.1
     1     1    14     9     2    19     0     1   -44.0   53.390    4.694    490.5    966.9    287.4      0.0     81.0
     1     1    14     9     2    18     0     0   -45.0   53.429    4.929    507.9    964.8    287.3      0.0     83.8
     1     1    14     9     2    17     0     1   -46.0   53.486    5.149    524.6    962.2    287.1      0.0     83.9
     1     1    14     9     2    16     0     2   -47.0   53.560    5.351    537.8    960.4    287.1      0.0     83.6
     1     1    14     9     2    15     0     3   -48.0   53.644    5.539    549.5    959.0    287.0      0.0     84.0
     1     1    14     9     2    14     0     2   -49.0   53.724    5.726    563.8    957.8    286.8      0.0     84.0
     1     1    14     9     2    13     0     1   -50.0   53.788    5.918    582.1    956.0    286.5      0.0     86.9
     1     1    14     9     2    12     0     0   -51.0   53.839    6.118    605.0    953.6    286.2      0.0     90.2
     1     1    14     9     2    11     0     1   -52.0   53.887    6.324    628.0    950.3    286.0      0.0     89.0
     1     1    14     9     2    10     0     2   -53.0   53.935    6.537    646.9    947.6    285.8      0.0     89.2
     1     1    14     9     2     9     0     3   -54.0   53.980    6.756    661.4    945.3    285.7      0.0     91.2
     1     1    14     9     2     8     0     2   -55.0   54.022    6.981    671.7    943.8    285.6      0.2     92.2
     1     1    14     9     2     7     0     1   -56.0   54.068    7.214    676.4    942.8    285.5      0.3     91.5
     1     1    14     9     2     6     0     0   -57.0   54.111    7.461    675.5    942.8    285.5      0.3     91.3
     1     1    14     9     2     5     0     1   -58.0   54.140    7.729    673.2    943.2    285.8      0.1     88.9
     1     1    14     9     2     4     0     2   -59.0   54.145    8.029    675.0    942.9    286.0      0.1     87.5
     1     1    14     9     2     3     0     3   -60.0   54.139    8.370    682.8    941.5    286.0      0.2     87.6
     1     1    14     9     2     2     0     2   -61.0   54.144    8.748    690.7    939.5    285.8      0.1     87.7
     1     1    14     9     2     1     0     1   -62.0   54.153    9.169    702.9    938.2    285.7      0.1     88.3
     1     1    14     9     2     0     0     0   -63.0   54.164    9.633    737.3    933.8    285.4      0.0     90.1
     1     1    14     9     1    23     0     1   -64.0   54.178   10.082    786.8    925.5    284.9      0.0     90.7
     1     1    14     9     1    22     0     2   -65.0   54.186   10.471    821.4    920.2    284.6      0.0     91.5
     1     1    14     9     1    21     0     3   -66.0   54.184   10.811    830.8    919.5    284.5      0.0     93.1
     1     1    14     9     1    20     0     2   -67.0   54.169   11.138    831.6    920.5    284.6      0.9     93.1
     1     1    14     9     1    19     0     1   -68.0   54.148   11.480    841.0    919.6    284.6      0.8     93.6
     1     1    14     9     1    18     0     0   -69.0   54.117   11.824    865.9    917.0    284.6      0.8     94.3
     1     1    14     9     1    17     0     1   -70.0   54.083   12.156    898.0    912.4    284.2      0.5     95.3
     1     1    14     9     1    16     0     2   -71.0   54.052   12.476    925.1    910.1    284.1      0.5     96.0
     1     1    14     9     1    15     0     3   -72.0   54.014   12.796    954.0    908.5    284.0      0.8     96.4
