     7     1
    GDAS    14     8    22     0     0
    GDAS    14     8    29     0     0
    GDAS    14     9     1     0     0
    GDAS    14     9     8     0     0
    GDAS    14     9    15     0     0
    GDAS    14     9    22     0     0
    GDAS    14     9    29     0     0
     1 BACKWARD OMEGA   
    14     9    15    19   56.467   -2.973   100.0
     4 PRESSURE AIR_TEMP RAINFALL RELHUMID
     1     1    14     9    15    19     0     1     0.0   56.467   -2.973    100.0    976.9    285.2      0.5     99.1
     1     1    14     9    15    18     0     0    -1.0   56.523   -2.723     48.1    991.0    285.6      1.5     98.9
     1     1    14     9    15    17     0     1    -2.0   56.579   -2.463     20.5   1000.7    285.9      0.3     98.7
     1     1    14     9    15    16     0     2    -3.0   56.653   -2.189      6.0   1009.6    286.3      0.3     98.7
     1     1    14     9    15    15     0     3    -4.0   56.744   -1.874      0.0   1016.9    286.7      0.3     98.8
     1     1    14     9    15    14     0     2    -5.0   56.841   -1.493      0.0   1018.6    286.6      0.2     98.1
     1     1    14     9    15    13     0     1    -6.0   56.937   -1.035      0.0   1019.8    286.7      0.2     97.7
     1     1    14     9    15    12     0     0    -7.0   57.046   -0.533      0.0   1019.8    286.7      0.2     97.9
     1     1    14     9    15    11     0     1    -8.0   57.163   -0.045      0.0   1020.6    286.7      0.0     96.2
     1     1    14     9    15    10     0     2    -9.0   57.256    0.474      0.0   1021.3    286.9      0.0     96.0
     1     1    14     9    15     9     0     3   -10.0   57.326    1.044      0.0   1021.9    287.1      0.0     97.0
     1     1    14     9    15     8     0     2   -11.0   57.394    1.619      0.0   1022.9    287.3      0.0     95.1
     1     1    14     9    15     7     0     1   -12.0   57.459    2.173      0.0   1024.0    287.5      0.0     93.8
     1     1    14     9    15     6     0     0   -13.0   57.524    2.709      0.0   1025.0    287.7      0.0     93.2
     1     1    14     9    15     5     0     1   -14.0   57.585    3.248      0.0   1025.2    287.9      0.0     91.1
     1     1    14     9    15     4     0     2   -15.0   57.640    3.805      0.0   1025.5    288.2      0.0     89.0
     1     1    14     9    15     3     0     3   -16.0   57.684    4.389      0.0   1025.6    288.4      0.0     87.3
     1     1    14     9    15     2     0     2   -17.0   57.720    5.002      0.0   1025.6    288.7      0.0     85.4
     1     1    14     9    15     1     0     1   -18.0   57.763    5.629      0.0   1027.2    288.9      0.0     83.1
     1     1    14     9    15     0     0     0   -19.0   57.828    6.255      0.2   1027.0    288.9      0.0     82.2
     1     1    14     9    14    23     0     1   -20.0   57.913    6.843      3.2   1020.8    288.6      0.0     81.7
     1     1    14     9    14    22     0     2   -21.0   58.010    7.365      7.8   1020.0    288.4      0.0     80.1
     1     1    14     9    14    21     0     3   -22.0   58.111    7.814     10.0   1013.9    287.7      0.0     78.6
     1     1    14     9    14    20     0     2   -23.0   58.211    8.199      9.1   1011.4    287.4      0.0     78.0
     1     1    14     9    14    19     0     1   -24.0   58.312    8.550      6.9   1011.0    287.3      0.0     76.1
     1     1    14     9    14    18     0     0   -25.0   58.416    8.873      4.7   1012.3    287.4      0.0     74.1
     1     1    14     9    14    17     0     1   -26.0   58.518    9.174      3.1   1013.9    288.3      0.0     72.0
     1     1    14     9    14    16     0     2   -27.0   58.616    9.465      2.1   1016.5    289.1      0.0     68.7
     1     1    14     9    14    15     0     3   -28.0   58.715    9.744      1.6   1020.8    289.7      0.0     66.2
     1     1    14     9    14    14     0     2   -29.0   58.816   10.009      1.8   1026.1    289.8      0.0     66.6
     1     1    14     9    14    13     0     1   -30.0   58.907   10.258      2.6   1026.1    290.1      0.0     66.5
     1     1    14     9    14    12     0     0   -31.0   58.985   10.490      3.7   1026.1    290.5      0.0     66.2
     1     1    14     9    14    11     0     1   -32.0   59.057   10.701      5.1   1024.9    290.5      0.0     67.8
     1     1    14     9    14    10     0     2   -33.0   59.130   10.888      6.8   1023.5    290.3      0.0     69.9
     1     1    14     9    14     9     0     3   -34.0   59.205   11.054      9.2   1021.4    290.0      0.0     72.6
     1     1    14     9    14     8     0     2   -35.0   59.278   11.204     12.5   1017.4    288.6      0.0     72.9
     1     1    14     9    14     7     0     1   -36.0   59.344   11.347     17.1   1013.5    286.9      0.0     74.3
     1     1    14     9    14     6     0     0   -37.0   59.407   11.480     23.1   1009.9    285.1      0.0     76.4
     1     1    14     9    14     5     0     1   -38.0   59.469   11.603     29.8   1006.9    284.6      0.0     73.0
     1     1    14     9    14     4     0     2   -39.0   59.526   11.713     36.7   1004.5    284.6      0.0     69.3
     1     1    14     9    14     3     0     3   -40.0   59.580   11.810     43.3   1002.5    284.9      0.0     65.3
     1     1    14     9    14     2     0     2   -41.0   59.629   11.895     48.9   1001.1    285.6      0.0     64.2
     1     1    14     9    14     1     0     1   -42.0   59.673   11.970     52.4   1000.2    286.2      0.0     62.9
     1     1    14     9    14     0     0     0   -43.0   59.711   12.036     54.3   1000.0    286.6      0.0     61.6
     1     1    14     9    13    23     0     1   -44.0   59.745   12.097     54.6    999.6    287.1      0.0     59.9
     1     1    14     9    13    22     0     2   -45.0   59.778   12.156     52.7    999.5    287.5      0.0     58.1
     1     1    14     9    13    21     0     3   -46.0   59.808   12.211     48.3    999.4    287.5      0.0     56.3
     1     1    14     9    13    20     0     2   -47.0   59.835   12.262     43.2    999.8    287.3      0.0     55.0
     1     1    14     9    13    19     0     1   -48.0   59.861   12.310     38.7   1000.0    287.3      0.0     53.7
     1     1    14     9    13    18     0     0   -49.0   59.885   12.357     34.8   1000.2    287.2      0.0     52.4
     1     1    14     9    13    17     0     1   -50.0   59.908   12.400     32.3   1000.1    288.0      0.0     52.0
     1     1    14     9    13    16     0     2   -51.0   59.929   12.438     31.8    999.8    289.1      0.0     51.7
     1     1    14     9    13    15     0     3   -52.0   59.948   12.469     33.6    999.2    290.2      0.0     51.6
     1     1    14     9    13    14     0     2   -53.0   59.968   12.509     35.7    998.7    290.1      0.0     51.7
     1     1    14     9    13    13     0     1   -54.0   59.992   12.569     36.5    998.5    290.0      0.0     51.7
     1     1    14     9    13    12     0     0   -55.0   60.021   12.647     36.0    998.1    290.0      0.0     51.9
     1     1    14     9    13    11     0     1   -56.0   60.049   12.731     35.6    997.3    289.4      0.0     55.8
     1     1    14     9    13    10     0     2   -57.0   60.070   12.809     37.1    996.4    288.6      0.0     59.6
     1     1    14     9    13     9     0     3   -58.0   60.085   12.885     41.5    995.4    287.8      0.0     63.5
     1     1    14     9    13     8     0     2   -59.0   60.097   12.963     47.4    994.2    286.4      0.0     66.9
     1     1    14     9    13     7     0     1   -60.0   60.106   13.043     52.1    993.2    285.2      0.0     70.3
     1     1    14     9    13     6     0     0   -61.0   60.112   13.127     54.6    992.4    284.1      0.0     73.7
     1     1    14     9    13     5     0     1   -62.0   60.125   13.218     58.7    991.4    283.7      0.0     75.1
     1     1    14     9    13     4     0     2   -63.0   60.151   13.325     68.8    988.5    283.3      0.0     75.9
     1     1    14     9    13     3     0     3   -64.0   60.191   13.452     84.7    984.8    283.0      0.0     76.2
     1     1    14     9    13     2     0     2   -65.0   60.239   13.600    104.5    980.8    283.4      0.0     75.3
     1     1    14     9    13     1     0     1   -66.0   60.288   13.770    125.9    977.7    283.9      0.0     74.1
     1     1    14     9    13     0     0     0   -67.0   60.338   13.966    148.8    974.6    284.4      0.0     72.7
     1     1    14     9    12    23     0     1   -68.0   60.388   14.173    169.2    972.2    284.5      0.0     72.0
     1     1    14     9    12    22     0     2   -69.0   60.443   14.371    183.3    971.4    284.6      0.0     71.1
     1     1    14     9    12    21     0     3   -70.0   60.500   14.562    192.2    971.5    284.8      0.0     69.9
     1     1    14     9    12    20     0     2   -71.0   60.564   14.742    197.8    971.8    285.1      0.0     68.7
     1     1    14     9    12    19     0     1   -72.0   60.642   14.908    200.8    972.3    285.5      0.0     67.1
