     7     1
    GDAS    14     8    22     0     0
    GDAS    14     8    29     0     0
    GDAS    14     9     1     0     0
    GDAS    14     9     8     0     0
    GDAS    14     9    15     0     0
    GDAS    14     9    22     0     0
    GDAS    14     9    29     0     0
     1 BACKWARD OMEGA   
    14     9    18     5   56.467   -2.973   100.0
     4 PRESSURE AIR_TEMP RAINFALL RELHUMID
     1     1    14     9    18     5     0     1     0.0   56.467   -2.973    100.0    972.3    285.9      0.2     98.6
     1     1    14     9    18     4     0     2    -1.0   56.447   -2.812     69.7    982.1    286.2      0.2     98.5
     1     1    14     9    18     3     0     3    -2.0   56.422   -2.646     50.1    988.8    286.5      0.2     98.5
     1     1    14     9    18     2     0     2    -3.0   56.401   -2.475     36.0    994.9    286.5      0.0     98.4
     1     1    14     9    18     1     0     1    -4.0   56.390   -2.305     24.9   1000.9    286.5      0.0     98.4
     1     1    14     9    18     0     0     0    -5.0   56.393   -2.137     16.5   1006.6    286.5      0.0     98.4
     1     1    14     9    17    23     0     1    -6.0   56.401   -1.974     11.2   1011.7    286.5      0.0     98.0
     1     1    14     9    17    22     0     2    -7.0   56.403   -1.814      8.2   1012.6    286.6      0.0     97.6
     1     1    14     9    17    21     0     3    -8.0   56.396   -1.651      6.6   1013.4    286.6      0.0     97.0
     1     1    14     9    17    20     0     2    -9.0   56.387   -1.476      5.5   1013.5    286.7      0.0     96.8
     1     1    14     9    17    19     0     1   -10.0   56.382   -1.287      5.0   1013.9    286.8      0.0     96.6
     1     1    14     9    17    18     0     0   -11.0   56.383   -1.091      5.0   1014.5    286.9      0.0     96.4
     1     1    14     9    17    17     0     1   -12.0   56.388   -0.902      5.3   1014.6    286.8      0.0     96.4
     1     1    14     9    17    16     0     2   -13.0   56.395   -0.732      5.6   1014.3    286.8      0.0     96.4
     1     1    14     9    17    15     0     3   -14.0   56.405   -0.585      5.7   1014.1    286.8      0.0     96.4
     1     1    14     9    17    14     0     2   -15.0   56.415   -0.440      5.7   1014.2    286.8      0.0     96.2
     1     1    14     9    17    13     0     1   -16.0   56.419   -0.279      5.7   1014.4    286.8      0.0     96.0
     1     1    14     9    17    12     0     0   -17.0   56.419   -0.101      5.7   1014.6    286.9      0.0     95.8
     1     1    14     9    17    11     0     1   -18.0   56.399    0.145      5.8   1015.0    287.1      0.0     95.3
     1     1    14     9    17    10     0     2   -19.0   56.363    0.467      5.9   1015.4    287.1      0.0     95.4
     1     1    14     9    17     9     0     3   -20.0   56.330    0.825      5.7   1015.9    287.2      0.0     95.5
     1     1    14     9    17     8     0     2   -21.0   56.293    1.212      5.2   1015.7    287.3      0.3     95.5
     1     1    14     9    17     7     0     1   -22.0   56.243    1.615      4.7   1015.4    287.6      0.0     95.8
     1     1    14     9    17     6     0     0   -23.0   56.182    2.045      3.9   1014.9    287.9      0.0     96.8
     1     1    14     9    17     5     0     1   -24.0   56.126    2.515      2.9   1015.5    288.1      0.1     95.8
     1     1    14     9    17     4     0     2   -25.0   56.084    3.039      2.1   1016.2    288.4      0.1     94.4
     1     1    14     9    17     3     0     3   -26.0   56.049    3.609      1.4   1017.1    288.7      0.0     93.1
     1     1    14     9    17     2     0     2   -27.0   56.011    4.195      0.7   1016.9    288.9      0.0     90.8
     1     1    14     9    17     1     0     1   -28.0   55.961    4.779      0.1   1016.7    289.1      0.0     88.0
     1     1    14     9    17     0     0     0   -29.0   55.903    5.356      0.0   1016.5    289.3      0.0     85.8
     1     1    14     9    16    23     0     1   -30.0   55.841    5.932      0.0   1017.2    289.5      0.0     82.6
     1     1    14     9    16    22     0     2   -31.0   55.776    6.517      0.0   1018.3    289.7      0.0     79.7
     1     1    14     9    16    21     0     3   -32.0   55.715    7.109      0.0   1018.3    289.7      0.0     77.7
     1     1    14     9    16    20     0     2   -33.0   55.674    7.677      0.6   1018.8    289.9      0.0     74.7
     1     1    14     9    16    19     0     1   -34.0   55.664    8.184      2.0   1018.4    289.7      0.0     73.9
     1     1    14     9    16    18     0     0   -35.0   55.681    8.604      4.3   1016.6    289.2      0.0     74.4
     1     1    14     9    16    17     0     1   -36.0   55.702    8.946      7.2   1014.9    290.4      0.0     71.5
     1     1    14     9    16    16     0     2   -37.0   55.709    9.264      9.6   1014.6    292.0      0.0     68.0
     1     1    14     9    16    15     0     3   -38.0   55.707    9.595     10.2   1014.6    292.9      0.0     65.8
     1     1    14     9    16    14     0     2   -39.0   55.703    9.932      9.2   1016.0    292.5      0.0     68.3
     1     1    14     9    16    13     0     1   -40.0   55.703   10.270      7.5   1018.0    291.9      0.0     69.5
     1     1    14     9    16    12     0     0   -41.0   55.706   10.617      6.5   1019.9    291.1      0.0     70.3
     1     1    14     9    16    11     0     1   -42.0   55.709   10.981      6.2   1021.4    290.0      0.0     73.7
     1     1    14     9    16    10     0     2   -43.0   55.702   11.355      6.3   1021.6    290.1      0.0     75.5
     1     1    14     9    16     9     0     3   -44.0   55.680   11.727      6.3   1021.8    290.3      0.0     76.5
     1     1    14     9    16     8     0     2   -45.0   55.655   12.096      6.4   1021.2    290.1      0.0     76.8
     1     1    14     9    16     7     0     1   -46.0   55.637   12.459      7.1   1019.9    289.1      0.0     77.7
     1     1    14     9    16     6     0     0   -47.0   55.630   12.824      9.0   1018.6    287.9      0.0     78.3
     1     1    14     9    16     5     0     1   -48.0   55.632   13.189     11.7   1018.0    287.4      0.0     77.0
     1     1    14     9    16     4     0     2   -49.0   55.644   13.544     12.7   1017.1    287.1      0.0     75.8
     1     1    14     9    16     3     0     3   -50.0   55.665   13.868     10.4   1016.5    286.6      0.0     74.3
     1     1    14     9    16     2     0     2   -51.0   55.692   14.180      7.2   1018.2    287.1      0.0     73.4
     1     1    14     9    16     1     0     1   -52.0   55.721   14.529      4.5   1020.9    288.2      0.0     71.0
     1     1    14     9    16     0     0     0   -53.0   55.751   14.933      3.1   1024.1    289.4      0.0     67.1
     1     1    14     9    15    23     0     1   -54.0   55.782   15.384      2.5   1024.9    289.9      0.0     65.4
     1     1    14     9    15    22     0     2   -55.0   55.815   15.859      2.4   1025.2    290.3      0.0     62.9
     1     1    14     9    15    21     0     3   -56.0   55.849   16.347      2.4   1025.6    290.4      0.0     59.8
     1     1    14     9    15    20     0     2   -57.0   55.883   16.834      2.5   1025.5    290.2      0.0     58.6
     1     1    14     9    15    19     0     1   -58.0   55.923   17.318      2.5   1025.4    290.3      0.0     57.6
     1     1    14     9    15    18     0     0   -59.0   55.978   17.800      2.5   1025.1    290.4      0.0     55.4
     1     1    14     9    15    17     0     1   -60.0   56.042   18.268      2.5   1025.1    290.3      0.0     55.5
     1     1    14     9    15    16     0     2   -61.0   56.107   18.708      2.5   1025.1    290.3      0.0     55.0
     1     1    14     9    15    15     0     3   -62.0   56.178   19.118      2.5   1025.2    290.5      0.0     53.8
     1     1    14     9    15    14     0     2   -63.0   56.245   19.509      2.5   1026.2    290.4      0.0     53.6
     1     1    14     9    15    13     0     1   -64.0   56.300   19.892      2.8   1026.9    290.4      0.0     52.6
     1     1    14     9    15    12     0     0   -65.0   56.342   20.253      3.5   1027.5    290.4      0.0     50.8
     1     1    14     9    15    11     0     1   -66.0   56.371   20.592      4.3   1027.8    290.3      0.0     50.2
     1     1    14     9    15    10     0     2   -67.0   56.387   20.915      5.4   1028.2    290.3      0.0     50.2
     1     1    14     9    15     9     0     3   -68.0   56.393   21.223      6.7   1025.6    290.0      0.0     51.6
     1     1    14     9    15     8     0     2   -69.0   56.392   21.512      8.2   1021.9    288.6      0.0     55.7
     1     1    14     9    15     7     0     1   -70.0   56.389   21.771     10.1   1018.6    286.0      0.0     62.0
     1     1    14     9    15     6     0     0   -71.0   56.386   21.994     12.9   1015.3    282.5      0.0     70.0
     1     1    14     9    15     5     0     1   -72.0   56.383   22.198     16.9   1014.7    281.3      0.0     70.3
