     7     1
    GDAS    14     8    22     0     0
    GDAS    14     8    29     0     0
    GDAS    14     9     1     0     0
    GDAS    14     9     8     0     0
    GDAS    14     9    15     0     0
    GDAS    14     9    22     0     0
    GDAS    14     9    29     0     0
     1 BACKWARD OMEGA   
    14     9     8    12   56.467   -2.973   100.0
     4 PRESSURE AIR_TEMP RAINFALL RELHUMID
     1     1    14     9     8    12     0     0     0.0   56.467   -2.973    100.0    976.8    285.2      0.0     70.2
     1     1    14     9     8    11     0     1    -1.0   56.546   -3.158    135.5    968.7    283.9      0.0     74.9
     1     1    14     9     8    10     0     2    -2.0   56.644   -3.355    188.7    955.9    282.3      0.0     81.0
     1     1    14     9     8     9     0     3    -3.0   56.764   -3.556    256.1    940.8    280.6      0.0     87.5
     1     1    14     9     8     8     0     2    -4.0   56.921   -3.752    329.6    921.2    279.1      0.0     93.3
     1     1    14     9     8     7     0     1    -5.0   57.129   -3.940    397.5    912.8    278.5      0.0     96.5
     1     1    14     9     8     6     0     0    -6.0   57.374   -4.132    463.6    917.9    278.7      0.0     96.6
     1     1    14     9     8     5     0     1    -7.0   57.643   -4.358    531.3    920.5    279.0      0.0     96.4
     1     1    14     9     8     4     0     2    -8.0   57.923   -4.641    566.5    920.1    279.1      0.0     97.0
     1     1    14     9     8     3     0     3    -9.0   58.201   -4.960    526.9    925.6    279.6      0.0     98.1
     1     1    14     9     8     2     0     2   -10.0   58.473   -5.269    455.8    953.4    281.2      0.0     96.0
     1     1    14     9     8     1     0     1   -11.0   58.751   -5.557    415.3    968.1    282.1      0.0     94.1
     1     1    14     9     8     0     0     0   -12.0   59.038   -5.844    405.5    971.5    282.2      0.0     94.9
     1     1    14     9     7    23     0     1   -13.0   59.325   -6.132    408.7    970.1    282.1      0.0     95.4
     1     1    14     9     7    22     0     2   -14.0   59.606   -6.405    416.1    969.3    282.2      0.0     94.9
     1     1    14     9     7    21     0     3   -15.0   59.885   -6.655    425.7    967.9    282.3      0.0     95.2
     1     1    14     9     7    20     0     2   -16.0   60.163   -6.897    431.5    966.7    282.2      0.0     96.0
     1     1    14     9     7    19     0     1   -17.0   60.436   -7.163    432.1    966.7    282.2      0.0     95.7
     1     1    14     9     7    18     0     0   -18.0   60.704   -7.474    431.7    966.8    282.2      0.0     95.0
     1     1    14     9     7    17     0     1   -19.0   60.954   -7.837    435.0    966.8    282.1      0.0     93.7
     1     1    14     9     7    16     0     2   -20.0   61.171   -8.248    443.8    965.6    282.0      0.0     93.3
     1     1    14     9     7    15     0     3   -21.0   61.355   -8.700    453.6    964.1    281.9      0.0     93.2
     1     1    14     9     7    14     0     2   -22.0   61.511   -9.179    458.9    963.3    281.8      0.0     92.6
     1     1    14     9     7    13     0     1   -23.0   61.644   -9.676    459.5    963.5    281.8      0.0     92.0
     1     1    14     9     7    12     0     0   -24.0   61.755  -10.189    459.2    963.9    281.8      0.0     92.7
     1     1    14     9     7    11     0     1   -25.0   61.847  -10.725    460.9    963.9    281.8      0.0     90.6
     1     1    14     9     7    10     0     2   -26.0   61.920  -11.298    465.4    963.4    281.7      0.0     88.6
     1     1    14     9     7     9     0     3   -27.0   61.973  -11.898    472.2    962.6    281.6      0.0     88.1
     1     1    14     9     7     8     0     2   -28.0   62.006  -12.522    479.3    961.5    281.6      0.0     86.9
     1     1    14     9     7     7     0     1   -29.0   62.021  -13.172    485.1    960.8    281.6      0.0     86.2
     1     1    14     9     7     6     0     0   -30.0   62.023  -13.841    487.4    960.2    281.5      0.0     87.7
     1     1    14     9     7     5     0     1   -31.0   62.008  -14.510    491.5    960.7    281.5      0.0     86.1
     1     1    14     9     7     4     0     2   -32.0   61.967  -15.163    502.3    959.0    281.5      0.0     84.5
     1     1    14     9     7     3     0     3   -33.0   61.901  -15.790    516.3    957.4    281.3      0.0     84.8
     1     1    14     9     7     2     0     2   -34.0   61.817  -16.384    531.3    955.7    281.3      0.0     84.9
     1     1    14     9     7     1     0     1   -35.0   61.719  -16.941    544.1    954.4    281.2      0.0     85.1
     1     1    14     9     7     0     0     0   -36.0   61.610  -17.466    551.4    953.6    281.2      0.0     86.1
     1     1    14     9     6    23     0     1   -37.0   61.496  -17.960    553.5    953.8    281.3      0.0     84.6
     1     1    14     9     6    22     0     2   -38.0   61.375  -18.421    553.4    953.9    281.5      0.0     82.1
     1     1    14     9     6    21     0     3   -39.0   61.244  -18.845    552.0    954.2    281.7      0.0     80.4
     1     1    14     9     6    20     0     2   -40.0   61.100  -19.242    553.1    954.2    281.7      0.0     78.3
     1     1    14     9     6    19     0     1   -41.0   60.944  -19.620    557.3    953.1    281.8      0.0     76.0
     1     1    14     9     6    18     0     0   -42.0   60.775  -19.977    559.8    952.2    281.8      0.0     76.9
     1     1    14     9     6    17     0     1   -43.0   60.607  -20.328    563.8    952.7    281.6      0.0     81.3
     1     1    14     9     6    16     0     2   -44.0   60.444  -20.681    575.2    951.6    281.4      0.0     82.4
     1     1    14     9     6    15     0     3   -45.0   60.286  -21.032    594.7    949.7    281.1      0.0     81.2
     1     1    14     9     6    14     0     2   -46.0   60.123  -21.375    614.2    946.7    280.9      0.0     80.9
     1     1    14     9     6    13     0     1   -47.0   59.948  -21.704    624.9    945.6    280.8      0.0     80.6
     1     1    14     9     6    12     0     0   -48.0   59.757  -22.023    628.1    945.5    280.7      0.0     82.2
     1     1    14     9     6    11     0     1   -49.0   59.551  -22.336    629.9    945.9    280.8      0.0     84.4
     1     1    14     9     6    10     0     2   -50.0   59.330  -22.638    634.8    945.4    280.8      0.0     86.0
     1     1    14     9     6     9     0     3   -51.0   59.092  -22.916    639.1    944.7    280.8      0.0     86.9
     1     1    14     9     6     8     0     2   -52.0   58.855  -23.173    643.0    944.5    280.7      0.0     87.2
     1     1    14     9     6     7     0     1   -53.0   58.635  -23.423    648.3    943.6    280.7      0.0     87.8
     1     1    14     9     6     6     0     0   -54.0   58.430  -23.668    652.5    942.7    280.6      0.0     88.7
     1     1    14     9     6     5     0     1   -55.0   58.230  -23.907    656.9    942.7    280.5      0.0     87.9
     1     1    14     9     6     4     0     2   -56.0   58.027  -24.133    666.4    942.0    280.4      0.0     87.0
     1     1    14     9     6     3     0     3   -57.0   57.821  -24.336    681.7    940.1    280.3      0.0     85.2
     1     1    14     9     6     2     0     2   -58.0   57.619  -24.520    695.1    938.3    280.2      0.0     83.7
     1     1    14     9     6     1     0     1   -59.0   57.429  -24.694    701.8    938.0    280.2      0.0     83.1
     1     1    14     9     6     0     0     0   -60.0   57.248  -24.857    703.8    938.3    280.3      0.0     82.5
     1     1    14     9     5    23     0     1   -61.0   57.075  -25.016    705.8    938.8    280.5      0.0     78.2
     1     1    14     9     5    22     0     2   -62.0   56.905  -25.181    713.9    938.4    280.8      0.0     74.3
     1     1    14     9     5    21     0     3   -63.0   56.738  -25.350    732.7    936.7    280.9      0.0     70.8
     1     1    14     9     5    20     0     2   -64.0   56.575  -25.517    759.4    933.1    280.7      0.0     71.0
     1     1    14     9     5    19     0     1   -65.0   56.420  -25.678    787.4    929.8    280.5      0.0     71.2
     1     1    14     9     5    18     0     0   -66.0   56.274  -25.834    814.4    926.8    280.3      0.0     71.2
     1     1    14     9     5    17     0     1   -67.0   56.135  -25.978    840.7    924.4    280.2      0.0     70.4
     1     1    14     9     5    16     0     2   -68.0   55.998  -26.103    867.2    922.0    280.1      0.0     69.6
     1     1    14     9     5    15     0     3   -69.0   55.866  -26.206    893.1    919.3    280.1      0.0     69.1
     1     1    14     9     5    14     0     2   -70.0   55.743  -26.293    914.0    916.7    279.9      0.0     69.8
     1     1    14     9     5    13     0     1   -71.0   55.637  -26.373    927.4    915.4    279.7      0.0     70.9
     1     1    14     9     5    12     0     0   -72.0   55.545  -26.447    934.5    914.9    279.6      0.0     71.9
