     7     1
    GDAS    14     8    22     0     0
    GDAS    14     8    29     0     0
    GDAS    14     9     1     0     0
    GDAS    14     9     8     0     0
    GDAS    14     9    15     0     0
    GDAS    14     9    22     0     0
    GDAS    14     9    29     0     0
     1 BACKWARD OMEGA   
    14     9    18     2   56.467   -2.973   100.0
     4 PRESSURE AIR_TEMP RAINFALL RELHUMID
     1     1    14     9    18     2     0     2     0.0   56.467   -2.973    100.0    972.4    285.9      0.0     98.9
     1     1    14     9    18     1     0     1    -1.0   56.467   -2.825     70.6    980.9    286.0      0.0     98.8
     1     1    14     9    18     0     0     0    -2.0   56.478   -2.687     49.2    986.8    286.1      0.0     98.8
     1     1    14     9    17    23     0     1    -3.0   56.492   -2.558     34.4    991.9    286.1      0.0     98.5
     1     1    14     9    17    22     0     2    -4.0   56.504   -2.439     24.7    996.7    286.2      0.0     98.2
     1     1    14     9    17    21     0     3    -5.0   56.513   -2.330     18.6   1001.1    286.2      0.0     97.9
     1     1    14     9    17    20     0     2    -6.0   56.526   -2.219     14.4   1004.6    286.5      0.0     97.5
     1     1    14     9    17    19     0     1    -7.0   56.547   -2.094     11.3   1008.6    286.7      0.0     97.2
     1     1    14     9    17    18     0     0    -8.0   56.577   -1.952      8.9   1011.2    286.8      0.0     97.0
     1     1    14     9    17    17     0     1    -9.0   56.608   -1.807      7.1   1012.1    286.8      0.0     96.8
     1     1    14     9    17    16     0     2   -10.0   56.636   -1.673      5.9   1012.8    286.8      0.0     96.7
     1     1    14     9    17    15     0     3   -11.0   56.659   -1.547      5.2   1013.3    286.8      0.0     96.6
     1     1    14     9    17    14     0     2   -12.0   56.675   -1.411      4.6   1013.9    286.7      0.0     96.6
     1     1    14     9    17    13     0     1   -13.0   56.679   -1.241      4.0   1014.6    286.7      0.0     96.5
     1     1    14     9    17    12     0     0   -14.0   56.667   -1.035      3.7   1015.5    286.7      0.0     96.3
     1     1    14     9    17    11     0     1   -15.0   56.654   -0.808      3.6   1015.7    286.7      0.0     96.8
     1     1    14     9    17    10     0     2   -16.0   56.657   -0.581      3.4   1015.8    286.7      0.0     97.2
     1     1    14     9    17     9     0     3   -17.0   56.675   -0.350      3.0   1015.9    286.7      0.3     97.7
     1     1    14     9    17     8     0     2   -18.0   56.701   -0.127      2.6   1015.4    286.6      0.0     97.8
     1     1    14     9    17     7     0     1   -19.0   56.692    0.148      2.1   1016.5    286.9      0.0     95.5
     1     1    14     9    17     6     0     0   -20.0   56.643    0.489      1.4   1016.7    287.0      0.0     95.2
     1     1    14     9    17     5     0     1   -21.0   56.587    0.856      0.7   1016.6    287.1      0.1     94.6
     1     1    14     9    17     4     0     2   -22.0   56.530    1.268      0.1   1016.8    287.3      0.2     94.0
     1     1    14     9    17     3     0     3   -23.0   56.481    1.730      0.0   1017.1    287.6      0.2     93.4
     1     1    14     9    17     2     0     2   -24.0   56.434    2.234      0.0   1017.0    287.8      0.3     91.6
     1     1    14     9    17     1     0     1   -25.0   56.378    2.765      0.0   1017.4    288.0      0.0     89.8
     1     1    14     9    17     0     0     0   -26.0   56.319    3.316      0.0   1017.7    288.3      0.0     88.1
     1     1    14     9    16    23     0     1   -27.0   56.267    3.882      0.0   1017.2    288.6      0.0     85.6
     1     1    14     9    16    22     0     2   -28.0   56.222    4.462      0.0   1017.5    288.9      0.0     82.1
     1     1    14     9    16    21     0     3   -29.0   56.177    5.051      0.0   1019.2    289.1      0.0     78.4
     1     1    14     9    16    20     0     2   -30.0   56.141    5.635      0.0   1019.2    289.4      0.0     76.6
     1     1    14     9    16    19     0     1   -31.0   56.122    6.199      0.0   1019.2    289.6      0.0     72.9
     1     1    14     9    16    18     0     0   -32.0   56.126    6.753      0.0   1019.1    289.9      0.0     70.1
     1     1    14     9    16    17     0     1   -33.0   56.143    7.288      0.0   1019.1    290.0      0.0     69.2
     1     1    14     9    16    16     0     2   -34.0   56.157    7.778      0.2   1019.1    290.1      0.0     66.9
     1     1    14     9    16    15     0     3   -35.0   56.163    8.211      0.9   1018.1    290.8      0.0     63.6
     1     1    14     9    16    14     0     2   -36.0   56.163    8.598      2.1   1016.9    292.4      0.0     64.3
     1     1    14     9    16    13     0     1   -37.0   56.157    8.950      3.8   1015.1    294.3      0.0     64.1
     1     1    14     9    16    12     0     0   -38.0   56.147    9.280      5.2   1015.5    294.5      0.0     66.2
     1     1    14     9    16    11     0     1   -39.0   56.139    9.595      5.3   1016.7    293.3      0.0     72.2
     1     1    14     9    16    10     0     2   -40.0   56.136    9.894      4.3   1017.8    292.2      0.0     77.1
     1     1    14     9    16     9     0     3   -41.0   56.132   10.193      2.9   1019.0    291.0      0.0     81.0
     1     1    14     9    16     8     0     2   -42.0   56.122   10.511      1.8   1020.5    289.8      0.0     82.9
     1     1    14     9    16     7     0     1   -43.0   56.102   10.868      1.2   1022.9    289.4      0.0     83.4
     1     1    14     9    16     6     0     0   -44.0   56.074   11.257      1.0   1023.7    289.5      0.0     82.5
     1     1    14     9    16     5     0     1   -45.0   56.046   11.649      1.1   1022.2    289.3      0.0     80.3
     1     1    14     9    16     4     0     2   -46.0   56.021   12.027      1.5   1021.5    289.0      0.0     78.3
     1     1    14     9    16     3     0     3   -47.0   56.006   12.375      3.1   1020.3    287.6      0.0     77.6
     1     1    14     9    16     2     0     2   -48.0   56.005   12.685      6.6   1018.9    286.5      0.0     78.3
     1     1    14     9    16     1     0     1   -49.0   56.015   12.961     12.2   1017.3    285.6      0.0     79.1
     1     1    14     9    16     0     0     0   -50.0   56.030   13.239     21.0   1015.2    285.4      0.0     79.4
     1     1    14     9    15    23     0     1   -51.0   56.046   13.541     26.5   1014.0    285.4      0.0     79.3
     1     1    14     9    15    22     0     2   -52.0   56.067   13.845     21.4   1014.3    285.3      0.0     79.2
     1     1    14     9    15    21     0     3   -53.0   56.094   14.135     13.5   1017.4    285.7      0.0     78.3
     1     1    14     9    15    20     0     2   -54.0   56.126   14.452      8.2   1019.1    286.9      0.0     76.5
     1     1    14     9    15    19     0     1   -55.0   56.165   14.825      6.5   1020.3    288.0      0.0     75.2
     1     1    14     9    15    18     0     0   -56.0   56.216   15.252      6.4   1020.6    288.4      0.0     74.2
     1     1    14     9    15    17     0     1   -57.0   56.275   15.695      6.0   1020.6    288.8      0.0     71.6
     1     1    14     9    15    16     0     2   -58.0   56.337   16.138      4.8   1021.4    289.4      0.0     70.2
     1     1    14     9    15    15     0     3   -59.0   56.396   16.576      3.5   1023.4    289.9      0.0     69.2
     1     1    14     9    15    14     0     2   -60.0   56.443   17.013      2.9   1026.7    289.9      0.0     69.0
     1     1    14     9    15    13     0     1   -61.0   56.473   17.457      2.7   1027.1    290.0      0.0     68.1
     1     1    14     9    15    12     0     0   -62.0   56.487   17.914      2.5   1027.5    290.0      0.0     67.8
     1     1    14     9    15    11     0     1   -63.0   56.491   18.382      2.3   1027.8    290.0      0.0     65.7
     1     1    14     9    15    10     0     2   -64.0   56.494   18.857      2.4   1028.2    290.1      0.0     64.2
     1     1    14     9    15     9     0     3   -65.0   56.495   19.333      2.8   1028.5    290.1      0.0     63.2
     1     1    14     9    15     8     0     2   -66.0   56.491   19.805      3.3   1028.0    290.2      0.0     62.8
     1     1    14     9    15     7     0     1   -67.0   56.480   20.269      4.0   1027.8    290.2      0.0     62.4
     1     1    14     9    15     6     0     0   -68.0   56.466   20.710      5.4   1028.3    290.2      0.0     63.7
     1     1    14     9    15     5     0     1   -69.0   56.457   21.105      7.5   1026.9    289.3      0.0     63.7
     1     1    14     9    15     4     0     2   -70.0   56.455   21.433      9.9   1022.7    285.8      0.0     65.3
     1     1    14     9    15     3     0     3   -71.0   56.457   21.701     12.8   1019.1    282.2      0.0     66.5
     1     1    14     9    15     2     0     2   -72.0   56.459   21.929     17.3   1015.7    280.1      0.0     67.3
