     7     1
    GDAS    14     8    22     0     0
    GDAS    14     8    29     0     0
    GDAS    14     9     1     0     0
    GDAS    14     9     8     0     0
    GDAS    14     9    15     0     0
    GDAS    14     9    22     0     0
    GDAS    14     9    29     0     0
     1 BACKWARD OMEGA   
    14     9     7    10   56.467   -2.973   100.0
     4 PRESSURE AIR_TEMP RAINFALL RELHUMID
     1     1    14     9     7    10     0     2     0.0   56.467   -2.973    100.0    972.5    283.7      0.0     79.7
     1     1    14     9     7     9     0     3    -1.0   56.628   -3.266    180.1    955.5    281.8      0.1     87.4
     1     1    14     9     7     8     0     2    -2.0   56.846   -3.577    255.0    930.8    279.8      0.0     93.5
     1     1    14     9     7     7     0     1    -3.0   57.099   -3.888    276.7    919.2    279.1      0.0     96.7
     1     1    14     9     7     6     0     0    -4.0   57.345   -4.202    274.6    936.4    280.0      0.0     96.9
     1     1    14     9     7     5     0     1    -5.0   57.586   -4.488    272.0    944.4    280.4      0.0     97.0
     1     1    14     9     7     4     0     2    -6.0   57.822   -4.713    249.2    951.6    280.8      0.0     97.3
     1     1    14     9     7     3     0     3    -7.0   58.049   -4.857    216.4    959.9    281.4      0.0     96.6
     1     1    14     9     7     2     0     2    -8.0   58.277   -4.954    183.6    969.0    282.1      0.0     92.8
     1     1    14     9     7     1     0     1    -9.0   58.514   -5.019    149.6    982.3    283.1      0.4     89.4
     1     1    14     9     7     0     0     0   -10.0   58.778   -5.019    126.8    994.1    284.1      0.3     87.5
     1     1    14     9     6    23     0     1   -11.0   59.083   -4.941    114.6   1001.9    285.1      0.3     81.6
     1     1    14     9     6    22     0     2   -12.0   59.403   -4.830    104.4   1002.7    285.2      0.3     79.9
     1     1    14     9     6    21     0     3   -13.0   59.723   -4.697     94.7   1004.2    285.2      0.0     81.6
     1     1    14     9     6    20     0     2   -14.0   60.041   -4.528     89.4   1004.9    285.1      0.0     84.2
     1     1    14     9     6    19     0     1   -15.0   60.338   -4.335     88.6   1004.4    285.0      0.1     83.1
     1     1    14     9     6    18     0     0   -16.0   60.601   -4.117     92.8   1004.1    285.0      0.1     82.9
     1     1    14     9     6    17     0     1   -17.0   60.848   -3.866     99.1   1002.6    284.8      0.1     83.3
     1     1    14     9     6    16     0     2   -18.0   61.085   -3.589     99.3   1002.1    284.7      0.1     83.9
     1     1    14     9     6    15     0     3   -19.0   61.295   -3.307     93.5   1002.9    284.8      0.2     82.7
     1     1    14     9     6    14     0     2   -20.0   61.470   -3.040     87.9   1004.2    284.9      0.0     81.7
     1     1    14     9     6    13     0     1   -21.0   61.620   -2.790     85.7   1004.5    284.9      0.0     81.4
     1     1    14     9     6    12     0     0   -22.0   61.757   -2.544     85.3   1004.7    284.9      0.0     81.2
     1     1    14     9     6    11     0     1   -23.0   61.883   -2.277     85.2   1004.7    284.8      0.0     81.0
     1     1    14     9     6    10     0     2   -24.0   61.994   -1.976     85.1   1004.9    284.8      0.0     81.5
     1     1    14     9     6     9     0     3   -25.0   62.087   -1.663     85.1   1005.0    284.7      0.0     81.7
     1     1    14     9     6     8     0     2   -26.0   62.164   -1.366     84.6   1004.7    284.7      0.0     81.5
     1     1    14     9     6     7     0     1   -27.0   62.226   -1.093     82.7   1004.5    284.7      0.0     81.7
     1     1    14     9     6     6     0     0   -28.0   62.272   -0.837     79.3   1004.7    284.7      0.0     82.1
     1     1    14     9     6     5     0     1   -29.0   62.295   -0.596     76.1   1005.2    284.8      0.0     81.8
     1     1    14     9     6     4     0     2   -30.0   62.295   -0.371     74.3   1005.2    284.9      0.0     81.6
     1     1    14     9     6     3     0     3   -31.0   62.270   -0.155     73.7   1005.1    284.9      0.0     81.2
     1     1    14     9     6     2     0     2   -32.0   62.246    0.019     75.3   1005.3    285.0      0.0     82.1
     1     1    14     9     6     1     0     1   -33.0   62.232    0.133     78.3   1004.8    285.0      0.0     82.1
     1     1    14     9     6     0     0     0   -34.0   62.215    0.213     81.2   1004.6    285.0      0.0     82.0
     1     1    14     9     5    23     0     1   -35.0   62.186    0.264     83.8   1004.4    285.0      0.0     80.8
     1     1    14     9     5    22     0     2   -36.0   62.135    0.296     85.8   1004.3    285.0      0.0     79.6
     1     1    14     9     5    21     0     3   -37.0   62.059    0.309     87.3   1004.2    285.0      0.0     78.4
     1     1    14     9     5    20     0     2   -38.0   61.967    0.306     88.2   1003.9    285.0      0.0     78.5
     1     1    14     9     5    19     0     1   -39.0   61.870    0.284     88.1   1003.8    285.0      0.0     78.6
     1     1    14     9     5    18     0     0   -40.0   61.770    0.246     87.0   1003.8    285.0      0.0     78.6
     1     1    14     9     5    17     0     1   -41.0   61.665    0.175     86.3   1004.1    285.1      0.0     78.0
     1     1    14     9     5    16     0     2   -42.0   61.550    0.053     87.1   1004.0    285.1      0.0     77.2
     1     1    14     9     5    15     0     3   -43.0   61.406   -0.100     91.8   1003.6    285.1      0.0     75.0
     1     1    14     9     5    14     0     2   -44.0   61.251   -0.271     99.1   1002.6    285.0      0.3     75.1
     1     1    14     9     5    13     0     1   -45.0   61.119   -0.469    103.9   1002.5    284.9      0.4     75.2
     1     1    14     9     5    12     0     0   -46.0   61.013   -0.693    105.9   1002.7    284.8      0.0     75.3
     1     1    14     9     5    11     0     1   -47.0   60.924   -0.964    106.5   1002.6    285.0      0.1     77.1
     1     1    14     9     5    10     0     2   -48.0   60.836   -1.299    107.9   1002.2    285.0      0.1     78.2
     1     1    14     9     5     9     0     3   -49.0   60.755   -1.699    111.9   1001.8    284.9      0.0     77.6
     1     1    14     9     5     8     0     2   -50.0   60.677   -2.137    117.3   1000.8    284.8      0.9     79.3
     1     1    14     9     5     7     0     1   -51.0   60.591   -2.592    120.8   1000.0    284.7      0.9     80.5
     1     1    14     9     5     6     0     0   -52.0   60.501   -3.077    121.7    999.7    284.7      1.3     80.2
     1     1    14     9     5     5     0     1   -53.0   60.416   -3.590    119.3    999.8    284.7      0.6     83.2
     1     1    14     9     5     4     0     2   -54.0   60.346   -4.126    114.3   1000.4    284.7      0.6     84.6
     1     1    14     9     5     3     0     3   -55.0   60.296   -4.692    110.8   1001.1    284.7      0.0     84.4
     1     1    14     9     5     2     0     2   -56.0   60.255   -5.264    109.3   1001.0    284.7      2.0     85.4
     1     1    14     9     5     1     0     1   -57.0   60.222   -5.821    106.3   1001.2    284.7      0.7     86.4
     1     1    14     9     5     0     0     0   -58.0   60.208   -6.376    102.1   1001.8    284.7      0.9     87.1
     1     1    14     9     4    23     0     1   -59.0   60.203   -6.936    101.0   1002.2    284.7      0.0     87.3
     1     1    14     9     4    22     0     2   -60.0   60.191   -7.504    105.2   1001.6    284.7      0.0     86.8
     1     1    14     9     4    21     0     3   -61.0   60.173   -8.084    112.0   1000.7    284.7      0.0     85.5
     1     1    14     9     4    20     0     2   -62.0   60.145   -8.665    119.6    999.7    284.7      0.4     86.2
     1     1    14     9     4    19     0     1   -63.0   60.117   -9.248    128.0    998.7    284.6      0.5     86.8
     1     1    14     9     4    18     0     0   -64.0   60.095   -9.842    137.0    997.6    284.5      0.0     86.1
     1     1    14     9     4    17     0     1   -65.0   60.074  -10.417    145.4    996.0    284.7      0.0     86.0
     1     1    14     9     4    16     0     2   -66.0   60.062  -10.939    151.3    995.0    284.8      0.0     85.9
     1     1    14     9     4    15     0     3   -67.0   60.057  -11.417    154.7    994.4    284.9      0.0     84.4
     1     1    14     9     4    14     0     2   -68.0   60.051  -11.865    156.3    994.5    284.9      0.9     83.3
     1     1    14     9     4    13     0     1   -69.0   60.051  -12.280    157.1    994.3    284.8      1.3     83.0
     1     1    14     9     4    12     0     0   -70.0   60.065  -12.653    157.2    994.3    284.8      0.5     81.8
     1     1    14     9     4    11     0     1   -71.0   60.079  -13.007    157.6    994.4    284.8      0.6     81.4
     1     1    14     9     4    10     0     2   -72.0   60.082  -13.364    158.5    994.3    284.7      0.6     82.1
