     7     1
    GDAS    14     8    22     0     0
    GDAS    14     8    29     0     0
    GDAS    14     9     1     0     0
    GDAS    14     9     8     0     0
    GDAS    14     9    15     0     0
    GDAS    14     9    22     0     0
    GDAS    14     9    29     0     0
     1 BACKWARD OMEGA   
    14     9     9    17   56.467   -2.973   100.0
     4 PRESSURE AIR_TEMP RAINFALL RELHUMID
     1     1    14     9     9    17     0     1     0.0   56.467   -2.973    100.0    978.0    286.3      0.0     71.9
     1     1    14     9     9    16     0     2    -1.0   56.447   -3.007     75.0    980.8    286.8      0.0     69.6
     1     1    14     9     9    15     0     3    -2.0   56.427   -3.076     53.4    983.6    287.3      0.0     67.4
     1     1    14     9     9    14     0     2    -3.0   56.412   -3.160     36.3    985.4    287.5      0.0     68.1
     1     1    14     9     9    13     0     1    -4.0   56.401   -3.236     24.6    986.6    287.9      0.0     68.9
     1     1    14     9     9    12     0     0    -5.0   56.395   -3.301     17.1    987.3    288.4      0.0     69.8
     1     1    14     9     9    11     0     1    -6.0   56.390   -3.362     12.4    987.8    287.8      0.0     73.6
     1     1    14     9     9    10     0     2    -7.0   56.382   -3.426      9.1    987.9    287.1      0.0     77.4
     1     1    14     9     9     9     0     3    -8.0   56.373   -3.492      6.6    987.9    286.3      0.0     81.3
     1     1    14     9     9     8     0     2    -9.0   56.364   -3.559      4.5    987.7    284.4      0.0     83.0
     1     1    14     9     9     7     0     1   -10.0   56.360   -3.631      2.8    987.5    282.5      0.0     84.9
     1     1    14     9     9     6     0     0   -11.0   56.360   -3.705      1.3    987.0    280.5      0.0     86.9
     1     1    14     9     9     5     0     1   -12.0   56.361   -3.779      0.0    986.5    280.6      0.0     86.1
     1     1    14     9     9     4     0     2   -13.0   56.358   -3.850      0.0    986.2    280.7      0.0     85.3
     1     1    14     9     9     3     0     3   -14.0   56.353   -3.918      0.0    986.0    280.9      0.0     84.5
     1     1    14     9     9     2     0     2   -15.0   56.346   -3.982      0.0    986.6    280.7      0.0     83.0
     1     1    14     9     9     1     0     1   -16.0   56.340   -4.039      0.0    987.3    280.6      0.0     81.5
     1     1    14     9     9     0     0     0   -17.0   56.335   -4.090      0.0    988.1    280.5      0.0     80.1
     1     1    14     9     8    23     0     1   -18.0   56.333   -4.140      0.0    987.9    280.6      0.0     79.5
     1     1    14     9     8    22     0     2   -19.0   56.337   -4.193      0.0    987.4    280.7      0.0     79.0
     1     1    14     9     8    21     0     3   -20.0   56.346   -4.250      0.0    986.6    280.8      0.0     78.6
     1     1    14     9     8    20     0     2   -21.0   56.358   -4.308      0.0    986.4    282.1      0.0     77.8
     1     1    14     9     8    19     0     1   -22.0   56.370   -4.364      0.0    986.2    283.3      0.0     76.8
     1     1    14     9     8    18     0     0   -23.0   56.382   -4.418      0.0    986.0    284.5      0.0     75.8
     1     1    14     9     8    17     0     1   -24.0   56.401   -4.476      0.0    985.3    285.2      0.0     74.7
     1     1    14     9     8    16     0     2   -25.0   56.435   -4.545      0.0    984.2    285.8      0.0     73.9
     1     1    14     9     8    15     0     3   -26.0   56.483   -4.623      0.0    982.7    286.3      0.0     73.0
     1     1    14     9     8    14     0     2   -27.0   56.532   -4.706      0.0    981.6    286.3      0.0     73.5
     1     1    14     9     8    13     0     1   -28.0   56.571   -4.791      0.0    981.2    286.4      0.0     73.9
     1     1    14     9     8    12     0     0   -29.0   56.599   -4.874      0.0    981.2    286.5      0.0     74.2
     1     1    14     9     8    11     0     1   -30.0   56.625   -4.947      0.0    980.6    285.6      0.0     78.5
     1     1    14     9     8    10     0     2   -31.0   56.652   -5.007      0.0    979.9    284.7      0.0     82.6
     1     1    14     9     8     9     0     3   -32.0   56.683   -5.053      0.3    979.9    283.9      0.0     86.3
     1     1    14     9     8     8     0     2   -33.0   56.720   -5.096      0.8    980.8    283.1      0.0     89.0
     1     1    14     9     8     7     0     1   -34.0   56.764   -5.140      1.2    981.8    282.4      0.0     91.5
     1     1    14     9     8     6     0     0   -35.0   56.816   -5.187      1.4    982.7    281.9      0.0     93.8
     1     1    14     9     8     5     0     1   -36.0   56.871   -5.241      1.4    983.0    282.1      0.0     93.6
     1     1    14     9     8     4     0     2   -37.0   56.926   -5.304      1.2    983.8    282.4      0.0     93.4
     1     1    14     9     8     3     0     3   -38.0   56.982   -5.373      1.0    984.9    282.7      0.0     93.2
     1     1    14     9     8     2     0     2   -39.0   57.047   -5.449      0.5    987.8    282.5      0.0     91.8
     1     1    14     9     8     1     0     1   -40.0   57.133   -5.538      0.0    992.0    282.7      0.0     90.4
     1     1    14     9     8     0     0     0   -41.0   57.243   -5.642      0.0    997.1    283.1      0.0     88.9
     1     1    14     9     7    23     0     1   -42.0   57.370   -5.761      0.0   1003.5    284.0      0.0     86.9
     1     1    14     9     7    22     0     2   -43.0   57.505   -5.889      0.0   1010.5    284.9      0.0     85.1
     1     1    14     9     7    21     0     3   -44.0   57.645   -6.023      0.0   1017.1    285.7      0.0     83.9
     1     1    14     9     7    20     0     2   -45.0   57.797   -6.165      0.0   1017.8    286.0      0.0     82.9
     1     1    14     9     7    19     0     1   -46.0   57.964   -6.318      0.0   1017.3    286.2      0.0     82.3
     1     1    14     9     7    18     0     0   -47.0   58.148   -6.482      0.0   1015.2    286.1      0.0     81.6
     1     1    14     9     7    17     0     1   -48.0   58.346   -6.674      0.0   1014.4    286.2      0.0     80.9
     1     1    14     9     7    16     0     2   -49.0   58.546   -6.905      0.0   1014.8    286.3      0.0     80.9
     1     1    14     9     7    15     0     3   -50.0   58.742   -7.177      0.0   1017.2    286.3      0.0     81.7
     1     1    14     9     7    14     0     2   -51.0   58.934   -7.449      0.1   1018.2    286.2      0.0     82.5
     1     1    14     9     7    13     0     1   -52.0   59.125   -7.681      0.3   1018.1    286.2      0.0     83.0
     1     1    14     9     7    12     0     0   -53.0   59.311   -7.869      0.5   1017.7    286.1      0.0     83.5
     1     1    14     9     7    11     0     1   -54.0   59.488   -8.033      0.6   1017.5    285.9      0.0     84.2
     1     1    14     9     7    10     0     2   -55.0   59.658   -8.189      0.9   1017.4    285.8      0.0     84.8
     1     1    14     9     7     9     0     3   -56.0   59.827   -8.331      1.3   1017.2    285.8      0.0     85.2
     1     1    14     9     7     8     0     2   -57.0   59.995   -8.456      1.7   1018.0    285.8      0.0     86.0
     1     1    14     9     7     7     0     1   -58.0   60.158   -8.569      2.0   1018.7    285.8      0.0     86.7
     1     1    14     9     7     6     0     0   -59.0   60.311   -8.673      2.1   1019.5    285.7      0.0     87.4
     1     1    14     9     7     5     0     1   -60.0   60.455   -8.784      2.2   1019.6    285.6      0.0     87.3
     1     1    14     9     7     4     0     2   -61.0   60.586   -8.921      2.2   1019.6    285.5      0.0     87.5
     1     1    14     9     7     3     0     3   -62.0   60.702   -9.087      2.2   1019.7    285.3      0.0     87.8
     1     1    14     9     7     2     0     2   -63.0   60.798   -9.268      2.4   1019.5    285.4      0.0     87.4
     1     1    14     9     7     1     0     1   -64.0   60.869   -9.447      2.7   1019.4    285.4      0.0     87.2
     1     1    14     9     7     0     0     0   -65.0   60.912   -9.617      3.2   1019.2    285.4      0.0     87.4
     1     1    14     9     6    23     0     1   -66.0   60.945   -9.763      3.5   1019.5    285.4      0.0     87.5
     1     1    14     9     6    22     0     2   -67.0   60.983   -9.875      3.7   1019.7    285.4      0.0     87.6
     1     1    14     9     6    21     0     3   -68.0   61.024   -9.957      3.8   1020.0    285.4      0.0     87.7
     1     1    14     9     6    20     0     2   -69.0   61.072  -10.043      4.1   1018.8    285.3      0.0     86.9
     1     1    14     9     6    19     0     1   -70.0   61.130  -10.166      4.6   1017.6    285.3      0.0     86.3
     1     1    14     9     6    18     0     0   -71.0   61.194  -10.327      5.3   1016.4    285.3      0.0     86.2
     1     1    14     9     6    17     0     1   -72.0   61.256  -10.516      6.0   1016.6    285.3      0.0     85.4
