     7     1
    GDAS    14     8    22     0     0
    GDAS    14     8    29     0     0
    GDAS    14     9     1     0     0
    GDAS    14     9     8     0     0
    GDAS    14     9    15     0     0
    GDAS    14     9    22     0     0
    GDAS    14     9    29     0     0
     1 BACKWARD OMEGA   
    14     9     7    11   56.467   -2.973   100.0
     4 PRESSURE AIR_TEMP RAINFALL RELHUMID
     1     1    14     9     7    11     0     1     0.0   56.467   -2.973    100.0    972.7    284.4      0.0     75.8
     1     1    14     9     7    10     0     2    -1.0   56.624   -3.264    182.0    955.8    282.4      0.1     83.6
     1     1    14     9     7     9     0     3    -2.0   56.840   -3.579    257.3    930.7    279.9      0.2     93.1
     1     1    14     9     7     8     0     2    -3.0   57.098   -3.898    276.9    919.0    279.0      0.0     96.8
     1     1    14     9     7     7     0     1    -4.0   57.345   -4.217    272.9    937.1    280.1      0.0     96.2
     1     1    14     9     7     6     0     0    -5.0   57.591   -4.526    263.7    944.9    280.5      0.0     97.2
     1     1    14     9     7     5     0     1    -6.0   57.833   -4.797    208.8    953.8    280.9      0.0     97.6
     1     1    14     9     7     4     0     2    -7.0   58.047   -4.985    132.5    968.0    281.8      0.0     96.1
     1     1    14     9     7     3     0     3    -8.0   58.240   -5.097     79.8    986.7    283.1      0.0     91.9
     1     1    14     9     7     2     0     2    -9.0   58.444   -5.165     53.3    995.1    283.9      0.0     88.8
     1     1    14     9     7     1     0     1   -10.0   58.671   -5.201     37.1   1003.7    284.7      0.4     87.0
     1     1    14     9     7     0     0     0   -11.0   58.931   -5.180     30.3   1010.9    285.5      0.3     86.5
     1     1    14     9     6    23     0     1   -12.0   59.220   -5.117     28.4   1011.9    285.7      0.3     82.3
     1     1    14     9     6    22     0     2   -13.0   59.515   -5.044     26.4   1012.1    285.7      0.0     80.8
     1     1    14     9     6    21     0     3   -14.0   59.817   -4.947     24.5   1013.0    285.7      0.0     82.6
     1     1    14     9     6    20     0     2   -15.0   60.117   -4.819     23.6   1012.8    285.6      0.0     84.3
     1     1    14     9     6    19     0     1   -16.0   60.394   -4.673     23.6   1012.4    285.5      0.0     83.7
     1     1    14     9     6    18     0     0   -17.0   60.643   -4.505     24.6   1012.5    285.5      0.0     83.5
     1     1    14     9     6    17     0     1   -18.0   60.873   -4.308     26.1   1012.2    285.4      0.1     83.5
     1     1    14     9     6    16     0     2   -19.0   61.093   -4.091     26.5   1011.6    285.4      0.1     83.7
     1     1    14     9     6    15     0     3   -20.0   61.291   -3.871     24.9   1011.6    285.3      0.1     83.3
     1     1    14     9     6    14     0     2   -21.0   61.459   -3.664     23.1   1012.3    285.3      0.0     82.6
     1     1    14     9     6    13     0     1   -22.0   61.600   -3.463     22.3   1012.5    285.3      0.0     81.9
     1     1    14     9     6    12     0     0   -23.0   61.723   -3.254     22.0   1012.3    285.3      0.0     81.4
     1     1    14     9     6    11     0     1   -24.0   61.835   -3.016     22.0   1012.0    285.3      0.0     80.7
     1     1    14     9     6    10     0     2   -25.0   61.935   -2.730     22.0   1012.5    285.3      0.0     80.9
     1     1    14     9     6     9     0     3   -26.0   62.019   -2.408     22.0   1013.1    285.4      0.0     81.6
     1     1    14     9     6     8     0     2   -27.0   62.086   -2.081     22.0   1012.3    285.5      0.0     81.5
     1     1    14     9     6     7     0     1   -28.0   62.139   -1.774     21.9   1011.6    285.5      0.0     81.3
     1     1    14     9     6     6     0     0   -29.0   62.178   -1.488     21.4   1011.0    285.6      0.0     81.5
     1     1    14     9     6     5     0     1   -30.0   62.200   -1.222     20.6   1011.2    285.6      0.0     81.5
     1     1    14     9     6     4     0     2   -31.0   62.201   -0.977     20.0   1011.3    285.7      0.0     81.2
     1     1    14     9     6     3     0     3   -32.0   62.181   -0.742     19.8   1011.3    285.7      0.0     80.7
     1     1    14     9     6     2     0     2   -33.0   62.145   -0.517     19.8   1011.4    285.8      0.0     80.2
     1     1    14     9     6     1     0     1   -34.0   62.098   -0.306     19.8   1011.6    285.8      0.0     79.7
     1     1    14     9     6     0     0     0   -35.0   62.041   -0.109     19.8   1011.7    285.9      0.0     79.2
     1     1    14     9     5    23     0     1   -36.0   61.988    0.031     20.1   1011.9    286.1      0.0     79.8
     1     1    14     9     5    22     0     2   -37.0   61.932    0.104     20.9   1011.9    286.1      0.0     78.8
     1     1    14     9     5    21     0     3   -38.0   61.845    0.136     21.4   1012.0    286.1      0.0     77.7
     1     1    14     9     5    20     0     2   -39.0   61.741    0.137     21.7   1011.9    286.1      0.0     77.8
     1     1    14     9     5    19     0     1   -40.0   61.635    0.122     21.6   1011.9    286.1      0.0     77.8
     1     1    14     9     5    18     0     0   -41.0   61.532    0.099     21.1   1011.9    286.2      0.0     77.7
     1     1    14     9     5    17     0     1   -42.0   61.429    0.048     20.5   1012.1    286.2      0.0     77.2
     1     1    14     9     5    16     0     2   -43.0   61.295   -0.031     21.1   1012.0    286.0      0.0     75.2
     1     1    14     9     5    15     0     3   -44.0   61.141   -0.140     23.0   1011.7    286.1      0.0     74.3
     1     1    14     9     5    14     0     2   -45.0   61.007   -0.290     25.1   1012.1    286.1      0.3     74.3
     1     1    14     9     5    13     0     1   -46.0   60.896   -0.471     26.4   1012.7    286.1      0.4     74.8
     1     1    14     9     5    12     0     0   -47.0   60.807   -0.686     26.8   1013.5    286.2      0.0     75.4
     1     1    14     9     5    11     0     1   -48.0   60.731   -0.944     26.9   1012.7    286.1      0.1     77.5
     1     1    14     9     5    10     0     2   -49.0   60.658   -1.256     27.4   1011.8    286.0      0.1     78.8
     1     1    14     9     5     9     0     3   -50.0   60.592   -1.622     28.5   1011.6    286.0      0.0     78.4
     1     1    14     9     5     8     0     2   -51.0   60.529   -2.022     29.8   1011.4    285.9      0.9     79.7
     1     1    14     9     5     7     0     1   -52.0   60.458   -2.435     30.5   1010.6    285.8      0.9     81.0
     1     1    14     9     5     6     0     0   -53.0   60.383   -2.867     30.8   1010.2    285.8      1.0     80.9
     1     1    14     9     5     5     0     1   -54.0   60.307   -3.322     30.3   1010.1    285.7      0.8     84.1
     1     1    14     9     5     4     0     2   -55.0   60.241   -3.798     28.7   1010.3    285.6      0.6     86.0
     1     1    14     9     5     3     0     3   -56.0   60.197   -4.302     26.9   1010.5    285.6      0.7     86.4
     1     1    14     9     5     2     0     2   -57.0   60.164   -4.814     25.5   1010.7    285.6      2.0     87.2
     1     1    14     9     5     1     0     1   -58.0   60.135   -5.308     24.3   1010.8    285.6      2.0     89.1
     1     1    14     9     5     0     0     0   -59.0   60.120   -5.790     22.6   1010.9    285.5      0.9     90.1
     1     1    14     9     4    23     0     1   -60.0   60.107   -6.279     21.5   1011.2    285.5      0.6     90.0
     1     1    14     9     4    22     0     2   -61.0   60.090   -6.774     21.9   1011.2    285.5      0.0     90.8
     1     1    14     9     4    21     0     3   -62.0   60.071   -7.265     23.6   1011.0    285.6      0.0     91.1
     1     1    14     9     4    20     0     2   -63.0   60.044   -7.754     25.9   1010.8    285.5      1.0     90.5
     1     1    14     9     4    19     0     1   -64.0   60.010   -8.245     28.5   1010.6    285.5      1.1     91.8
     1     1    14     9     4    18     0     0   -65.0   59.987   -8.737     31.5   1010.3    285.6      0.6     93.3
     1     1    14     9     4    17     0     1   -66.0   59.966   -9.226     34.3   1009.1    285.7      0.5     92.6
     1     1    14     9     4    16     0     2   -67.0   59.935   -9.689     36.0   1008.2    285.8      0.0     92.9
     1     1    14     9     4    15     0     3   -68.0   59.915  -10.109     36.6   1007.5    285.9      0.0     94.1
     1     1    14     9     4    14     0     2   -69.0   59.897  -10.484     36.3   1007.6    285.9      2.9     93.3
     1     1    14     9     4    13     0     1   -70.0   59.873  -10.821     35.7   1007.7    285.9      1.6     93.8
     1     1    14     9     4    12     0     0   -71.0   59.860  -11.125     35.5   1007.7    285.9      1.6     94.6
     1     1    14     9     4    11     0     1   -72.0   59.838  -11.382     34.5   1008.0    286.0      1.0     93.5
