     7     1
    GDAS    14     8    22     0     0
    GDAS    14     8    29     0     0
    GDAS    14     9     1     0     0
    GDAS    14     9     8     0     0
    GDAS    14     9    15     0     0
    GDAS    14     9    22     0     0
    GDAS    14     9    29     0     0
     1 BACKWARD OMEGA   
    14     9    10    23   56.467   -2.973   100.0
     4 PRESSURE AIR_TEMP RAINFALL RELHUMID
     1     1    14     9    10    23     0     1     0.0   56.467   -2.973    100.0    979.1    284.0      0.0     87.6
     1     1    14     9    10    22     0     2    -1.0   56.361   -2.911    123.3    981.8    284.6      0.0     85.3
     1     1    14     9    10    21     0     3    -2.0   56.251   -2.801    146.3    985.0    285.2      0.0     82.5
     1     1    14     9    10    20     0     2    -3.0   56.137   -2.649    166.3    987.6    286.0      0.0     78.9
     1     1    14     9    10    19     0     1    -4.0   56.026   -2.467    183.2    990.2    286.5      0.0     75.6
     1     1    14     9    10    18     0     0    -5.0   55.920   -2.271    197.6    989.6    286.6      0.0     73.5
     1     1    14     9    10    17     0     1    -6.0   55.816   -2.071    204.9    988.2    286.3      0.0     72.5
     1     1    14     9    10    16     0     2    -7.0   55.717   -1.867    202.2    988.5    286.2      0.0     72.0
     1     1    14     9    10    15     0     3    -8.0   55.627   -1.659    195.0    990.7    286.2      0.0     71.4
     1     1    14     9    10    14     0     2    -9.0   55.548   -1.462    191.3    993.6    286.1      0.0     72.7
     1     1    14     9    10    13     0     1   -10.0   55.479   -1.286    194.3    995.6    285.9      0.0     74.0
     1     1    14     9    10    12     0     0   -11.0   55.419   -1.128    204.2    997.0    285.7      0.0     75.4
     1     1    14     9    10    11     0     1   -12.0   55.362   -0.973    218.3    997.0    285.4      0.0     76.9
     1     1    14     9    10    10     0     2   -13.0   55.306   -0.808    231.7    994.8    285.2      0.0     78.2
     1     1    14     9    10     9     0     3   -14.0   55.249   -0.633    240.9    993.5    285.0      0.0     79.6
     1     1    14     9    10     8     0     2   -15.0   55.198   -0.453    246.9    992.9    285.0      0.0     79.5
     1     1    14     9    10     7     0     1   -16.0   55.156   -0.273    251.3    992.3    285.0      0.0     79.3
     1     1    14     9    10     6     0     0   -17.0   55.122   -0.092    254.1    991.9    285.0      0.0     79.0
     1     1    14     9    10     5     0     1   -18.0   55.106    0.070    257.5    991.8    284.6      0.0     80.3
     1     1    14     9    10     4     0     2   -19.0   55.107    0.203    263.1    991.0    284.7      0.0     79.9
     1     1    14     9    10     3     0     3   -20.0   55.114    0.312    269.2    990.0    284.8      0.0     79.6
     1     1    14     9    10     2     0     2   -21.0   55.126    0.406    275.0    989.3    284.7      0.0     79.4
     1     1    14     9    10     1     0     1   -22.0   55.146    0.493    279.9    988.7    284.7      0.0     79.4
     1     1    14     9    10     0     0     0   -23.0   55.173    0.573    283.4    988.3    284.6      0.0     79.5
     1     1    14     9     9    23     0     1   -24.0   55.213    0.635    285.9    988.1    284.6      0.0     80.1
     1     1    14     9     9    22     0     2   -25.0   55.274    0.669    288.7    987.8    284.6      0.0     80.4
     1     1    14     9     9    21     0     3   -26.0   55.354    0.672    292.4    987.3    284.6      0.0     80.6
     1     1    14     9     9    20     0     2   -27.0   55.445    0.650    297.8    986.5    284.5      0.0     80.5
     1     1    14     9     9    19     0     1   -28.0   55.537    0.611    305.5    985.3    284.5      0.0     80.5
     1     1    14     9     9    18     0     0   -29.0   55.631    0.556    315.7    983.8    284.4      0.0     80.5
     1     1    14     9     9    17     0     1   -30.0   55.721    0.473    328.4    982.0    284.2      0.0     80.5
     1     1    14     9     9    16     0     2   -31.0   55.800    0.352    342.6    980.0    284.0      0.0     80.5
     1     1    14     9     9    15     0     3   -32.0   55.865    0.198    356.9    978.0    283.8      0.0     80.6
     1     1    14     9     9    14     0     2   -33.0   55.918    0.030    368.5    976.6    283.6      0.0     81.8
     1     1    14     9     9    13     0     1   -34.0   55.938   -0.085    390.0    976.3    283.8      0.0     80.5
     1     1    14     9     9    12     0     0   -35.0   55.926   -0.159    422.8    971.4    283.3      0.0     81.4
     1     1    14     9     9    11     0     1   -36.0   55.915   -0.248    449.5    967.9    283.1      0.0     82.0
     1     1    14     9     9    10     0     2   -37.0   55.905   -0.354    468.0    965.5    283.0      0.0     82.4
     1     1    14     9     9     9     0     3   -38.0   55.896   -0.474    477.2    964.3    282.9      0.0     82.5
     1     1    14     9     9     8     0     2   -39.0   55.899   -0.594    481.0    964.1    282.8      0.0     82.4
     1     1    14     9     9     7     0     1   -40.0   55.925   -0.704    483.0    963.6    282.8      0.0     82.4
     1     1    14     9     9     6     0     0   -41.0   55.978   -0.801    483.7    963.3    282.7      0.0     82.5
     1     1    14     9     9     5     0     1   -42.0   56.052   -0.915    484.7    963.2    282.7      0.0     82.9
     1     1    14     9     9     4     0     2   -43.0   56.142   -1.078    487.3    962.6    282.6      0.0     83.3
     1     1    14     9     9     3     0     3   -44.0   56.239   -1.281    492.0    961.5    282.6      0.0     83.3
     1     1    14     9     9     2     0     2   -45.0   56.334   -1.493    500.0    960.2    282.5      0.0     82.8
     1     1    14     9     9     1     0     1   -46.0   56.426   -1.697    512.9    958.7    282.4      0.0     82.8
     1     1    14     9     9     0     0     0   -47.0   56.519   -1.894    533.9    956.5    282.2      0.0     83.3
     1     1    14     9     8    23     0     1   -48.0   56.613   -2.091    563.4    950.1    281.9      0.0     84.4
     1     1    14     9     8    22     0     2   -49.0   56.710   -2.294    596.7    938.7    281.3      0.0     87.4
     1     1    14     9     8    21     0     3   -50.0   56.813   -2.502    627.6    926.2    280.6      0.0     91.0
     1     1    14     9     8    20     0     2   -51.0   56.930   -2.715    657.0    911.9    279.7      0.0     92.6
     1     1    14     9     8    19     0     1   -52.0   57.069   -2.941    694.4    899.1    279.0      0.0     93.3
     1     1    14     9     8    18     0     0   -53.0   57.233   -3.176    738.8    895.6    278.8      0.0     92.5
     1     1    14     9     8    17     0     1   -54.0   57.412   -3.426    788.4    895.5    278.6      0.0     92.7
     1     1    14     9     8    16     0     2   -55.0   57.598   -3.702    853.7    893.0    278.3      0.0     93.7
     1     1    14     9     8    15     0     3   -56.0   57.786   -4.012    934.2    887.5    278.0      0.0     94.3
     1     1    14     9     8    14     0     2   -57.0   57.968   -4.349   1002.9    880.7    277.2      0.0     96.1
     1     1    14     9     8    13     0     1   -58.0   58.143   -4.693   1035.9    876.1    276.7      0.0     96.7
     1     1    14     9     8    12     0     0   -59.0   58.313   -5.034   1043.3    877.6    276.7      0.0     96.8
     1     1    14     9     8    11     0     1   -60.0   58.480   -5.363   1039.7    889.2    277.4      0.0     92.3
     1     1    14     9     8    10     0     2   -61.0   58.640   -5.672   1026.8    897.1    277.8      0.0     89.2
     1     1    14     9     8     9     0     3   -62.0   58.791   -5.961   1006.4    902.5    278.1      0.0     86.7
     1     1    14     9     8     8     0     2   -63.0   58.944   -6.243    985.7    905.1    278.3      0.0     85.8
     1     1    14     9     8     7     0     1   -64.0   59.108   -6.533    972.4    906.5    278.3      0.0     84.8
     1     1    14     9     8     6     0     0   -65.0   59.281   -6.835    967.5    907.1    278.3      0.0     84.1
     1     1    14     9     8     5     0     1   -66.0   59.456   -7.156    974.7    906.6    278.3      0.0     83.6
     1     1    14     9     8     4     0     2   -67.0   59.627   -7.497    995.1    904.1    278.2      0.0     83.6
     1     1    14     9     8     3     0     3   -68.0   59.792   -7.851   1029.1    900.5    278.1      0.0     84.4
     1     1    14     9     8     2     0     2   -69.0   59.945   -8.213   1063.4    895.3    277.8      0.0     84.0
     1     1    14     9     8     1     0     1   -70.0   60.083   -8.574   1081.7    893.3    277.7      0.0     84.0
     1     1    14     9     8     0     0     0   -71.0   60.204   -8.936   1086.4    893.3    277.6      0.0     85.7
     1     1    14     9     7    23     0     1   -72.0   60.310   -9.300   1083.3    894.1    277.8      0.0     84.5
