     7     1
    GDAS    14     8    22     0     0
    GDAS    14     8    29     0     0
    GDAS    14     9     1     0     0
    GDAS    14     9     8     0     0
    GDAS    14     9    15     0     0
    GDAS    14     9    22     0     0
    GDAS    14     9    29     0     0
     1 BACKWARD OMEGA   
    14     9    18    11   56.467   -2.973   100.0
     4 PRESSURE AIR_TEMP RAINFALL RELHUMID
     1     1    14     9    18    11     0     1     0.0   56.467   -2.973    100.0    972.3    286.6      0.0     96.5
     1     1    14     9    18    10     0     2    -1.0   56.437   -2.792     70.1    982.6    286.8      0.0     96.1
     1     1    14     9    18     9     0     3    -2.0   56.403   -2.610     50.4    989.8    286.8      0.0     96.3
     1     1    14     9    18     8     0     2    -3.0   56.365   -2.425     36.9    996.4    286.8      0.0     96.0
     1     1    14     9    18     7     0     1    -4.0   56.323   -2.234     27.3   1002.7    286.8      0.0     95.8
     1     1    14     9    18     6     0     0    -5.0   56.277   -2.035     20.6   1008.4    287.0      0.0     95.4
     1     1    14     9    18     5     0     1    -6.0   56.226   -1.823     16.4   1010.4    286.9      0.0     95.6
     1     1    14     9    18     4     0     2    -7.0   56.169   -1.593     14.0   1011.6    286.9      0.0     96.1
     1     1    14     9    18     3     0     3    -8.0   56.111   -1.343     13.4   1012.6    287.0      0.0     97.0
     1     1    14     9    18     2     0     2    -9.0   56.057   -1.078     14.0   1013.6    287.1      0.0     97.0
     1     1    14     9    18     1     0     1   -10.0   56.010   -0.808     15.5   1013.7    287.1      0.0     97.0
     1     1    14     9    18     0     0     0   -11.0   55.972   -0.542     17.2   1013.5    287.1      0.0     97.0
     1     1    14     9    17    23     0     1   -12.0   55.942   -0.285     18.9   1013.3    287.1      0.0     96.7
     1     1    14     9    17    22     0     2   -13.0   55.917   -0.037     20.8   1013.0    287.1      0.0     96.4
     1     1    14     9    17    21     0     3   -14.0   55.869    0.232     21.5   1012.8    287.4      0.0     96.1
     1     1    14     9    17    20     0     2   -15.0   55.798    0.532     20.6   1013.0    287.5      0.0     95.5
     1     1    14     9    17    19     0     1   -16.0   55.725    0.847     19.8   1013.1    287.6      0.0     95.4
     1     1    14     9    17    18     0     0   -17.0   55.648    1.182     19.5   1013.1    287.8      0.0     95.3
     1     1    14     9    17    17     0     1   -18.0   55.567    1.537     19.5   1012.8    288.0      0.3     94.2
     1     1    14     9    17    16     0     2   -19.0   55.485    1.910     19.8   1012.6    288.2      0.0     94.1
     1     1    14     9    17    15     0     3   -20.0   55.405    2.302     20.2   1012.3    288.3      0.0     94.3
     1     1    14     9    17    14     0     2   -21.0   55.326    2.707     20.0   1012.4    288.5      0.3     93.8
     1     1    14     9    17    13     0     1   -22.0   55.243    3.117     18.8   1012.5    288.7      0.7     93.4
     1     1    14     9    17    12     0     0   -23.0   55.158    3.529     17.2   1012.5    288.8      0.4     92.8
     1     1    14     9    17    11     0     1   -24.0   55.068    3.949     16.2   1013.1    289.1      0.4     92.6
     1     1    14     9    17    10     0     2   -25.0   54.956    4.377     15.3   1014.2    289.3      0.5     92.6
     1     1    14     9    17     9     0     3   -26.0   54.821    4.811     14.2   1014.4    289.6      0.1     92.8
     1     1    14     9    17     8     0     2   -27.0   54.688    5.263     13.4   1014.1    289.8      0.5     91.7
     1     1    14     9    17     7     0     1   -28.0   54.577    5.736     12.8   1014.1    289.9      0.5     90.7
     1     1    14     9    17     6     0     0   -29.0   54.482    6.222     12.2   1014.2    290.2      0.6     89.8
     1     1    14     9    17     5     0     1   -30.0   54.395    6.707     11.6   1014.8    290.3      0.1     87.0
     1     1    14     9    17     4     0     2   -31.0   54.307    7.187     11.1   1014.8    290.3      0.1     84.1
     1     1    14     9    17     3     0     3   -32.0   54.220    7.659     10.4   1015.9    290.3      0.0     81.7
     1     1    14     9    17     2     0     2   -33.0   54.143    8.114      9.9   1016.8    290.1      0.0     80.5
     1     1    14     9    17     1     0     1   -34.0   54.094    8.518     10.0   1016.7    289.2      0.0     79.9
     1     1    14     9    17     0     0     0   -35.0   54.071    8.858     10.6   1016.4    288.7      0.0     79.4
     1     1    14     9    16    23     0     1   -36.0   54.062    9.159     11.8   1015.4    288.7      0.0     78.8
     1     1    14     9    16    22     0     2   -37.0   54.055    9.446     13.8   1014.5    288.9      0.0     78.2
     1     1    14     9    16    21     0     3   -38.0   54.046    9.732     16.9   1014.1    289.1      0.0     77.2
     1     1    14     9    16    20     0     2   -39.0   54.042   10.018     20.5   1013.2    289.4      0.0     75.5
     1     1    14     9    16    19     0     1   -40.0   54.047   10.313     21.9   1012.8    290.0      0.0     72.8
     1     1    14     9    16    18     0     0   -41.0   54.058   10.631     19.8   1013.2    290.4      0.0     70.1
     1     1    14     9    16    17     0     1   -42.0   54.065   10.963     15.5   1013.8    291.9      0.0     63.7
     1     1    14     9    16    16     0     2   -43.0   54.064   11.292     11.8   1014.6    293.5      0.0     58.5
     1     1    14     9    16    15     0     3   -44.0   54.060   11.615      9.1   1014.4    295.4      0.0     53.4
     1     1    14     9    16    14     0     2   -45.0   54.053   11.933      7.2   1015.4    296.3      0.0     53.7
     1     1    14     9    16    13     0     1   -46.0   54.044   12.238      6.0   1016.8    297.0      0.0     54.2
     1     1    14     9    16    12     0     0   -47.0   54.029   12.525      4.9   1017.5    297.7      0.0     54.5
     1     1    14     9    16    11     0     1   -48.0   54.013   12.798      4.2   1017.6    296.8      0.0     57.4
     1     1    14     9    16    10     0     2   -49.0   54.002   13.070      3.7   1018.0    295.6      0.0     60.0
     1     1    14     9    16     9     0     3   -50.0   53.994   13.353      3.6   1019.2    293.5      0.0     63.0
     1     1    14     9    16     8     0     2   -51.0   53.982   13.654      3.5   1019.9    291.3      0.0     65.2
     1     1    14     9    16     7     0     1   -52.0   53.962   13.975      3.2   1020.6    290.2      0.0     66.0
     1     1    14     9    16     6     0     0   -53.0   53.937   14.305      2.9   1020.2    289.5      0.0     65.8
     1     1    14     9    16     5     0     1   -54.0   53.907   14.614      3.2   1019.6    289.0      0.0     63.8
     1     1    14     9    16     4     0     2   -55.0   53.872   14.894      4.3   1018.2    288.4      0.0     61.8
     1     1    14     9    16     3     0     3   -56.0   53.836   15.147      6.1   1016.3    287.7      0.0     60.6
     1     1    14     9    16     2     0     2   -57.0   53.797   15.383      8.6   1015.5    287.5      0.0     61.3
     1     1    14     9    16     1     0     1   -58.0   53.756   15.612     11.6   1014.5    287.5      0.0     61.7
     1     1    14     9    16     0     0     0   -59.0   53.709   15.844     16.4   1013.0    287.7      0.0     61.6
     1     1    14     9    15    23     0     1   -60.0   53.665   16.089     23.4   1011.1    288.0      0.0     62.2
     1     1    14     9    15    22     0     2   -61.0   53.635   16.356     31.6   1008.2    288.3      0.0     63.2
     1     1    14     9    15    21     0     3   -62.0   53.624   16.643     38.8   1005.3    288.6      0.0     64.0
     1     1    14     9    15    20     0     2   -63.0   53.626   16.944     44.2   1002.3    289.3      0.0     63.3
     1     1    14     9    15    19     0     1   -64.0   53.639   17.252     48.3   1001.2    289.9      0.0     62.7
     1     1    14     9    15    18     0     0   -65.0   53.666   17.558     51.2   1000.7    290.5      0.0     62.4
     1     1    14     9    15    17     0     1   -66.0   53.703   17.853     50.8   1000.0    291.9      0.0     58.1
     1     1    14     9    15    16     0     2   -67.0   53.741   18.135     46.3   1001.2    293.5      0.0     53.2
     1     1    14     9    15    15     0     3   -68.0   53.781   18.404     39.3   1004.3    295.4      0.0     48.4
     1     1    14     9    15    14     0     2   -69.0   53.817   18.651     33.0   1008.7    296.2      0.0     47.7
     1     1    14     9    15    13     0     1   -70.0   53.846   18.874     28.9   1012.9    297.3      0.0     48.0
     1     1    14     9    15    12     0     0   -71.0   53.869   19.082     26.7   1015.0    298.1      0.0     48.7
     1     1    14     9    15    11     0     1   -72.0   53.884   19.284     25.6   1013.3    296.8      0.0     52.0
