     7     1
    GDAS    14     8    22     0     0
    GDAS    14     8    29     0     0
    GDAS    14     9     1     0     0
    GDAS    14     9     8     0     0
    GDAS    14     9    15     0     0
    GDAS    14     9    22     0     0
    GDAS    14     9    29     0     0
     1 BACKWARD OMEGA   
    14     9    22     0   56.467   -2.973   100.0
     4 PRESSURE AIR_TEMP RAINFALL RELHUMID
     1     1    14     9    22     0     0     0     0.0   56.467   -2.973    100.0    982.9    283.0      0.0     81.6
     1     1    14     9    21    23     0     1    -1.0   56.438   -3.053     98.6    983.0    283.1      0.0     80.3
     1     1    14     9    21    22     0     2    -2.0   56.419   -3.152     97.0    983.1    283.2      0.0     78.8
     1     1    14     9    21    21     0     3    -3.0   56.411   -3.266     94.4    982.9    283.3      0.0     77.4
     1     1    14     9    21    20     0     2    -4.0   56.408   -3.374     90.9    982.7    283.6      0.0     75.6
     1     1    14     9    21    19     0     1    -5.0   56.405   -3.460     87.1    982.7    283.9      0.0     73.7
     1     1    14     9    21    18     0     0    -6.0   56.401   -3.521     82.9    982.9    284.2      0.0     71.7
     1     1    14     9    21    17     0     1    -7.0   56.400   -3.576     77.1    983.2    284.7      0.0     70.2
     1     1    14     9    21    16     0     2    -8.0   56.408   -3.644     67.4    983.8    285.3      0.0     68.7
     1     1    14     9    21    15     0     3    -9.0   56.423   -3.722     53.4    984.6    286.2      0.0     66.9
     1     1    14     9    21    14     0     2   -10.0   56.441   -3.793     39.7    985.2    286.5      0.0     67.9
     1     1    14     9    21    13     0     1   -11.0   56.462   -3.843     30.1    984.9    286.9      0.0     68.9
     1     1    14     9    21    12     0     0   -12.0   56.486   -3.871     24.3    984.4    287.1      0.0     70.1
     1     1    14     9    21    11     0     1   -13.0   56.516   -3.886     20.8    982.9    285.9      0.0     73.7
     1     1    14     9    21    10     0     2   -14.0   56.556   -3.897     18.3    980.9    284.5      0.0     77.3
     1     1    14     9    21     9     0     3   -15.0   56.606   -3.904     16.8    978.3    283.0      0.0     80.9
     1     1    14     9    21     8     0     2   -16.0   56.665   -3.919     15.1    975.1    281.5      0.0     83.6
     1     1    14     9    21     7     0     1   -17.0   56.730   -3.949     12.0    971.8    280.1      0.0     86.7
     1     1    14     9    21     6     0     0   -18.0   56.800   -3.995      8.0    968.2    278.9      0.0     90.2
     1     1    14     9    21     5     0     1   -19.0   56.874   -4.049      2.9    964.8    278.9      0.0     92.6
     1     1    14     9    21     4     0     2   -20.0   56.951   -4.107      0.0    961.8    278.6      0.0     95.0
     1     1    14     9    21     3     0     3   -21.0   57.030   -4.167      0.0    961.9    278.3      0.0     96.4
     1     1    14     9    21     2     0     2   -22.0   57.104   -4.237      0.0    966.3    278.9      0.0     94.8
     1     1    14     9    21     1     0     1   -23.0   57.166   -4.320      0.0    970.0    279.4      0.0     93.6
     1     1    14     9    21     0     0     0   -24.0   57.218   -4.415      0.0    973.1    279.8      0.0     92.6
     1     1    14     9    20    23     0     1   -25.0   57.266   -4.515      0.0    975.5    279.9      0.0     91.9
     1     1    14     9    20    22     0     2   -26.0   57.313   -4.614      0.0    977.5    280.1      0.0     91.2
     1     1    14     9    20    21     0     3   -27.0   57.359   -4.715      0.0    978.9    280.3      0.0     90.8
     1     1    14     9    20    20     0     2   -28.0   57.407   -4.814      0.0    979.8    281.1      0.0     89.0
     1     1    14     9    20    19     0     1   -29.0   57.463   -4.910      0.0    980.5    281.9      0.0     87.3
     1     1    14     9    20    18     0     0   -30.0   57.526   -5.004      0.0    981.0    282.6      0.2     85.9
     1     1    14     9    20    17     0     1   -31.0   57.599   -5.113      0.0    986.0    284.3      0.1     83.7
     1     1    14     9    20    16     0     2   -32.0   57.689   -5.256      0.0    992.4    285.6      0.1     82.0
     1     1    14     9    20    15     0     3   -33.0   57.801   -5.437      0.0   1000.5    286.4      0.1     80.9
     1     1    14     9    20    14     0     2   -34.0   57.930   -5.639      0.0   1009.6    286.3      0.0     82.5
     1     1    14     9    20    13     0     1   -35.0   58.071   -5.844      0.0   1018.0    286.3      0.0     83.8
     1     1    14     9    20    12     0     0   -36.0   58.222   -6.066      0.0   1022.2    286.4      0.1     84.7
     1     1    14     9    20    11     0     1   -37.0   58.375   -6.326      0.0   1019.5    286.7      0.0     85.1
     1     1    14     9    20    10     0     2   -38.0   58.530   -6.625      0.0   1017.8    286.7      0.0     85.2
     1     1    14     9    20     9     0     3   -39.0   58.699   -6.956      0.4   1017.3    286.5      0.0     84.4
     1     1    14     9    20     8     0     2   -40.0   58.878   -7.318      1.2   1017.8    286.3      0.0     85.6
     1     1    14     9    20     7     0     1   -41.0   59.054   -7.706      1.8   1018.0    286.2      0.0     87.0
     1     1    14     9    20     6     0     0   -42.0   59.229   -8.110      2.0   1017.6    286.1      0.0     87.7
     1     1    14     9    20     5     0     1   -43.0   59.395   -8.538      2.3   1016.6    286.1      0.0     87.3
     1     1    14     9    20     4     0     2   -44.0   59.548   -8.989      2.8   1016.3    286.0      0.0     88.0
     1     1    14     9    20     3     0     3   -45.0   59.698   -9.449      3.2   1015.7    286.0      0.0     88.4
     1     1    14     9    20     2     0     2   -46.0   59.840   -9.909      3.4   1014.8    286.0      0.0     87.4
     1     1    14     9    20     1     0     1   -47.0   59.969  -10.374      3.5   1015.3    286.1      0.0     87.3
     1     1    14     9    20     0     0     0   -48.0   60.095  -10.863      3.5   1016.3    286.1      0.0     89.1
     1     1    14     9    19    23     0     1   -49.0   60.228  -11.381      3.4   1015.3    286.2      0.0     87.0
     1     1    14     9    19    22     0     2   -50.0   60.373  -11.915      3.1   1014.1    286.2      0.0     86.3
     1     1    14     9    19    21     0     3   -51.0   60.518  -12.460      2.9   1014.2    286.1      0.0     87.4
     1     1    14     9    19    20     0     2   -52.0   60.654  -13.014      2.8   1014.0    286.0      0.0     88.4
     1     1    14     9    19    19     0     1   -53.0   60.781  -13.569      2.8   1013.3    285.9      0.0     88.3
     1     1    14     9    19    18     0     0   -54.0   60.899  -14.118      2.9   1012.9    285.8      0.0     89.8
     1     1    14     9    19    17     0     1   -55.0   61.012  -14.658      3.1   1012.6    285.8      0.0     86.7
     1     1    14     9    19    16     0     2   -56.0   61.118  -15.186      3.1   1012.4    285.8      0.0     83.9
     1     1    14     9    19    15     0     3   -57.0   61.219  -15.701      2.9   1012.2    285.7      0.0     84.2
     1     1    14     9    19    14     0     2   -58.0   61.315  -16.197      2.7   1012.4    285.5      0.0     87.2
     1     1    14     9    19    13     0     1   -59.0   61.399  -16.677      2.3   1012.6    285.3      0.5     89.1
     1     1    14     9    19    12     0     0   -60.0   61.468  -17.155      1.6   1012.8    285.3      0.6     89.9
     1     1    14     9    19    11     0     1   -61.0   61.522  -17.639      0.8   1012.4    285.2      0.7     89.0
     1     1    14     9    19    10     0     2   -62.0   61.564  -18.134      0.0   1011.9    285.1      0.7     88.6
     1     1    14     9    19     9     0     3   -63.0   61.591  -18.643      0.0   1011.3    285.0      0.7     91.6
     1     1    14     9    19     8     0     2   -64.0   61.594  -19.140      0.0   1010.9    284.9      0.0     94.2
     1     1    14     9    19     7     0     1   -65.0   61.574  -19.595      0.0   1010.5    285.0      1.0     93.7
     1     1    14     9    19     6     0     0   -66.0   61.539  -20.010      0.0   1010.1    285.0      1.0     93.6
     1     1    14     9    19     5     0     1   -67.0   61.494  -20.411      0.0   1010.2    285.0      0.0     93.6
     1     1    14     9    19     4     0     2   -68.0   61.435  -20.831      0.0   1010.4    284.9      0.0     94.3
     1     1    14     9    19     3     0     3   -69.0   61.365  -21.303      0.0   1010.5    284.7      0.0     93.6
     1     1    14     9    19     2     0     2   -70.0   61.287  -21.807      0.0   1010.7    284.8      0.0     91.9
     1     1    14     9    19     1     0     1   -71.0   61.206  -22.299      0.0   1011.3    284.8      0.0     92.7
     1     1    14     9    19     0     0     0   -72.0   61.140  -22.792      0.2   1011.2    284.6      0.6     93.4
