     7     1
    GDAS    14     8    22     0     0
    GDAS    14     8    29     0     0
    GDAS    14     9     1     0     0
    GDAS    14     9     8     0     0
    GDAS    14     9    15     0     0
    GDAS    14     9    22     0     0
    GDAS    14     9    29     0     0
     1 BACKWARD OMEGA   
    14     9    17    12   56.467   -2.973   100.0
     4 PRESSURE AIR_TEMP RAINFALL RELHUMID
     1     1    14     9    17    12     0     0     0.0   56.467   -2.973    100.0    974.2    286.1      0.0     87.5
     1     1    14     9    17    11     0     1    -1.0   56.485   -2.888     90.7    977.1    285.8      0.0     87.8
     1     1    14     9    17    10     0     2    -2.0   56.515   -2.818     84.1    979.0    285.6      0.0     88.0
     1     1    14     9    17     9     0     3    -3.0   56.559   -2.761     80.2    979.9    285.3      0.0     88.0
     1     1    14     9    17     8     0     2    -4.0   56.611   -2.711     78.5    980.7    284.4      0.0     87.6
     1     1    14     9    17     7     0     1    -5.0   56.667   -2.660     78.5    981.6    283.5      0.0     87.1
     1     1    14     9    17     6     0     0    -6.0   56.726   -2.612     80.8    982.2    282.7      0.0     86.1
     1     1    14     9    17     5     0     1    -7.0   56.784   -2.581     87.1    981.7    282.9      0.0     86.9
     1     1    14     9    17     4     0     2    -8.0   56.836   -2.581    100.2    979.5    283.1      0.0     87.6
     1     1    14     9    17     3     0     3    -9.0   56.875   -2.610    124.0    975.4    283.3      0.0     88.4
     1     1    14     9    17     2     0     2   -10.0   56.899   -2.653    160.8    969.2    283.5      0.0     89.2
     1     1    14     9    17     1     0     1   -11.0   56.905   -2.689    206.3    962.0    283.4      0.0     89.9
     1     1    14     9    17     0     0     0   -12.0   56.895   -2.718    259.2    955.5    283.3      0.0     90.5
     1     1    14     9    16    23     0     1   -13.0   56.867   -2.724    312.5    948.6    283.4      0.0     90.6
     1     1    14     9    16    22     0     2   -14.0   56.820   -2.696    357.6    945.8    283.5      0.0     91.2
     1     1    14     9    16    21     0     3   -15.0   56.758   -2.641    398.7    945.1    283.6      0.0     91.8
     1     1    14     9    16    20     0     2   -16.0   56.689   -2.579    440.0    944.1    283.6      0.0     92.0
     1     1    14     9    16    19     0     1   -17.0   56.617   -2.529    482.7    941.7    283.6      0.0     92.4
     1     1    14     9    16    18     0     0   -18.0   56.542   -2.491    525.7    938.7    283.5      0.0     93.0
     1     1    14     9    16    17     0     1   -19.0   56.458   -2.446    565.9    936.4    283.3      0.0     94.0
     1     1    14     9    16    16     0     2   -20.0   56.364   -2.371    601.8    935.7    283.3      0.0     95.0
     1     1    14     9    16    15     0     3   -21.0   56.257   -2.269    639.9    935.1    283.1      0.0     96.1
     1     1    14     9    16    14     0     2   -22.0   56.142   -2.158    678.0    932.5    283.0      0.0     95.0
     1     1    14     9    16    13     0     1   -23.0   56.021   -2.051    707.4    930.4    283.0      0.0     94.4
     1     1    14     9    16    12     0     0   -24.0   55.895   -1.946    724.0    927.1    283.0      0.0     94.1
     1     1    14     9    16    11     0     1   -25.0   55.772   -1.833    735.7    925.3    282.9      0.0     93.6
     1     1    14     9    16    10     0     2   -26.0   55.659   -1.701    752.1    923.0    282.8      0.0     92.9
     1     1    14     9    16     9     0     3   -27.0   55.558   -1.553    773.7    921.0    282.8      0.0     92.4
     1     1    14     9    16     8     0     2   -28.0   55.467   -1.404    793.8    919.2    282.7      0.0     91.9
     1     1    14     9    16     7     0     1   -29.0   55.381   -1.265    805.7    919.4    282.8      0.0     91.8
     1     1    14     9    16     6     0     0   -30.0   55.299   -1.132    808.9    920.9    282.9      0.0     91.7
     1     1    14     9    16     5     0     1   -31.0   55.214   -1.005    810.7    923.8    283.3      0.0     89.5
     1     1    14     9    16     4     0     2   -32.0   55.122   -0.889    818.5    923.1    283.5      0.0     87.2
     1     1    14     9    16     3     0     3   -33.0   55.022   -0.784    833.7    921.5    283.5      0.0     85.0
     1     1    14     9    16     2     0     2   -34.0   54.916   -0.675    855.5    918.5    283.3      0.0     86.2
     1     1    14     9    16     1     0     1   -35.0   54.804   -0.556    882.5    915.0    283.1      0.0     87.6
     1     1    14     9    16     0     0     0   -36.0   54.688   -0.430    915.0    910.6    282.8      0.0     88.8
     1     1    14     9    15    23     0     1   -37.0   54.578   -0.301    948.9    905.4    282.6      0.0     89.1
     1     1    14     9    15    22     0     2   -38.0   54.482   -0.165    979.3    901.4    282.5      0.0     88.7
     1     1    14     9    15    21     0     3   -39.0   54.400   -0.019   1006.0    898.0    282.4      0.0     88.0
     1     1    14     9    15    20     0     2   -40.0   54.301    0.143   1017.4    899.5    282.8      0.0     79.9
     1     1    14     9    15    19     0     1   -41.0   54.187    0.312   1016.6    901.5    283.0      0.0     79.6
     1     1    14     9    15    18     0     0   -42.0   54.086    0.479   1020.4    900.6    282.9      0.0     78.8
     1     1    14     9    15    17     0     1   -43.0   53.993    0.650   1024.1    900.1    283.1      0.0     77.2
     1     1    14     9    15    16     0     2   -44.0   53.901    0.832   1030.4    899.8    283.2      0.0     76.8
     1     1    14     9    15    15     0     3   -45.0   53.803    1.022   1045.4    898.5    283.3      0.0     76.7
     1     1    14     9    15    14     0     2   -46.0   53.706    1.208   1062.1    896.0    283.0      0.0     79.3
     1     1    14     9    15    13     0     1   -47.0   53.617    1.383   1071.6    895.4    282.8      0.0     80.7
     1     1    14     9    15    12     0     0   -48.0   53.533    1.547   1076.1    895.3    282.7      0.0     81.5
     1     1    14     9    15    11     0     1   -49.0   53.447    1.709   1077.3    895.1    282.8      0.0     80.5
     1     1    14     9    15    10     0     2   -50.0   53.352    1.878   1078.5    895.2    282.9      0.0     79.6
     1     1    14     9    15     9     0     3   -51.0   53.241    2.050   1084.6    894.6    282.9      0.0     79.3
     1     1    14     9    15     8     0     2   -52.0   53.128    2.224   1098.1    893.3    282.6      0.0     81.7
     1     1    14     9    15     7     0     1   -53.0   53.022    2.401   1116.3    891.2    282.4      0.0     83.6
     1     1    14     9    15     6     0     0   -54.0   52.918    2.583   1135.5    889.1    282.2      0.0     84.4
     1     1    14     9    15     5     0     1   -55.0   52.824    2.765   1145.7    887.1    282.1      0.0     83.8
     1     1    14     9    15     4     0     2   -56.0   52.745    2.937   1138.2    887.6    282.2      0.0     83.2
     1     1    14     9    15     3     0     3   -57.0   52.678    3.096   1112.8    890.0    282.4      0.0     82.7
     1     1    14     9    15     2     0     2   -58.0   52.628    3.258   1084.5    895.0    282.7      0.0     82.8
     1     1    14     9    15     1     0     1   -59.0   52.599    3.440   1066.6    897.2    282.8      0.0     83.3
     1     1    14     9    15     0     0     0   -60.0   52.589    3.634   1055.9    898.6    282.9      0.0     84.1
     1     1    14     9    14    23     0     1   -61.0   52.585    3.817   1053.8    899.4    283.1      0.0     83.0
     1     1    14     9    14    22     0     2   -62.0   52.583    3.966   1065.8    898.6    283.2      0.0     82.0
     1     1    14     9    14    21     0     3   -63.0   52.586    4.082   1094.9    895.8    283.2      0.0     80.9
     1     1    14     9    14    20     0     2   -64.0   52.598    4.193   1129.8    891.0    282.7      0.0     82.8
     1     1    14     9    14    19     0     1   -65.0   52.619    4.326   1155.7    888.2    282.4      0.0     84.8
     1     1    14     9    14    18     0     0   -66.0   52.649    4.478   1168.6    886.6    282.2      0.0     87.0
     1     1    14     9    14    17     0     1   -67.0   52.695    4.642   1175.9    887.0    282.2      0.0     86.1
     1     1    14     9    14    16     0     2   -68.0   52.766    4.810   1189.2    886.0    282.1      0.0     86.0
     1     1    14     9    14    15     0     3   -69.0   52.866    4.981   1216.8    883.7    282.0      0.0     86.7
     1     1    14     9    14    14     0     2   -70.0   52.985    5.155   1255.9    879.0    281.4      0.0     86.6
     1     1    14     9    14    13     0     1   -71.0   53.112    5.340   1285.7    875.3    281.0      0.0     87.9
     1     1    14     9    14    12     0     0   -72.0   53.253    5.549   1298.4    874.8    280.7      0.0     91.5
