     7     1
    GDAS    14     8    22     0     0
    GDAS    14     8    29     0     0
    GDAS    14     9     1     0     0
    GDAS    14     9     8     0     0
    GDAS    14     9    15     0     0
    GDAS    14     9    22     0     0
    GDAS    14     9    29     0     0
     1 BACKWARD OMEGA   
    14     9    12    16   56.467   -2.973   100.0
     4 PRESSURE AIR_TEMP RAINFALL RELHUMID
     1     1    14     9    12    16     0     2     0.0   56.467   -2.973    100.0    982.3    288.4      0.0     80.5
     1     1    14     9    12    15     0     3    -1.0   56.419   -2.948     89.1    985.6    289.0      0.0     78.4
     1     1    14     9    12    14     0     2    -2.0   56.374   -2.925     81.6    988.9    288.5      0.0     79.1
     1     1    14     9    12    13     0     1    -3.0   56.335   -2.912     75.5    991.7    288.0      0.0     79.9
     1     1    14     9    12    12     0     0    -4.0   56.303   -2.911     70.2    993.8    287.6      0.0     80.8
     1     1    14     9    12    11     0     1    -5.0   56.274   -2.906     66.9    995.2    287.1      0.0     83.7
     1     1    14     9    12    10     0     2    -6.0   56.242   -2.877     67.2    996.5    286.5      0.0     86.8
     1     1    14     9    12     9     0     3    -7.0   56.204   -2.825     70.6    998.0    285.9      0.0     90.1
     1     1    14     9    12     8     0     2    -8.0   56.163   -2.760     75.3    999.3    285.2      0.0     90.8
     1     1    14     9    12     7     0     1    -9.0   56.125   -2.695     79.3   1000.7    284.7      0.0     91.4
     1     1    14     9    12     6     0     0   -10.0   56.090   -2.631     82.2   1002.0    284.3      0.0     91.8
     1     1    14     9    12     5     0     1   -11.0   56.051   -2.557     83.9   1003.5    284.8      0.0     90.7
     1     1    14     9    12     4     0     2   -12.0   56.001   -2.463     84.6   1005.3    285.3      0.0     89.2
     1     1    14     9    12     3     0     3   -13.0   55.937   -2.353     84.8   1005.7    285.5      0.0     87.2
     1     1    14     9    12     2     0     2   -14.0   55.861   -2.243     85.0   1005.7    285.5      0.0     85.6
     1     1    14     9    12     1     0     1   -15.0   55.777   -2.142     85.2   1005.0    285.4      0.0     84.5
     1     1    14     9    12     0     0     0   -16.0   55.687   -2.047     85.3   1003.7    285.2      0.0     83.8
     1     1    14     9    11    23     0     1   -17.0   55.591   -1.956     85.9   1002.4    285.1      0.0     82.5
     1     1    14     9    11    22     0     2   -18.0   55.494   -1.864     87.7   1001.3    285.1      0.0     81.0
     1     1    14     9    11    21     0     3   -19.0   55.396   -1.769     90.2   1000.6    285.3      0.0     79.5
     1     1    14     9    11    20     0     2   -20.0   55.305   -1.662     90.7   1000.6    285.8      0.0     78.3
     1     1    14     9    11    19     0     1   -21.0   55.222   -1.535     88.3   1002.4    286.2      0.0     77.0
     1     1    14     9    11    18     0     0   -22.0   55.146   -1.385     86.3   1005.5    286.7      0.0     75.5
     1     1    14     9    11    17     0     1   -23.0   55.074   -1.210     89.2   1008.6    286.9      0.0     74.6
     1     1    14     9    11    16     0     2   -24.0   55.007   -1.010    101.0   1011.8    286.7      0.0     74.7
     1     1    14     9    11    15     0     3   -25.0   54.947   -0.789    120.2   1008.4    286.7      0.0     74.1
     1     1    14     9    11    14     0     2   -26.0   54.892   -0.579    141.4   1006.1    286.6      0.0     74.5
     1     1    14     9    11    13     0     1   -27.0   54.840   -0.400    163.9   1003.0    286.4      0.0     75.3
     1     1    14     9    11    12     0     0   -28.0   54.789   -0.251    187.9    999.8    286.1      0.0     76.3
     1     1    14     9    11    11     0     1   -29.0   54.736   -0.126    210.5    996.0    285.6      0.0     79.6
     1     1    14     9    11    10     0     2   -30.0   54.676   -0.014    227.0    993.3    285.1      0.0     83.2
     1     1    14     9    11     9     0     3   -31.0   54.635    0.084    238.9    994.5    284.9      0.0     82.8
     1     1    14     9    11     8     0     2   -32.0   54.620    0.176    248.6    993.3    284.8      0.0     83.2
     1     1    14     9    11     7     0     1   -33.0   54.615    0.270    257.4    992.2    284.6      0.0     83.6
     1     1    14     9    11     6     0     0   -34.0   54.621    0.366    264.5    991.2    284.5      0.0     83.9
     1     1    14     9    11     5     0     1   -35.0   54.634    0.466    271.2    990.5    284.5      0.0     84.2
     1     1    14     9    11     4     0     2   -36.0   54.653    0.569    279.8    989.4    284.5      0.0     84.9
     1     1    14     9    11     3     0     3   -37.0   54.678    0.675    291.0    987.9    284.4      0.0     85.8
     1     1    14     9    11     2     0     2   -38.0   54.703    0.790    303.4    986.3    284.3      0.0     86.7
     1     1    14     9    11     1     0     1   -39.0   54.724    0.924    315.1    985.0    284.1      0.0     87.7
     1     1    14     9    11     0     0     0   -40.0   54.742    1.075    325.7    983.8    284.1      0.0     88.6
     1     1    14     9    10    23     0     1   -41.0   54.773    1.241    335.5    982.7    284.1      0.0     86.0
     1     1    14     9    10    22     0     2   -42.0   54.834    1.414    345.8    981.4    284.1      0.0     84.0
     1     1    14     9    10    21     0     3   -43.0   54.927    1.592    357.2    980.1    284.1      0.0     82.6
     1     1    14     9    10    20     0     2   -44.0   55.036    1.758    369.9    978.7    284.0      0.0     82.8
     1     1    14     9    10    19     0     1   -45.0   55.146    1.897    384.1    977.1    283.9      0.0     83.2
     1     1    14     9    10    18     0     0   -46.0   55.255    2.010    399.9    975.4    283.7      0.0     84.0
     1     1    14     9    10    17     0     1   -47.0   55.369    2.102    414.8    973.5    283.5      0.0     85.0
     1     1    14     9    10    16     0     2   -48.0   55.494    2.178    426.6    972.3    283.3      0.0     86.0
     1     1    14     9    10    15     0     3   -49.0   55.629    2.235    436.3    971.1    283.2      0.0     86.8
     1     1    14     9    10    14     0     2   -50.0   55.772    2.278    443.7    970.2    283.0      0.0     87.6
     1     1    14     9    10    13     0     1   -51.0   55.919    2.314    447.2    969.8    282.8      0.0     88.4
     1     1    14     9    10    12     0     0   -52.0   56.072    2.342    446.2    970.0    282.7      0.0     88.3
     1     1    14     9    10    11     0     1   -53.0   56.227    2.355    447.1    970.4    282.8      0.0     87.8
     1     1    14     9    10    10     0     2   -54.0   56.380    2.345    455.6    969.1    282.7      0.0     88.1
     1     1    14     9    10     9     0     3   -55.0   56.528    2.313    471.3    966.8    282.5      0.0     88.7
     1     1    14     9    10     8     0     2   -56.0   56.676    2.268    489.4    964.0    282.2      0.0     89.5
     1     1    14     9    10     7     0     1   -57.0   56.828    2.218    504.8    962.0    282.0      0.0     90.7
     1     1    14     9    10     6     0     0   -58.0   56.984    2.161    516.2    960.4    281.8      0.0     92.7
     1     1    14     9    10     5     0     1   -59.0   57.147    2.095    524.9    959.5    281.8      0.0     90.1
     1     1    14     9    10     4     0     2   -60.0   57.320    2.018    532.5    958.4    281.9      0.0     87.3
     1     1    14     9    10     3     0     3   -61.0   57.501    1.929    539.7    957.5    282.0      0.0     84.0
     1     1    14     9    10     2     0     2   -62.0   57.687    1.833    550.4    956.7    281.9      0.0     83.2
     1     1    14     9    10     1     0     1   -63.0   57.873    1.734    567.9    954.7    281.8      0.0     83.1
     1     1    14     9    10     0     0     0   -64.0   58.059    1.633    591.7    952.1    281.6      0.0     83.4
     1     1    14     9     9    23     0     1   -65.0   58.245    1.515    618.4    948.7    281.4      0.0     82.4
     1     1    14     9     9    22     0     2   -66.0   58.434    1.369    644.0    945.7    281.3      0.0     82.0
     1     1    14     9     9    21     0     3   -67.0   58.625    1.197    667.7    942.7    281.2      0.0     81.6
     1     1    14     9     9    20     0     2   -68.0   58.811    1.003    690.3    939.9    281.0      0.0     80.8
     1     1    14     9     9    19     0     1   -69.0   58.984    0.788    714.2    936.9    280.9      0.0     79.9
     1     1    14     9     9    18     0     0   -70.0   59.141    0.558    740.1    933.6    280.6      0.0     79.5
     1     1    14     9     9    17     0     1   -71.0   59.279    0.318    767.7    930.0    280.3      0.0     79.7
     1     1    14     9     9    16     0     2   -72.0   59.395    0.070    795.8    926.3    280.0      0.0     81.3
