     7     1
    GDAS    14     8    22     0     0
    GDAS    14     8    29     0     0
    GDAS    14     9     1     0     0
    GDAS    14     9     8     0     0
    GDAS    14     9    15     0     0
    GDAS    14     9    22     0     0
    GDAS    14     9    29     0     0
     1 BACKWARD OMEGA   
    14     9    23    15   56.467   -2.973   100.0
     4 PRESSURE AIR_TEMP RAINFALL RELHUMID
     1     1    14     9    23    15     0     3     0.0   56.467   -2.973    100.0    970.5    285.0      0.0     70.9
     1     1    14     9    23    14     0     2    -1.0   56.399   -3.156    111.2    970.6    284.9      0.0     71.4
     1     1    14     9    23    13     0     1    -2.0   56.343   -3.335    122.8    971.0    284.8      0.0     71.9
     1     1    14     9    23    12     0     0    -3.0   56.300   -3.504    134.8    971.5    284.8      0.0     72.1
     1     1    14     9    23    11     0     1    -4.0   56.267   -3.674    151.6    970.9    284.0      0.0     75.8
     1     1    14     9    23    10     0     2    -5.0   56.242   -3.859    179.2    968.2    283.0      0.0     79.3
     1     1    14     9    23     9     0     3    -6.0   56.223   -4.056    217.6    964.1    282.0      0.0     82.6
     1     1    14     9    23     8     0     2    -7.0   56.211   -4.278    257.0    959.3    281.7      0.0     85.2
     1     1    14     9    23     7     0     1    -8.0   56.210   -4.530    290.9    955.2    281.4      0.0     86.4
     1     1    14     9    23     6     0     0    -9.0   56.224   -4.800    328.0    950.5    281.0      0.0     86.6
     1     1    14     9    23     5     0     1   -10.0   56.240   -5.082    358.3    946.5    281.0      0.0     89.0
     1     1    14     9    23     4     0     2   -11.0   56.247   -5.380    359.8    952.7    281.7      0.0     88.0
     1     1    14     9    23     3     0     3   -12.0   56.251   -5.702    332.1    964.0    282.7      0.0     83.2
     1     1    14     9    23     2     0     2   -13.0   56.259   -6.035    285.7    977.7    283.7      0.1     79.9
     1     1    14     9    23     1     0     1   -14.0   56.267   -6.368    239.9    987.1    284.6      0.1     78.3
     1     1    14     9    23     0     0     0   -15.0   56.272   -6.706    212.0    993.1    285.2      0.0     75.2
     1     1    14     9    22    23     0     1   -16.0   56.280   -7.064    204.8    995.9    285.5      0.1     74.1
     1     1    14     9    22    22     0     2   -17.0   56.295   -7.455    209.5    994.5    285.4      0.1     75.0
     1     1    14     9    22    21     0     3   -18.0   56.318   -7.869    215.4    993.8    285.3      0.0     72.7
     1     1    14     9    22    20     0     2   -19.0   56.335   -8.294    219.1    993.3    285.3      1.5     74.6
     1     1    14     9    22    19     0     1   -20.0   56.339   -8.725    218.5    993.7    285.4      1.1     74.9
     1     1    14     9    22    18     0     0   -21.0   56.335   -9.169    215.2    994.4    285.4      1.4     73.4
     1     1    14     9    22    17     0     1   -22.0   56.331   -9.616    213.0    994.9    285.4      0.2     73.5
     1     1    14     9    22    16     0     2   -23.0   56.338  -10.045    215.8    994.8    285.3      0.3     71.3
     1     1    14     9    22    15     0     3   -24.0   56.339  -10.466    222.0    993.9    285.1      0.3     69.9
     1     1    14     9    22    14     0     2   -25.0   56.329  -10.889    229.3    993.6    285.0      0.2     69.7
     1     1    14     9    22    13     0     1   -26.0   56.321  -11.301    239.0    993.1    284.9      0.2     69.6
     1     1    14     9    22    12     0     0   -27.0   56.315  -11.694    248.6    992.1    284.7      0.0     68.5
     1     1    14     9    22    11     0     1   -28.0   56.307  -12.086    257.0    991.5    284.6      0.0     68.5
     1     1    14     9    22    10     0     2   -29.0   56.302  -12.487    269.8    990.4    284.5      0.0     69.4
     1     1    14     9    22     9     0     3   -30.0   56.303  -12.892    290.5    987.7    284.1      0.0     70.1
     1     1    14     9    22     8     0     2   -31.0   56.303  -13.305    313.3    983.9    283.8      0.3     71.5
     1     1    14     9    22     7     0     1   -32.0   56.297  -13.729    333.0    981.5    283.6      0.0     71.6
     1     1    14     9    22     6     0     0   -33.0   56.288  -14.159    351.0    979.3    283.4      0.0     71.0
     1     1    14     9    22     5     0     1   -34.0   56.276  -14.609    367.2    977.5    283.3      0.0     71.9
     1     1    14     9    22     4     0     2   -35.0   56.262  -15.094    382.0    976.1    283.2      0.0     71.2
     1     1    14     9    22     3     0     3   -36.0   56.250  -15.606    397.1    974.7    283.1      0.0     70.3
     1     1    14     9    22     2     0     2   -37.0   56.236  -16.136    412.0    972.8    283.0      0.1     70.9
     1     1    14     9    22     1     0     1   -38.0   56.221  -16.682    428.1    971.0    282.8      0.0     70.5
     1     1    14     9    22     0     0     0   -39.0   56.208  -17.242    448.6    968.4    282.6      0.0     69.2
     1     1    14     9    21    23     0     1   -40.0   56.195  -17.803    473.4    965.0    282.5      0.0     71.4
     1     1    14     9    21    22     0     2   -41.0   56.182  -18.357    501.1    961.4    282.3      0.0     72.5
     1     1    14     9    21    21     0     3   -42.0   56.179  -18.901    530.2    957.7    282.0      0.0     71.7
     1     1    14     9    21    20     0     2   -43.0   56.175  -19.478    557.1    953.6    281.7      0.1     74.3
     1     1    14     9    21    19     0     1   -44.0   56.164  -20.129    581.8    950.5    281.4      0.2     74.1
     1     1    14     9    21    18     0     0   -45.0   56.150  -20.858    614.1    947.1    281.1      0.2     71.9
     1     1    14     9    21    17     0     1   -46.0   56.113  -21.640    657.8    940.6    280.4      0.0     76.9
     1     1    14     9    21    16     0     2   -47.0   56.057  -22.435    714.6    932.7    279.6      0.0     79.2
     1     1    14     9    21    15     0     3   -48.0   55.996  -23.225    765.9    926.0    278.9      0.0     77.7
     1     1    14     9    21    14     0     2   -49.0   55.926  -24.029    801.4    920.6    278.4      0.4     82.0
     1     1    14     9    21    13     0     1   -50.0   55.845  -24.874    825.9    917.4    277.9      0.9     84.3
     1     1    14     9    21    12     0     0   -51.0   55.759  -25.759    859.4    912.6    277.3      1.5     83.6
     1     1    14     9    21    11     0     1   -52.0   55.688  -26.673    900.5    906.9    277.0      1.0     86.0
     1     1    14     9    21    10     0     2   -53.0   55.631  -27.598    945.6    899.6    276.2      0.3     88.3
     1     1    14     9    21     9     0     3   -54.0   55.572  -28.530    957.1    897.7    275.8      0.0     86.4
     1     1    14     9    21     8     0     2   -55.0   55.513  -29.496    973.8    895.4    275.5      4.6     87.1
     1     1    14     9    21     7     0     1   -56.0   55.445  -30.470   1036.3    886.3    274.7      2.7     88.6
     1     1    14     9    21     6     0     0   -57.0   55.362  -31.432   1068.9    882.0    274.1      1.9     89.2
     1     1    14     9    21     5     0     1   -58.0   55.272  -32.397   1079.0    880.3    273.9      0.9     89.6
     1     1    14     9    21     4     0     2   -59.0   55.184  -33.353   1074.2    880.1    274.0      0.6     89.6
     1     1    14     9    21     3     0     3   -60.0   55.117  -34.311   1085.7    878.5    273.7      0.1     88.0
     1     1    14     9    21     2     0     2   -61.0   55.044  -35.266   1111.0    874.9    273.3      1.6     88.8
     1     1    14     9    21     1     0     1   -62.0   54.964  -36.206   1134.8    872.5    273.2      1.1     87.8
     1     1    14     9    21     0     0     0   -63.0   54.899  -37.142   1181.3    867.3    272.5      0.2     89.9
     1     1    14     9    20    23     0     1   -64.0   54.845  -38.083   1216.7    862.3    272.1      0.0     92.6
     1     1    14     9    20    22     0     2   -65.0   54.800  -39.050   1217.9    861.5    272.0      0.0     91.7
     1     1    14     9    20    21     0     3   -66.0   54.767  -40.058   1213.1    862.8    272.2      0.0     86.7
     1     1    14     9    20    20     0     2   -67.0   54.720  -41.090   1231.4    860.4    271.9      0.0     88.2
     1     1    14     9    20    19     0     1   -68.0   54.651  -42.143   1281.4    854.1    271.3      0.0     89.9
     1     1    14     9    20    18     0     0   -69.0   54.586  -43.228   1339.0    847.0    270.7      0.0     90.6
     1     1    14     9    20    17     0     1   -70.0   54.523  -44.344   1398.2    840.6    269.9      0.0     92.0
     1     1    14     9    20    16     0     2   -71.0   54.466  -45.499   1453.5    834.9    269.0      0.1     94.1
     1     1    14     9    20    15     0     3   -72.0   54.429  -46.709   1520.4    828.1    268.1      0.2     95.1
