     7     1
    GDAS    14     8    22     0     0
    GDAS    14     8    29     0     0
    GDAS    14     9     1     0     0
    GDAS    14     9     8     0     0
    GDAS    14     9    15     0     0
    GDAS    14     9    22     0     0
    GDAS    14     9    29     0     0
     1 BACKWARD OMEGA   
    14     9     2    16   56.467   -2.973   100.0
     4 PRESSURE AIR_TEMP RAINFALL RELHUMID
     1     1    14     9     2    16     0     2     0.0   56.467   -2.973    100.0    980.3    287.6      0.0     74.4
     1     1    14     9     2    15     0     3    -1.0   56.394   -3.029     97.4    982.2    287.9      0.0     72.8
     1     1    14     9     2    14     0     2    -2.0   56.330   -3.104    100.1    984.2    287.6      0.0     73.1
     1     1    14     9     2    13     0     1    -3.0   56.278   -3.197    108.4    984.9    287.2      0.0     74.0
     1     1    14     9     2    12     0     0    -4.0   56.238   -3.306    120.9    984.9    286.7      0.0     75.2
     1     1    14     9     2    11     0     1    -5.0   56.204   -3.429    135.8    984.1    285.9      0.0     77.6
     1     1    14     9     2    10     0     2    -6.0   56.172   -3.561    152.0    982.8    285.1      0.0     80.1
     1     1    14     9     2     9     0     3    -7.0   56.143   -3.702    168.8    981.3    284.5      0.0     82.3
     1     1    14     9     2     8     0     2    -8.0   56.122   -3.860    183.9    979.7    284.1      0.0     84.9
     1     1    14     9     2     7     0     1    -9.0   56.109   -4.038    194.2    978.4    283.7      0.0     87.5
     1     1    14     9     2     6     0     0   -10.0   56.102   -4.227    199.3    977.2    283.3      0.0     90.3
     1     1    14     9     2     5     0     1   -11.0   56.094   -4.411    204.0    976.5    283.4      0.0     90.5
     1     1    14     9     2     4     0     2   -12.0   56.088   -4.579    212.4    975.0    283.5      0.0     90.9
     1     1    14     9     2     3     0     3   -13.0   56.082   -4.732    225.1    973.0    283.6      0.0     91.4
     1     1    14     9     2     2     0     2   -14.0   56.078   -4.881    242.6    970.4    283.8      0.0     92.2
     1     1    14     9     2     1     0     1   -15.0   56.074   -5.038    264.4    968.3    284.0      0.0     93.0
     1     1    14     9     2     0     0     0   -16.0   56.066   -5.212    286.7    968.7    284.1      0.0     92.3
     1     1    14     9     1    23     0     1   -17.0   56.057   -5.419    301.1    970.4    284.4      0.0     92.0
     1     1    14     9     1    22     0     2   -18.0   56.051   -5.672    299.7    975.2    284.8      0.0     91.4
     1     1    14     9     1    21     0     3   -19.0   56.047   -5.976    278.5    983.4    285.6      0.0     90.4
     1     1    14     9     1    20     0     2   -20.0   56.027   -6.335    250.2    990.0    286.0      0.0     88.6
     1     1    14     9     1    19     0     1   -21.0   55.978   -6.760    239.7    992.8    286.3      0.0     87.3
     1     1    14     9     1    18     0     0   -22.0   55.904   -7.249    250.3    990.6    286.3      0.0     87.2
     1     1    14     9     1    17     0     1   -23.0   55.805   -7.762    264.5    986.1    286.1      0.0     88.0
     1     1    14     9     1    16     0     2   -24.0   55.683   -8.263    271.3    984.6    286.0      0.0     88.0
     1     1    14     9     1    15     0     3   -25.0   55.553   -8.759    270.7    986.2    286.2      0.0     86.9
     1     1    14     9     1    14     0     2   -26.0   55.421   -9.251    263.9    988.9    286.4      0.0     86.1
     1     1    14     9     1    13     0     1   -27.0   55.288   -9.737    258.6    989.8    286.5      0.0     85.0
     1     1    14     9     1    12     0     0   -28.0   55.160  -10.220    259.1    989.5    286.6      0.0     83.6
     1     1    14     9     1    11     0     1   -29.0   55.042  -10.708    265.7    988.6    286.6      0.0     82.1
     1     1    14     9     1    10     0     2   -30.0   54.939  -11.202    278.9    986.7    286.4      0.0     80.8
     1     1    14     9     1     9     0     3   -31.0   54.853  -11.700    296.8    983.9    286.2      0.0     80.7
     1     1    14     9     1     8     0     2   -32.0   54.781  -12.205    315.7    980.9    286.1      0.0     81.0
     1     1    14     9     1     7     0     1   -33.0   54.721  -12.732    331.8    978.4    286.0      0.0     81.0
     1     1    14     9     1     6     0     0   -34.0   54.665  -13.287    343.4    976.5    285.9      0.0     81.2
     1     1    14     9     1     5     0     1   -35.0   54.606  -13.878    352.9    975.6    285.7      0.0     81.9
     1     1    14     9     1     4     0     2   -36.0   54.539  -14.510    362.1    974.3    285.5      0.0     82.8
     1     1    14     9     1     3     0     3   -37.0   54.465  -15.181    369.4    973.3    285.2      0.0     84.7
     1     1    14     9     1     2     0     2   -38.0   54.383  -15.882    378.7    972.6    285.2      0.0     83.4
     1     1    14     9     1     1     0     1   -39.0   54.292  -16.600    394.8    970.7    285.1      0.0     83.2
     1     1    14     9     1     0     0     0   -40.0   54.195  -17.327    416.8    968.1    284.9      0.0     84.1
     1     1    14     8    31    23     0     1   -41.0   54.095  -18.047    443.7    964.8    284.4      0.0     84.1
     1     1    14     8    31    22     0     2   -42.0   54.001  -18.756    472.7    960.6    283.9      0.0     84.3
     1     1    14     8    31    21     0     3   -43.0   53.916  -19.468    499.6    956.9    283.4      0.0     84.0
     1     1    14     8    31    20     0     2   -44.0   53.842  -20.200    520.6    953.6    283.2      0.0     84.6
     1     1    14     8    31    19     0     1   -45.0   53.773  -20.960    535.6    951.6    283.0      0.0     85.1
     1     1    14     8    31    18     0     0   -46.0   53.710  -21.752    547.5    949.9    282.9      0.0     84.7
     1     1    14     8    31    17     0     1   -47.0   53.649  -22.573    561.4    948.2    282.7      0.0     84.3
     1     1    14     8    31    16     0     2   -48.0   53.585  -23.419    583.3    945.5    282.3      0.0     83.7
     1     1    14     8    31    15     0     3   -49.0   53.523  -24.300    607.1    942.8    282.0      0.0     82.0
     1     1    14     8    31    14     0     2   -50.0   53.475  -25.233    626.6    940.1    281.7      0.0     81.9
     1     1    14     8    31    13     0     1   -51.0   53.436  -26.201    641.1    938.2    281.5      0.0     82.9
     1     1    14     8    31    12     0     0   -52.0   53.402  -27.201    677.2    933.9    281.1      0.0     83.4
     1     1    14     8    31    11     0     1   -53.0   53.375  -28.223    726.9    927.0    280.5      0.0     83.4
     1     1    14     8    31    10     0     2   -54.0   53.357  -29.227    772.1    921.6    279.9      0.0     84.7
     1     1    14     8    31     9     0     3   -55.0   53.328  -30.194    816.9    916.5    279.1      0.0     89.6
     1     1    14     8    31     8     0     2   -56.0   53.306  -31.135    859.7    911.0    278.7      0.0     91.1
     1     1    14     8    31     7     0     1   -57.0   53.321  -32.067    895.7    906.4    278.5      0.0     90.5
     1     1    14     8    31     6     0     0   -58.0   53.351  -32.987    921.5    902.8    278.2      0.0     91.5
     1     1    14     8    31     5     0     1   -59.0   53.403  -33.902    945.5    899.4    278.0      0.0     89.3
     1     1    14     8    31     4     0     2   -60.0   53.513  -34.796    969.7    896.0    277.6      0.0     87.3
     1     1    14     8    31     3     0     3   -61.0   53.656  -35.641   1002.3    891.9    277.3      0.0     83.6
     1     1    14     8    31     2     0     2   -62.0   53.807  -36.462   1039.1    886.7    277.1      0.0     84.3
     1     1    14     8    31     1     0     1   -63.0   53.988  -37.279   1072.7    882.8    276.8      0.0     84.9
     1     1    14     8    31     0     0     0   -64.0   54.194  -38.046   1124.1    876.9    276.3      0.0     82.3
     1     1    14     8    30    23     0     1   -65.0   54.421  -38.754   1184.2    869.4    275.8      0.0     84.0
     1     1    14     8    30    22     0     2   -66.0   54.686  -39.423   1239.1    862.3    275.4      0.0     82.6
     1     1    14     8    30    21     0     3   -67.0   54.984  -40.055   1284.3    856.7    275.2      0.0     79.2
     1     1    14     8    30    20     0     2   -68.0   55.304  -40.641   1323.0    852.0    275.1      0.0     75.3
     1     1    14     8    30    19     0     1   -69.0   55.640  -41.171   1359.8    847.2    274.8      0.0     75.7
     1     1    14     8    30    18     0     0   -70.0   55.976  -41.653   1393.4    842.9    274.6      0.0     74.9
     1     1    14     8    30    17     0     1   -71.0   56.298  -42.067   1431.0    839.6    274.2      0.0     75.3
     1     1    14     8    30    16     0     2   -72.0   56.608  -42.386   1481.0    834.2    273.6      0.0     78.3
