     7     1
    GDAS    14     8    22     0     0
    GDAS    14     8    29     0     0
    GDAS    14     9     1     0     0
    GDAS    14     9     8     0     0
    GDAS    14     9    15     0     0
    GDAS    14     9    22     0     0
    GDAS    14     9    29     0     0
     1 BACKWARD OMEGA   
    14     9     7    17   56.467   -2.973   100.0
     4 PRESSURE AIR_TEMP RAINFALL RELHUMID
     1     1    14     9     7    17     0     1     0.0   56.467   -2.973    100.0    972.6    284.3      0.0     73.5
     1     1    14     9     7    16     0     2    -1.0   56.597   -3.366    190.4    953.9    283.4      0.2     75.3
     1     1    14     9     7    15     0     3    -2.0   56.748   -3.794    233.0    932.0    282.0      0.0     78.5
     1     1    14     9     7    14     0     2    -3.0   56.905   -4.174    202.8    930.3    281.5      0.2     80.5
     1     1    14     9     7    13     0     1    -4.0   57.058   -4.481    161.4    942.6    282.2      0.2     80.0
     1     1    14     9     7    12     0     0    -5.0   57.205   -4.732    130.8    953.2    282.7      0.0     80.0
     1     1    14     9     7    11     0     1    -6.0   57.340   -4.949     92.9    960.8    282.7      0.0     84.0
     1     1    14     9     7    10     0     2    -7.0   57.462   -5.143     51.8    975.2    283.3      0.0     85.6
     1     1    14     9     7     9     0     3    -8.0   57.585   -5.318     27.0    988.0    284.1      0.0     86.7
     1     1    14     9     7     8     0     2    -9.0   57.724   -5.484     11.0    996.8    284.5      0.0     87.1
     1     1    14     9     7     7     0     1   -10.0   57.887   -5.638      2.9   1005.0    285.0      0.0     87.3
     1     1    14     9     7     6     0     0   -11.0   58.083   -5.779      0.0   1012.0    285.6      0.0     87.1
     1     1    14     9     7     5     0     1   -12.0   58.310   -5.894      0.0   1015.8    286.0      0.0     85.9
     1     1    14     9     7     4     0     2   -13.0   58.553   -5.976      0.0   1017.1    286.2      0.0     85.3
     1     1    14     9     7     3     0     3   -14.0   58.810   -6.031      0.0   1016.5    286.2      0.0     85.1
     1     1    14     9     7     2     0     2   -15.0   59.079   -6.069      0.0   1015.6    286.0      0.1     86.1
     1     1    14     9     7     1     0     1   -16.0   59.351   -6.093      0.0   1015.5    285.9      0.0     87.5
     1     1    14     9     7     0     0     0   -17.0   59.611   -6.105      0.0   1015.3    285.9      0.0     88.4
     1     1    14     9     6    23     0     1   -18.0   59.866   -6.107      0.0   1015.6    285.9      0.0     87.5
     1     1    14     9     6    22     0     2   -19.0   60.122   -6.094      0.0   1015.9    285.8      0.0     86.9
     1     1    14     9     6    21     0     3   -20.0   60.379   -6.063      0.0   1016.1    285.7      0.0     86.4
     1     1    14     9     6    20     0     2   -21.0   60.630   -6.021      0.0   1016.2    285.5      0.0     87.3
     1     1    14     9     6    19     0     1   -22.0   60.863   -5.972      0.0   1016.2    285.4      0.0     87.8
     1     1    14     9     6    18     0     0   -23.0   61.075   -5.915      0.0   1016.3    285.3      0.0     88.1
     1     1    14     9     6    17     0     1   -24.0   61.274   -5.857      0.2   1016.4    285.1      0.0     88.9
     1     1    14     9     6    16     0     2   -25.0   61.464   -5.808      0.6   1016.5    285.0      0.0     89.7
     1     1    14     9     6    15     0     3   -26.0   61.642   -5.769      1.4   1016.6    284.9      0.0     90.6
     1     1    14     9     6    14     0     2   -27.0   61.802   -5.749      2.2   1016.9    284.9      0.0     90.9
     1     1    14     9     6    13     0     1   -28.0   61.940   -5.750      2.7   1017.1    284.8      0.0     91.0
     1     1    14     9     6    12     0     0   -29.0   62.065   -5.768      2.8   1017.3    284.8      0.0     91.0
     1     1    14     9     6    11     0     1   -30.0   62.194   -5.765      2.8   1016.7    284.7      0.0     91.4
     1     1    14     9     6    10     0     2   -31.0   62.332   -5.707      2.8   1016.0    284.7      0.0     91.8
     1     1    14     9     6     9     0     3   -32.0   62.470   -5.599      2.8   1015.3    284.7      0.0     92.3
     1     1    14     9     6     8     0     2   -33.0   62.607   -5.470      2.7   1015.3    284.6      0.0     92.9
     1     1    14     9     6     7     0     1   -34.0   62.752   -5.349      2.4   1015.3    284.6      0.0     93.9
     1     1    14     9     6     6     0     0   -35.0   62.907   -5.236      1.9   1015.6    284.6      0.0     95.4
     1     1    14     9     6     5     0     1   -36.0   63.067   -5.136      1.2   1014.9    284.5      0.0     96.2
     1     1    14     9     6     4     0     2   -37.0   63.232   -5.045      0.4   1014.0    284.5      0.0     95.3
     1     1    14     9     6     3     0     3   -38.0   63.414   -4.956      0.0   1013.0    284.4      0.0     93.9
     1     1    14     9     6     2     0     2   -39.0   63.616   -4.839      0.0   1013.1    284.4      0.0     93.1
     1     1    14     9     6     1     0     1   -40.0   63.832   -4.662      0.0   1013.3    284.4      0.0     93.9
     1     1    14     9     6     0     0     0   -41.0   64.058   -4.423      0.0   1013.5    284.5      0.0     94.9
     1     1    14     9     5    23     0     1   -42.0   64.274   -4.153      0.0   1013.7    284.5      0.0     92.1
     1     1    14     9     5    22     0     2   -43.0   64.469   -3.888      0.0   1013.8    284.5      0.0     89.6
     1     1    14     9     5    21     0     3   -44.0   64.653   -3.627      0.0   1014.0    284.6      0.0     87.5
     1     1    14     9     5    20     0     2   -45.0   64.844   -3.323      0.0   1013.9    284.8      0.4     86.4
     1     1    14     9     5    19     0     1   -46.0   65.065   -2.907      0.3   1013.9    285.0      0.5     85.7
     1     1    14     9     5    18     0     0   -47.0   65.288   -2.397      0.7   1013.9    285.0      1.0     85.2
     1     1    14     9     5    17     0     1   -48.0   65.498   -1.852      0.7   1013.8    285.0      0.3     84.1
     1     1    14     9     5    16     0     2   -49.0   65.704   -1.311      0.5   1013.8    285.3      0.0     82.5
     1     1    14     9     5    15     0     3   -50.0   65.912   -0.778      0.3   1013.8    285.4      0.0     79.4
     1     1    14     9     5    14     0     2   -51.0   66.114   -0.267      0.2   1015.0    285.4      0.0     78.7
     1     1    14     9     5    13     0     1   -52.0   66.296    0.218      0.2   1015.6    285.5      0.0     82.3
     1     1    14     9     5    12     0     0   -53.0   66.455    0.665      0.1   1015.2    285.5      0.0     83.1
     1     1    14     9     5    11     0     1   -54.0   66.590    1.049      0.1   1015.2    285.5      0.0     82.4
     1     1    14     9     5    10     0     2   -55.0   66.706    1.366      0.3   1015.8    285.6      0.0     80.8
     1     1    14     9     5     9     0     3   -56.0   66.813    1.621      1.0   1016.4    285.6      0.0     78.6
     1     1    14     9     5     8     0     2   -57.0   66.913    1.825      1.8   1015.6    285.6      0.0     78.4
     1     1    14     9     5     7     0     1   -58.0   67.009    1.991      2.7   1014.5    285.7      0.0     78.7
     1     1    14     9     5     6     0     0   -59.0   67.100    2.116      3.6   1013.2    285.6      0.0     80.6
     1     1    14     9     5     5     0     1   -60.0   67.188    2.190      4.3   1013.1    285.5      0.0     82.3
     1     1    14     9     5     4     0     2   -61.0   67.273    2.215      4.7   1013.1    285.5      0.0     83.5
     1     1    14     9     5     3     0     3   -62.0   67.354    2.198      4.8   1013.1    285.4      0.0     84.5
     1     1    14     9     5     2     0     2   -63.0   67.426    2.135      4.7   1013.0    285.4      0.0     84.5
     1     1    14     9     5     1     0     1   -64.0   67.485    2.028      4.5   1013.0    285.4      0.0     84.4
     1     1    14     9     5     0     0     0   -65.0   67.535    1.879      4.2   1012.9    285.4      0.0     84.3
     1     1    14     9     4    23     0     1   -66.0   67.570    1.680      4.0   1013.0    285.5      0.0     83.5
     1     1    14     9     4    22     0     2   -67.0   67.586    1.424      4.0   1013.0    285.4      0.0     82.9
     1     1    14     9     4    21     0     3   -68.0   67.586    1.121      4.1   1013.1    285.4      0.0     82.4
     1     1    14     9     4    20     0     2   -69.0   67.573    0.771      4.1   1013.3    285.4      0.0     82.1
     1     1    14     9     4    19     0     1   -70.0   67.552    0.368      4.1   1013.5    285.3      0.0     82.1
     1     1    14     9     4    18     0     0   -71.0   67.537   -0.061      4.2   1013.7    285.2      0.0     83.6
     1     1    14     9     4    17     0     1   -72.0   67.528   -0.523      4.6   1013.2    285.2      0.0     83.0
