     7     1
    GDAS    14     8    22     0     0
    GDAS    14     8    29     0     0
    GDAS    14     9     1     0     0
    GDAS    14     9     8     0     0
    GDAS    14     9    15     0     0
    GDAS    14     9    22     0     0
    GDAS    14     9    29     0     0
     1 BACKWARD OMEGA   
    14     9    22    15   56.467   -2.973   100.0
     4 PRESSURE AIR_TEMP RAINFALL RELHUMID
     1     1    14     9    22    15     0     3     0.0   56.467   -2.973    100.0    978.0    287.7      0.0     68.5
     1     1    14     9    22    14     0     2    -1.0   56.421   -3.230    117.1    976.2    286.9      0.0     70.1
     1     1    14     9    22    13     0     1    -2.0   56.371   -3.501    133.1    975.2    286.2      0.0     71.8
     1     1    14     9    22    12     0     0    -3.0   56.319   -3.783    143.6    975.0    285.6      0.0     73.2
     1     1    14     9    22    11     0     1    -4.0   56.264   -4.057    147.8    976.5    284.9      0.0     76.4
     1     1    14     9    22    10     0     2    -5.0   56.208   -4.299    146.4    979.2    284.4      0.0     80.1
     1     1    14     9    22     9     0     3    -6.0   56.155   -4.509    138.3    982.1    283.9      0.0     83.4
     1     1    14     9    22     8     0     2    -7.0   56.107   -4.703    123.2    984.7    284.0      0.0     83.5
     1     1    14     9    22     7     0     1    -8.0   56.064   -4.889    101.2    987.4    284.1      0.0     83.3
     1     1    14     9    22     6     0     0    -9.0   56.023   -5.063     73.1    992.5    284.3      0.0     82.7
     1     1    14     9    22     5     0     1   -10.0   55.982   -5.212     47.7   1000.6    284.6      0.0     81.4
     1     1    14     9    22     4     0     2   -11.0   55.943   -5.325     32.0   1005.0    284.4      0.0     80.2
     1     1    14     9    22     3     0     3   -12.0   55.907   -5.405     24.3   1007.7    284.3      0.0     79.2
     1     1    14     9    22     2     0     2   -13.0   55.872   -5.472     20.0   1009.5    284.3      0.0     78.2
     1     1    14     9    22     1     0     1   -14.0   55.834   -5.547     16.3   1011.8    284.2      0.0     77.3
     1     1    14     9    22     0     0     0   -15.0   55.794   -5.630     13.4   1014.0    284.1      0.0     76.5
     1     1    14     9    21    23     0     1   -16.0   55.757   -5.708     12.0   1015.7    283.8      0.0     75.4
     1     1    14     9    21    22     0     2   -17.0   55.727   -5.769     12.0   1016.5    283.6      0.0     74.4
     1     1    14     9    21    21     0     3   -18.0   55.705   -5.810     12.8   1016.9    283.3      0.0     73.4
     1     1    14     9    21    20     0     2   -19.0   55.688   -5.842     14.1   1017.1    283.8      0.0     72.6
     1     1    14     9    21    19     0     1   -20.0   55.676   -5.872     15.6   1017.3    284.3      0.0     71.9
     1     1    14     9    21    18     0     0   -21.0   55.669   -5.900     17.3   1017.5    284.8      0.0     71.1
     1     1    14     9    21    17     0     1   -22.0   55.665   -5.924     19.0   1017.4    286.4      0.0     70.3
     1     1    14     9    21    16     0     2   -23.0   55.658   -5.944     20.8   1017.3    287.9      0.0     69.6
     1     1    14     9    21    15     0     3   -24.0   55.650   -5.961     22.5   1017.2    289.4      0.0     69.0
     1     1    14     9    21    14     0     2   -25.0   55.640   -5.971     24.4   1017.1    289.7      0.0     70.4
     1     1    14     9    21    13     0     1   -26.0   55.631   -5.974     27.0   1016.8    289.9      0.0     71.8
     1     1    14     9    21    12     0     0   -27.0   55.623   -5.970     30.3   1016.4    290.0      0.0     73.3
     1     1    14     9    21    11     0     1   -28.0   55.622   -5.955     34.3   1015.5    288.9      0.0     75.9
     1     1    14     9    21    10     0     2   -29.0   55.636   -5.921     39.1   1014.5    287.7      0.0     78.5
     1     1    14     9    21     9     0     3   -30.0   55.663   -5.867     45.1   1013.3    286.5      0.0     81.0
     1     1    14     9    21     8     0     2   -31.0   55.706   -5.800     53.0   1011.8    285.5      0.0     81.4
     1     1    14     9    21     7     0     1   -32.0   55.763   -5.730     64.7   1009.4    284.5      0.0     81.8
     1     1    14     9    21     6     0     0   -33.0   55.836   -5.655     82.9   1005.7    283.6      0.0     82.0
     1     1    14     9    21     5     0     1   -34.0   55.923   -5.575    108.4   1000.7    283.4      0.0     81.4
     1     1    14     9    21     4     0     2   -35.0   56.022   -5.491    140.6    994.7    283.2      0.0     81.0
     1     1    14     9    21     3     0     3   -36.0   56.130   -5.405    178.2    985.5    282.8      0.0     81.5
     1     1    14     9    21     2     0     2   -37.0   56.243   -5.331    218.8    976.9    282.5      0.0     81.7
     1     1    14     9    21     1     0     1   -38.0   56.359   -5.279    262.9    968.6    282.3      0.0     82.3
     1     1    14     9    21     0     0     0   -39.0   56.475   -5.248    312.3    959.4    281.9      0.0     83.1
     1     1    14     9    20    23     0     1   -40.0   56.597   -5.232    366.8    949.6    281.4      0.0     84.3
     1     1    14     9    20    22     0     2   -41.0   56.728   -5.229    423.0    940.4    280.9      0.0     86.7
     1     1    14     9    20    21     0     3   -42.0   56.870   -5.240    475.8    930.8    280.3      0.0     89.1
     1     1    14     9    20    20     0     2   -43.0   57.026   -5.267    524.0    923.8    279.7      0.0     91.6
     1     1    14     9    20    19     0     1   -44.0   57.200   -5.316    565.3    922.8    279.6      0.0     93.0
     1     1    14     9    20    18     0     0   -45.0   57.394   -5.398    593.2    925.1    279.7      0.0     94.6
     1     1    14     9    20    17     0     1   -46.0   57.596   -5.527    598.4    930.7    280.1      0.0     94.6
     1     1    14     9    20    16     0     2   -47.0   57.801   -5.714    576.7    942.6    280.8      0.0     93.3
     1     1    14     9    20    15     0     3   -48.0   58.014   -5.957    538.4    958.8    281.9      0.0     89.7
     1     1    14     9    20    14     0     2   -49.0   58.237   -6.233    503.6    963.3    282.2      0.0     90.0
     1     1    14     9    20    13     0     1   -50.0   58.469   -6.542    489.9    962.8    282.1      0.1     90.9
     1     1    14     9    20    12     0     0   -51.0   58.708   -6.908    496.5    961.1    281.8      0.0     91.7
     1     1    14     9    20    11     0     1   -52.0   58.958   -7.342    511.1    959.3    281.7      0.0     91.6
     1     1    14     9    20    10     0     2   -53.0   59.224   -7.825    517.9    957.9    281.7      0.0     90.5
     1     1    14     9    20     9     0     3   -54.0   59.498   -8.340    523.2    957.7    281.8      0.0     89.3
     1     1    14     9    20     8     0     2   -55.0   59.763   -8.882    534.2    955.7    281.6      0.0     90.5
     1     1    14     9    20     7     0     1   -56.0   60.014   -9.449    549.8    953.4    281.4      0.0     91.3
     1     1    14     9    20     6     0     0   -57.0   60.255  -10.019    569.9    950.4    281.1      0.0     92.6
     1     1    14     9    20     5     0     1   -58.0   60.497  -10.583    587.2    947.5    281.0      0.0     94.0
     1     1    14     9    20     4     0     2   -59.0   60.754  -11.162    599.4    946.2    280.9      0.0     94.1
     1     1    14     9    20     3     0     3   -60.0   61.022  -11.773    611.7    944.6    280.7      0.0     94.0
     1     1    14     9    20     2     0     2   -61.0   61.290  -12.404    619.1    942.9    280.6      0.2     94.5
     1     1    14     9    20     1     0     1   -62.0   61.554  -13.057    619.9    942.8    280.7      0.0     91.9
     1     1    14     9    20     0     0     0   -63.0   61.825  -13.762    617.6    942.7    281.0      0.0     87.4
     1     1    14     9    19    23     0     1   -64.0   62.090  -14.496    607.0    943.0    281.2      0.0     85.2
     1     1    14     9    19    22     0     2   -65.0   62.332  -15.236    586.7    945.4    281.5      0.0     83.6
     1     1    14     9    19    21     0     3   -66.0   62.564  -16.007    570.4    948.0    282.0      0.0     78.5
     1     1    14     9    19    20     0     2   -67.0   62.791  -16.768    594.2    945.2    282.1      0.0     75.9
     1     1    14     9    19    19     0     1   -68.0   63.010  -17.443    656.9    935.8    281.6      0.0     75.7
     1     1    14     9    19    18     0     0   -69.0   63.222  -18.057    726.3    920.6    280.5      0.0     80.6
     1     1    14     9    19    17     0     1   -70.0   63.429  -18.616    804.9    890.5    278.4      0.0     85.3
     1     1    14     9    19    16     0     2   -71.0   63.620  -19.138    842.6    866.8    276.7      0.0     89.2
     1     1    14     9    19    15     0     3   -72.0   63.783  -19.615    842.1    876.3    277.1      0.0     89.7
