     7     1
    GDAS    14     8    22     0     0
    GDAS    14     8    29     0     0
    GDAS    14     9     1     0     0
    GDAS    14     9     8     0     0
    GDAS    14     9    15     0     0
    GDAS    14     9    22     0     0
    GDAS    14     9    29     0     0
     1 BACKWARD OMEGA   
    14     9     4    10   56.467   -2.973   100.0
     4 PRESSURE AIR_TEMP RAINFALL RELHUMID
     1     1    14     9     4    10     0     2     0.0   56.467   -2.973    100.0    977.7    288.3      0.0     85.7
     1     1    14     9     4     9     0     3    -1.0   56.360   -2.935    106.0    982.2    288.0      0.0     87.0
     1     1    14     9     4     8     0     2    -2.0   56.243   -2.899    122.9    984.7    287.7      0.0     87.1
     1     1    14     9     4     7     0     1    -3.0   56.111   -2.860    149.2    986.7    287.6      0.0     86.8
     1     1    14     9     4     6     0     0    -4.0   55.960   -2.821    185.8    985.5    287.6      0.0     86.2
     1     1    14     9     4     5     0     1    -5.0   55.795   -2.781    224.5    980.1    287.5      0.0     85.4
     1     1    14     9     4     4     0     2    -6.0   55.625   -2.730    259.3    976.0    287.4      0.0     84.5
     1     1    14     9     4     3     0     3    -7.0   55.455   -2.667    288.9    971.3    287.2      0.0     83.6
     1     1    14     9     4     2     0     2    -8.0   55.288   -2.592    310.2    967.3    287.1      0.0     83.3
     1     1    14     9     4     1     0     1    -9.0   55.126   -2.503    321.6    964.1    287.0      0.0     83.8
     1     1    14     9     4     0     0     0   -10.0   54.966   -2.393    322.2    961.8    286.9      0.0     84.7
     1     1    14     9     3    23     0     1   -11.0   54.807   -2.249    307.1    961.8    286.9      0.0     84.0
     1     1    14     9     3    22     0     2   -12.0   54.650   -2.060    268.2    963.4    286.9      0.0     84.5
     1     1    14     9     3    21     0     3   -13.0   54.508   -1.832    218.5    973.3    287.3      0.0     83.6
     1     1    14     9     3    20     0     2   -14.0   54.388   -1.595    186.6    983.6    288.0      0.0     81.1
     1     1    14     9     3    19     0     1   -15.0   54.282   -1.367    178.2    988.9    288.7      0.0     78.0
     1     1    14     9     3    18     0     0   -16.0   54.187   -1.147    189.5    991.9    289.4      0.0     74.6
     1     1    14     9     3    17     0     1   -17.0   54.104   -0.931    221.4    991.0    289.3      0.0     72.8
     1     1    14     9     3    16     0     2   -18.0   54.036   -0.717    270.2    984.5    289.0      0.0     72.7
     1     1    14     9     3    15     0     3   -19.0   53.979   -0.508    330.2    976.7    288.4      0.0     73.3
     1     1    14     9     3    14     0     2   -20.0   53.924   -0.306    400.4    969.2    287.4      0.0     76.8
     1     1    14     9     3    13     0     1   -21.0   53.859   -0.123    476.6    960.8    286.5      0.0     79.3
     1     1    14     9     3    12     0     0   -22.0   53.807    0.033    520.8    958.7    285.9      0.0     81.6
     1     1    14     9     3    11     0     1   -23.0   53.770    0.172    527.0    962.1    286.1      0.0     80.7
     1     1    14     9     3    10     0     2   -24.0   53.727    0.309    533.3    961.4    286.0      0.0     79.7
     1     1    14     9     3     9     0     3   -25.0   53.677    0.448    538.5    960.9    286.0      0.0     78.6
     1     1    14     9     3     8     0     2   -26.0   53.626    0.587    542.2    960.4    286.0      0.0     77.9
     1     1    14     9     3     7     0     1   -27.0   53.575    0.725    545.2    960.0    286.0      0.0     76.6
     1     1    14     9     3     6     0     0   -28.0   53.526    0.862    548.5    959.7    286.0      0.0     74.3
     1     1    14     9     3     5     0     1   -29.0   53.471    1.004    551.4    959.5    286.1      0.0     74.0
     1     1    14     9     3     4     0     2   -30.0   53.407    1.153    552.8    959.3    286.2      0.0     75.1
     1     1    14     9     3     3     0     3   -31.0   53.338    1.308    553.7    959.2    286.3      0.0     75.7
     1     1    14     9     3     2     0     2   -32.0   53.272    1.472    558.0    959.2    286.3      0.0     75.9
     1     1    14     9     3     1     0     1   -33.0   53.213    1.643    568.4    958.2    286.3      0.0     75.0
     1     1    14     9     3     0     0     0   -34.0   53.163    1.819    583.9    956.6    286.3      0.0     72.8
     1     1    14     9     2    23     0     1   -35.0   53.121    2.004    597.1    954.4    286.2      0.0     71.8
     1     1    14     9     2    22     0     2   -36.0   53.081    2.207    601.6    953.9    286.3      0.0     72.5
     1     1    14     9     2    21     0     3   -37.0   53.041    2.429    602.3    954.1    286.5      0.0     71.4
     1     1    14     9     2    20     0     2   -38.0   53.010    2.645    609.9    953.9    286.5      0.0     71.0
     1     1    14     9     2    19     0     1   -39.0   52.992    2.831    629.3    951.6    286.3      0.0     69.8
     1     1    14     9     2    18     0     0   -40.0   52.985    2.982    658.6    948.0    286.1      0.0     68.5
     1     1    14     9     2    17     0     1   -41.0   52.983    3.108    692.0    943.3    285.7      0.0     72.0
     1     1    14     9     2    16     0     2   -42.0   52.985    3.221    727.1    939.2    285.3      0.0     74.6
     1     1    14     9     2    15     0     3   -43.0   52.991    3.318    766.8    934.7    284.9      0.0     76.4
     1     1    14     9     2    14     0     2   -44.0   52.989    3.407    806.4    929.9    284.5      0.0     77.7
     1     1    14     9     2    13     0     1   -45.0   52.971    3.502    839.5    926.5    284.2      0.0     78.5
     1     1    14     9     2    12     0     0   -46.0   52.939    3.606    865.1    923.9    283.9      0.0     78.9
     1     1    14     9     2    11     0     1   -47.0   52.904    3.714    885.7    921.6    283.8      0.0     80.3
     1     1    14     9     2    10     0     2   -48.0   52.877    3.818    904.2    919.1    283.6      0.0     81.6
     1     1    14     9     2     9     0     3   -49.0   52.860    3.915    920.6    916.9    283.4      0.0     83.0
     1     1    14     9     2     8     0     2   -50.0   52.843    4.005    939.9    915.0    283.2      0.0     84.4
     1     1    14     9     2     7     0     1   -51.0   52.822    4.089    966.6    911.6    283.0      0.0     85.8
     1     1    14     9     2     6     0     0   -52.0   52.800    4.165    999.6    907.6    282.7      0.0     87.2
     1     1    14     9     2     5     0     1   -53.0   52.783    4.232   1024.4    903.2    282.7      0.0     89.0
     1     1    14     9     2     4     0     2   -54.0   52.772    4.288   1027.8    902.9    282.8      0.0     90.9
     1     1    14     9     2     3     0     3   -55.0   52.763    4.335   1011.4    904.6    283.0      0.0     92.8
     1     1    14     9     2     2     0     2   -56.0   52.749    4.360    989.9    908.4    283.3      0.1     91.1
     1     1    14     9     2     1     0     1   -57.0   52.718    4.351    977.2    909.5    283.5      0.1     90.1
     1     1    14     9     2     0     0     0   -58.0   52.669    4.309    971.7    910.0    283.7      0.2     89.7
     1     1    14     9     1    23     0     1   -59.0   52.599    4.239    961.1    909.7    283.7      0.2     90.5
     1     1    14     9     1    22     0     2   -60.0   52.506    4.149    933.0    912.7    283.9      0.2     91.4
     1     1    14     9     1    21     0     3   -61.0   52.385    4.047    888.0    917.9    284.2      0.0     91.9
     1     1    14     9     1    20     0     2   -62.0   52.249    3.932    840.5    924.3    284.8      0.0     88.9
     1     1    14     9     1    19     0     1   -63.0   52.121    3.795    800.3    928.1    285.2      0.0     86.2
     1     1    14     9     1    18     0     0   -64.0   51.998    3.629    761.5    931.9    285.7      0.0     83.9
     1     1    14     9     1    17     0     1   -65.0   51.883    3.437    727.0    936.1    285.9      0.0     82.3
     1     1    14     9     1    16     0     2   -66.0   51.777    3.223    696.7    938.8    286.1      0.0     81.1
     1     1    14     9     1    15     0     3   -67.0   51.671    2.989    654.8    942.8    286.6      0.0     79.8
     1     1    14     9     1    14     0     2   -68.0   51.563    2.749    616.2    949.9    286.9      0.0     78.8
     1     1    14     9     1    13     0     1   -69.0   51.449    2.510    596.4    951.9    287.0      0.0     78.6
     1     1    14     9     1    12     0     0   -70.0   51.326    2.267    586.6    952.8    287.0      0.0     78.7
     1     1    14     9     1    11     0     1   -71.0   51.199    2.017    585.9    953.0    286.8      0.0     80.2
     1     1    14     9     1    10     0     2   -72.0   51.077    1.769    592.8    951.5    286.6      0.0     79.4
