     7     1
    GDAS    14     8    22     0     0
    GDAS    14     8    29     0     0
    GDAS    14     9     1     0     0
    GDAS    14     9     8     0     0
    GDAS    14     9    15     0     0
    GDAS    14     9    22     0     0
    GDAS    14     9    29     0     0
     1 BACKWARD OMEGA   
    14     9     9    15   56.467   -2.973   100.0
     4 PRESSURE AIR_TEMP RAINFALL RELHUMID
     1     1    14     9     9    15     0     3     0.0   56.467   -2.973    100.0    977.6    286.7      0.0     69.0
     1     1    14     9     9    14     0     2    -1.0   56.445   -3.052     75.2    980.5    287.1      0.0     68.9
     1     1    14     9     9    13     0     1    -2.0   56.431   -3.126     56.2    983.0    287.3      0.0     69.2
     1     1    14     9     9    12     0     0    -3.0   56.423   -3.189     42.1    984.1    287.6      0.0     70.0
     1     1    14     9     9    11     0     1    -4.0   56.417   -3.250     32.0    984.9    287.1      0.0     73.8
     1     1    14     9     9    10     0     2    -5.0   56.408   -3.314     24.8    985.6    286.5      0.0     77.5
     1     1    14     9     9     9     0     3    -6.0   56.397   -3.381     19.7    986.2    285.9      0.0     81.3
     1     1    14     9     9     8     0     2    -7.0   56.387   -3.450     16.2    986.5    284.3      0.0     82.9
     1     1    14     9     9     7     0     1    -8.0   56.382   -3.523     14.1    986.4    282.6      0.0     84.7
     1     1    14     9     9     6     0     0    -9.0   56.380   -3.601     12.8    986.1    280.7      0.0     86.7
     1     1    14     9     9     5     0     1   -10.0   56.380   -3.677     11.3    985.8    280.8      0.0     85.8
     1     1    14     9     9     4     0     2   -11.0   56.376   -3.748      9.2    985.9    280.8      0.0     85.0
     1     1    14     9     9     3     0     3   -12.0   56.368   -3.816      6.6    985.8    281.0      0.0     84.2
     1     1    14     9     9     2     0     2   -13.0   56.359   -3.879      3.5    986.4    280.8      0.0     82.7
     1     1    14     9     9     1     0     1   -14.0   56.351   -3.936      0.4    987.0    280.7      0.0     81.1
     1     1    14     9     9     0     0     0   -15.0   56.343   -3.986      0.0    987.6    280.5      0.0     79.4
     1     1    14     9     8    23     0     1   -16.0   56.339   -4.035      0.0    987.4    280.5      0.0     78.7
     1     1    14     9     8    22     0     2   -17.0   56.341   -4.087      0.0    987.0    280.5      0.0     78.2
     1     1    14     9     8    21     0     3   -18.0   56.350   -4.143      0.0    986.3    280.6      0.0     77.8
     1     1    14     9     8    20     0     2   -19.0   56.361   -4.199      0.0    986.0    282.0      0.0     77.1
     1     1    14     9     8    19     0     1   -20.0   56.372   -4.253      0.0    985.7    283.2      0.0     76.2
     1     1    14     9     8    18     0     0   -21.0   56.383   -4.306      0.0    985.6    284.4      0.0     75.3
     1     1    14     9     8    17     0     1   -22.0   56.402   -4.362      0.0    984.8    285.2      0.0     74.3
     1     1    14     9     8    16     0     2   -23.0   56.436   -4.430      0.0    983.6    285.8      0.0     73.4
     1     1    14     9     8    15     0     3   -24.0   56.484   -4.507      0.0    981.9    286.3      0.0     72.5
     1     1    14     9     8    14     0     2   -25.0   56.535   -4.592      0.0    980.7    286.3      0.0     73.1
     1     1    14     9     8    13     0     1   -26.0   56.575   -4.679      0.0    980.1    286.3      0.0     73.5
     1     1    14     9     8    12     0     0   -27.0   56.606   -4.766      0.0    980.0    286.4      0.0     73.9
     1     1    14     9     8    11     0     1   -28.0   56.633   -4.844      0.0    979.3    285.5      0.0     78.1
     1     1    14     9     8    10     0     2   -29.0   56.662   -4.909      0.0    978.5    284.6      0.0     82.4
     1     1    14     9     8     9     0     3   -30.0   56.692   -4.961      0.0    977.5    283.7      0.0     86.6
     1     1    14     9     8     8     0     2   -31.0   56.724   -5.006      0.0    977.8    282.8      0.0     89.7
     1     1    14     9     8     7     0     1   -32.0   56.761   -5.053      0.2    979.0    282.1      0.0     92.3
     1     1    14     9     8     6     0     0   -33.0   56.806   -5.100      0.4    980.1    281.5      0.0     94.7
     1     1    14     9     8     5     0     1   -34.0   56.853   -5.154      0.3    980.5    281.8      0.0     94.4
     1     1    14     9     8     4     0     2   -35.0   56.900   -5.218      0.0    981.3    282.0      0.0     94.1
     1     1    14     9     8     3     0     3   -36.0   56.949   -5.289      0.0    982.5    282.3      0.0     93.8
     1     1    14     9     8     2     0     2   -37.0   57.006   -5.366      0.0    984.3    282.0      0.0     92.7
     1     1    14     9     8     1     0     1   -38.0   57.079   -5.452      0.0    988.3    282.0      0.0     91.2
     1     1    14     9     8     0     0     0   -39.0   57.176   -5.552      0.0    993.0    282.4      0.0     89.7
     1     1    14     9     7    23     0     1   -40.0   57.289   -5.665      0.0    998.9    283.3      0.0     87.6
     1     1    14     9     7    22     0     2   -41.0   57.411   -5.787      0.0   1005.5    284.2      0.0     85.7
     1     1    14     9     7    21     0     3   -42.0   57.539   -5.916      0.0   1012.7    285.1      0.0     84.1
     1     1    14     9     7    20     0     2   -43.0   57.684   -6.055      0.0   1017.1    285.9      0.0     82.2
     1     1    14     9     7    19     0     1   -44.0   57.849   -6.207      0.0   1017.5    286.1      0.0     81.6
     1     1    14     9     7    18     0     0   -45.0   58.030   -6.368      0.0   1016.3    286.2      0.0     81.1
     1     1    14     9     7    17     0     1   -46.0   58.220   -6.551      0.0   1014.8    286.2      0.0     80.1
     1     1    14     9     7    16     0     2   -47.0   58.415   -6.772      0.0   1014.5    286.3      0.0     79.9
     1     1    14     9     7    15     0     3   -48.0   58.608   -7.033      0.0   1015.9    286.4      0.0     80.4
     1     1    14     9     7    14     0     2   -49.0   58.800   -7.298      0.1   1017.4    286.3      0.0     81.4
     1     1    14     9     7    13     0     1   -50.0   58.996   -7.529      0.4   1018.1    286.2      0.0     82.0
     1     1    14     9     7    12     0     0   -51.0   59.189   -7.718      0.7   1017.7    286.1      0.0     82.5
     1     1    14     9     7    11     0     1   -52.0   59.375   -7.882      1.0   1017.5    286.0      0.0     83.2
     1     1    14     9     7    10     0     2   -53.0   59.551   -8.036      1.3   1017.4    285.8      0.0     83.7
     1     1    14     9     7     9     0     3   -54.0   59.724   -8.179      1.7   1017.2    285.8      0.0     84.2
     1     1    14     9     7     8     0     2   -55.0   59.895   -8.307      2.1   1017.9    285.8      0.0     85.0
     1     1    14     9     7     7     0     1   -56.0   60.062   -8.420      2.4   1018.7    285.8      0.0     85.7
     1     1    14     9     7     6     0     0   -57.0   60.222   -8.520      2.5   1019.5    285.7      0.0     86.4
     1     1    14     9     7     5     0     1   -58.0   60.373   -8.627      2.6   1019.6    285.6      0.0     86.3
     1     1    14     9     7     4     0     2   -59.0   60.512   -8.759      2.7   1019.6    285.5      0.0     86.4
     1     1    14     9     7     3     0     3   -60.0   60.635   -8.919      2.7   1019.7    285.3      0.0     86.7
     1     1    14     9     7     2     0     2   -61.0   60.737   -9.095      2.9   1019.5    285.4      0.0     86.5
     1     1    14     9     7     1     0     1   -62.0   60.813   -9.271      3.3   1019.3    285.4      0.0     86.2
     1     1    14     9     7     0     0     0   -63.0   60.861   -9.440      3.9   1019.2    285.4      0.0     86.1
     1     1    14     9     6    23     0     1   -64.0   60.901   -9.586      4.5   1019.5    285.4      0.0     86.1
     1     1    14     9     6    22     0     2   -65.0   60.948   -9.695      4.9   1019.7    285.4      0.0     86.0
     1     1    14     9     6    21     0     3   -66.0   60.999   -9.771      5.3   1020.0    285.4      0.0     85.9
     1     1    14     9     6    20     0     2   -67.0   61.056   -9.848      5.7   1018.8    285.3      0.0     85.5
     1     1    14     9     6    19     0     1   -68.0   61.119   -9.959      6.4   1017.6    285.2      0.0     85.0
     1     1    14     9     6    18     0     0   -69.0   61.186  -10.107      7.4   1016.4    285.2      0.0     84.7
     1     1    14     9     6    17     0     1   -70.0   61.252  -10.282      8.3   1016.6    285.3      0.0     84.1
     1     1    14     9     6    16     0     2   -71.0   61.311  -10.473      8.9   1016.9    285.3      0.0     83.1
     1     1    14     9     6    15     0     3   -72.0   61.356  -10.680      9.3   1017.1    285.2      0.0     81.7
