     7     1
    GDAS    14     8    22     0     0
    GDAS    14     8    29     0     0
    GDAS    14     9     1     0     0
    GDAS    14     9     8     0     0
    GDAS    14     9    15     0     0
    GDAS    14     9    22     0     0
    GDAS    14     9    29     0     0
     1 BACKWARD OMEGA   
    14     9     9    19   56.467   -2.973   100.0
     4 PRESSURE AIR_TEMP RAINFALL RELHUMID
     1     1    14     9     9    19     0     1     0.0   56.467   -2.973    100.0    978.4    285.7      0.0     75.3
     1     1    14     9     9    18     0     0    -1.0   56.447   -2.953     78.0    982.0    286.3      0.0     73.0
     1     1    14     9     9    17     0     1    -2.0   56.431   -2.950     58.7    985.2    286.7      0.0     70.9
     1     1    14     9     9    16     0     2    -3.0   56.414   -2.977     42.3    986.4    287.0      0.0     68.9
     1     1    14     9     9    15     0     3    -4.0   56.397   -3.038     28.4    987.6    287.5      0.0     66.8
     1     1    14     9     9    14     0     2    -5.0   56.383   -3.113     18.4    989.2    287.9      0.0     67.7
     1     1    14     9     9    13     0     1    -6.0   56.374   -3.180     12.2    989.9    288.5      0.0     68.6
     1     1    14     9     9    12     0     0    -7.0   56.368   -3.239      8.1    989.6    288.8      0.0     69.6
     1     1    14     9     9    11     0     1    -8.0   56.363   -3.297      5.0    989.5    287.9      0.0     73.5
     1     1    14     9     9    10     0     2    -9.0   56.355   -3.358      2.3    989.4    287.1      0.0     77.3
     1     1    14     9     9     9     0     3   -10.0   56.345   -3.423      0.0    989.5    286.4      0.0     81.2
     1     1    14     9     9     8     0     2   -11.0   56.336   -3.491      0.0    989.4    284.5      0.0     82.8
     1     1    14     9     9     7     0     1   -12.0   56.329   -3.563      0.0    989.1    282.7      0.0     84.5
     1     1    14     9     9     6     0     0   -13.0   56.327   -3.638      0.0    988.8    280.7      0.0     86.4
     1     1    14     9     9     5     0     1   -14.0   56.326   -3.712      0.0    988.4    280.8      0.0     85.4
     1     1    14     9     9     4     0     2   -15.0   56.321   -3.782      0.0    988.3    280.9      0.0     84.5
     1     1    14     9     9     3     0     3   -16.0   56.313   -3.849      0.0    988.3    281.1      0.0     83.6
     1     1    14     9     9     2     0     2   -17.0   56.304   -3.912      0.0    989.0    280.9      0.0     82.0
     1     1    14     9     9     1     0     1   -18.0   56.295   -3.968      0.0    989.7    280.7      0.0     80.4
     1     1    14     9     9     0     0     0   -19.0   56.288   -4.018      0.0    990.4    280.5      0.0     78.8
     1     1    14     9     8    23     0     1   -20.0   56.284   -4.066      0.0    990.3    280.5      0.0     78.1
     1     1    14     9     8    22     0     2   -21.0   56.285   -4.118      0.0    989.8    280.5      0.0     77.5
     1     1    14     9     8    21     0     3   -22.0   56.293   -4.174      0.0    989.0    280.6      0.0     77.0
     1     1    14     9     8    20     0     2   -23.0   56.303   -4.231      0.0    988.7    282.0      0.0     76.3
     1     1    14     9     8    19     0     1   -24.0   56.313   -4.285      0.0    988.4    283.3      0.0     75.5
     1     1    14     9     8    18     0     0   -25.0   56.323   -4.336      0.0    988.2    284.6      0.0     74.5
     1     1    14     9     8    17     0     1   -26.0   56.340   -4.391      0.0    987.5    285.3      0.0     73.6
     1     1    14     9     8    16     0     2   -27.0   56.373   -4.458      0.0    986.2    286.0      0.0     72.8
     1     1    14     9     8    15     0     3   -28.0   56.422   -4.534      0.0    984.5    286.5      0.0     72.1
     1     1    14     9     8    14     0     2   -29.0   56.471   -4.618      0.0    983.2    286.5      0.0     72.6
     1     1    14     9     8    13     0     1   -30.0   56.511   -4.703      0.0    982.4    286.6      0.0     73.0
     1     1    14     9     8    12     0     0   -31.0   56.540   -4.788      0.0    982.2    286.7      0.0     73.4
     1     1    14     9     8    11     0     1   -32.0   56.566   -4.865      0.0    981.5    285.8      0.0     77.6
     1     1    14     9     8    10     0     2   -33.0   56.596   -4.926      0.0    980.6    284.8      0.0     81.9
     1     1    14     9     8     9     0     3   -34.0   56.628   -4.973      0.0    979.5    283.9      0.0     86.1
     1     1    14     9     8     8     0     2   -35.0   56.662   -5.015      0.3    979.7    282.9      0.0     89.2
     1     1    14     9     8     7     0     1   -36.0   56.703   -5.058      0.8    980.6    282.1      0.0     91.8
     1     1    14     9     8     6     0     0   -37.0   56.751   -5.104      1.2    981.4    281.5      0.0     94.3
     1     1    14     9     8     5     0     1   -38.0   56.801   -5.157      1.4    981.7    281.7      0.0     94.1
     1     1    14     9     8     4     0     2   -39.0   56.851   -5.220      1.4    982.4    282.0      0.0     93.8
     1     1    14     9     8     3     0     3   -40.0   56.903   -5.292      1.2    983.5    282.3      0.0     93.5
     1     1    14     9     8     2     0     2   -41.0   56.962   -5.369      0.8    985.1    282.0      0.0     92.4
     1     1    14     9     8     1     0     1   -42.0   57.036   -5.453      0.0    987.8    281.9      0.0     91.2
     1     1    14     9     8     0     0     0   -43.0   57.130   -5.549      0.0    992.4    282.2      0.0     89.7
     1     1    14     9     7    23     0     1   -44.0   57.240   -5.658      0.0    998.1    283.1      0.0     87.6
     1     1    14     9     7    22     0     2   -45.0   57.358   -5.776      0.0   1004.4    284.0      0.0     85.6
     1     1    14     9     7    21     0     3   -46.0   57.484   -5.901      0.0   1011.4    284.9      0.0     83.9
     1     1    14     9     7    20     0     2   -47.0   57.626   -6.036      0.0   1016.5    285.8      0.0     81.8
     1     1    14     9     7    19     0     1   -48.0   57.791   -6.187      0.0   1017.1    286.1      0.0     81.2
     1     1    14     9     7    18     0     0   -49.0   57.970   -6.347      0.0   1016.4    286.2      0.0     80.8
     1     1    14     9     7    17     0     1   -50.0   58.158   -6.527      0.0   1014.9    286.3      0.0     79.8
     1     1    14     9     7    16     0     2   -51.0   58.349   -6.741      0.0   1014.3    286.4      0.0     79.4
     1     1    14     9     7    15     0     3   -52.0   58.540   -6.996      0.0   1015.2    286.5      0.0     79.8
     1     1    14     9     7    14     0     2   -53.0   58.732   -7.257      0.1   1016.9    286.4      0.0     80.9
     1     1    14     9     7    13     0     1   -54.0   58.927   -7.484      0.4   1017.8    286.3      0.0     81.6
     1     1    14     9     7    12     0     0   -55.0   59.122   -7.672      0.8   1017.7    286.2      0.0     82.0
     1     1    14     9     7    11     0     1   -56.0   59.311   -7.835      1.1   1017.5    286.0      0.0     82.7
     1     1    14     9     7    10     0     2   -57.0   59.490   -7.989      1.4   1017.4    285.9      0.0     83.2
     1     1    14     9     7     9     0     3   -58.0   59.664   -8.131      1.8   1017.2    285.8      0.0     83.8
     1     1    14     9     7     8     0     2   -59.0   59.836   -8.260      2.2   1017.9    285.8      0.0     84.6
     1     1    14     9     7     7     0     1   -60.0   60.006   -8.372      2.5   1018.7    285.8      0.0     85.3
     1     1    14     9     7     6     0     0   -61.0   60.169   -8.471      2.6   1019.5    285.7      0.0     85.9
     1     1    14     9     7     5     0     1   -62.0   60.323   -8.576      2.7   1019.6    285.6      0.0     85.9
     1     1    14     9     7     4     0     2   -63.0   60.465   -8.705      2.8   1019.6    285.5      0.0     85.9
     1     1    14     9     7     3     0     3   -64.0   60.592   -8.862      2.8   1019.7    285.4      0.0     86.2
     1     1    14     9     7     2     0     2   -65.0   60.697   -9.035      3.0   1019.5    285.4      0.0     86.1
     1     1    14     9     7     1     0     1   -66.0   60.776   -9.209      3.5   1019.3    285.4      0.0     85.7
     1     1    14     9     7     0     0     0   -67.0   60.828   -9.378      4.1   1019.2    285.4      0.0     85.6
     1     1    14     9     6    23     0     1   -68.0   60.871   -9.523      4.8   1019.5    285.4      0.0     85.5
     1     1    14     9     6    22     0     2   -69.0   60.922   -9.631      5.3   1019.7    285.4      0.0     85.4
     1     1    14     9     6    21     0     3   -70.0   60.978   -9.705      5.7   1020.0    285.4      0.0     85.3
     1     1    14     9     6    20     0     2   -71.0   61.040   -9.778      6.2   1018.8    285.3      0.0     84.9
     1     1    14     9     6    19     0     1   -72.0   61.108   -9.885      7.0   1017.6    285.3      0.0     84.5
