     7     1
    GDAS    14     8    22     0     0
    GDAS    14     8    29     0     0
    GDAS    14     9     1     0     0
    GDAS    14     9     8     0     0
    GDAS    14     9    15     0     0
    GDAS    14     9    22     0     0
    GDAS    14     9    29     0     0
     1 BACKWARD OMEGA   
    14     9    10     9   56.467   -2.973   100.0
     4 PRESSURE AIR_TEMP RAINFALL RELHUMID
     1     1    14     9    10     9     0     3     0.0   56.467   -2.973    100.0    979.2    285.0      0.0     82.0
     1     1    14     9    10     8     0     2    -1.0   56.388   -2.905    110.8    982.6    284.5      0.0     82.0
     1     1    14     9    10     7     0     1    -2.0   56.309   -2.835    125.5    985.0    284.2      0.0     81.7
     1     1    14     9    10     6     0     0    -3.0   56.232   -2.758    140.9    987.0    284.1      0.0     81.2
     1     1    14     9    10     5     0     1    -4.0   56.156   -2.671    152.7    988.4    284.5      0.0     80.4
     1     1    14     9    10     4     0     2    -5.0   56.082   -2.577    158.9    990.6    284.9      0.0     79.5
     1     1    14     9    10     3     0     3    -6.0   56.011   -2.478    160.3    992.8    285.3      0.0     78.4
     1     1    14     9    10     2     0     2    -7.0   55.944   -2.373    157.8    993.9    285.5      0.0     77.7
     1     1    14     9    10     1     0     1    -8.0   55.878   -2.260    151.8    994.8    285.6      0.0     77.2
     1     1    14     9    10     0     0     0    -9.0   55.813   -2.141    142.6    995.9    285.7      0.0     76.7
     1     1    14     9     9    23     0     1   -10.0   55.750   -2.019    129.7    996.7    285.7      0.0     76.8
     1     1    14     9     9    22     0     2   -11.0   55.694   -1.896    115.3    998.3    285.7      0.0     76.8
     1     1    14     9     9    21     0     3   -12.0   55.650   -1.772    102.9   1000.3    285.8      0.0     76.6
     1     1    14     9     9    20     0     2   -13.0   55.616   -1.646     93.9   1002.2    286.0      0.0     75.7
     1     1    14     9     9    19     0     1   -14.0   55.591   -1.512     88.9   1004.0    286.3      0.0     74.9
     1     1    14     9     9    18     0     0   -15.0   55.572   -1.369     88.7   1005.5    286.4      0.0     74.3
     1     1    14     9     9    17     0     1   -16.0   55.555   -1.235     94.0   1006.7    286.6      0.0     73.5
     1     1    14     9     9    16     0     2   -17.0   55.537   -1.127    104.8   1006.9    286.6      0.0     72.7
     1     1    14     9     9    15     0     3   -18.0   55.516   -1.046    121.0   1006.2    286.6      0.0     72.0
     1     1    14     9     9    14     0     2   -19.0   55.494   -0.992    140.7   1004.9    286.3      0.0     73.3
     1     1    14     9     9    13     0     1   -20.0   55.473   -0.965    160.8   1002.2    286.0      0.0     74.5
     1     1    14     9     9    12     0     0   -21.0   55.454   -0.968    180.1   1000.0    285.7      0.0     75.8
     1     1    14     9     9    11     0     1   -22.0   55.434   -1.000    199.4    997.7    285.3      0.0     76.7
     1     1    14     9     9    10     0     2   -23.0   55.411   -1.062    217.9    994.4    284.9      0.0     77.6
     1     1    14     9     9     9     0     3   -24.0   55.385   -1.150    234.6    990.9    284.5      0.0     78.7
     1     1    14     9     9     8     0     2   -25.0   55.364   -1.252    248.2    987.1    284.2      0.0     79.1
     1     1    14     9     9     7     0     1   -26.0   55.353   -1.355    257.9    983.9    283.9      0.0     79.5
     1     1    14     9     9     6     0     0   -27.0   55.351   -1.461    265.4    980.9    283.7      0.0     79.9
     1     1    14     9     9     5     0     1   -28.0   55.346   -1.573    273.4    977.9    283.7      0.0     79.6
     1     1    14     9     9     4     0     2   -29.0   55.328   -1.694    284.1    974.0    283.7      0.0     79.5
     1     1    14     9     9     3     0     3   -30.0   55.292   -1.820    297.6    969.3    283.6      0.0     79.9
     1     1    14     9     9     2     0     2   -31.0   55.240   -1.933    312.5    964.1    283.4      0.0     80.4
     1     1    14     9     9     1     0     1   -32.0   55.179   -2.019    326.0    959.9    283.3      0.0     81.2
     1     1    14     9     9     0     0     0   -33.0   55.107   -2.075    337.3    957.6    283.3      0.0     81.7
     1     1    14     9     8    23     0     1   -34.0   55.033   -2.108    343.7    955.3    283.2      0.0     82.2
     1     1    14     9     8    22     0     2   -35.0   54.964   -2.125    341.1    954.8    283.2      0.0     82.3
     1     1    14     9     8    21     0     3   -36.0   54.907   -2.126    327.8    956.2    283.4      0.0     81.8
     1     1    14     9     8    20     0     2   -37.0   54.858   -2.110    300.0    958.8    283.6      0.0     80.7
     1     1    14     9     8    19     0     1   -38.0   54.813   -2.069    254.9    963.7    284.1      0.0     78.9
     1     1    14     9     8    18     0     0   -39.0   54.773   -2.001    196.7    969.2    284.7      0.0     77.0
     1     1    14     9     8    17     0     1   -40.0   54.751   -1.928    140.8    979.0    285.8      0.0     72.3
     1     1    14     9     8    16     0     2   -41.0   54.760   -1.873     98.3    984.7    286.9      0.0     68.9
     1     1    14     9     8    15     0     3   -42.0   54.797   -1.832     68.0    988.7    288.1      0.0     65.5
     1     1    14     9     8    14     0     2   -43.0   54.851   -1.801     47.8    992.1    288.8      0.0     66.1
     1     1    14     9     8    13     0     1   -44.0   54.907   -1.785     35.5    994.2    289.5      0.0     66.6
     1     1    14     9     8    12     0     0   -45.0   54.965   -1.787     27.4    995.9    290.3      0.0     66.7
     1     1    14     9     8    11     0     1   -46.0   55.020   -1.814     22.5    996.3    289.1      0.0     70.0
     1     1    14     9     8    10     0     2   -47.0   55.070   -1.871     20.2    995.9    287.7      0.0     73.1
     1     1    14     9     8     9     0     3   -48.0   55.114   -1.956     19.8    994.7    286.2      0.0     76.2
     1     1    14     9     8     8     0     2   -49.0   55.157   -2.051     20.7    994.6    284.2      0.0     80.3
     1     1    14     9     8     7     0     1   -50.0   55.205   -2.149     22.4    995.9    282.3      0.0     84.0
     1     1    14     9     8     6     0     0   -51.0   55.263   -2.253     25.4    996.9    280.8      0.0     86.9
     1     1    14     9     8     5     0     1   -52.0   55.323   -2.375     29.9    997.5    281.1      0.0     86.7
     1     1    14     9     8     4     0     2   -53.0   55.379   -2.524     35.2    997.5    281.3      0.0     86.5
     1     1    14     9     8     3     0     3   -54.0   55.426   -2.698     39.4    997.2    281.3      0.0     86.7
     1     1    14     9     8     2     0     2   -55.0   55.464   -2.880     37.7    997.0    281.5      0.0     86.5
     1     1    14     9     8     1     0     1   -56.0   55.497   -3.058     28.8    998.0    281.4      0.0     86.7
     1     1    14     9     8     0     0     0   -57.0   55.530   -3.232     18.7    999.5    281.2      0.0     87.0
     1     1    14     9     7    23     0     1   -58.0   55.568   -3.402     11.6   1000.9    281.4      0.0     86.8
     1     1    14     9     7    22     0     2   -59.0   55.610   -3.570      7.1   1001.1    281.6      0.0     86.6
     1     1    14     9     7    21     0     3   -60.0   55.656   -3.737      4.5   1001.4    281.8      0.0     86.8
     1     1    14     9     7    20     0     2   -61.0   55.699   -3.906      6.5   1001.2    282.8      0.0     83.8
     1     1    14     9     7    19     0     1   -62.0   55.740   -4.083     14.4   1000.2    284.0      0.0     80.0
     1     1    14     9     7    18     0     0   -63.0   55.790   -4.286     26.2    996.9    285.2      0.0     75.9
     1     1    14     9     7    17     0     1   -64.0   55.858   -4.519     38.3    993.9    286.0      0.0     72.2
     1     1    14     9     7    16     0     2   -65.0   55.943   -4.777     50.4    991.0    286.7      0.0     69.4
     1     1    14     9     7    15     0     3   -66.0   56.045   -5.059     64.7    987.6    287.2      0.0     67.8
     1     1    14     9     7    14     0     2   -67.0   56.176   -5.329     74.3    988.0    286.5      0.0     69.9
     1     1    14     9     7    13     0     1   -68.0   56.333   -5.546     73.5    990.7    286.2      0.0     71.1
     1     1    14     9     7    12     0     0   -69.0   56.505   -5.715     67.1    994.1    286.2      0.0     71.5
     1     1    14     9     7    11     0     1   -70.0   56.688   -5.849     60.6    997.2    285.6      0.0     73.8
     1     1    14     9     7    10     0     2   -71.0   56.879   -5.966     56.5    999.8    285.0      0.0     75.7
     1     1    14     9     7     9     0     3   -72.0   57.075   -6.074     54.8   1002.0    284.7      0.0     78.1
