     7     1
    GDAS    14     8    22     0     0
    GDAS    14     8    29     0     0
    GDAS    14     9     1     0     0
    GDAS    14     9     8     0     0
    GDAS    14     9    15     0     0
    GDAS    14     9    22     0     0
    GDAS    14     9    29     0     0
     1 BACKWARD OMEGA   
    14     9    11    21   56.467   -2.973   100.0
     4 PRESSURE AIR_TEMP RAINFALL RELHUMID
     1     1    14     9    11    21     0     3     0.0   56.467   -2.973    100.0    981.7    286.0      0.0     89.4
     1     1    14     9    11    20     0     2    -1.0   56.435   -2.871     99.3    985.0    286.6      0.0     86.8
     1     1    14     9    11    19     0     1    -2.0   56.398   -2.774     95.7    988.6    287.1      0.0     84.2
     1     1    14     9    11    18     0     0    -3.0   56.356   -2.676     89.2    992.6    287.5      0.0     81.7
     1     1    14     9    11    17     0     1    -4.0   56.306   -2.573     81.4    997.2    287.8      0.0     79.1
     1     1    14     9    11    16     0     2    -5.0   56.242   -2.461     74.0   1001.6    288.0      0.0     77.1
     1     1    14     9    11    15     0     3    -6.0   56.170   -2.335     67.6   1005.5    288.0      0.0     75.6
     1     1    14     9    11    14     0     2    -7.0   56.090   -2.195     62.9   1009.6    287.4      0.0     77.2
     1     1    14     9    11    13     0     1    -8.0   56.006   -2.046     59.6   1012.9    286.9      0.0     79.0
     1     1    14     9    11    12     0     0    -9.0   55.919   -1.900     56.8   1013.3    287.0      0.0     80.5
     1     1    14     9    11    11     0     1   -10.0   55.829   -1.779     55.1   1012.4    287.0      0.0     82.5
     1     1    14     9    11    10     0     2   -11.0   55.736   -1.681     55.5   1011.1    286.8      0.0     84.7
     1     1    14     9    11     9     0     3   -12.0   55.642   -1.604     57.5   1009.8    286.6      0.0     87.2
     1     1    14     9    11     8     0     2   -13.0   55.548   -1.538     59.6   1008.8    286.1      0.0     88.0
     1     1    14     9    11     7     0     1   -14.0   55.457   -1.480     60.4   1008.4    285.7      0.0     89.0
     1     1    14     9    11     6     0     0   -15.0   55.369   -1.429     59.8   1008.4    285.3      0.0     90.1
     1     1    14     9    11     5     0     1   -16.0   55.281   -1.376     59.3   1008.8    285.4      0.0     89.5
     1     1    14     9    11     4     0     2   -17.0   55.190   -1.313     60.2   1009.1    285.6      0.0     88.9
     1     1    14     9    11     3     0     3   -18.0   55.098   -1.242     62.5   1009.7    285.8      0.0     88.1
     1     1    14     9    11     2     0     2   -19.0   55.004   -1.162     65.1   1010.6    286.1      0.0     87.7
     1     1    14     9    11     1     0     1   -20.0   54.910   -1.072     66.3   1012.1    286.1      0.0     87.0
     1     1    14     9    11     0     0     0   -21.0   54.814   -0.970     65.9   1013.2    286.1      0.0     86.6
     1     1    14     9    10    23     0     1   -22.0   54.724   -0.849     65.0   1012.8    286.0      0.0     84.2
     1     1    14     9    10    22     0     2   -23.0   54.644   -0.702     65.5   1012.1    286.0      0.0     82.0
     1     1    14     9    10    21     0     3   -24.0   54.575   -0.529     68.0   1011.2    286.1      0.0     79.7
     1     1    14     9    10    20     0     2   -25.0   54.513   -0.338     72.4   1009.9    286.5      0.0     77.8
     1     1    14     9    10    19     0     1   -26.0   54.455   -0.140     78.2   1008.5    287.0      0.0     75.6
     1     1    14     9    10    18     0     0   -27.0   54.410    0.053     81.1   1011.9    287.1      0.0     77.5
     1     1    14     9    10    17     0     1   -28.0   54.384    0.228     80.4   1012.6    287.2      0.0     76.1
     1     1    14     9    10    16     0     2   -29.0   54.376    0.388     80.1   1012.7    287.3      0.0     75.0
     1     1    14     9    10    15     0     3   -30.0   54.383    0.535     80.1   1012.8    287.2      0.0     74.2
     1     1    14     9    10    14     0     2   -31.0   54.398    0.667     81.4   1013.0    287.2      0.0     74.7
     1     1    14     9    10    13     0     1   -32.0   54.412    0.786     85.3   1012.7    287.1      0.0     75.2
     1     1    14     9    10    12     0     0   -33.0   54.424    0.892     92.1   1012.1    287.0      0.0     75.6
     1     1    14     9    10    11     0     1   -34.0   54.441    0.993    101.5   1010.7    286.8      0.0     75.9
     1     1    14     9    10    10     0     2   -35.0   54.469    1.095    112.4   1009.2    286.6      0.0     76.1
     1     1    14     9    10     9     0     3   -36.0   54.508    1.193    124.1   1007.7    286.3      0.0     76.3
     1     1    14     9    10     8     0     2   -37.0   54.557    1.285    135.9   1006.3    286.1      0.0     76.9
     1     1    14     9    10     7     0     1   -38.0   54.614    1.369    147.0   1004.8    285.8      0.0     77.4
     1     1    14     9    10     6     0     0   -39.0   54.680    1.448    157.9   1003.3    285.6      0.0     78.0
     1     1    14     9    10     5     0     1   -40.0   54.752    1.512    168.3   1001.8    285.5      0.0     78.1
     1     1    14     9    10     4     0     2   -41.0   54.826    1.554    177.8   1000.5    285.4      0.0     78.1
     1     1    14     9    10     3     0     3   -42.0   54.900    1.575    186.8    999.3    285.4      0.0     78.1
     1     1    14     9    10     2     0     2   -43.0   54.977    1.587    194.8    998.4    285.3      0.0     78.3
     1     1    14     9    10     1     0     1   -44.0   55.062    1.600    201.0    997.6    285.2      0.0     78.6
     1     1    14     9    10     0     0     0   -45.0   55.155    1.612    204.7    997.2    285.2      0.0     78.7
     1     1    14     9     9    23     0     1   -46.0   55.261    1.607    207.0    997.0    285.2      0.0     78.6
     1     1    14     9     9    22     0     2   -47.0   55.386    1.569    209.6    996.7    285.2      0.0     78.6
     1     1    14     9     9    21     0     3   -48.0   55.529    1.498    212.9    996.3    285.2      0.0     78.4
     1     1    14     9     9    20     0     2   -49.0   55.681    1.402    218.7    995.6    285.1      0.0     78.5
     1     1    14     9     9    19     0     1   -50.0   55.835    1.294    229.5    994.3    285.0      0.0     78.5
     1     1    14     9     9    18     0     0   -51.0   55.992    1.175    247.9    992.2    284.8      0.0     78.5
     1     1    14     9     9    17     0     1   -52.0   56.145    1.031    268.9    988.9    284.5      0.0     79.5
     1     1    14     9     9    16     0     2   -53.0   56.283    0.845    284.7    986.5    284.2      0.0     79.8
     1     1    14     9     9    15     0     3   -54.0   56.404    0.624    295.9    984.9    284.0      0.0     79.7
     1     1    14     9     9    14     0     2   -55.0   56.513    0.392    305.5    984.1    283.8      0.0     80.7
     1     1    14     9     9    13     0     1   -56.0   56.620    0.171    316.4    982.9    283.6      0.0     81.6
     1     1    14     9     9    12     0     0   -57.0   56.688    0.011    333.4    981.5    283.4      0.0     82.6
     1     1    14     9     9    11     0     1   -58.0   56.767   -0.164    350.7    979.5    283.2      0.0     82.2
     1     1    14     9     9    10     0     2   -59.0   56.819   -0.324    369.4    976.9    282.9      0.0     82.9
     1     1    14     9     9     9     0     3   -60.0   56.887   -0.521    385.7    975.0    282.7      0.0     83.5
     1     1    14     9     9     8     0     2   -61.0   56.976   -0.745    403.2    973.1    282.5      0.0     84.4
     1     1    14     9     9     7     0     1   -62.0   57.086   -0.986    424.8    970.3    282.2      0.0     85.7
     1     1    14     9     9     6     0     0   -63.0   57.206   -1.238    445.6    966.9    282.1      0.0     85.8
     1     1    14     9     9     5     0     1   -64.0   57.330   -1.505    463.0    964.9    282.0      0.0     85.7
     1     1    14     9     9     4     0     2   -65.0   57.456   -1.799    481.1    963.1    281.9      0.0     85.8
     1     1    14     9     9     3     0     3   -66.0   57.581   -2.121    505.7    958.5    281.6      0.0     87.1
     1     1    14     9     9     2     0     2   -67.0   57.699   -2.455    538.3    951.4    281.2      0.0     88.3
     1     1    14     9     9     1     0     1   -68.0   57.808   -2.786    579.5    947.5    280.9      0.0     88.0
     1     1    14     9     9     0     0     0   -69.0   57.910   -3.118    629.8    943.7    280.7      0.0     87.2
     1     1    14     9     8    23     0     1   -70.0   58.010   -3.454    682.9    935.3    280.1      0.0     87.4
     1     1    14     9     8    22     0     2   -71.0   58.105   -3.800    734.5    924.2    279.3      0.0     88.8
     1     1    14     9     8    21     0     3   -72.0   58.182   -4.165    785.7    914.0    278.5      0.0     90.6
