     7     1
    GDAS    14     8    22     0     0
    GDAS    14     8    29     0     0
    GDAS    14     9     1     0     0
    GDAS    14     9     8     0     0
    GDAS    14     9    15     0     0
    GDAS    14     9    22     0     0
    GDAS    14     9    29     0     0
     1 BACKWARD OMEGA   
    14     9    17    17   56.467   -2.973   100.0
     4 PRESSURE AIR_TEMP RAINFALL RELHUMID
     1     1    14     9    17    17     0     1     0.0   56.467   -2.973    100.0    973.0    286.1      0.0     94.7
     1     1    14     9    17    16     0     2    -1.0   56.489   -2.862     84.3    977.9    286.6      0.0     92.9
     1     1    14     9    17    15     0     3    -2.0   56.522   -2.782     75.3    980.6    286.9      0.2     91.5
     1     1    14     9    17    14     0     2    -3.0   56.556   -2.712     68.3    982.7    286.8      0.0     91.1
     1     1    14     9    17    13     0     1    -4.0   56.586   -2.635     60.3    985.8    286.7      0.0     90.7
     1     1    14     9    17    12     0     0    -5.0   56.612   -2.548     51.7    989.5    286.7      0.0     90.6
     1     1    14     9    17    11     0     1    -6.0   56.646   -2.463     43.7    992.5    286.5      0.0     90.9
     1     1    14     9    17    10     0     2    -7.0   56.695   -2.390     37.3    994.7    286.3      0.0     90.9
     1     1    14     9    17     9     0     3    -8.0   56.760   -2.330     32.4    996.5    286.2      0.0     90.6
     1     1    14     9    17     8     0     2    -9.0   56.836   -2.279     29.1    998.7    285.5      0.0     89.8
     1     1    14     9    17     7     0     1   -10.0   56.919   -2.239     27.5   1000.5    284.8      0.0     88.4
     1     1    14     9    17     6     0     0   -11.0   57.007   -2.214     27.7   1001.8    284.0      0.0     86.7
     1     1    14     9    17     5     0     1   -12.0   57.089   -2.204     29.2   1002.8    284.3      0.0     87.9
     1     1    14     9    17     4     0     2   -13.0   57.152   -2.212     31.2   1002.9    284.5      0.0     88.8
     1     1    14     9    17     3     0     3   -14.0   57.199   -2.238     34.1   1002.1    284.5      0.0     89.4
     1     1    14     9    17     2     0     2   -15.0   57.230   -2.271     38.3   1001.4    284.4      0.0     90.2
     1     1    14     9    17     1     0     1   -16.0   57.244   -2.299     44.2   1000.6    284.3      0.0     90.9
     1     1    14     9    17     0     0     0   -17.0   57.245   -2.326     52.3    999.3    284.3      0.0     91.6
     1     1    14     9    16    23     0     1   -18.0   57.230   -2.341     61.8    997.4    284.4      0.0     91.9
     1     1    14     9    16    22     0     2   -19.0   57.196   -2.333     71.0    995.8    284.6      0.0     92.5
     1     1    14     9    16    21     0     3   -20.0   57.147   -2.305     78.9    995.1    284.8      0.0     93.1
     1     1    14     9    16    20     0     2   -21.0   57.093   -2.265     84.6    995.1    285.1      0.0     92.6
     1     1    14     9    16    19     0     1   -22.0   57.043   -2.219     87.6    996.1    285.4      0.0     92.0
     1     1    14     9    16    18     0     0   -23.0   56.995   -2.164     87.6    998.1    285.7      0.0     91.2
     1     1    14     9    16    17     0     1   -24.0   56.942   -2.096     84.4   1001.7    286.2      0.0     89.7
     1     1    14     9    16    16     0     2   -25.0   56.878   -2.008     79.0   1006.2    286.7      0.0     88.6
     1     1    14     9    16    15     0     3   -26.0   56.808   -1.909     73.3   1007.2    286.9      0.0     88.5
     1     1    14     9    16    14     0     2   -27.0   56.745   -1.817     70.0   1007.9    286.8      0.0     89.5
     1     1    14     9    16    13     0     1   -28.0   56.696   -1.745     69.2   1007.9    286.8      0.0     90.4
     1     1    14     9    16    12     0     0   -29.0   56.656   -1.691     69.2   1007.9    286.8      0.0     91.2
     1     1    14     9    16    11     0     1   -30.0   56.614   -1.639     69.8   1008.0    286.7      0.0     91.9
     1     1    14     9    16    10     0     2   -31.0   56.564   -1.576     71.8   1008.0    286.6      0.0     92.7
     1     1    14     9    16     9     0     3   -32.0   56.504   -1.501     75.4   1007.8    286.6      0.0     93.5
     1     1    14     9    16     8     0     2   -33.0   56.441   -1.415     78.3   1007.2    286.6      0.0     94.4
     1     1    14     9    16     7     0     1   -34.0   56.377   -1.318     78.6   1007.3    286.6      0.0     95.1
     1     1    14     9    16     6     0     0   -35.0   56.312   -1.209     76.4   1007.7    286.6      0.0     95.7
     1     1    14     9    16     5     0     1   -36.0   56.240   -1.096     73.2   1008.7    286.7      0.0     95.2
     1     1    14     9    16     4     0     2   -37.0   56.160   -0.993     70.7   1009.5    286.8      0.0     94.4
     1     1    14     9    16     3     0     3   -38.0   56.075   -0.910     69.3   1009.9    286.9      0.0     93.3
     1     1    14     9    16     2     0     2   -39.0   55.989   -0.842     69.0   1009.9    286.9      0.0     93.3
     1     1    14     9    16     1     0     1   -40.0   55.910   -0.772     69.4   1009.8    286.9      0.0     93.6
     1     1    14     9    16     0     0     0   -41.0   55.837   -0.690     70.4   1009.6    286.9      0.0     93.8
     1     1    14     9    15    23     0     1   -42.0   55.767   -0.600     72.2   1009.5    287.0      0.0     93.3
     1     1    14     9    15    22     0     2   -43.0   55.700   -0.505     74.8   1009.3    287.0      0.0     93.0
     1     1    14     9    15    21     0     3   -44.0   55.635   -0.407     78.5   1008.9    287.1      0.0     92.7
     1     1    14     9    15    20     0     2   -45.0   55.581   -0.276     82.4   1008.0    287.1      0.0     93.8
     1     1    14     9    15    19     0     1   -46.0   55.549   -0.085     85.1   1007.4    287.0      0.0     94.7
     1     1    14     9    15    18     0     0   -47.0   55.489    0.180     86.8   1007.0    287.7      0.0     89.3
     1     1    14     9    15    17     0     1   -48.0   55.401    0.472     86.1   1006.9    288.0      0.0     86.9
     1     1    14     9    15    16     0     2   -49.0   55.323    0.754     81.8   1007.4    288.2      0.0     83.5
     1     1    14     9    15    15     0     3   -50.0   55.239    1.021     75.3   1008.2    288.4      0.0     78.8
     1     1    14     9    15    14     0     2   -51.0   55.157    1.267     69.9   1010.0    288.4      0.0     79.8
     1     1    14     9    15    13     0     1   -52.0   55.095    1.505     67.5   1011.0    288.5      0.0     80.7
     1     1    14     9    15    12     0     0   -53.0   55.051    1.747     66.7   1011.7    288.6      0.0     81.3
     1     1    14     9    15    11     0     1   -54.0   55.015    1.991     65.4   1011.1    288.7      0.1     79.0
     1     1    14     9    15    10     0     2   -55.0   54.982    2.242     61.1   1011.0    288.8      0.1     77.2
     1     1    14     9    15     9     0     3   -56.0   54.962    2.517     54.1   1011.6    288.9      0.2     75.8
     1     1    14     9    15     8     0     2   -57.0   54.950    2.816     47.3   1012.9    288.9      0.0     79.3
     1     1    14     9    15     7     0     1   -58.0   54.935    3.136     43.0   1014.0    289.0      0.0     83.1
     1     1    14     9    15     6     0     0   -59.0   54.919    3.479     41.5   1014.8    289.1      0.0     87.3
     1     1    14     9    15     5     0     1   -60.0   54.910    3.852     41.3   1014.6    289.3      0.0     87.0
     1     1    14     9    15     4     0     2   -61.0   54.891    4.263     40.4   1014.5    289.5      0.0     85.7
     1     1    14     9    15     3     0     3   -62.0   54.834    4.702     38.3   1014.7    289.7      0.0     83.4
     1     1    14     9    15     2     0     2   -63.0   54.761    5.148     35.7   1015.1    289.9      0.2     85.2
     1     1    14     9    15     1     0     1   -64.0   54.715    5.596     32.8   1015.3    290.0      0.0     87.3
     1     1    14     9    15     0     0     0   -65.0   54.686    6.042     28.9   1015.7    290.1      0.0     87.1
     1     1    14     9    14    23     0     1   -66.0   54.664    6.505     24.6   1017.3    290.2      0.3     88.4
     1     1    14     9    14    22     0     2   -67.0   54.640    7.001     21.1   1018.1    290.3      0.3     89.9
     1     1    14     9    14    21     0     3   -68.0   54.611    7.512     18.9   1018.0    290.4      0.0     90.5
     1     1    14     9    14    20     0     2   -69.0   54.602    8.019     17.9   1018.4    290.4      2.7     91.5
     1     1    14     9    14    19     0     1   -70.0   54.634    8.464     18.3   1018.6    289.9      2.6     93.0
     1     1    14     9    14    18     0     0   -71.0   54.697    8.816     20.7   1018.3    289.5      0.3     94.9
     1     1    14     9    14    17     0     1   -72.0   54.770    9.125     24.3   1016.7    289.7      0.3     94.8
