     7     1
    GDAS    14     8    22     0     0
    GDAS    14     8    29     0     0
    GDAS    14     9     1     0     0
    GDAS    14     9     8     0     0
    GDAS    14     9    15     0     0
    GDAS    14     9    22     0     0
    GDAS    14     9    29     0     0
     1 BACKWARD OMEGA   
    14     9     8     7   56.467   -2.973   100.0
     4 PRESSURE AIR_TEMP RAINFALL RELHUMID
     1     1    14     9     8     7     0     1     0.0   56.467   -2.973    100.0    975.0    281.8      0.0     86.1
     1     1    14     9     8     6     0     0    -1.0   56.600   -3.178    169.9    962.1    280.7      0.0     90.5
     1     1    14     9     8     5     0     1    -2.0   56.803   -3.407    275.6    939.0    280.0      0.0     93.3
     1     1    14     9     8     4     0     2    -3.0   57.097   -3.675    402.8    915.3    278.8      0.0     97.6
     1     1    14     9     8     3     0     3    -4.0   57.442   -3.980    532.5    911.9    278.8      0.0     96.6
     1     1    14     9     8     2     0     2    -5.0   57.797   -4.320    650.0    911.4    278.9      0.0     94.9
     1     1    14     9     8     1     0     1    -6.0   58.146   -4.670    695.2    907.7    278.7      0.0     95.5
     1     1    14     9     8     0     0     0    -7.0   58.482   -4.989    651.0    920.8    279.4      0.0     96.3
     1     1    14     9     7    23     0     1    -8.0   58.807   -5.275    598.6    945.9    280.7      0.0     95.3
     1     1    14     9     7    22     0     2    -9.0   59.128   -5.548    583.6    950.4    281.0      0.0     94.5
     1     1    14     9     7    21     0     3   -10.0   59.450   -5.807    589.4    949.0    281.0      0.0     93.9
     1     1    14     9     7    20     0     2   -11.0   59.776   -6.047    604.1    946.6    280.9      0.0     95.0
     1     1    14     9     7    19     0     1   -12.0   60.107   -6.271    615.1    944.6    280.8      0.0     95.1
     1     1    14     9     7    18     0     0   -13.0   60.432   -6.496    614.2    944.4    280.8      0.0     95.4
     1     1    14     9     7    17     0     1   -14.0   60.736   -6.749    606.5    945.9    280.8      0.0     94.8
     1     1    14     9     7    16     0     2   -15.0   61.007   -7.051    601.0    946.7    280.7      0.0     94.4
     1     1    14     9     7    15     0     3   -16.0   61.238   -7.400    606.1    946.3    280.6      0.0     94.2
     1     1    14     9     7    14     0     2   -17.0   61.433   -7.765    614.9    944.4    280.4      0.0     94.7
     1     1    14     9     7    13     0     1   -18.0   61.600   -8.121    611.5    944.9    280.5      0.0     95.1
     1     1    14     9     7    12     0     0   -19.0   61.745   -8.480    598.7    947.1    280.6      0.0     95.3
     1     1    14     9     7    11     0     1   -20.0   61.874   -8.865    591.5    948.9    280.7      0.0     94.9
     1     1    14     9     7    10     0     2   -21.0   61.989   -9.297    595.2    948.3    280.7      0.0     93.6
     1     1    14     9     7     9     0     3   -22.0   62.087   -9.777    606.5    947.1    280.7      0.0     91.1
     1     1    14     9     7     8     0     2   -23.0   62.172  -10.293    620.9    945.0    280.5      0.0     90.9
     1     1    14     9     7     7     0     1   -24.0   62.253  -10.840    628.7    943.7    280.5      0.0     91.3
     1     1    14     9     7     6     0     0   -25.0   62.326  -11.434    624.0    944.0    280.5      0.0     90.6
     1     1    14     9     7     5     0     1   -26.0   62.379  -12.093    612.3    945.8    280.6      0.0     89.1
     1     1    14     9     7     4     0     2   -27.0   62.409  -12.824    603.3    947.1    280.8      0.0     86.1
     1     1    14     9     7     3     0     3   -28.0   62.412  -13.608    598.7    947.4    281.0      0.0     81.7
     1     1    14     9     7     2     0     2   -29.0   62.390  -14.409    594.7    947.9    281.1      0.0     82.0
     1     1    14     9     7     1     0     1   -30.0   62.352  -15.197    592.0    948.5    281.1      0.0     80.8
     1     1    14     9     7     0     0     0   -31.0   62.296  -15.958    594.8    948.4    281.2      0.0     79.2
     1     1    14     9     6    23     0     1   -32.0   62.232  -16.681    606.8    947.4    281.2      0.0     82.0
     1     1    14     9     6    22     0     2   -33.0   62.167  -17.364    625.3    945.4    281.2      0.0     81.6
     1     1    14     9     6    21     0     3   -34.0   62.098  -18.004    637.6    943.4    281.3      0.0     77.6
     1     1    14     9     6    20     0     2   -35.0   62.011  -18.614    638.9    943.3    281.2      0.0     82.3
     1     1    14     9     6    19     0     1   -36.0   61.896  -19.211    636.6    943.8    281.2      0.0     84.3
     1     1    14     9     6    18     0     0   -37.0   61.745  -19.790    636.3    943.6    281.2      0.0     83.2
     1     1    14     9     6    17     0     1   -38.0   61.574  -20.336    637.7    943.5    281.1      0.0     84.4
     1     1    14     9     6    16     0     2   -39.0   61.401  -20.848    642.5    943.3    281.1      0.0     85.4
     1     1    14     9     6    15     0     3   -40.0   61.220  -21.335    652.9    942.2    281.0      0.0     85.1
     1     1    14     9     6    14     0     2   -41.0   61.022  -21.812    664.2    940.3    280.9      0.0     86.6
     1     1    14     9     6    13     0     1   -42.0   60.799  -22.288    671.2    939.3    280.8      0.0     88.8
     1     1    14     9     6    12     0     0   -43.0   60.561  -22.760    673.4    939.1    280.6      0.0     90.1
     1     1    14     9     6    11     0     1   -44.0   60.305  -23.207    673.2    939.4    280.7      0.0     89.3
     1     1    14     9     6    10     0     2   -45.0   60.028  -23.613    673.0    939.5    280.7      0.0     89.4
     1     1    14     9     6     9     0     3   -46.0   59.731  -23.987    672.9    939.6    280.6      0.0     91.5
     1     1    14     9     6     8     0     2   -47.0   59.431  -24.342    674.3    939.5    280.6      0.0     90.7
     1     1    14     9     6     7     0     1   -48.0   59.142  -24.675    676.5    938.9    280.6      0.0     90.7
     1     1    14     9     6     6     0     0   -49.0   58.866  -24.975    677.4    938.7    280.6      0.0     92.1
     1     1    14     9     6     5     0     1   -50.0   58.591  -25.266    680.2    939.0    280.5      0.0     91.1
     1     1    14     9     6     4     0     2   -51.0   58.304  -25.555    689.4    938.2    280.4      0.0     89.6
     1     1    14     9     6     3     0     3   -52.0   58.010  -25.814    707.0    936.5    280.4      0.0     86.3
     1     1    14     9     6     2     0     2   -53.0   57.723  -26.047    726.1    933.8    280.3      0.0     84.9
     1     1    14     9     6     1     0     1   -54.0   57.450  -26.276    738.3    932.8    280.3      0.0     84.6
     1     1    14     9     6     0     0     0   -55.0   57.191  -26.493    743.5    932.6    280.3      0.0     83.7
     1     1    14     9     5    23     0     1   -56.0   56.938  -26.698    747.5    933.2    280.5      0.0     80.1
     1     1    14     9     5    22     0     2   -57.0   56.684  -26.900    754.7    932.5    280.6      0.0     77.4
     1     1    14     9     5    21     0     3   -58.0   56.430  -27.101    761.1    931.9    280.8      0.0     74.8
     1     1    14     9     5    20     0     2   -59.0   56.183  -27.297    768.1    931.5    280.7      0.0     74.9
     1     1    14     9     5    19     0     1   -60.0   55.950  -27.489    781.4    930.5    280.5      0.0     74.4
     1     1    14     9     5    18     0     0   -61.0   55.730  -27.677    803.9    928.0    280.4      0.0     73.8
     1     1    14     9     5    17     0     1   -62.0   55.516  -27.851    827.6    924.9    280.3      0.0     74.0
     1     1    14     9     5    16     0     2   -63.0   55.304  -27.997    843.2    923.5    280.2      0.0     75.8
     1     1    14     9     5    15     0     3   -64.0   55.096  -28.116    849.0    923.2    280.2      0.0     78.1
     1     1    14     9     5    14     0     2   -65.0   54.899  -28.214    849.3    924.0    280.2      0.0     76.9
     1     1    14     9     5    13     0     1   -66.0   54.721  -28.297    849.1    924.3    280.2      0.0     75.3
     1     1    14     9     5    12     0     0   -67.0   54.559  -28.368    848.5    924.7    280.2      0.0     74.4
     1     1    14     9     5    11     0     1   -68.0   54.406  -28.428    850.4    925.0    280.2      0.0     73.8
     1     1    14     9     5    10     0     2   -69.0   54.259  -28.477    857.4    924.4    280.1      0.0     73.7
     1     1    14     9     5     9     0     3   -70.0   54.117  -28.513    868.8    923.3    280.0      0.0     73.9
     1     1    14     9     5     8     0     2   -71.0   53.987  -28.532    877.2    921.4    280.0      0.0     73.8
     1     1    14     9     5     7     0     1   -72.0   53.871  -28.532    876.6    921.3    280.0      0.0     72.6
