     7     1
    GDAS    14     8    22     0     0
    GDAS    14     8    29     0     0
    GDAS    14     9     1     0     0
    GDAS    14     9     8     0     0
    GDAS    14     9    15     0     0
    GDAS    14     9    22     0     0
    GDAS    14     9    29     0     0
     1 BACKWARD OMEGA   
    14     9     5    23   56.467   -2.973   100.0
     4 PRESSURE AIR_TEMP RAINFALL RELHUMID
     1     1    14     9     5    23     0     1     0.0   56.467   -2.973    100.0    973.9    282.5      0.0     93.7
     1     1    14     9     5    22     0     2    -1.0   56.548   -2.922     99.1    972.7    282.4      0.0     93.6
     1     1    14     9     5    21     0     3    -2.0   56.626   -2.872     90.4    973.0    282.3      0.0     93.6
     1     1    14     9     5    20     0     2    -3.0   56.700   -2.812     76.8    975.3    282.7      0.5     93.7
     1     1    14     9     5    19     0     1    -4.0   56.770   -2.732     62.8    978.5    283.4      0.6     94.0
     1     1    14     9     5    18     0     0    -5.0   56.843   -2.628     49.4    982.8    284.4      0.7     94.5
     1     1    14     9     5    17     0     1    -6.0   56.926   -2.517     38.8    987.0    284.9      0.3     94.5
     1     1    14     9     5    16     0     2    -7.0   57.023   -2.418     31.0    991.7    285.3      0.6     94.7
     1     1    14     9     5    15     0     3    -8.0   57.128   -2.329     25.4    998.4    285.8      0.6     93.7
     1     1    14     9     5    14     0     2    -9.0   57.232   -2.257     21.8   1003.2    286.1      0.0     91.9
     1     1    14     9     5    13     0     1   -10.0   57.327   -2.212     19.6   1006.2    286.2      0.0     91.0
     1     1    14     9     5    12     0     0   -11.0   57.418   -2.195     18.0   1007.7    286.2      0.0     90.8
     1     1    14     9     5    11     0     1   -12.0   57.507   -2.211     17.0   1008.9    286.3      0.2     90.4
     1     1    14     9     5    10     0     2   -13.0   57.597   -2.257     16.7   1009.4    286.4      0.2     90.8
     1     1    14     9     5     9     0     3   -14.0   57.691   -2.331     17.0   1010.0    286.5      0.2     91.9
     1     1    14     9     5     8     0     2   -15.0   57.780   -2.429     17.1   1010.6    286.3      0.0     91.2
     1     1    14     9     5     7     0     1   -16.0   57.849   -2.546     16.3   1011.5    286.2      0.0     90.0
     1     1    14     9     5     6     0     0   -17.0   57.895   -2.680     14.7   1012.4    286.1      0.0     88.5
     1     1    14     9     5     5     0     1   -18.0   57.913   -2.842     13.0   1012.8    286.2      0.0     85.6
     1     1    14     9     5     4     0     2   -19.0   57.904   -3.046     12.5   1011.1    286.2      0.0     83.0
     1     1    14     9     5     3     0     3   -20.0   57.870   -3.276     19.5   1005.2    286.1      0.0     83.3
     1     1    14     9     5     2     0     2   -21.0   57.818   -3.497     39.8    996.6    286.2      0.0     84.7
     1     1    14     9     5     1     0     1   -22.0   57.758   -3.693     74.3    986.8    286.4      0.0     85.2
     1     1    14     9     5     0     0     0   -23.0   57.690   -3.878    121.2    974.6    286.5      0.0     85.0
     1     1    14     9     4    23     0     1   -24.0   57.612   -4.055    173.6    961.7    286.3      0.0     85.6
     1     1    14     9     4    22     0     2   -25.0   57.519   -4.229    217.9    951.1    286.1      0.0     87.1
     1     1    14     9     4    21     0     3   -26.0   57.411   -4.393    244.1    944.4    285.9      0.0     88.5
     1     1    14     9     4    20     0     2   -27.0   57.293   -4.552    249.2    940.5    285.8      0.0     88.8
     1     1    14     9     4    19     0     1   -28.0   57.179   -4.716    233.6    941.0    286.0      0.0     87.4
     1     1    14     9     4    18     0     0   -29.0   57.071   -4.880    206.8    944.3    286.5      0.0     83.9
     1     1    14     9     4    17     0     1   -30.0   56.966   -5.036    175.8    951.1    287.1      0.0     80.7
     1     1    14     9     4    16     0     2   -31.0   56.856   -5.180    142.5    963.0    287.9      0.0     78.6
     1     1    14     9     4    15     0     3   -32.0   56.736   -5.307    110.0    973.7    288.8      0.0     76.9
     1     1    14     9     4    14     0     2   -33.0   56.612   -5.400     85.5    982.7    289.4      0.0     76.9
     1     1    14     9     4    13     0     1   -34.0   56.491   -5.444     71.4    988.3    289.6      0.0     78.5
     1     1    14     9     4    12     0     0   -35.0   56.378   -5.437     65.3    991.3    289.6      0.0     81.3
     1     1    14     9     4    11     0     1   -36.0   56.275   -5.389     62.9    991.9    288.9      0.0     84.4
     1     1    14     9     4    10     0     2   -37.0   56.186   -5.309     59.9    992.0    288.2      0.0     87.2
     1     1    14     9     4     9     0     3   -38.0   56.112   -5.207     54.9    991.8    287.3      0.0     90.1
     1     1    14     9     4     8     0     2   -39.0   56.057   -5.098     48.2    991.4    286.6      0.0     90.1
     1     1    14     9     4     7     0     1   -40.0   56.020   -4.994     41.1    991.2    285.9      0.0     89.6
     1     1    14     9     4     6     0     0   -41.0   55.995   -4.895     35.2    993.2    285.4      0.0     88.5
     1     1    14     9     4     5     0     1   -42.0   55.967   -4.800     30.7    995.0    285.5      0.0     87.5
     1     1    14     9     4     4     0     2   -43.0   55.927   -4.704     27.7    996.7    285.5      0.0     86.5
     1     1    14     9     4     3     0     3   -44.0   55.878   -4.608     26.5    998.2    285.4      0.0     85.6
     1     1    14     9     4     2     0     2   -45.0   55.823   -4.514     25.5    999.4    285.3      0.0     84.9
     1     1    14     9     4     1     0     1   -46.0   55.765   -4.426     23.0   1000.7    285.1      0.0     84.0
     1     1    14     9     4     0     0     0   -47.0   55.706   -4.344     18.8   1002.1    284.7      0.0     83.0
     1     1    14     9     3    23     0     1   -48.0   55.650   -4.265     13.9   1003.6    284.3      0.0     81.4
     1     1    14     9     3    22     0     2   -49.0   55.598   -4.186      9.6   1004.7    283.9      0.0     79.6
     1     1    14     9     3    21     0     3   -50.0   55.548   -4.105      5.1   1004.8    284.0      0.0     77.5
     1     1    14     9     3    20     0     2   -51.0   55.498   -4.028      0.0   1004.8    285.4      0.0     75.7
     1     1    14     9     3    19     0     1   -52.0   55.449   -3.962      0.0   1004.9    286.9      0.0     73.7
     1     1    14     9     3    18     0     0   -53.0   55.399   -3.906      0.0   1005.1    288.4      0.0     71.6
     1     1    14     9     3    17     0     1   -54.0   55.341   -3.863      0.0   1005.2    289.4      0.0     70.0
     1     1    14     9     3    16     0     2   -55.0   55.270   -3.837      0.0   1005.1    290.5      0.0     68.5
     1     1    14     9     3    15     0     3   -56.0   55.185   -3.830      0.0   1005.0    291.5      0.0     67.0
     1     1    14     9     3    14     0     2   -57.0   55.092   -3.826      0.0   1005.3    291.4      0.0     68.3
     1     1    14     9     3    13     0     1   -58.0   54.995   -3.808      0.0   1005.7    291.4      0.0     69.8
     1     1    14     9     3    12     0     0   -59.0   54.898   -3.775      0.0   1007.6    291.0      0.0     70.5
     1     1    14     9     3    11     0     1   -60.0   54.803   -3.723      0.0   1009.4    290.2      0.0     71.6
     1     1    14     9     3    10     0     2   -61.0   54.713   -3.653      0.0   1011.1    289.5      0.0     73.1
     1     1    14     9     3     9     0     3   -62.0   54.626   -3.565      0.0   1012.8    288.9      0.0     74.8
     1     1    14     9     3     8     0     2   -63.0   54.544   -3.468      0.0   1014.2    288.1      0.0     74.7
     1     1    14     9     3     7     0     1   -64.0   54.464   -3.370      0.0   1015.4    287.5      0.0     74.7
     1     1    14     9     3     6     0     0   -65.0   54.387   -3.269      0.0   1016.6    287.1      0.0     74.7
     1     1    14     9     3     5     0     1   -66.0   54.311   -3.162      0.0   1017.5    287.2      0.0     73.1
     1     1    14     9     3     4     0     2   -67.0   54.237   -3.049      0.0   1018.5    287.4      0.0     71.8
     1     1    14     9     3     3     0     3   -68.0   54.165   -2.931      0.0   1017.5    287.2      0.0     71.6
     1     1    14     9     3     2     0     2   -69.0   54.098   -2.814      0.0   1015.1    286.7      0.0     72.5
     1     1    14     9     3     1     0     1   -70.0   54.039   -2.701      0.0   1012.3    286.2      0.0     73.8
     1     1    14     9     3     0     0     0   -71.0   53.987   -2.592      0.0   1009.2    285.5      0.0     75.6
     1     1    14     9     2    23     0     1   -72.0   53.943   -2.487      0.0   1005.3    285.5      0.0     75.7
