     7     1
    GDAS    14     8    22     0     0
    GDAS    14     8    29     0     0
    GDAS    14     9     1     0     0
    GDAS    14     9     8     0     0
    GDAS    14     9    15     0     0
    GDAS    14     9    22     0     0
    GDAS    14     9    29     0     0
     1 BACKWARD OMEGA   
    14     9    10     8   56.467   -2.973   100.0
     4 PRESSURE AIR_TEMP RAINFALL RELHUMID
     1     1    14     9    10     8     0     2     0.0   56.467   -2.973    100.0    979.1    284.3      0.0     82.2
     1     1    14     9    10     7     0     1    -1.0   56.389   -2.918    115.5    981.6    283.9      0.0     82.1
     1     1    14     9    10     6     0     0    -2.0   56.312   -2.860    134.3    983.4    283.7      0.0     81.6
     1     1    14     9    10     5     0     1    -3.0   56.235   -2.793    151.3    984.4    284.2      0.0     80.9
     1     1    14     9    10     4     0     2    -4.0   56.159   -2.716    162.6    986.3    284.6      0.0     80.0
     1     1    14     9    10     3     0     3    -5.0   56.086   -2.632    169.0    988.3    285.0      0.0     79.0
     1     1    14     9    10     2     0     2    -6.0   56.017   -2.536    170.9    990.7    285.3      0.0     77.7
     1     1    14     9    10     1     0     1    -7.0   55.952   -2.424    168.4    992.1    285.5      0.0     77.0
     1     1    14     9    10     0     0     0    -8.0   55.890   -2.305    162.5    993.2    285.7      0.0     76.4
     1     1    14     9     9    23     0     1    -9.0   55.830   -2.183    152.6    994.4    285.7      0.0     76.4
     1     1    14     9     9    22     0     2   -10.0   55.772   -2.061    138.4    996.0    285.8      0.0     76.6
     1     1    14     9     9    21     0     3   -11.0   55.719   -1.936    121.9    997.7    285.8      0.0     76.7
     1     1    14     9     9    20     0     2   -12.0   55.677   -1.806    107.5    999.7    286.0      0.0     75.9
     1     1    14     9     9    19     0     1   -13.0   55.646   -1.672     97.3   1001.7    286.2      0.0     75.1
     1     1    14     9     9    18     0     0   -14.0   55.623   -1.531     91.8   1003.5    286.4      0.0     74.5
     1     1    14     9     9    17     0     1   -15.0   55.605   -1.402     91.5   1005.1    286.6      0.0     73.6
     1     1    14     9     9    16     0     2   -16.0   55.588   -1.303     95.4   1005.7    286.7      0.0     72.8
     1     1    14     9     9    15     0     3   -17.0   55.571   -1.234    102.9   1005.6    286.8      0.0     72.0
     1     1    14     9     9    14     0     2   -18.0   55.554   -1.191    112.6   1005.1    286.6      0.0     73.2
     1     1    14     9     9    13     0     1   -19.0   55.538   -1.169    122.8   1004.4    286.3      0.0     74.4
     1     1    14     9     9    12     0     0   -20.0   55.525   -1.170    132.5   1003.6    286.1      0.0     75.6
     1     1    14     9     9    11     0     1   -21.0   55.510   -1.197    141.6   1002.2    285.8      0.0     76.4
     1     1    14     9     9    10     0     2   -22.0   55.490   -1.254    150.6   1000.0    285.5      0.0     77.4
     1     1    14     9     9     9     0     3   -23.0   55.465   -1.338    159.4    997.4    285.0      0.0     78.6
     1     1    14     9     9     8     0     2   -24.0   55.442   -1.436    167.5    994.1    284.6      0.0     79.2
     1     1    14     9     9     7     0     1   -25.0   55.428   -1.534    174.6    991.2    284.3      0.0     79.8
     1     1    14     9     9     6     0     0   -26.0   55.420   -1.635    182.3    988.2    283.9      0.0     80.5
     1     1    14     9     9     5     0     1   -27.0   55.408   -1.740    191.4    985.1    283.8      0.0     80.0
     1     1    14     9     9     4     0     2   -28.0   55.385   -1.851    202.4    981.4    283.8      0.0     79.8
     1     1    14     9     9     3     0     3   -29.0   55.345   -1.964    215.7    977.0    283.8      0.0     80.0
     1     1    14     9     9     2     0     2   -30.0   55.291   -2.065    228.9    973.8    283.8      0.0     79.8
     1     1    14     9     9     1     0     1   -31.0   55.228   -2.142    239.2    971.9    283.8      0.0     79.7
     1     1    14     9     9     0     0     0   -32.0   55.155   -2.191    247.0    970.2    283.9      0.0     79.7
     1     1    14     9     8    23     0     1   -33.0   55.079   -2.216    250.3    968.4    283.9      0.0     80.0
     1     1    14     9     8    22     0     2   -34.0   55.010   -2.221    244.4    967.6    283.9      0.0     80.3
     1     1    14     9     8    21     0     3   -35.0   54.953   -2.204    228.0    968.8    284.0      0.0     80.0
     1     1    14     9     8    20     0     2   -36.0   54.905   -2.167    199.7    971.3    284.3      0.0     78.8
     1     1    14     9     8    19     0     1   -37.0   54.862   -2.110    159.7    975.5    284.7      0.0     77.4
     1     1    14     9     8    18     0     0   -38.0   54.824   -2.029    113.5    980.4    285.2      0.0     75.8
     1     1    14     9     8    17     0     1   -39.0   54.805   -1.952     76.7    986.4    286.1      0.0     72.0
     1     1    14     9     8    16     0     2   -40.0   54.814   -1.895     51.6    989.7    287.3      0.0     68.5
     1     1    14     9     8    15     0     3   -41.0   54.852   -1.848     34.3    991.4    288.5      0.0     65.3
     1     1    14     9     8    14     0     2   -42.0   54.906   -1.813     22.9    994.6    289.3      0.0     65.9
     1     1    14     9     8    13     0     1   -43.0   54.963   -1.793     16.2    996.8    290.1      0.0     66.3
     1     1    14     9     8    12     0     0   -44.0   55.021   -1.795     12.4    998.7    290.9      0.0     66.5
     1     1    14     9     8    11     0     1   -45.0   55.078   -1.827     10.4    999.0    289.5      0.0     69.8
     1     1    14     9     8    10     0     2   -46.0   55.129   -1.892      9.6    998.2    288.0      0.0     72.9
     1     1    14     9     8     9     0     3   -47.0   55.175   -1.984      9.5    997.0    286.6      0.0     76.0
     1     1    14     9     8     8     0     2   -48.0   55.219   -2.087      9.9    998.1    284.5      0.0     80.2
     1     1    14     9     8     7     0     1   -49.0   55.267   -2.193     11.0    999.3    282.6      0.0     83.9
     1     1    14     9     8     6     0     0   -50.0   55.323   -2.303     12.8   1000.4    280.9      0.0     86.8
     1     1    14     9     8     5     0     1   -51.0   55.380   -2.430     15.5   1000.7    281.0      0.0     86.7
     1     1    14     9     8     4     0     2   -52.0   55.429   -2.579     18.5   1000.5    281.0      0.0     86.7
     1     1    14     9     8     3     0     3   -53.0   55.468   -2.748     20.6   1000.1    280.8      0.0     87.1
     1     1    14     9     8     2     0     2   -54.0   55.496   -2.923     18.5    999.7    280.9      0.0     87.0
     1     1    14     9     8     1     0     1   -55.0   55.521   -3.091     11.9   1000.7    280.8      0.0     87.2
     1     1    14     9     8     0     0     0   -56.0   55.548   -3.257      4.5   1000.8    281.0      0.0     87.3
     1     1    14     9     7    23     0     1   -57.0   55.584   -3.424      0.0   1000.8    281.4      0.0     86.8
     1     1    14     9     7    22     0     2   -58.0   55.626   -3.591      0.0   1001.1    281.6      0.0     86.6
     1     1    14     9     7    21     0     3   -59.0   55.672   -3.758      0.0   1001.4    281.7      0.0     86.9
     1     1    14     9     7    20     0     2   -60.0   55.715   -3.926      2.2   1001.2    282.7      0.0     83.9
     1     1    14     9     7    19     0     1   -61.0   55.755   -4.102      9.5   1000.5    284.0      0.0     80.1
     1     1    14     9     7    18     0     0   -62.0   55.803   -4.298     19.1    997.7    285.2      0.0     76.1
     1     1    14     9     7    17     0     1   -63.0   55.868   -4.524     29.1    994.8    286.0      0.0     72.3
     1     1    14     9     7    16     0     2   -64.0   55.951   -4.777     39.3    992.0    286.8      0.0     69.3
     1     1    14     9     7    15     0     3   -65.0   56.049   -5.053     51.0    989.2    287.4      0.0     67.6
     1     1    14     9     7    14     0     2   -66.0   56.174   -5.315     58.2    990.2    286.8      0.0     69.5
     1     1    14     9     7    13     0     1   -67.0   56.324   -5.528     57.0    992.8    286.6      0.0     70.6
     1     1    14     9     7    12     0     0   -68.0   56.489   -5.694     51.1    996.0    286.6      0.0     71.1
     1     1    14     9     7    11     0     1   -69.0   56.666   -5.827     45.4    998.4    286.0      0.0     73.6
     1     1    14     9     7    10     0     2   -70.0   56.850   -5.944     41.8   1000.6    285.4      0.0     75.8
     1     1    14     9     7     9     0     3   -71.0   57.038   -6.051     40.4   1002.5    285.1      0.0     78.1
     1     1    14     9     7     8     0     2   -72.0   57.234   -6.157     39.7   1006.0    285.2      0.0     80.7
