     7     1
    GDAS    14     8    22     0     0
    GDAS    14     8    29     0     0
    GDAS    14     9     1     0     0
    GDAS    14     9     8     0     0
    GDAS    14     9    15     0     0
    GDAS    14     9    22     0     0
    GDAS    14     9    29     0     0
     1 BACKWARD OMEGA   
    14     9    15    22   56.467   -2.973   100.0
     4 PRESSURE AIR_TEMP RAINFALL RELHUMID
     1     1    14     9    15    22     0     2     0.0   56.467   -2.973    100.0    976.4    285.0      0.2     99.5
     1     1    14     9    15    21     0     3    -1.0   56.546   -2.811     53.6    986.7    285.3      0.5     99.5
     1     1    14     9    15    20     0     2    -2.0   56.621   -2.651     26.8    993.3    285.5      1.4     99.2
     1     1    14     9    15    19     0     1    -3.0   56.682   -2.439     10.5   1000.3    285.8      0.5     98.7
     1     1    14     9    15    18     0     0    -4.0   56.732   -2.149      2.3   1010.5    286.3      0.5     98.0
     1     1    14     9    15    17     0     1    -5.0   56.783   -1.781      0.0   1016.8    286.6      0.3     97.7
     1     1    14     9    15    16     0     2    -6.0   56.843   -1.353      0.0   1018.1    286.6      0.2     97.3
     1     1    14     9    15    15     0     3    -7.0   56.898   -0.837      0.0   1020.0    286.7      0.2     97.2
     1     1    14     9    15    14     0     2    -8.0   56.961   -0.282      0.0   1020.1    286.7      0.2     97.4
     1     1    14     9    15    13     0     1    -9.0   57.023    0.271      0.0   1019.9    286.8      0.2     95.9
     1     1    14     9    15    12     0     0   -10.0   57.062    0.833      0.0   1019.9    287.1      0.2     95.9
     1     1    14     9    15    11     0     1   -11.0   57.092    1.405      0.0   1021.2    287.3      0.0     95.2
     1     1    14     9    15    10     0     2   -12.0   57.122    1.991      0.0   1021.9    287.6      0.0     95.4
     1     1    14     9    15     9     0     3   -13.0   57.151    2.608      0.0   1021.2    287.8      0.0     95.5
     1     1    14     9    15     8     0     2   -14.0   57.185    3.247      0.0   1022.1    288.1      0.0     94.5
     1     1    14     9    15     7     0     1   -15.0   57.221    3.886      0.0   1023.0    288.3      0.0     93.9
     1     1    14     9    15     6     0     0   -16.0   57.262    4.527      0.0   1024.0    288.5      0.0     93.8
     1     1    14     9    15     5     0     1   -17.0   57.308    5.179      0.0   1024.2    288.8      0.0     91.7
     1     1    14     9    15     4     0     2   -18.0   57.355    5.844      0.0   1024.4    289.2      0.0     89.8
     1     1    14     9    15     3     0     3   -19.0   57.400    6.487      0.7   1023.0    289.2      0.0     89.7
     1     1    14     9    15     2     0     2   -20.0   57.451    7.080      3.0   1021.9    289.0      0.3     89.0
     1     1    14     9    15     1     0     1   -21.0   57.522    7.622      5.2   1023.8    289.2      0.0     88.5
     1     1    14     9    15     0     0     0   -22.0   57.606    8.124      5.8   1026.2    289.4      0.0     88.7
     1     1    14     9    14    23     0     1   -23.0   57.692    8.606      5.6   1025.9    289.6      0.0     86.1
     1     1    14     9    14    22     0     2   -24.0   57.768    9.080      5.2   1026.4    289.8      0.0     84.2
     1     1    14     9    14    21     0     3   -25.0   57.833    9.542      4.7   1026.7    289.7      0.0     83.1
     1     1    14     9    14    20     0     2   -26.0   57.888    9.988      4.5   1027.2    289.7      0.0     81.0
     1     1    14     9    14    19     0     1   -27.0   57.942   10.425      4.4   1027.7    289.9      0.0     78.6
     1     1    14     9    14    18     0     0   -28.0   57.996   10.850      4.4   1028.1    290.0      0.0     77.5
     1     1    14     9    14    17     0     1   -29.0   58.045   11.233      5.0   1025.5    289.4      0.0     75.9
     1     1    14     9    14    16     0     2   -30.0   58.086   11.565      6.5   1021.5    289.6      0.0     73.6
     1     1    14     9    14    15     0     3   -31.0   58.114   11.871      8.7   1017.8    290.9      0.0     70.9
     1     1    14     9    14    14     0     2   -32.0   58.136   12.162     12.0   1014.7    291.1      0.0     71.5
     1     1    14     9    14    13     0     1   -33.0   58.163   12.443     18.3   1011.7    290.7      0.0     72.7
     1     1    14     9    14    12     0     0   -34.0   58.195   12.730     30.2   1008.4    289.8      0.0     74.4
     1     1    14     9    14    11     0     1   -35.0   58.231   13.030     50.0   1004.5    288.0      0.0     78.0
     1     1    14     9    14    10     0     2   -36.0   58.268   13.338     67.9   1000.7    287.0      0.0     81.2
     1     1    14     9    14     9     0     3   -37.0   58.304   13.635     73.0    999.8    286.3      0.0     83.8
     1     1    14     9    14     8     0     2   -38.0   58.339   13.916     67.1   1000.9    285.7      0.0     87.5
     1     1    14     9    14     7     0     1   -39.0   58.374   14.168     56.1   1003.5    285.2      0.0     91.2
     1     1    14     9    14     6     0     0   -40.0   58.415   14.391     46.2   1005.1    284.4      0.0     95.2
     1     1    14     9    14     5     0     1   -41.0   58.464   14.592     38.0   1005.9    284.2      0.0     94.3
     1     1    14     9    14     4     0     2   -42.0   58.524   14.778     30.1   1007.1    283.8      0.0     93.4
     1     1    14     9    14     3     0     3   -43.0   58.592   14.946     22.0   1008.8    283.0      0.0     92.8
     1     1    14     9    14     2     0     2   -44.0   58.659   15.097     15.5   1012.0    283.1      0.0     91.2
     1     1    14     9    14     1     0     1   -45.0   58.720   15.238     11.5   1014.9    283.3      0.0     89.5
     1     1    14     9    14     0     0     0   -46.0   58.777   15.376      9.2   1016.9    283.5      0.0     87.9
     1     1    14     9    13    23     0     1   -47.0   58.827   15.512      7.8   1018.2    283.8      0.0     86.5
     1     1    14     9    13    22     0     2   -48.0   58.866   15.647      6.8   1019.1    284.1      0.0     85.8
     1     1    14     9    13    21     0     3   -49.0   58.893   15.782      6.0   1019.6    284.5      0.0     85.9
     1     1    14     9    13    20     0     2   -50.0   58.915   15.918      5.3   1020.6    284.9      0.0     82.6
     1     1    14     9    13    19     0     1   -51.0   58.942   16.055      4.7   1021.7    285.2      0.0     79.4
     1     1    14     9    13    18     0     0   -52.0   58.973   16.197      4.2   1022.2    285.5      0.0     76.6
     1     1    14     9    13    17     0     1   -53.0   59.007   16.342      3.7   1021.7    287.3      0.0     73.6
     1     1    14     9    13    16     0     2   -54.0   59.040   16.492      3.1   1021.3    289.2      0.0     70.6
     1     1    14     9    13    15     0     3   -55.0   59.075   16.652      2.2   1021.4    291.2      0.0     67.5
     1     1    14     9    13    14     0     2   -56.0   59.113   16.815      1.0   1022.3    291.6      0.0     68.2
     1     1    14     9    13    13     0     1   -57.0   59.156   16.975      0.0   1023.2    292.0      0.0     68.7
     1     1    14     9    13    12     0     0   -58.0   59.205   17.129      0.0   1023.4    292.3      0.0     69.5
     1     1    14     9    13    11     0     1   -59.0   59.268   17.279      0.0   1023.2    291.8      0.0     73.2
     1     1    14     9    13    10     0     2   -60.0   59.348   17.427      0.0   1023.1    291.3      0.0     76.3
     1     1    14     9    13     9     0     3   -61.0   59.443   17.572      0.0   1023.0    290.8      0.0     79.0
     1     1    14     9    13     8     0     2   -62.0   59.541   17.704      0.0   1023.4    289.2      0.0     81.8
     1     1    14     9    13     7     0     1   -63.0   59.630   17.809      0.0   1023.9    287.7      0.0     84.2
     1     1    14     9    13     6     0     0   -64.0   59.710   17.882      0.0   1024.5    286.2      0.0     86.6
     1     1    14     9    13     5     0     1   -65.0   59.785   17.941      0.0   1024.5    285.2      0.0     84.9
     1     1    14     9    13     4     0     2   -66.0   59.865   18.005      0.0   1024.5    284.1      0.0     82.7
     1     1    14     9    13     3     0     3   -67.0   59.951   18.082      0.0   1024.3    283.1      0.0     80.3
     1     1    14     9    13     2     0     2   -68.0   60.047   18.177      0.0   1024.9    283.7      0.0     81.0
     1     1    14     9    13     1     0     1   -69.0   60.152   18.296      0.0   1025.7    284.8      0.0     81.0
     1     1    14     9    13     0     0     0   -70.0   60.268   18.438      0.0   1026.5    285.8      0.0     80.3
     1     1    14     9    12    23     0     1   -71.0   60.390   18.590      0.0   1026.3    286.7      0.0     79.3
     1     1    14     9    12    22     0     2   -72.0   60.514   18.739      0.0   1026.1    287.4      0.0     78.1
