     7     1
    GDAS    14     8    22     0     0
    GDAS    14     8    29     0     0
    GDAS    14     9     1     0     0
    GDAS    14     9     8     0     0
    GDAS    14     9    15     0     0
    GDAS    14     9    22     0     0
    GDAS    14     9    29     0     0
     1 BACKWARD OMEGA   
    14     9    11    14   56.467   -2.973   100.0
     4 PRESSURE AIR_TEMP RAINFALL RELHUMID
     1     1    14     9    11    14     0     2     0.0   56.467   -2.973    100.0    980.2    288.7      0.0     80.3
     1     1    14     9    11    13     0     1    -1.0   56.419   -2.925     85.2    985.7    288.6      0.0     81.0
     1     1    14     9    11    12     0     0    -2.0   56.369   -2.878     76.6    989.8    288.4      0.0     82.3
     1     1    14     9    11    11     0     1    -3.0   56.317   -2.837     73.7    992.3    287.5      0.0     83.8
     1     1    14     9    11    10     0     2    -4.0   56.266   -2.808     76.5    993.5    286.5      0.0     85.4
     1     1    14     9    11     9     0     3    -5.0   56.214   -2.792     84.8    993.8    285.6      0.0     87.0
     1     1    14     9    11     8     0     2    -6.0   56.161   -2.787     97.0    993.5    285.0      0.0     88.0
     1     1    14     9    11     7     0     1    -7.0   56.105   -2.787    110.5    993.2    284.5      0.0     88.8
     1     1    14     9    11     6     0     0    -8.0   56.048   -2.790    123.2    992.9    284.1      0.0     89.4
     1     1    14     9    11     5     0     1    -9.0   55.982   -2.780    135.6    993.0    284.5      0.0     88.8
     1     1    14     9    11     4     0     2   -10.0   55.898   -2.740    149.6    991.3    284.9      0.0     88.0
     1     1    14     9    11     3     0     3   -11.0   55.795   -2.675    166.2    988.9    285.2      0.0     87.0
     1     1    14     9    11     2     0     2   -12.0   55.677   -2.596    185.1    986.1    285.3      0.0     86.0
     1     1    14     9    11     1     0     1   -13.0   55.550   -2.514    205.3    982.7    285.4      0.0     85.3
     1     1    14     9    11     0     0     0   -14.0   55.415   -2.428    226.0    978.8    285.4      0.0     85.1
     1     1    14     9    10    23     0     1   -15.0   55.280   -2.322    244.3    974.4    285.3      0.0     85.0
     1     1    14     9    10    22     0     2   -16.0   55.154   -2.182    253.5    970.3    285.0      0.0     85.7
     1     1    14     9    10    21     0     3   -17.0   55.040   -2.010    244.8    966.9    284.6      0.0     87.4
     1     1    14     9    10    20     0     2   -18.0   54.943   -1.816    221.3    973.7    285.1      0.0     85.1
     1     1    14     9    10    19     0     1   -19.0   54.862   -1.606    197.8    981.7    285.9      0.0     81.6
     1     1    14     9    10    18     0     0   -20.0   54.792   -1.382    182.2    989.3    286.6      0.0     78.1
     1     1    14     9    10    17     0     1   -21.0   54.729   -1.149    180.5    995.5    286.9      0.0     74.6
     1     1    14     9    10    16     0     2   -22.0   54.673   -0.919    192.4    997.3    286.9      0.0     72.2
     1     1    14     9    10    15     0     3   -23.0   54.624   -0.698    210.1    994.2    286.8      0.0     70.6
     1     1    14     9    10    14     0     2   -24.0   54.580   -0.493    225.1    992.0    286.8      0.0     71.0
     1     1    14     9    10    13     0     1   -25.0   54.533   -0.314    233.6    990.7    286.8      0.0     71.3
     1     1    14     9    10    12     0     0   -26.0   54.484   -0.157    234.3    990.3    286.9      0.0     71.2
     1     1    14     9    10    11     0     1   -27.0   54.434   -0.009    229.2    990.6    286.8      0.0     72.4
     1     1    14     9    10    10     0     2   -28.0   54.397    0.133    225.4    995.8    285.9      0.0     75.8
     1     1    14     9    10     9     0     3   -29.0   54.380    0.266    225.9    995.5    285.8      0.0     75.8
     1     1    14     9    10     8     0     2   -30.0   54.374    0.392    228.7    994.9    285.6      0.0     76.4
     1     1    14     9    10     7     0     1   -31.0   54.374    0.501    231.1    994.5    285.5      0.0     77.1
     1     1    14     9    10     6     0     0   -32.0   54.380    0.597    232.1    994.2    285.4      0.0     77.8
     1     1    14     9    10     5     0     1   -33.0   54.388    0.681    231.3    994.2    285.5      0.0     77.8
     1     1    14     9    10     4     0     2   -34.0   54.394    0.751    228.4    994.4    285.6      0.0     77.9
     1     1    14     9    10     3     0     3   -35.0   54.397    0.807    222.8    994.9    285.7      0.0     78.0
     1     1    14     9    10     2     0     2   -36.0   54.397    0.856    215.9    996.0    285.8      0.0     78.1
     1     1    14     9    10     1     0     1   -37.0   54.395    0.902    209.6    996.8    285.9      0.0     78.3
     1     1    14     9    10     0     0     0   -38.0   54.391    0.946    204.0    997.6    285.9      0.0     78.4
     1     1    14     9     9    23     0     1   -39.0   54.391    0.981    199.7    998.1    286.0      0.0     78.6
     1     1    14     9     9    22     0     2   -40.0   54.401    1.004    197.2    998.4    286.0      0.0     78.7
     1     1    14     9     9    21     0     3   -41.0   54.423    1.014    196.5    998.5    286.0      0.0     78.8
     1     1    14     9     9    20     0     2   -42.0   54.450    1.010    198.0    998.2    285.9      0.0     79.1
     1     1    14     9     9    19     0     1   -43.0   54.477    0.995    202.4    997.5    285.9      0.0     79.3
     1     1    14     9     9    18     0     0   -44.0   54.502    0.968    209.3    996.5    285.8      0.0     79.5
     1     1    14     9     9    17     0     1   -45.0   54.524    0.918    219.8    995.3    285.6      0.0     79.6
     1     1    14     9     9    16     0     2   -46.0   54.538    0.837    235.7    993.4    285.4      0.0     79.4
     1     1    14     9     9    15     0     3   -47.0   54.541    0.731    257.5    990.9    285.2      0.0     78.9
     1     1    14     9     9    14     0     2   -48.0   54.538    0.611    281.2    987.8    285.0      0.0     79.4
     1     1    14     9     9    13     0     1   -49.0   54.536    0.486    302.9    985.3    284.8      0.0     80.0
     1     1    14     9     9    12     0     0   -50.0   54.533    0.355    323.2    983.2    284.6      0.0     80.6
     1     1    14     9     9    11     0     1   -51.0   54.532    0.220    344.0    980.8    284.3      0.0     80.1
     1     1    14     9     9    10     0     2   -52.0   54.534    0.082    368.1    978.1    284.0      0.0     80.0
     1     1    14     9     9     9     0     3   -53.0   54.511   -0.023    387.0    971.5    283.4      0.0     79.9
     1     1    14     9     9     8     0     2   -54.0   54.463   -0.094    393.1    970.4    283.3      0.0     80.2
     1     1    14     9     9     7     0     1   -55.0   54.422   -0.170    390.2    970.3    283.3      0.0     80.4
     1     1    14     9     9     6     0     0   -56.0   54.387   -0.250    379.6    971.0    283.2      0.0     80.6
     1     1    14     9     9     5     0     1   -57.0   54.350   -0.328    365.4    972.7    283.4      0.0     80.3
     1     1    14     9     9     4     0     2   -58.0   54.301   -0.395    350.4    973.9    283.5      0.0     80.2
     1     1    14     9     9     3     0     3   -59.0   54.240   -0.447    333.7    975.3    283.7      0.0     80.2
     1     1    14     9     9     2     0     2   -60.0   54.174   -0.467    315.3    977.2    283.8      0.0     79.6
     1     1    14     9     9     1     0     1   -61.0   54.110   -0.441    295.9    979.2    284.0      0.0     78.9
     1     1    14     9     9     0     0     0   -62.0   54.046   -0.362    275.4    981.5    284.3      0.0     78.1
     1     1    14     9     8    23     0     1   -63.0   53.989   -0.241    258.6    983.5    284.6      0.0     77.5
     1     1    14     9     8    22     0     2   -64.0   53.952   -0.096    250.3    984.3    284.9      0.0     76.5
     1     1    14     9     8    21     0     3   -65.0   53.993    0.001    267.7    991.5    284.5      0.0     80.6
     1     1    14     9     8    20     0     2   -66.0   54.105    0.018    312.2    983.5    284.1      0.0     80.5
     1     1    14     9     8    19     0     1   -67.0   54.223    0.005    357.1    978.1    283.7      0.0     81.6
     1     1    14     9     8    18     0     0   -68.0   54.289    0.026    403.7    972.9    283.3      0.0     83.7
     1     1    14     9     8    17     0     1   -69.0   54.369    0.021    448.6    967.3    283.0      0.0     84.2
     1     1    14     9     8    16     0     2   -70.0   54.471   -0.012    488.5    958.3    283.9      0.0     75.3
     1     1    14     9     8    15     0     3   -71.0   54.586   -0.069    529.7    954.5    283.5      0.0     77.7
     1     1    14     9     8    14     0     2   -72.0   54.684   -0.095    563.0    951.3    282.7      0.0     81.3
