     7     1
    GDAS    14     8    22     0     0
    GDAS    14     8    29     0     0
    GDAS    14     9     1     0     0
    GDAS    14     9     8     0     0
    GDAS    14     9    15     0     0
    GDAS    14     9    22     0     0
    GDAS    14     9    29     0     0
     1 BACKWARD OMEGA   
    14     9     5    11   56.467   -2.973   100.0
     4 PRESSURE AIR_TEMP RAINFALL RELHUMID
     1     1    14     9     5    11     0     1     0.0   56.467   -2.973    100.0    974.3    286.8      0.0     90.4
     1     1    14     9     5    10     0     2    -1.0   56.507   -3.065     93.8    973.0    286.8      0.2     91.2
     1     1    14     9     5     9     0     3    -2.0   56.535   -3.168     98.1    970.7    286.7      0.1     91.9
     1     1    14     9     5     8     0     2    -3.0   56.553   -3.278    110.6    967.3    286.0      0.0     93.2
     1     1    14     9     5     7     0     1    -4.0   56.557   -3.392    129.6    964.1    285.5      0.0     94.0
     1     1    14     9     5     6     0     0    -5.0   56.545   -3.513    154.7    960.4    285.2      0.0     94.1
     1     1    14     9     5     5     0     1    -6.0   56.524   -3.646    184.1    956.7    285.2      0.0     92.7
     1     1    14     9     5     4     0     2    -7.0   56.500   -3.796    217.8    953.1    285.3      0.0     91.5
     1     1    14     9     5     3     0     3    -8.0   56.473   -3.964    257.8    949.1    285.4      0.0     90.4
     1     1    14     9     5     2     0     2    -9.0   56.440   -4.141    296.9    945.5    285.4      0.0     89.3
     1     1    14     9     5     1     0     1   -10.0   56.405   -4.315    324.5    944.5    285.5      0.0     88.9
     1     1    14     9     5     0     0     0   -11.0   56.369   -4.485    339.5    944.9    285.6      0.0     88.6
     1     1    14     9     4    23     0     1   -12.0   56.324   -4.646    338.0    946.4    286.0      0.0     86.9
     1     1    14     9     4    22     0     2   -13.0   56.258   -4.794    313.8    951.1    286.6      0.0     84.8
     1     1    14     9     4    21     0     3   -14.0   56.169   -4.925    263.8    959.2    287.4      0.0     82.2
     1     1    14     9     4    20     0     2   -15.0   56.066   -5.040    200.9    971.0    288.0      0.0     80.1
     1     1    14     9     4    19     0     1   -16.0   55.961   -5.140    144.1    982.8    288.9      0.0     78.1
     1     1    14     9     4    18     0     0   -17.0   55.856   -5.222    103.7    989.8    289.3      0.0     77.0
     1     1    14     9     4    17     0     1   -18.0   55.746   -5.283     79.2    994.4    289.7      0.0     76.6
     1     1    14     9     4    16     0     2   -19.0   55.626   -5.323     65.5    997.4    290.2      0.0     76.3
     1     1    14     9     4    15     0     3   -20.0   55.496   -5.343     59.2    999.4    290.6      0.0     76.2
     1     1    14     9     4    14     0     2   -21.0   55.360   -5.335     59.7   1000.8    290.3      0.0     78.9
     1     1    14     9     4    13     0     1   -22.0   55.224   -5.295     67.3   1000.8    290.0      0.0     81.1
     1     1    14     9     4    12     0     0   -23.0   55.079   -5.231     82.1   1000.5    289.8      0.0     83.1
     1     1    14     9     4    11     0     1   -24.0   54.925   -5.152    103.7    999.5    289.4      0.0     85.2
     1     1    14     9     4    10     0     2   -25.0   54.766   -5.068    128.7    998.2    289.1      0.0     86.9
     1     1    14     9     4     9     0     3   -26.0   54.605   -4.990    151.1    996.7    288.9      0.0     87.8
     1     1    14     9     4     8     0     2   -27.0   54.444   -4.928    163.3    995.5    289.0      0.0     86.5
     1     1    14     9     4     7     0     1   -28.0   54.289   -4.882    163.8    996.9    289.2      0.0     84.9
     1     1    14     9     4     6     0     0   -29.0   54.135   -4.855    156.1    999.3    289.5      0.0     83.0
     1     1    14     9     4     5     0     1   -30.0   53.980   -4.816    145.9   1002.5    289.8      0.0     79.4
     1     1    14     9     4     4     0     2   -31.0   53.823   -4.717    138.5   1002.5    289.7      0.0     78.3
     1     1    14     9     4     3     0     3   -32.0   53.667   -4.550    137.8    999.9    289.5      0.0     78.5
     1     1    14     9     4     2     0     2   -33.0   53.522   -4.349    150.0    994.3    289.4      0.0     78.6
     1     1    14     9     4     1     0     1   -34.0   53.398   -4.148    181.2    985.0    289.2      0.0     78.9
     1     1    14     9     4     0     0     0   -35.0   53.288   -3.948    232.5    973.7    289.0      0.0     78.9
     1     1    14     9     3    23     0     1   -36.0   53.182   -3.737    283.7    965.6    288.8      0.0     78.8
     1     1    14     9     3    22     0     2   -37.0   53.077   -3.509    309.0    962.6    288.8      0.0     78.2
     1     1    14     9     3    21     0     3   -38.0   52.978   -3.261    295.3    965.5    289.2      0.0     75.9
     1     1    14     9     3    20     0     2   -39.0   52.888   -3.007    237.7    975.8    289.9      0.0     75.1
     1     1    14     9     3    19     0     1   -40.0   52.822   -2.785    185.3    985.2    290.4      0.0     75.2
     1     1    14     9     3    18     0     0   -41.0   52.775   -2.594    159.9    986.9    290.9      0.0     73.5
     1     1    14     9     3    17     0     1   -42.0   52.739   -2.414    147.1    987.6    291.1      0.0     71.4
     1     1    14     9     3    16     0     2   -43.0   52.709   -2.222    141.8    988.4    291.3      0.0     69.2
     1     1    14     9     3    15     0     3   -44.0   52.685   -2.016    145.1    988.3    291.5      0.0     67.1
     1     1    14     9     3    14     0     2   -45.0   52.664   -1.805    151.3    988.9    291.1      0.0     69.1
     1     1    14     9     3    13     0     1   -46.0   52.645   -1.603    153.3    990.8    290.8      0.0     70.4
     1     1    14     9     3    12     0     0   -47.0   52.626   -1.417    151.0    993.1    290.6      0.0     71.2
     1     1    14     9     3    11     0     1   -48.0   52.611   -1.240    145.5    995.4    289.9      0.0     74.8
     1     1    14     9     3    10     0     2   -49.0   52.603   -1.066    137.4    997.9    289.2      0.0     78.5
     1     1    14     9     3     9     0     3   -50.0   52.598   -0.899    128.4    999.7    288.6      0.0     82.9
     1     1    14     9     3     8     0     2   -51.0   52.588   -0.740    121.8   1000.4    288.0      0.0     86.5
     1     1    14     9     3     7     0     1   -52.0   52.566   -0.586    119.5   1000.4    287.4      0.0     90.2
     1     1    14     9     3     6     0     0   -53.0   52.530   -0.436    121.3    999.9    286.6      0.0     93.9
     1     1    14     9     3     5     0     1   -54.0   52.489   -0.282    124.1    998.9    286.6      0.0     93.8
     1     1    14     9     3     4     0     2   -55.0   52.451   -0.117    124.7    998.6    286.7      0.0     93.7
     1     1    14     9     3     3     0     3   -56.0   52.421    0.062    122.1   1001.2    287.0      0.0     87.7
     1     1    14     9     3     2     0     2   -57.0   52.400    0.254    118.0   1002.9    287.2      0.0     87.6
     1     1    14     9     3     1     0     1   -58.0   52.380    0.456    114.8   1004.4    287.5      0.0     86.7
     1     1    14     9     3     0     0     0   -59.0   52.361    0.666    111.8   1005.8    287.8      0.0     85.0
     1     1    14     9     2    23     0     1   -60.0   52.346    0.877    106.6   1007.2    288.1      0.0     83.8
     1     1    14     9     2    22     0     2   -61.0   52.337    1.086     98.2   1009.1    288.3      0.0     83.2
     1     1    14     9     2    21     0     3   -62.0   52.332    1.302     88.7   1010.8    288.6      0.0     81.2
     1     1    14     9     2    20     0     2   -63.0   52.336    1.530     80.3   1012.7    289.2      0.0     78.8
     1     1    14     9     2    19     0     1   -64.0   52.352    1.764     74.9   1014.2    289.6      0.0     77.3
     1     1    14     9     2    18     0     0   -65.0   52.379    2.001     73.0   1015.4    289.8      0.0     76.6
     1     1    14     9     2    17     0     1   -66.0   52.419    2.228     74.6   1015.0    289.8      0.0     78.2
     1     1    14     9     2    16     0     2   -67.0   52.473    2.433     78.6   1014.1    289.7      0.0     78.9
     1     1    14     9     2    15     0     3   -68.0   52.532    2.613     83.9   1013.2    289.7      0.0     78.9
     1     1    14     9     2    14     0     2   -69.0   52.582    2.775     89.2   1012.6    289.7      0.0     79.0
     1     1    14     9     2    13     0     1   -70.0   52.606    2.929     93.9   1012.2    289.7      0.0     79.4
     1     1    14     9     2    12     0     0   -71.0   52.604    3.077     98.1   1011.8    289.7      0.0     80.2
     1     1    14     9     2    11     0     1   -72.0   52.591    3.221    101.2   1010.7    289.6      0.0     80.9
