     7     1
    GDAS    14     8    22     0     0
    GDAS    14     8    29     0     0
    GDAS    14     9     1     0     0
    GDAS    14     9     8     0     0
    GDAS    14     9    15     0     0
    GDAS    14     9    22     0     0
    GDAS    14     9    29     0     0
     1 BACKWARD OMEGA   
    14     9     4     3   56.467   -2.973   100.0
     4 PRESSURE AIR_TEMP RAINFALL RELHUMID
     1     1    14     9     4     3     0     3     0.0   56.467   -2.973    100.0    978.2    285.7      0.0     92.9
     1     1    14     9     4     2     0     2    -1.0   56.343   -2.937    115.0    982.3    286.3      0.0     90.5
     1     1    14     9     4     1     0     1    -2.0   56.208   -2.898    138.0    985.4    286.9      0.0     87.7
     1     1    14     9     4     0     0     0    -3.0   56.059   -2.854    170.0    986.9    287.5      0.0     84.3
     1     1    14     9     3    23     0     1    -4.0   55.892   -2.791    207.9    984.0    287.9      0.0     80.7
     1     1    14     9     3    22     0     2    -5.0   55.713   -2.694    241.8    979.7    288.1      0.0     78.2
     1     1    14     9     3    21     0     3    -6.0   55.529   -2.566    264.7    976.0    288.0      0.0     76.8
     1     1    14     9     3    20     0     2    -7.0   55.350   -2.426    270.2    972.7    287.9      0.0     77.1
     1     1    14     9     3    19     0     1    -8.0   55.184   -2.292    257.7    971.5    287.9      0.0     77.2
     1     1    14     9     3    18     0     0    -9.0   55.033   -2.166    230.9    971.0    288.0      0.0     77.5
     1     1    14     9     3    17     0     1   -10.0   54.897   -2.032    191.5    972.8    288.0      0.0     76.8
     1     1    14     9     3    16     0     2   -11.0   54.781   -1.878    147.7    981.8    288.5      0.0     73.9
     1     1    14     9     3    15     0     3   -12.0   54.681   -1.718    115.0    989.7    288.9      0.0     71.0
     1     1    14     9     3    14     0     2   -13.0   54.591   -1.567     97.5    995.5    289.1      0.0     71.3
     1     1    14     9     3    13     0     1   -14.0   54.505   -1.430     93.3    999.0    289.1      0.0     72.2
     1     1    14     9     3    12     0     0   -15.0   54.420   -1.306     99.6   1001.1    289.0      0.0     73.8
     1     1    14     9     3    11     0     1   -16.0   54.338   -1.193    114.7   1001.7    288.3      0.0     76.7
     1     1    14     9     3    10     0     2   -17.0   54.258   -1.086    136.3   1001.5    287.5      0.0     79.3
     1     1    14     9     3     9     0     3   -18.0   54.178   -0.987    162.6    999.5    286.9      0.0     80.8
     1     1    14     9     3     8     0     2   -19.0   54.096   -0.897    189.6    994.9    286.7      0.0     80.8
     1     1    14     9     3     7     0     1   -20.0   54.013   -0.815    213.6    991.0    286.5      0.0     80.6
     1     1    14     9     3     6     0     0   -21.0   53.927   -0.743    232.1    988.5    286.4      0.0     81.3
     1     1    14     9     3     5     0     1   -22.0   53.838   -0.672    245.5    987.2    286.2      0.0     81.7
     1     1    14     9     3     4     0     2   -23.0   53.742   -0.594    256.0    986.0    286.1      0.0     82.3
     1     1    14     9     3     3     0     3   -24.0   53.641   -0.507    263.5    985.1    285.9      0.0     83.1
     1     1    14     9     3     2     0     2   -25.0   53.542   -0.397    271.1    984.6    286.1      0.0     82.5
     1     1    14     9     3     1     0     1   -26.0   53.450   -0.258    281.6    983.2    286.2      0.0     81.2
     1     1    14     9     3     0     0     0   -27.0   53.365   -0.089    293.6    981.7    286.3      0.0     79.4
     1     1    14     9     2    23     0     1   -28.0   53.287    0.090    298.6    985.3    286.8      0.0     83.1
     1     1    14     9     2    22     0     2   -29.0   53.218    0.271    295.8    987.0    287.1      0.0     82.2
     1     1    14     9     2    21     0     3   -30.0   53.157    0.465    295.1    987.5    287.3      0.0     82.0
     1     1    14     9     2    20     0     2   -31.0   53.109    0.663    298.8    987.9    287.4      0.0     82.1
     1     1    14     9     2    19     0     1   -32.0   53.078    0.854    310.7    987.0    287.3      0.0     82.5
     1     1    14     9     2    18     0     0   -33.0   53.065    1.033    331.2    984.9    287.0      0.0     83.1
     1     1    14     9     2    17     0     1   -34.0   53.066    1.200    354.1    981.3    286.9      0.0     81.6
     1     1    14     9     2    16     0     2   -35.0   53.077    1.356    373.3    979.0    286.7      0.0     81.3
     1     1    14     9     2    15     0     3   -36.0   53.099    1.500    390.2    977.0    286.6      0.0     82.0
     1     1    14     9     2    14     0     2   -37.0   53.123    1.630    405.2    975.6    286.4      0.0     84.1
     1     1    14     9     2    13     0     1   -38.0   53.141    1.745    417.0    974.5    286.2      0.0     86.0
     1     1    14     9     2    12     0     0   -39.0   53.154    1.852    423.7    974.0    286.0      0.0     87.9
     1     1    14     9     2    11     0     1   -40.0   53.173    1.957    426.9    973.5    286.0      0.0     89.7
     1     1    14     9     2    10     0     2   -41.0   53.208    2.066    430.0    972.9    285.9      0.0     90.7
     1     1    14     9     2     9     0     3   -42.0   53.255    2.171    434.5    972.0    285.7      0.0     91.5
     1     1    14     9     2     8     0     2   -43.0   53.300    2.269    441.2    971.0    285.6      0.0     92.4
     1     1    14     9     2     7     0     1   -44.0   53.334    2.363    449.2    969.6    285.4      0.0     93.3
     1     1    14     9     2     6     0     0   -45.0   53.358    2.455    456.9    968.2    285.3      0.0     94.2
     1     1    14     9     2     5     0     1   -46.0   53.385    2.542    459.6    967.3    285.3      0.0     94.4
     1     1    14     9     2     4     0     2   -47.0   53.429    2.619    454.2    967.9    285.4      0.0     94.7
     1     1    14     9     2     3     0     3   -48.0   53.491    2.684    442.5    969.4    285.6      0.0     94.8
     1     1    14     9     2     2     0     2   -49.0   53.552    2.737    432.0    971.2    285.7      0.0     94.2
     1     1    14     9     2     1     0     1   -50.0   53.589    2.773    427.6    971.4    285.9      0.0     93.6
     1     1    14     9     2     0     0     0   -51.0   53.605    2.794    428.8    971.0    285.9      0.0     93.0
     1     1    14     9     1    23     0     1   -52.0   53.615    2.797    430.3    970.1    286.0      0.0     93.4
     1     1    14     9     1    22     0     2   -53.0   53.635    2.778    427.2    970.3    286.0      0.0     93.8
     1     1    14     9     1    21     0     3   -54.0   53.671    2.737    420.6    970.8    286.1      0.0     94.2
     1     1    14     9     1    20     0     2   -55.0   53.697    2.678    414.4    971.5    286.2      0.0     93.1
     1     1    14     9     1    19     0     1   -56.0   53.686    2.602    410.4    971.5    286.2      0.0     92.4
     1     1    14     9     1    18     0     0   -57.0   53.640    2.508    407.4    971.4    286.2      0.0     92.1
     1     1    14     9     1    17     0     1   -58.0   53.574    2.406    401.0    971.6    286.4      0.0     90.4
     1     1    14     9     1    16     0     2   -59.0   53.496    2.307    386.9    973.0    286.6      0.0     88.6
     1     1    14     9     1    15     0     3   -60.0   53.399    2.208    364.1    975.4    286.9      0.0     86.8
     1     1    14     9     1    14     0     2   -61.0   53.293    2.099    337.4    979.3    287.2      0.0     85.0
     1     1    14     9     1    13     0     1   -62.0   53.186    1.977    311.6    982.5    287.5      0.0     82.9
     1     1    14     9     1    12     0     0   -63.0   53.079    1.844    288.3    985.8    287.7      0.0     81.5
     1     1    14     9     1    11     0     1   -64.0   52.969    1.692    272.7    988.1    287.7      0.0     80.5
     1     1    14     9     1    10     0     2   -65.0   52.848    1.512    268.5    988.2    287.6      0.0     79.8
     1     1    14     9     1     9     0     3   -66.0   52.714    1.306    274.3    986.6    287.4      0.0     78.2
     1     1    14     9     1     8     0     2   -67.0   52.579    1.092    283.1    984.1    287.3      0.0     76.6
     1     1    14     9     1     7     0     1   -68.0   52.454    0.897    289.8    981.9    287.3      0.0     75.7
     1     1    14     9     1     6     0     0   -69.0   52.337    0.725    295.5    979.8    287.3      0.0     75.2
     1     1    14     9     1     5     0     1   -70.0   52.232    0.562    303.1    977.6    287.3      0.0     75.3
     1     1    14     9     1     4     0     2   -71.0   52.148    0.392    315.1    974.8    287.1      0.0     75.2
     1     1    14     9     1     3     0     3   -72.0   52.085    0.211    333.8    971.1    286.9      0.0     75.0
