     7     1
    GDAS    14     8    22     0     0
    GDAS    14     8    29     0     0
    GDAS    14     9     1     0     0
    GDAS    14     9     8     0     0
    GDAS    14     9    15     0     0
    GDAS    14     9    22     0     0
    GDAS    14     9    29     0     0
     1 BACKWARD OMEGA   
    14     9    14     8   56.467   -2.973   100.0
     4 PRESSURE AIR_TEMP RAINFALL RELHUMID
     1     1    14     9    14     8     0     2     0.0   56.467   -2.973    100.0    985.9    283.4      0.0     92.5
     1     1    14     9    14     7     0     1    -1.0   56.436   -2.828     79.7    993.8    283.5      0.0     92.8
     1     1    14     9    14     6     0     0    -2.0   56.408   -2.702     65.0   1000.1    283.6      0.0     93.1
     1     1    14     9    14     5     0     1    -3.0   56.383   -2.582     54.1   1005.2    284.0      0.0     92.1
     1     1    14     9    14     4     0     2    -4.0   56.359   -2.459     45.7   1009.5    284.4      0.0     90.9
     1     1    14     9    14     3     0     3    -5.0   56.331   -2.331     39.6   1013.7    284.8      0.0     89.7
     1     1    14     9    14     2     0     2    -6.0   56.295   -2.196     35.0   1017.7    285.4      0.0     87.6
     1     1    14     9    14     1     0     1    -7.0   56.247   -2.051     31.0   1021.5    286.0      0.0     85.0
     1     1    14     9    14     0     0     0    -8.0   56.188   -1.892     27.4   1023.2    286.3      0.0     82.9
     1     1    14     9    13    23     0     1    -9.0   56.125   -1.718     24.7   1024.2    286.5      0.0     81.3
     1     1    14     9    13    22     0     2   -10.0   56.062   -1.527     23.5   1025.1    286.6      0.0     79.3
     1     1    14     9    13    21     0     3   -11.0   55.997   -1.322     23.6   1026.0    286.6      0.0     77.0
     1     1    14     9    13    20     0     2   -12.0   55.933   -1.113     24.7   1026.7    286.7      0.0     77.3
     1     1    14     9    13    19     0     1   -13.0   55.868   -0.913     26.6   1027.4    286.7      0.0     77.3
     1     1    14     9    13    18     0     0   -14.0   55.798   -0.725     29.1   1027.3    286.7      0.0     77.2
     1     1    14     9    13    17     0     1   -15.0   55.726   -0.543     32.5   1026.2    286.8      0.0     77.2
     1     1    14     9    13    16     0     2   -16.0   55.657   -0.362     37.0   1025.2    286.8      0.0     77.1
     1     1    14     9    13    15     0     3   -17.0   55.591   -0.178     43.0   1024.2    286.9      0.0     76.8
     1     1    14     9    13    14     0     2   -18.0   55.554   -0.020     47.8   1023.5    286.9      0.0     77.0
     1     1    14     9    13    13     0     1   -19.0   55.516    0.121     52.5   1022.5    286.8      0.0     83.8
     1     1    14     9    13    12     0     0   -20.0   55.503    0.230     54.8   1022.8    286.8      0.0     83.7
     1     1    14     9    13    11     0     1   -21.0   55.487    0.330     56.7   1022.4    286.9      0.0     85.7
     1     1    14     9    13    10     0     2   -22.0   55.467    0.430     58.5   1022.0    287.0      0.0     87.8
     1     1    14     9    13     9     0     3   -23.0   55.442    0.532     60.1   1021.5    287.1      0.0     89.9
     1     1    14     9    13     8     0     2   -24.0   55.412    0.639     61.6   1021.6    287.1      0.0     90.1
     1     1    14     9    13     7     0     1   -25.0   55.378    0.753     62.6   1021.7    287.1      0.0     90.3
     1     1    14     9    13     6     0     0   -26.0   55.341    0.874     63.1   1021.9    287.1      0.0     90.8
     1     1    14     9    13     5     0     1   -27.0   55.310    0.998     63.2   1021.7    287.1      0.0     90.6
     1     1    14     9    13     4     0     2   -28.0   55.292    1.118     63.2   1021.3    287.2      0.0     89.9
     1     1    14     9    13     3     0     3   -29.0   55.284    1.232     63.2   1020.7    287.2      0.0     89.3
     1     1    14     9    13     2     0     2   -30.0   55.281    1.342     63.2   1020.0    287.3      0.0     88.9
     1     1    14     9    13     1     0     1   -31.0   55.277    1.448     63.2   1019.6    287.3      0.0     88.7
     1     1    14     9    13     0     0     0   -32.0   55.271    1.550     63.2   1019.2    287.4      0.0     88.6
     1     1    14     9    12    23     0     1   -33.0   55.267    1.659     63.9   1019.3    287.5      0.0     88.9
     1     1    14     9    12    22     0     2   -34.0   55.268    1.784     66.0   1019.1    287.6      0.0     89.2
     1     1    14     9    12    21     0     3   -35.0   55.274    1.925     69.7   1018.6    287.7      0.0     89.3
     1     1    14     9    12    20     0     2   -36.0   55.288    2.079     73.6   1018.0    287.7      0.0     89.2
     1     1    14     9    12    19     0     1   -37.0   55.316    2.242     75.8   1017.9    287.7      0.0     88.8
     1     1    14     9    12    18     0     0   -38.0   55.356    2.412     76.6   1017.9    287.8      0.0     88.5
     1     1    14     9    12    17     0     1   -39.0   55.407    2.577     76.6   1017.4    287.8      0.0     87.7
     1     1    14     9    12    16     0     2   -40.0   55.468    2.720     76.6   1016.7    287.9      0.0     86.8
     1     1    14     9    12    15     0     3   -41.0   55.538    2.842     76.6   1016.1    288.0      0.0     85.8
     1     1    14     9    12    14     0     2   -42.0   55.613    2.953     76.6   1016.3    287.9      0.0     85.8
     1     1    14     9    12    13     0     1   -43.0   55.685    3.068     76.6   1016.4    287.9      0.0     85.9
     1     1    14     9    12    12     0     0   -44.0   55.755    3.188     76.6   1016.6    287.9      0.0     86.0
     1     1    14     9    12    11     0     1   -45.0   55.825    3.310     77.2   1016.7    287.9      0.0     86.3
     1     1    14     9    12    10     0     2   -46.0   55.900    3.431     79.2   1016.6    287.9      0.0     86.6
     1     1    14     9    12     9     0     3   -47.0   55.978    3.546     82.6   1016.3    287.9      0.0     86.9
     1     1    14     9    12     8     0     2   -48.0   56.059    3.649     86.3   1015.6    287.8      0.0     87.0
     1     1    14     9    12     7     0     1   -49.0   56.140    3.734     88.9   1015.3    287.8      0.0     86.8
     1     1    14     9    12     6     0     0   -50.0   56.221    3.805     90.7   1015.0    287.7      0.0     86.7
     1     1    14     9    12     5     0     1   -51.0   56.299    3.871     92.1   1014.4    287.8      0.0     86.3
     1     1    14     9    12     4     0     2   -52.0   56.374    3.938     93.2   1013.9    287.9      0.0     86.0
     1     1    14     9    12     3     0     3   -53.0   56.446    4.009     93.6   1013.6    287.9      0.0     85.8
     1     1    14     9    12     2     0     2   -54.0   56.513    4.082     93.6   1014.1    287.9      0.0     85.2
     1     1    14     9    12     1     0     1   -55.0   56.573    4.161     93.6   1014.5    287.9      0.0     84.8
     1     1    14     9    12     0     0     0   -56.0   56.628    4.246     93.6   1014.8    287.9      0.0     84.4
     1     1    14     9    11    23     0     1   -57.0   56.684    4.331     93.6   1014.4    288.0      0.0     84.1
     1     1    14     9    11    22     0     2   -58.0   56.749    4.406     93.6   1014.0    288.1      0.0     83.8
     1     1    14     9    11    21     0     3   -59.0   56.822    4.470     93.6   1013.5    288.2      0.0     83.5
     1     1    14     9    11    20     0     2   -60.0   56.895    4.522     93.6   1013.4    288.2      0.0     82.8
     1     1    14     9    11    19     0     1   -61.0   56.959    4.563     93.6   1013.2    288.2      0.0     82.1
     1     1    14     9    11    18     0     0   -62.0   57.013    4.594     93.6   1013.1    288.2      0.0     81.4
     1     1    14     9    11    17     0     1   -63.0   57.060    4.631     93.0   1012.6    288.3      0.0     81.3
     1     1    14     9    11    16     0     2   -64.0   57.102    4.689     91.6   1012.4    288.4      0.0     81.4
     1     1    14     9    11    15     0     3   -65.0   57.137    4.769     89.5   1012.3    288.5      0.0     81.4
     1     1    14     9    11    14     0     2   -66.0   57.168    4.869     87.4   1012.7    288.5      0.0     81.1
     1     1    14     9    11    13     0     1   -67.0   57.195    4.982     85.2   1012.9    288.6      0.0     80.8
     1     1    14     9    11    12     0     0   -68.0   57.220    5.111     82.8   1013.5    288.7      0.0     80.5
     1     1    14     9    11    11     0     1   -69.0   57.245    5.248     81.0   1013.5    288.7      0.0     80.8
     1     1    14     9    11    10     0     2   -70.0   57.271    5.386     80.6   1013.2    288.8      0.0     81.0
     1     1    14     9    11     9     0     3   -71.0   57.299    5.527     81.8   1012.6    288.8      0.0     81.0
     1     1    14     9    11     8     0     2   -72.0   57.329    5.678     83.1   1012.7    288.8      0.0     80.6
