     7     1
    GDAS    14     8    22     0     0
    GDAS    14     8    29     0     0
    GDAS    14     9     1     0     0
    GDAS    14     9     8     0     0
    GDAS    14     9    15     0     0
    GDAS    14     9    22     0     0
    GDAS    14     9    29     0     0
     1 BACKWARD OMEGA   
    14     9     9     0   56.467   -2.973   100.0
     4 PRESSURE AIR_TEMP RAINFALL RELHUMID
     1     1    14     9     9     0     0     0     0.0   56.467   -2.973    100.0    978.1    283.6      0.0     79.1
     1     1    14     9     8    23     0     1    -1.0   56.451   -3.031    109.7    976.4    283.8      0.0     78.7
     1     1    14     9     8    22     0     2    -2.0   56.442   -3.095    118.0    975.2    284.1      0.0     78.3
     1     1    14     9     8    21     0     3    -3.0   56.443   -3.165    124.5    973.9    284.3      0.0     78.0
     1     1    14     9     8    20     0     2    -4.0   56.453   -3.239    130.7    972.4    284.4      0.0     77.7
     1     1    14     9     8    19     0     1    -5.0   56.471   -3.313    138.2    970.2    284.5      0.0     77.5
     1     1    14     9     8    18     0     0    -6.0   56.497   -3.385    146.6    967.3    284.5      0.0     77.5
     1     1    14     9     8    17     0     1    -7.0   56.541   -3.467    154.8    963.5    284.4      0.0     76.6
     1     1    14     9     8    16     0     2    -8.0   56.610   -3.568    163.4    958.4    284.1      0.0     76.0
     1     1    14     9     8    15     0     3    -9.0   56.703   -3.688    174.8    951.5    283.6      0.0     75.5
     1     1    14     9     8    14     0     2   -10.0   56.807   -3.827    185.2    942.9    282.6      0.0     77.9
     1     1    14     9     8    13     0     1   -11.0   56.903   -3.986    182.8    935.4    281.7      0.0     80.0
     1     1    14     9     8    12     0     0   -12.0   56.990   -4.157    166.1    936.0    281.5      0.0     80.8
     1     1    14     9     8    11     0     1   -13.0   57.067   -4.322    151.1    944.2    281.6      0.0     83.5
     1     1    14     9     8    10     0     2   -14.0   57.141   -4.472    145.5    949.2    281.5      0.0     86.9
     1     1    14     9     8     9     0     3   -15.0   57.210   -4.610    144.3    952.5    281.3      0.0     90.4
     1     1    14     9     8     8     0     2   -16.0   57.281   -4.739    139.9    955.6    281.3      0.0     92.5
     1     1    14     9     8     7     0     1   -17.0   57.357   -4.860    125.0    959.6    281.3      0.0     94.4
     1     1    14     9     8     6     0     0   -18.0   57.434   -4.970     98.6    964.4    281.4      0.0     96.2
     1     1    14     9     8     5     0     1   -19.0   57.512   -5.084     67.6    973.2    282.0      0.0     95.6
     1     1    14     9     8     4     0     2   -20.0   57.598   -5.211     40.9    982.4    282.8      0.0     94.3
     1     1    14     9     8     3     0     3   -21.0   57.699   -5.350     22.6    991.0    283.7      0.0     92.9
     1     1    14     9     8     2     0     2   -22.0   57.820   -5.497     11.2    999.0    284.4      0.0     91.1
     1     1    14     9     8     1     0     1   -23.0   57.964   -5.655      4.2   1006.4    285.2      0.0     89.7
     1     1    14     9     8     0     0     0   -24.0   58.134   -5.832      0.0   1013.9    285.9      0.0     88.1
     1     1    14     9     7    23     0     1   -25.0   58.326   -6.028      0.0   1019.4    286.3      0.0     86.7
     1     1    14     9     7    22     0     2   -26.0   58.523   -6.231      0.0   1018.4    286.2      0.0     86.5
     1     1    14     9     7    21     0     3   -27.0   58.727   -6.437      0.0   1017.7    286.1      0.0     86.6
     1     1    14     9     7    20     0     2   -28.0   58.945   -6.653      0.1   1017.1    286.1      0.0     86.3
     1     1    14     9     7    19     0     1   -29.0   59.178   -6.882      0.6   1017.0    285.9      0.0     86.9
     1     1    14     9     7    18     0     0   -30.0   59.413   -7.120      1.0   1016.7    285.7      0.0     87.5
     1     1    14     9     7    17     0     1   -31.0   59.639   -7.380      1.4   1016.9    285.8      0.0     87.4
     1     1    14     9     7    16     0     2   -32.0   59.847   -7.668      1.5   1017.5    285.9      0.0     87.9
     1     1    14     9     7    15     0     3   -33.0   60.040   -7.978      1.6   1018.8    285.9      0.0     89.2
     1     1    14     9     7    14     0     2   -34.0   60.214   -8.281      1.7   1018.5    285.7      0.0     89.8
     1     1    14     9     7    13     0     1   -35.0   60.364   -8.557      1.8   1018.1    285.6      0.0     90.9
     1     1    14     9     7    12     0     0   -36.0   60.495   -8.814      1.6   1017.7    285.6      0.0     92.5
     1     1    14     9     7    11     0     1   -37.0   60.617   -9.058      1.5   1017.5    285.6      0.0     92.2
     1     1    14     9     7    10     0     2   -38.0   60.740   -9.291      1.6   1017.4    285.6      0.0     90.9
     1     1    14     9     7     9     0     3   -39.0   60.864   -9.515      2.0   1017.2    285.7      0.0     89.3
     1     1    14     9     7     8     0     2   -40.0   60.986   -9.740      2.4   1018.0    285.6      0.0     89.5
     1     1    14     9     7     7     0     1   -41.0   61.104   -9.976      2.7   1018.7    285.5      0.0     90.3
     1     1    14     9     7     6     0     0   -42.0   61.214  -10.220      2.9   1019.5    285.4      0.0     90.9
     1     1    14     9     7     5     0     1   -43.0   61.310  -10.481      3.2   1019.6    285.3      0.0     91.0
     1     1    14     9     7     4     0     2   -44.0   61.390  -10.764      3.4   1019.6    285.3      0.0     91.5
     1     1    14     9     7     3     0     3   -45.0   61.456  -11.061      3.5   1019.7    285.3      0.0     92.2
     1     1    14     9     7     2     0     2   -46.0   61.508  -11.371      3.4   1019.5    285.3      0.0     91.6
     1     1    14     9     7     1     0     1   -47.0   61.545  -11.690      3.2   1019.4    285.3      0.0     91.6
     1     1    14     9     7     0     0     0   -48.0   61.570  -12.012      3.2   1019.2    285.3      0.0     92.3
     1     1    14     9     6    23     0     1   -49.0   61.595  -12.337      3.2   1019.5    285.3      0.0     91.6
     1     1    14     9     6    22     0     2   -50.0   61.626  -12.672      3.2   1019.7    285.3      0.0     91.4
     1     1    14     9     6    21     0     3   -51.0   61.662  -13.023      3.2   1020.0    285.3      0.0     91.6
     1     1    14     9     6    20     0     2   -52.0   61.697  -13.405      3.2   1018.9    285.4      0.0     90.7
     1     1    14     9     6    19     0     1   -53.0   61.727  -13.832      3.3   1018.1    285.5      0.0     90.2
     1     1    14     9     6    18     0     0   -54.0   61.749  -14.302      3.6   1017.3    285.5      0.0     90.1
     1     1    14     9     6    17     0     1   -55.0   61.762  -14.782      4.0   1017.2    285.6      0.0     89.8
     1     1    14     9     6    16     0     2   -56.0   61.765  -15.247      4.5   1017.1    285.7      0.0     89.3
     1     1    14     9     6    15     0     3   -57.0   61.762  -15.703      4.8   1017.1    285.7      0.0     89.1
     1     1    14     9     6    14     0     2   -58.0   61.750  -16.156      4.9   1017.2    285.6      0.0     88.9
     1     1    14     9     6    13     0     1   -59.0   61.723  -16.605      4.9   1017.3    285.5      0.0     88.9
     1     1    14     9     6    12     0     0   -60.0   61.679  -17.047      4.9   1017.5    285.5      0.0     89.4
     1     1    14     9     6    11     0     1   -61.0   61.627  -17.466      4.9   1018.1    285.5      0.0     88.7
     1     1    14     9     6    10     0     2   -62.0   61.571  -17.848      4.9   1018.7    285.6      0.0     88.4
     1     1    14     9     6     9     0     3   -63.0   61.508  -18.197      4.9   1019.3    285.6      0.0     88.5
     1     1    14     9     6     8     0     2   -64.0   61.443  -18.539      4.9   1018.9    285.5      0.0     88.4
     1     1    14     9     6     7     0     1   -65.0   61.380  -18.900      4.8   1018.7    285.4      0.0     87.8
     1     1    14     9     6     6     0     0   -66.0   61.315  -19.280      4.7   1017.9    285.4      0.0     87.6
     1     1    14     9     6     5     0     1   -67.0   61.242  -19.673      4.5   1017.0    285.4      0.0     87.7
     1     1    14     9     6     4     0     2   -68.0   61.152  -20.079      4.5   1016.7    285.4      0.0     86.4
     1     1    14     9     6     3     0     3   -69.0   61.040  -20.499      4.4   1017.0    285.4      0.0     85.9
     1     1    14     9     6     2     0     2   -70.0   60.908  -20.907      4.4   1017.5    285.3      0.0     87.2
     1     1    14     9     6     1     0     1   -71.0   60.764  -21.280      4.5   1018.1    285.3      0.0     87.8
     1     1    14     9     6     0     0     0   -72.0   60.615  -21.615      4.6   1018.9    285.4      0.0     87.9
