     7     1
    GDAS    14     8    22     0     0
    GDAS    14     8    29     0     0
    GDAS    14     9     1     0     0
    GDAS    14     9     8     0     0
    GDAS    14     9    15     0     0
    GDAS    14     9    22     0     0
    GDAS    14     9    29     0     0
     1 BACKWARD OMEGA   
    14     9    23    13   56.467   -2.973   100.0
     4 PRESSURE AIR_TEMP RAINFALL RELHUMID
     1     1    14     9    23    13     0     1     0.0   56.467   -2.973    100.0    971.8    285.1      0.0     70.9
     1     1    14     9    23    12     0     0    -1.0   56.426   -3.125    105.2    971.7    285.0      0.0     71.2
     1     1    14     9    23    11     0     1    -2.0   56.397   -3.282    114.8    971.5    284.3      0.0     75.2
     1     1    14     9    23    10     0     2    -3.0   56.380   -3.457    135.0    969.5    283.3      0.0     79.2
     1     1    14     9    23     9     0     3    -4.0   56.370   -3.647    167.4    965.2    282.2      0.0     83.2
     1     1    14     9    23     8     0     2    -5.0   56.366   -3.867    208.2    958.4    281.5      0.0     86.7
     1     1    14     9    23     7     0     1    -6.0   56.369   -4.130    248.5    953.1    281.1      0.0     88.7
     1     1    14     9    23     6     0     0    -7.0   56.383   -4.425    283.2    949.1    280.9      0.0     89.6
     1     1    14     9    23     5     0     1    -8.0   56.392   -4.728    306.7    946.3    280.9      0.0     91.3
     1     1    14     9    23     4     0     2    -9.0   56.391   -5.025    311.2    946.9    281.1      0.0     92.6
     1     1    14     9    23     3     0     3   -10.0   56.387   -5.324    293.0    957.0    282.1      0.0     89.6
     1     1    14     9    23     2     0     2   -11.0   56.381   -5.626    252.0    970.6    283.2      0.1     85.9
     1     1    14     9    23     1     0     1   -12.0   56.383   -5.922    197.3    985.5    284.3      0.1     82.6
     1     1    14     9    23     0     0     0   -13.0   56.394   -6.216    145.1    997.3    285.3      0.1     79.8
     1     1    14     9    22    23     0     1   -14.0   56.407   -6.528    107.4   1004.1    286.1      0.1     78.1
     1     1    14     9    22    22     0     2   -15.0   56.423   -6.882     89.7   1009.4    286.8      0.1     76.3
     1     1    14     9    22    21     0     3   -16.0   56.454   -7.278     89.2   1009.8    286.9      0.1     75.1
     1     1    14     9    22    20     0     2   -17.0   56.476   -7.691     90.9   1008.8    286.7      1.5     75.5
     1     1    14     9    22    19     0     1   -18.0   56.478   -8.102     88.9   1009.5    286.8      1.8     76.1
     1     1    14     9    22    18     0     0   -19.0   56.471   -8.515     85.8   1010.2    286.9      1.4     75.9
     1     1    14     9    22    17     0     1   -20.0   56.464   -8.925     82.5   1010.4    286.9      1.3     75.5
     1     1    14     9    22    16     0     2   -21.0   56.466   -9.317     79.9   1010.8    286.9      1.4     75.2
     1     1    14     9    22    15     0     3   -22.0   56.479   -9.692     79.6   1010.7    287.0      0.3     72.8
     1     1    14     9    22    14     0     2   -23.0   56.500  -10.056     80.1   1010.6    286.9      1.0     72.5
     1     1    14     9    22    13     0     1   -24.0   56.525  -10.415     80.6   1011.0    286.9      0.0     72.7
     1     1    14     9    22    12     0     0   -25.0   56.558  -10.758     83.0   1011.5    286.8      0.0     71.2
     1     1    14     9    22    11     0     1   -26.0   56.595  -11.099     88.4   1010.9    286.7      0.0     70.2
     1     1    14     9    22    10     0     2   -27.0   56.628  -11.459     94.9   1009.9    286.6      0.0     70.1
     1     1    14     9    22     9     0     3   -28.0   56.659  -11.839    102.4   1009.1    286.4      0.0     69.1
     1     1    14     9    22     8     0     2   -29.0   56.689  -12.243    111.2   1007.7    286.3      0.1     69.8
     1     1    14     9    22     7     0     1   -30.0   56.711  -12.669    118.7   1006.5    286.2      0.2     69.6
     1     1    14     9    22     6     0     0   -31.0   56.724  -13.106    123.0   1005.9    286.0      0.2     68.3
     1     1    14     9    22     5     0     1   -32.0   56.730  -13.566    125.0   1005.9    286.1      0.0     70.1
     1     1    14     9    22     4     0     2   -33.0   56.734  -14.063    127.2   1005.9    286.1      0.0     68.0
     1     1    14     9    22     3     0     3   -34.0   56.739  -14.591    129.3   1005.8    286.0      0.0     66.7
     1     1    14     9    22     2     0     2   -35.0   56.746  -15.135    132.5   1005.4    286.0      0.2     68.8
     1     1    14     9    22     1     0     1   -36.0   56.754  -15.686    138.4   1004.3    285.9      0.1     68.4
     1     1    14     9    22     0     0     0   -37.0   56.764  -16.246    144.9   1003.0    285.7      0.2     66.1
     1     1    14     9    21    23     0     1   -38.0   56.768  -16.820    151.7   1002.0    285.8      0.1     67.7
     1     1    14     9    21    22     0     2   -39.0   56.766  -17.400    160.8   1000.7    285.7      0.1     67.8
     1     1    14     9    21    21     0     3   -40.0   56.770  -17.980    173.2    998.9    285.6      0.0     66.8
     1     1    14     9    21    20     0     2   -41.0   56.757  -18.584    186.4    996.2    285.4      0.0     69.4
     1     1    14     9    21    19     0     1   -42.0   56.731  -19.239    199.9    994.0    285.1      0.0     69.3
     1     1    14     9    21    18     0     0   -43.0   56.714  -19.956    214.4    991.6    284.9      0.6     67.5
     1     1    14     9    21    17     0     1   -44.0   56.664  -20.715    225.2    989.5    284.7      0.5     70.4
     1     1    14     9    21    16     0     2   -45.0   56.607  -21.513    244.1    986.5    284.2      0.1     71.4
     1     1    14     9    21    15     0     3   -46.0   56.553  -22.328    265.9    983.5    283.7      0.1     70.9
     1     1    14     9    21    14     0     2   -47.0   56.469  -23.133    286.6    979.4    283.5      0.2     73.3
     1     1    14     9    21    13     0     1   -48.0   56.382  -23.956    308.1    975.4    282.8      0.5     74.3
     1     1    14     9    21    12     0     0   -49.0   56.309  -24.808    326.4    971.9    282.3      1.1     74.8
     1     1    14     9    21    11     0     1   -50.0   56.213  -25.679    334.8    969.9    282.2      1.5     77.0
     1     1    14     9    21    10     0     2   -51.0   56.192  -26.591    365.5    964.6    281.3      1.2     78.7
     1     1    14     9    21     9     0     3   -52.0   56.209  -27.480    396.2    959.6    280.7      1.3     78.2
     1     1    14     9    21     8     0     2   -53.0   56.193  -28.352    395.4    958.5    280.9      3.6     79.0
     1     1    14     9    21     7     0     1   -54.0   56.191  -29.274    401.2    957.2    280.2      4.6     79.6
     1     1    14     9    21     6     0     0   -55.0   56.182  -30.197    436.4    952.3    279.6      3.6     80.6
     1     1    14     9    21     5     0     1   -56.0   56.158  -31.069    474.9    946.5    278.9      2.0     81.2
     1     1    14     9    21     4     0     2   -57.0   56.134  -31.897    504.3    941.5    278.4      1.1     83.9
     1     1    14     9    21     3     0     3   -58.0   56.103  -32.690    505.4    940.2    278.4      0.8     83.9
     1     1    14     9    21     2     0     2   -59.0   56.089  -33.525    494.0    942.5    278.4      2.9     82.6
     1     1    14     9    21     1     0     1   -60.0   56.073  -34.398    524.9    937.6    277.7      2.9     84.4
     1     1    14     9    21     0     0     0   -61.0   56.030  -35.227    537.4    935.4    277.8      2.3     83.2
     1     1    14     9    20    23     0     1   -62.0   55.987  -36.057    533.3    936.2    277.9      1.6     79.9
     1     1    14     9    20    22     0     2   -63.0   55.947  -36.897    536.6    934.8    278.0      0.3     79.0
     1     1    14     9    20    21     0     3   -64.0   55.911  -37.740    541.3    934.7    278.2      0.0     78.9
     1     1    14     9    20    20     0     2   -65.0   55.865  -38.590    574.4    930.3    277.6      0.3     78.3
     1     1    14     9    20    19     0     1   -66.0   55.777  -39.405    604.2    926.0    277.3      0.3     79.4
     1     1    14     9    20    18     0     0   -67.0   55.675  -40.248    573.8    929.4    277.7      0.0     78.5
     1     1    14     9    20    17     0     1   -68.0   55.556  -41.161    567.7    930.7    277.5      0.0     76.6
     1     1    14     9    20    16     0     2   -69.0   55.403  -42.099    597.8    926.9    277.2      0.0     79.5
     1     1    14     9    20    15     0     3   -70.0   55.275  -43.040    617.1    924.4    276.8      0.0     81.7
     1     1    14     9    20    14     0     2   -71.0   55.153  -44.012    631.9    923.4    276.4      0.0     79.8
     1     1    14     9    20    13     0     1   -72.0   55.005  -45.032    638.6    921.8    276.3      0.0     82.8
