     7     1
    GDAS    14     8    22     0     0
    GDAS    14     8    29     0     0
    GDAS    14     9     1     0     0
    GDAS    14     9     8     0     0
    GDAS    14     9    15     0     0
    GDAS    14     9    22     0     0
    GDAS    14     9    29     0     0
     1 BACKWARD OMEGA   
    14     9    21    10   56.467   -2.973   100.0
     4 PRESSURE AIR_TEMP RAINFALL RELHUMID
     1     1    14     9    21    10     0     2     0.0   56.467   -2.973    100.0    983.6    282.9      0.0     79.0
     1     1    14     9    21     9     0     3    -1.0   56.589   -3.070    144.5    974.6    281.6      0.0     83.1
     1     1    14     9    21     8     0     2    -2.0   56.736   -3.186    214.8    959.0    280.3      0.0     87.9
     1     1    14     9    21     7     0     1    -3.0   56.925   -3.321    321.9    937.5    278.7      0.0     93.6
     1     1    14     9    21     6     0     0    -4.0   57.164   -3.466    452.3    922.8    277.8      0.0     95.3
     1     1    14     9    21     5     0     1    -5.0   57.422   -3.608    563.5    919.1    278.0      0.0     92.2
     1     1    14     9    21     4     0     2    -6.0   57.678   -3.747    651.9    920.6    278.3      0.0     91.6
     1     1    14     9    21     3     0     3    -7.0   57.934   -3.891    731.8    921.9    278.4      0.0     93.6
     1     1    14     9    21     2     0     2    -8.0   58.183   -4.050    800.0    916.7    277.9      0.0     95.9
     1     1    14     9    21     1     0     1    -9.0   58.420   -4.214    842.7    913.1    277.7      0.0     97.0
     1     1    14     9    21     0     0     0   -10.0   58.646   -4.370    849.4    915.2    277.8      0.0     97.9
     1     1    14     9    20    23     0     1   -11.0   58.874   -4.529    829.3    922.7    278.5      0.0     96.9
     1     1    14     9    20    22     0     2   -12.0   59.115   -4.699    802.0    929.4    279.1      0.0     95.3
     1     1    14     9    20    21     0     3   -13.0   59.380   -4.875    786.3    931.8    279.4      0.0     93.7
     1     1    14     9    20    20     0     2   -14.0   59.665   -5.048    791.4    930.7    279.4      0.0     92.4
     1     1    14     9    20    19     0     1   -15.0   59.961   -5.222    815.3    927.2    279.3      0.0     90.3
     1     1    14     9    20    18     0     0   -16.0   60.272   -5.410    849.5    922.2    279.1      0.0     88.3
     1     1    14     9    20    17     0     1   -17.0   60.598   -5.634    885.5    917.4    278.8      0.0     87.6
     1     1    14     9    20    16     0     2   -18.0   60.927   -5.902    922.2    912.5    278.5      0.0     86.3
     1     1    14     9    20    15     0     3   -19.0   61.260   -6.210    968.4    907.1    278.0      0.0     86.5
     1     1    14     9    20    14     0     2   -20.0   61.596   -6.536   1034.8    898.7    277.6      0.0     88.3
     1     1    14     9    20    13     0     1   -21.0   61.939   -6.843   1124.1    887.0    276.9      0.0     88.4
     1     1    14     9    20    12     0     0   -22.0   62.299   -7.122   1210.3    874.8    276.4      0.0     85.6
     1     1    14     9    20    11     0     1   -23.0   62.667   -7.399   1257.4    869.7    276.3      0.0     85.8
     1     1    14     9    20    10     0     2   -24.0   63.034   -7.691   1269.7    869.7    276.3      0.0     84.8
     1     1    14     9    20     9     0     3   -25.0   63.412   -7.988   1279.0    870.2    276.3      0.0     80.6
     1     1    14     9    20     8     0     2   -26.0   63.803   -8.278   1304.6    866.4    276.3      0.3     79.6
     1     1    14     9    20     7     0     1   -27.0   64.191   -8.554   1339.6    861.3    276.1      0.3     79.2
     1     1    14     9    20     6     0     0   -28.0   64.575   -8.835   1372.2    856.3    275.8      0.3     77.0
     1     1    14     9    20     5     0     1   -29.0   64.956   -9.130   1401.1    853.6    275.6      0.2     77.3
     1     1    14     9    20     4     0     2   -30.0   65.315   -9.439   1426.7    850.4    275.3      0.2     79.1
     1     1    14     9    20     3     0     3   -31.0   65.634   -9.767   1448.1    848.4    275.3      0.0     76.2
     1     1    14     9    20     2     0     2   -32.0   65.915  -10.115   1469.2    846.0    275.2      0.3     74.9
     1     1    14     9    20     1     0     1   -33.0   66.163  -10.469   1487.2    843.6    275.1      0.3     75.7
     1     1    14     9    20     0     0     0   -34.0   66.377  -10.792   1506.0    842.0    274.9      0.7     74.9
     1     1    14     9    19    23     0     1   -35.0   66.562  -11.062   1533.6    839.2    274.5      0.0     74.7
     1     1    14     9    19    22     0     2   -36.0   66.722  -11.278   1569.9    835.0    274.2      0.0     74.3
     1     1    14     9    19    21     0     3   -37.0   66.863  -11.432   1611.5    830.5    274.0      0.0     72.9
     1     1    14     9    19    20     0     2   -38.0   66.998  -11.551   1647.0    825.6    273.9      0.0     71.1
     1     1    14     9    19    19     0     1   -39.0   67.135  -11.668   1665.7    823.5    273.7      0.0     70.9
     1     1    14     9    19    18     0     0   -40.0   67.271  -11.776   1669.5    823.2    273.7      0.0     69.8
     1     1    14     9    19    17     0     1   -41.0   67.405  -11.877   1666.6    824.2    273.8      0.0     69.7
     1     1    14     9    19    16     0     2   -42.0   67.538  -11.971   1665.0    824.7    273.8      0.0     68.7
     1     1    14     9    19    15     0     3   -43.0   67.671  -12.060   1669.3    824.5    273.7      0.0     67.3
     1     1    14     9    19    14     0     2   -44.0   67.799  -12.141   1681.9    823.4    273.5      0.0     67.8
     1     1    14     9    19    13     0     1   -45.0   67.917  -12.215   1702.0    821.4    273.3      0.0     69.3
     1     1    14     9    19    12     0     0   -46.0   68.028  -12.287   1728.0    818.8    272.9      0.0     71.8
     1     1    14     9    19    11     0     1   -47.0   68.125  -12.333   1758.3    815.9    272.8      0.0     70.4
     1     1    14     9    19    10     0     2   -48.0   68.208  -12.335   1791.6    812.8    272.6      0.0     69.0
     1     1    14     9    19     9     0     3   -49.0   68.275  -12.305   1828.4    809.4    272.5      0.0     67.8
     1     1    14     9    19     8     0     2   -50.0   68.337  -12.262   1865.6    805.4    272.2      0.0     67.4
     1     1    14     9    19     7     0     1   -51.0   68.400  -12.214   1899.0    801.9    272.1      0.0     67.1
     1     1    14     9    19     6     0     0   -52.0   68.466  -12.161   1927.4    798.9    271.9      0.0     66.3
     1     1    14     9    19     5     0     1   -53.0   68.532  -12.125   1955.0    797.0    271.9      0.0     67.5
     1     1    14     9    19     4     0     2   -54.0   68.592  -12.132   1986.6    794.3    271.8      0.0     69.7
     1     1    14     9    19     3     0     3   -55.0   68.645  -12.192   2023.3    791.1    271.6      0.0     72.6
     1     1    14     9    19     2     0     2   -56.0   68.688  -12.291   2062.5    787.3    271.3      0.0     73.7
     1     1    14     9    19     1     0     1   -57.0   68.720  -12.411   2101.8    783.9    271.1      0.0     74.9
     1     1    14     9    19     0     0     0   -58.0   68.741  -12.551   2142.1    780.4    270.8      0.0     76.2
     1     1    14     9    18    23     0     1   -59.0   68.755  -12.735   2184.8    776.5    270.7      0.0     77.9
     1     1    14     9    18    22     0     2   -60.0   68.761  -12.995   2229.9    772.3    270.6      0.0     79.9
     1     1    14     9    18    21     0     3   -61.0   68.757  -13.335   2275.6    768.0    270.5      0.0     82.1
     1     1    14     9    18    20     0     2   -62.0   68.738  -13.725   2318.9    763.6    270.2      0.0     82.9
     1     1    14     9    18    19     0     1   -63.0   68.702  -14.128   2356.7    760.0    269.9      0.0     83.6
     1     1    14     9    18    18     0     0   -64.0   68.646  -14.526   2384.7    757.0    269.7      0.0     84.4
     1     1    14     9    18    17     0     1   -65.0   68.569  -14.889   2392.3    755.7    269.5      0.0     87.0
     1     1    14     9    18    16     0     2   -66.0   68.473  -15.194   2367.2    757.6    269.6      0.3     89.5
     1     1    14     9    18    15     0     3   -67.0   68.359  -15.427   2298.6    763.8    269.9      0.3     92.3
     1     1    14     9    18    14     0     2   -68.0   68.234  -15.596   2210.5    775.5    270.4      0.2     94.1
     1     1    14     9    18    13     0     1   -69.0   68.108  -15.742   2139.8    783.6    270.8      0.2     95.7
     1     1    14     9    18    12     0     0   -70.0   67.986  -15.890   2103.3    788.4    271.1      0.2     96.8
     1     1    14     9    18    11     0     1   -71.0   67.853  -16.036   2077.3    787.9    271.3      0.2     97.5
     1     1    14     9    18    10     0     2   -72.0   67.703  -16.143   2030.5    792.5    271.8      0.2     98.4
