     7     1
    GDAS    14     8    22     0     0
    GDAS    14     8    29     0     0
    GDAS    14     9     1     0     0
    GDAS    14     9     8     0     0
    GDAS    14     9    15     0     0
    GDAS    14     9    22     0     0
    GDAS    14     9    29     0     0
     1 BACKWARD OMEGA   
    14     9    19    16   56.467   -2.973   100.0
     4 PRESSURE AIR_TEMP RAINFALL RELHUMID
     1     1    14     9    19    16     0     2     0.0   56.467   -2.973    100.0    971.4    286.7      0.0     82.0
     1     1    14     9    19    15     0     3    -1.0   56.456   -2.970     93.0    972.2    287.4      0.0     81.1
     1     1    14     9    19    14     0     2    -2.0   56.444   -2.948     85.3    974.6    287.3      0.0     82.0
     1     1    14     9    19    13     0     1    -3.0   56.434   -2.914     80.0    976.4    287.1      0.0     83.2
     1     1    14     9    19    12     0     0    -4.0   56.429   -2.870     76.4    978.1    286.9      0.0     84.5
     1     1    14     9    19    11     0     1    -5.0   56.428   -2.818     72.9    980.0    286.5      0.0     87.5
     1     1    14     9    19    10     0     2    -6.0   56.431   -2.759     68.4    982.3    286.2      0.0     90.3
     1     1    14     9    19     9     0     3    -7.0   56.438   -2.692     62.9    984.8    285.9      0.0     92.9
     1     1    14     9    19     8     0     2    -8.0   56.447   -2.617     57.5    987.6    285.7      0.0     93.2
     1     1    14     9    19     7     0     1    -9.0   56.458   -2.533     52.8    990.2    285.4      0.0     93.5
     1     1    14     9    19     6     0     0   -10.0   56.470   -2.441     48.3    992.8    285.2      0.0     93.7
     1     1    14     9    19     5     0     1   -11.0   56.482   -2.343     43.6    996.0    285.6      0.0     94.4
     1     1    14     9    19     4     0     2   -12.0   56.490   -2.241     38.8    999.5    285.9      0.0     95.1
     1     1    14     9    19     3     0     3   -13.0   56.495   -2.133     34.2   1003.2    286.3      0.0     95.9
     1     1    14     9    19     2     0     2   -14.0   56.494   -2.016     29.4   1007.4    286.6      0.0     95.5
     1     1    14     9    19     1     0     1   -15.0   56.487   -1.883     24.8   1009.1    286.6      0.0     95.4
     1     1    14     9    19     0     0     0   -16.0   56.472   -1.728     21.0   1010.4    286.7      0.0     95.3
     1     1    14     9    18    23     0     1   -17.0   56.449   -1.549     18.6   1011.7    286.7      0.0     95.2
     1     1    14     9    18    22     0     2   -18.0   56.417   -1.340     17.5   1012.7    286.7      0.0     95.1
     1     1    14     9    18    21     0     3   -19.0   56.374   -1.094     17.5   1013.8    286.8      0.0     95.2
     1     1    14     9    18    20     0     2   -20.0   56.325   -0.821     18.3   1013.1    286.8      0.0     94.5
     1     1    14     9    18    19     0     1   -21.0   56.274   -0.546     19.8   1011.9    286.8      0.0     93.9
     1     1    14     9    18    18     0     0   -22.0   56.225   -0.277     21.9   1010.8    286.7      0.0     93.4
     1     1    14     9    18    17     0     1   -23.0   56.173   -0.014     24.1   1010.4    286.8      0.0     93.3
     1     1    14     9    18    16     0     2   -24.0   56.126    0.278     24.0   1010.2    287.2      0.0     92.7
     1     1    14     9    18    15     0     3   -25.0   56.095    0.621     22.3   1010.7    287.4      0.0     92.0
     1     1    14     9    18    14     0     2   -26.0   56.070    1.001     21.5   1011.2    287.5      0.0     91.0
     1     1    14     9    18    13     0     1   -27.0   56.042    1.405     21.5   1011.4    287.6      0.0     90.0
     1     1    14     9    18    12     0     0   -28.0   56.005    1.820     21.5   1011.6    287.7      0.0     88.8
     1     1    14     9    18    11     0     1   -29.0   55.974    2.255     21.5   1011.8    288.0      0.0     87.9
     1     1    14     9    18    10     0     2   -30.0   55.963    2.721     21.5   1012.1    288.2      0.0     86.5
     1     1    14     9    18     9     0     3   -31.0   55.968    3.217     21.5   1012.4    288.4      0.0     84.3
     1     1    14     9    18     8     0     2   -32.0   55.984    3.726     21.5   1012.6    288.6      0.0     83.2
     1     1    14     9    18     7     0     1   -33.0   56.008    4.234     21.4   1012.8    288.8      0.0     82.0
     1     1    14     9    18     6     0     0   -34.0   56.040    4.747     20.7   1013.1    289.0      0.0     80.4
     1     1    14     9    18     5     0     1   -35.0   56.074    5.276     19.8   1013.4    289.1      0.0     78.6
     1     1    14     9    18     4     0     2   -36.0   56.106    5.822     19.5   1013.7    289.2      0.0     76.1
     1     1    14     9    18     3     0     3   -37.0   56.140    6.374     19.6   1013.8    289.3      0.0     74.0
     1     1    14     9    18     2     0     2   -38.0   56.167    6.921     19.7   1014.0    289.4      0.0     72.3
     1     1    14     9    18     1     0     1   -39.0   56.180    7.440     20.9   1014.2    289.5      0.0     72.5
     1     1    14     9    18     0     0     0   -40.0   56.185    7.916     25.0   1014.0    289.5      0.0     71.2
     1     1    14     9    17    23     0     1   -41.0   56.187    8.341     32.9   1012.3    288.2      0.0     75.0
     1     1    14     9    17    22     0     2   -42.0   56.188    8.715     45.3   1009.6    287.1      0.0     78.1
     1     1    14     9    17    21     0     3   -43.0   56.187    9.062     62.0   1006.4    286.8      0.0     78.9
     1     1    14     9    17    20     0     2   -44.0   56.184    9.418     73.9   1004.6    287.6      0.0     75.9
     1     1    14     9    17    19     0     1   -45.0   56.184    9.772     69.4   1006.1    288.0      0.0     75.1
     1     1    14     9    17    18     0     0   -46.0   56.192   10.092     56.6   1009.9    288.1      0.0     74.4
     1     1    14     9    17    17     0     1   -47.0   56.203   10.384     46.3   1012.5    289.3      0.0     70.6
     1     1    14     9    17    16     0     2   -48.0   56.214   10.660     41.4   1013.8    289.8      0.0     69.2
     1     1    14     9    17    15     0     3   -49.0   56.236   10.916     40.7   1014.9    289.8      0.0     70.6
     1     1    14     9    17    14     0     2   -50.0   56.257   11.155     42.3   1015.4    289.7      0.0     73.0
     1     1    14     9    17    13     0     1   -51.0   56.257   11.383     43.6   1015.8    289.8      0.0     73.5
     1     1    14     9    17    12     0     0   -52.0   56.236   11.596     43.9   1016.4    290.0      0.0     73.6
     1     1    14     9    17    11     0     1   -53.0   56.203   11.811     43.4   1016.3    289.9      0.0     74.8
     1     1    14     9    17    10     0     2   -54.0   56.167   12.048     42.7   1015.8    289.9      0.0     77.6
     1     1    14     9    17     9     0     3   -55.0   56.132   12.308     44.3   1013.9    290.1      0.0     80.4
     1     1    14     9    17     8     0     2   -56.0   56.099   12.577     50.5   1011.6    289.3      0.0     82.4
     1     1    14     9    17     7     0     1   -57.0   56.070   12.843     65.0   1008.4    287.5      0.0     87.2
     1     1    14     9    17     6     0     0   -58.0   56.044   13.125     91.2   1003.6    285.4      0.0     94.3
     1     1    14     9    17     5     0     1   -59.0   56.025   13.451    113.5    999.7    285.4      0.0     93.3
     1     1    14     9    17     4     0     2   -60.0   56.026   13.799    105.8   1000.0    285.5      0.0     92.9
     1     1    14     9    17     3     0     3   -61.0   56.055   14.124     79.1   1004.9    285.5      0.0     92.1
     1     1    14     9    17     2     0     2   -62.0   56.090   14.419     57.4   1011.3    286.1      0.0     89.3
     1     1    14     9    17     1     0     1   -63.0   56.114   14.712     45.0   1014.2    287.0      0.0     86.5
     1     1    14     9    17     0     0     0   -64.0   56.127   15.023     38.0   1017.1    288.1      0.0     83.7
     1     1    14     9    16    23     0     1   -65.0   56.126   15.352     33.1   1017.9    288.4      0.0     80.8
     1     1    14     9    16    22     0     2   -66.0   56.109   15.690     28.7   1019.1    288.8      0.0     77.8
     1     1    14     9    16    21     0     3   -67.0   56.079   16.039     25.0   1020.1    289.2      0.0     74.7
     1     1    14     9    16    20     0     2   -68.0   56.043   16.407     22.6   1021.0    289.6      0.0     73.5
     1     1    14     9    16    19     0     1   -69.0   56.005   16.803     21.6   1021.4    289.8      0.0     73.1
     1     1    14     9    16    18     0     0   -70.0   55.967   17.224     21.4   1021.3    289.7      0.0     72.6
     1     1    14     9    16    17     0     1   -71.0   55.933   17.645     21.6   1021.0    289.7      0.0     72.1
     1     1    14     9    16    16     0     2   -72.0   55.905   18.037     21.8   1020.7    289.7      0.0     72.4
