     7     1
    GDAS    14     8    22     0     0
    GDAS    14     8    29     0     0
    GDAS    14     9     1     0     0
    GDAS    14     9     8     0     0
    GDAS    14     9    15     0     0
    GDAS    14     9    22     0     0
    GDAS    14     9    29     0     0
     1 BACKWARD OMEGA   
    14     9     5    12   56.467   -2.973   100.0
     4 PRESSURE AIR_TEMP RAINFALL RELHUMID
     1     1    14     9     5    12     0     0     0.0   56.467   -2.973    100.0    974.2    286.7      0.0     89.8
     1     1    14     9     5    11     0     1    -1.0   56.517   -3.051     85.1    973.7    286.8      0.2     90.8
     1     1    14     9     5    10     0     2    -2.0   56.555   -3.136     80.7    972.1    286.8      0.2     91.4
     1     1    14     9     5     9     0     3    -3.0   56.583   -3.231     85.8    969.6    286.6      0.1     92.0
     1     1    14     9     5     8     0     2    -4.0   56.601   -3.335     98.3    966.1    285.8      0.0     93.3
     1     1    14     9     5     7     0     1    -5.0   56.606   -3.444    116.8    962.8    285.3      0.0     94.2
     1     1    14     9     5     6     0     0    -6.0   56.596   -3.560    141.7    959.5    284.9      0.0     94.5
     1     1    14     9     5     5     0     1    -7.0   56.575   -3.689    171.7    955.5    285.0      0.0     93.2
     1     1    14     9     5     4     0     2    -8.0   56.550   -3.837    206.3    951.6    285.1      0.0     92.1
     1     1    14     9     5     3     0     3    -9.0   56.521   -4.005    247.2    947.5    285.1      0.0     91.1
     1     1    14     9     5     2     0     2   -10.0   56.487   -4.183    286.1    944.6    285.2      0.0     90.2
     1     1    14     9     5     1     0     1   -11.0   56.450   -4.357    312.2    944.1    285.3      0.0     89.7
     1     1    14     9     5     0     0     0   -12.0   56.412   -4.526    325.7    944.9    285.5      0.0     89.3
     1     1    14     9     4    23     0     1   -13.0   56.366   -4.687    322.6    946.8    285.9      0.0     87.6
     1     1    14     9     4    22     0     2   -14.0   56.299   -4.832    296.8    951.8    286.5      0.0     85.5
     1     1    14     9     4    21     0     3   -15.0   56.210   -4.959    245.6    960.2    287.4      0.0     82.9
     1     1    14     9     4    20     0     2   -16.0   56.110   -5.069    185.2    972.6    288.0      0.0     80.6
     1     1    14     9     4    19     0     1   -17.0   56.010   -5.168    131.3    983.7    288.7      0.0     78.5
     1     1    14     9     4    18     0     0   -18.0   55.912   -5.251     92.4    991.1    289.2      0.0     77.2
     1     1    14     9     4    17     0     1   -19.0   55.809   -5.316     69.0    995.7    289.7      0.0     76.6
     1     1    14     9     4    16     0     2   -20.0   55.695   -5.360     55.8    998.5    290.2      0.0     76.1
     1     1    14     9     4    15     0     3   -21.0   55.570   -5.385     49.1   1000.1    290.7      0.0     75.9
     1     1    14     9     4    14     0     2   -22.0   55.440   -5.382     48.2   1001.5    290.4      0.0     78.6
     1     1    14     9     4    13     0     1   -23.0   55.312   -5.346     53.4   1002.0    290.1      0.0     80.9
     1     1    14     9     4    12     0     0   -24.0   55.178   -5.285     64.5   1001.9    289.9      0.0     82.8
     1     1    14     9     4    11     0     1   -25.0   55.033   -5.208     81.8   1001.0    289.4      0.0     85.0
     1     1    14     9     4    10     0     2   -26.0   54.877   -5.122    104.4    999.8    289.1      0.0     86.9
     1     1    14     9     4     9     0     3   -27.0   54.717   -5.036    128.7    998.7    288.9      0.0     88.1
     1     1    14     9     4     8     0     2   -28.0   54.556   -4.963    146.8    997.1    289.0      0.0     87.2
     1     1    14     9     4     7     0     1   -29.0   54.401   -4.906    153.3    997.2    289.1      0.0     85.8
     1     1    14     9     4     6     0     0   -30.0   54.248   -4.866    149.7    999.1    289.4      0.0     84.0
     1     1    14     9     4     5     0     1   -31.0   54.094   -4.817    142.4   1002.2    289.7      0.0     80.2
     1     1    14     9     4     4     0     2   -32.0   53.934   -4.715    135.1   1003.6    289.8      0.0     77.8
     1     1    14     9     4     3     0     3   -33.0   53.773   -4.547    131.3   1001.9    289.6      0.0     77.8
     1     1    14     9     4     2     0     2   -34.0   53.622   -4.341    137.7    997.4    289.4      0.0     78.0
     1     1    14     9     4     1     0     1   -35.0   53.492   -4.134    160.8    989.7    289.4      0.0     78.4
     1     1    14     9     4     0     0     0   -36.0   53.379   -3.929    200.9    979.8    289.2      0.0     78.5
     1     1    14     9     3    23     0     1   -37.0   53.273   -3.718    240.5    973.4    289.1      0.0     78.2
     1     1    14     9     3    22     0     2   -38.0   53.172   -3.492    258.0    971.2    289.2      0.0     77.6
     1     1    14     9     3    21     0     3   -39.0   53.076   -3.249    239.4    974.1    289.6      0.0     75.6
     1     1    14     9     3    20     0     2   -40.0   52.989   -3.015    189.1    982.3    290.1      0.0     75.1
     1     1    14     9     3    19     0     1   -41.0   52.923   -2.818    146.3    990.0    290.6      0.0     74.9
     1     1    14     9     3    18     0     0   -42.0   52.873   -2.650    125.0    990.8    291.0      0.0     73.4
     1     1    14     9     3    17     0     1   -43.0   52.832   -2.489    113.2    991.0    291.2      0.0     71.2
     1     1    14     9     3    16     0     2   -44.0   52.798   -2.314    106.2    991.7    291.5      0.0     69.0
     1     1    14     9     3    15     0     3   -45.0   52.769   -2.123    105.9    991.8    291.7      0.0     66.7
     1     1    14     9     3    14     0     2   -46.0   52.744   -1.925    111.8    992.4    291.4      0.0     68.7
     1     1    14     9     3    13     0     1   -47.0   52.721   -1.735    117.3    993.6    291.1      0.0     70.2
     1     1    14     9     3    12     0     0   -48.0   52.699   -1.558    118.2    995.7    291.0      0.0     71.2
     1     1    14     9     3    11     0     1   -49.0   52.680   -1.390    115.8    997.7    290.4      0.0     75.2
     1     1    14     9     3    10     0     2   -50.0   52.667   -1.225    111.4    999.7    289.7      0.0     79.2
     1     1    14     9     3     9     0     3   -51.0   52.659   -1.067    105.1   1001.9    289.0      0.0     83.2
     1     1    14     9     3     8     0     2   -52.0   52.649   -0.916     99.5   1003.2    288.4      0.0     86.5
     1     1    14     9     3     7     0     1   -53.0   52.627   -0.773     96.9   1003.3    287.6      0.0     90.2
     1     1    14     9     3     6     0     0   -54.0   52.594   -0.634     98.0   1002.9    286.7      0.0     93.9
     1     1    14     9     3     5     0     1   -55.0   52.556   -0.492    100.2   1001.9    286.7      0.0     93.8
     1     1    14     9     3     4     0     2   -56.0   52.520   -0.340    100.6   1001.5    286.7      0.0     93.7
     1     1    14     9     3     3     0     3   -57.0   52.488   -0.179     98.9   1001.3    286.7      0.0     93.6
     1     1    14     9     3     2     0     2   -58.0   52.458   -0.004     95.9   1001.9    286.9      0.0     91.5
     1     1    14     9     3     1     0     1   -59.0   52.430    0.183     94.3   1005.9    287.0      0.0     88.7
     1     1    14     9     3     0     0     0   -60.0   52.407    0.379     94.3   1006.7    287.4      0.0     87.6
     1     1    14     9     2    23     0     1   -61.0   52.387    0.581     92.7   1007.5    287.8      0.0     85.6
     1     1    14     9     2    22     0     2   -62.0   52.373    0.780     87.8   1009.0    288.0      0.0     84.7
     1     1    14     9     2    21     0     3   -63.0   52.363    0.973     80.3   1010.9    288.1      0.0     85.0
     1     1    14     9     2    20     0     2   -64.0   52.360    1.162     72.8   1012.5    288.7      0.0     82.9
     1     1    14     9     2    19     0     1   -65.0   52.369    1.354     67.1   1013.9    289.2      0.0     81.1
     1     1    14     9     2    18     0     0   -66.0   52.389    1.549     63.7   1015.1    289.6      0.0     80.0
     1     1    14     9     2    17     0     1   -67.0   52.421    1.744     62.3   1015.7    289.8      0.0     80.9
     1     1    14     9     2    16     0     2   -68.0   52.468    1.934     62.7   1016.2    289.7      0.0     84.1
     1     1    14     9     2    15     0     3   -69.0   52.528    2.106     64.8   1015.9    289.6      0.0     86.4
     1     1    14     9     2    14     0     2   -70.0   52.590    2.258     67.3   1015.5    289.5      0.0     85.9
     1     1    14     9     2    13     0     1   -71.0   52.641    2.393     68.8   1015.5    289.5      0.0     85.8
     1     1    14     9     2    12     0     0   -72.0   52.676    2.515     69.5   1015.5    289.5      0.0     86.2
