     7     1
    GDAS    14     8    22     0     0
    GDAS    14     8    29     0     0
    GDAS    14     9     1     0     0
    GDAS    14     9     8     0     0
    GDAS    14     9    15     0     0
    GDAS    14     9    22     0     0
    GDAS    14     9    29     0     0
     1 BACKWARD OMEGA   
    14     9    23     3   56.467   -2.973   100.0
     4 PRESSURE AIR_TEMP RAINFALL RELHUMID
     1     1    14     9    23     3     0     3     0.0   56.467   -2.973    100.0    974.2    283.6      0.0     90.6
     1     1    14     9    23     2     0     2    -1.0   56.393   -3.278    153.6    969.1    283.6      0.0     89.9
     1     1    14     9    23     1     0     1    -2.0   56.300   -3.621    202.6    964.6    283.6      0.0     88.4
     1     1    14     9    23     0     0     0    -3.0   56.174   -3.977    229.8    966.0    283.9      0.0     86.3
     1     1    14     9    22    23     0     1    -4.0   56.033   -4.328    225.6    971.5    284.3      0.0     85.6
     1     1    14     9    22    22     0     2    -5.0   55.910   -4.646    186.1    976.0    284.6      0.0     84.9
     1     1    14     9    22    21     0     3    -6.0   55.795   -4.899    129.8    985.1    285.3      0.0     81.5
     1     1    14     9    22    20     0     2    -7.0   55.695   -5.097     89.2    994.6    285.7      0.0     79.4
     1     1    14     9    22    19     0     1    -8.0   55.610   -5.273     67.9   1000.3    286.1      0.0     76.9
     1     1    14     9    22    18     0     0    -9.0   55.524   -5.439     58.9   1003.6    286.6      0.0     73.8
     1     1    14     9    22    17     0     1   -10.0   55.432   -5.591     57.2   1005.0    287.4      0.0     71.7
     1     1    14     9    22    16     0     2   -11.0   55.337   -5.723     61.3   1005.1    288.0      0.0     69.7
     1     1    14     9    22    15     0     3   -12.0   55.239   -5.831     71.2   1003.8    288.3      0.0     68.0
     1     1    14     9    22    14     0     2   -13.0   55.144   -5.926     86.6   1002.0    288.0      0.0     67.6
     1     1    14     9    22    13     0     1   -14.0   55.053   -6.025    108.1    999.5    287.5      0.0     67.0
     1     1    14     9    22    12     0     0   -15.0   54.965   -6.130    135.2    996.6    286.8      0.0     66.9
     1     1    14     9    22    11     0     1   -16.0   54.880   -6.254    167.6    992.7    285.7      0.0     71.3
     1     1    14     9    22    10     0     2   -17.0   54.797   -6.410    206.8    987.7    284.7      0.0     74.3
     1     1    14     9    22     9     0     3   -18.0   54.712   -6.600    254.2    982.1    283.7      0.0     75.2
     1     1    14     9    22     8     0     2   -19.0   54.622   -6.826    302.0    974.1    283.4      0.0     74.3
     1     1    14     9    22     7     0     1   -20.0   54.528   -7.077    338.2    968.6    283.2      0.0     74.3
     1     1    14     9    22     6     0     0   -21.0   54.427   -7.345    359.3    965.9    283.2      0.0     73.6
     1     1    14     9    22     5     0     1   -22.0   54.326   -7.615    367.8    965.8    283.5      0.0     72.6
     1     1    14     9    22     4     0     2   -23.0   54.224   -7.880    371.2    966.0    283.8      0.0     71.1
     1     1    14     9    22     3     0     3   -24.0   54.120   -8.136    378.1    967.3    284.2      0.0     69.5
     1     1    14     9    22     2     0     2   -25.0   54.013   -8.384    389.6    967.5    284.3      0.0     68.7
     1     1    14     9    22     1     0     1   -26.0   53.909   -8.623    401.7    968.3    284.4      0.0     69.1
     1     1    14     9    22     0     0     0   -27.0   53.811   -8.861    416.4    968.6    284.5      0.0     69.1
     1     1    14     9    21    23     0     1   -28.0   53.716   -9.068    429.5    968.1    284.7      0.0     69.5
     1     1    14     9    21    22     0     2   -29.0   53.618   -9.211    434.2    968.2    285.0      0.0     69.9
     1     1    14     9    21    21     0     3   -30.0   53.518   -9.300    429.9    969.6    285.3      0.0     69.2
     1     1    14     9    21    20     0     2   -31.0   53.424   -9.356    422.6    971.2    285.5      0.0     68.0
     1     1    14     9    21    19     0     1   -32.0   53.337   -9.397    417.2    972.0    285.7      0.0     66.8
     1     1    14     9    21    18     0     0   -33.0   53.258   -9.422    414.0    972.4    285.8      0.0     65.7
     1     1    14     9    21    17     0     1   -34.0   53.180   -9.428    417.9    972.5    285.7      0.0     65.7
     1     1    14     9    21    16     0     2   -35.0   53.100   -9.415    435.0    970.7    285.4      0.0     65.9
     1     1    14     9    21    15     0     3   -36.0   53.015   -9.380    468.0    966.6    284.9      0.0     66.4
     1     1    14     9    21    14     0     2   -37.0   52.927   -9.320    507.5    958.9    284.1      0.0     68.1
     1     1    14     9    21    13     0     1   -38.0   52.840   -9.236    542.0    952.9    283.3      0.0     69.3
     1     1    14     9    21    12     0     0   -39.0   52.755   -9.135    572.8    947.4    282.6      0.0     70.5
     1     1    14     9    21    11     0     1   -40.0   52.685   -9.011    606.1    942.1    282.4      0.0     69.6
     1     1    14     9    21    10     0     2   -41.0   52.643   -8.850    644.9    936.6    282.2      0.0     67.6
     1     1    14     9    21     9     0     3   -42.0   52.626   -8.651    682.8    931.7    282.2      0.0     65.1
     1     1    14     9    21     8     0     2   -43.0   52.622   -8.439    715.5    927.3    282.0      0.0     66.0
     1     1    14     9    21     7     0     1   -44.0   52.621   -8.239    741.5    924.1    281.8      0.0     65.5
     1     1    14     9    21     6     0     0   -45.0   52.624   -8.048    762.3    921.5    281.7      0.0     63.5
     1     1    14     9    21     5     0     1   -46.0   52.638   -7.857    781.4    920.1    281.6      0.0     64.9
     1     1    14     9    21     4     0     2   -47.0   52.671   -7.652    804.3    918.3    281.4      0.0     65.3
     1     1    14     9    21     3     0     3   -48.0   52.722   -7.433    835.6    915.3    281.2      0.0     63.7
     1     1    14     9    21     2     0     2   -49.0   52.792   -7.210    882.9    910.9    281.0      0.0     63.7
     1     1    14     9    21     1     0     1   -50.0   52.885   -7.000    951.8    902.2    280.8      0.0     56.6
     1     1    14     9    21     0     0     0   -51.0   53.004   -6.808   1027.3    891.3    280.6      0.0     51.2
     1     1    14     9    20    23     0     1   -52.0   53.148   -6.630   1086.6    884.7    280.4      0.0     53.2
     1     1    14     9    20    22     0     2   -53.0   53.320   -6.461   1128.0    881.9    280.3      0.0     53.6
     1     1    14     9    20    21     0     3   -54.0   53.517   -6.303   1163.6    879.6    280.2      0.0     50.8
     1     1    14     9    20    20     0     2   -55.0   53.729   -6.176   1195.7    876.7    280.0      0.0     49.6
     1     1    14     9    20    19     0     1   -56.0   53.941   -6.105   1220.8    874.7    279.9      0.0     47.5
     1     1    14     9    20    18     0     0   -57.0   54.156   -6.093   1241.0    872.4    279.7      0.0     47.6
     1     1    14     9    20    17     0     1   -58.0   54.377   -6.108   1265.1    869.2    279.4      0.0     51.1
     1     1    14     9    20    16     0     2   -59.0   54.598   -6.134   1296.7    864.4    279.0      0.0     50.8
     1     1    14     9    20    15     0     3   -60.0   54.811   -6.188   1329.8    859.3    278.6      0.0     48.0
     1     1    14     9    20    14     0     2   -61.0   55.014   -6.263   1367.3    855.5    278.2      0.0     46.1
     1     1    14     9    20    13     0     1   -62.0   55.208   -6.336   1416.6    851.9    278.0      0.0     47.2
     1     1    14     9    20    12     0     0   -63.0   55.391   -6.405   1474.1    847.4    277.6      0.0     47.4
     1     1    14     9    20    11     0     1   -64.0   55.579   -6.479   1532.8    842.3    277.5      0.0     48.0
     1     1    14     9    20    10     0     2   -65.0   55.787   -6.568   1592.0    838.4    277.3      0.0     48.8
     1     1    14     9    20     9     0     3   -66.0   56.013   -6.689   1660.3    834.1    277.0      0.0     49.3
     1     1    14     9    20     8     0     2   -67.0   56.248   -6.854   1726.1    825.7    276.7      0.0     48.7
     1     1    14     9    20     7     0     1   -68.0   56.484   -7.061   1775.9    821.1    276.3      0.0     49.4
     1     1    14     9    20     6     0     0   -69.0   56.713   -7.321   1808.8    817.4    276.1      0.0     48.3
     1     1    14     9    20     5     0     1   -70.0   56.926   -7.631   1831.7    815.8    276.3      0.0     45.5
     1     1    14     9    20     4     0     2   -71.0   57.118   -7.976   1853.1    814.0    276.6      0.0     39.7
     1     1    14     9    20     3     0     3   -72.0   57.288   -8.351   1875.8    811.8    276.9      0.0     33.1
