     7     1
    GDAS    14     8    22     0     0
    GDAS    14     8    29     0     0
    GDAS    14     9     1     0     0
    GDAS    14     9     8     0     0
    GDAS    14     9    15     0     0
    GDAS    14     9    22     0     0
    GDAS    14     9    29     0     0
     1 BACKWARD OMEGA   
    14     9    15     9   56.467   -2.973   100.0
     4 PRESSURE AIR_TEMP RAINFALL RELHUMID
     1     1    14     9    15     9     0     3     0.0   56.467   -2.973    100.0    980.3    284.1      0.0     98.2
     1     1    14     9    15     8     0     2    -1.0   56.594   -2.813     55.8    989.2    284.3      0.0     97.9
     1     1    14     9    15     7     0     1    -2.0   56.705   -2.646     32.1    995.2    284.3      0.0     97.7
     1     1    14     9    15     6     0     0    -3.0   56.811   -2.463     19.8   1002.4    284.4      0.0     97.0
     1     1    14     9    15     5     0     1    -4.0   56.916   -2.268     13.3   1010.5    284.8      0.0     94.6
     1     1    14     9    15     4     0     2    -5.0   57.021   -2.064      9.1   1020.1    285.5      0.0     91.1
     1     1    14     9    15     3     0     3    -6.0   57.119   -1.835      6.3   1023.5    286.0      0.0     87.4
     1     1    14     9    15     2     0     2    -7.0   57.205   -1.566      4.3   1024.1    286.2      0.0     85.6
     1     1    14     9    15     1     0     1    -8.0   57.280   -1.256      3.2   1025.1    286.4      0.0     83.2
     1     1    14     9    15     0     0     0    -9.0   57.342   -0.917      2.9   1026.3    286.5      0.0     81.0
     1     1    14     9    14    23     0     1   -10.0   57.395   -0.571      3.0   1026.7    286.4      0.0     80.9
     1     1    14     9    14    22     0     2   -11.0   57.445   -0.232      3.2   1027.0    286.4      0.0     80.7
     1     1    14     9    14    21     0     3   -12.0   57.503    0.100      3.6   1027.3    286.9      0.0     77.8
     1     1    14     9    14    20     0     2   -13.0   57.572    0.427      4.1   1027.4    286.8      0.0     77.4
     1     1    14     9    14    19     0     1   -14.0   57.643    0.749      4.3   1027.2    286.9      0.0     77.3
     1     1    14     9    14    18     0     0   -15.0   57.714    1.067      4.5   1027.1    287.1      0.0     77.5
     1     1    14     9    14    17     0     1   -16.0   57.791    1.373      4.5   1027.6    287.1      0.0     77.7
     1     1    14     9    14    16     0     2   -17.0   57.879    1.658      4.6   1028.2    287.2      0.0     78.8
     1     1    14     9    14    15     0     3   -18.0   57.981    1.927      4.9   1028.9    287.1      0.0     80.8
     1     1    14     9    14    14     0     2   -19.0   58.086    2.170      5.2   1029.3    287.2      0.0     80.9
     1     1    14     9    14    13     0     1   -20.0   58.183    2.378      5.7   1029.7    287.3      0.0     81.4
     1     1    14     9    14    12     0     0   -21.0   58.270    2.558      6.2   1030.0    287.3      0.0     82.3
     1     1    14     9    14    11     0     1   -22.0   58.354    2.725      6.7   1029.7    287.4      0.0     84.3
     1     1    14     9    14    10     0     2   -23.0   58.442    2.889      7.1   1029.4    287.6      0.0     85.9
     1     1    14     9    14     9     0     3   -24.0   58.534    3.051      7.4   1029.1    287.7      0.0     86.9
     1     1    14     9    14     8     0     2   -25.0   58.631    3.207      7.7   1029.0    287.7      0.0     86.3
     1     1    14     9    14     7     0     1   -26.0   58.734    3.350      8.0   1028.6    287.7      0.0     86.1
     1     1    14     9    14     6     0     0   -27.0   58.845    3.478      8.5   1028.0    287.7      0.0     86.2
     1     1    14     9    14     5     0     1   -28.0   58.964    3.578      9.1   1028.2    287.8      0.0     84.3
     1     1    14     9    14     4     0     2   -29.0   59.092    3.640      9.7   1028.4    287.8      0.0     82.3
     1     1    14     9    14     3     0     3   -30.0   59.225    3.667     10.4   1028.5    287.8      0.0     80.3
     1     1    14     9    14     2     0     2   -31.0   59.347    3.677     11.2   1029.3    287.8      0.0     79.6
     1     1    14     9    14     1     0     1   -32.0   59.447    3.686     11.9   1029.8    287.8      0.0     78.9
     1     1    14     9    14     0     0     0   -33.0   59.527    3.694     12.5   1030.1    287.8      0.0     78.2
     1     1    14     9    13    23     0     1   -34.0   59.596    3.696     13.2   1029.5    287.8      0.0     78.3
     1     1    14     9    13    22     0     2   -35.0   59.660    3.681     13.9   1029.0    287.7      0.0     78.6
     1     1    14     9    13    21     0     3   -36.0   59.719    3.650     14.7   1028.7    287.7      0.0     78.9
     1     1    14     9    13    20     0     2   -37.0   59.769    3.609     15.5   1028.8    287.7      0.0     79.1
     1     1    14     9    13    19     0     1   -38.0   59.811    3.558     16.1   1029.0    287.6      0.0     79.4
     1     1    14     9    13    18     0     0   -39.0   59.845    3.498     16.6   1029.2    287.5      0.0     79.6
     1     1    14     9    13    17     0     1   -40.0   59.865    3.425     17.0   1029.3    287.5      0.0     79.8
     1     1    14     9    13    16     0     2   -41.0   59.867    3.335     17.5   1029.3    287.4      0.0     79.9
     1     1    14     9    13    15     0     3   -42.0   59.850    3.228     17.9   1029.4    287.4      0.0     79.9
     1     1    14     9    13    14     0     2   -43.0   59.815    3.117     18.6   1029.7    287.3      0.0     80.6
     1     1    14     9    13    13     0     1   -44.0   59.765    3.014     19.6   1029.9    287.3      0.0     81.3
     1     1    14     9    13    12     0     0   -45.0   59.705    2.921     21.2   1030.0    287.3      0.0     81.6
     1     1    14     9    13    11     0     1   -46.0   59.638    2.844     22.9   1028.4    287.3      0.0     81.6
     1     1    14     9    13    10     0     2   -47.0   59.564    2.794     24.1   1026.9    287.2      0.0     81.7
     1     1    14     9    13     9     0     3   -48.0   59.487    2.770     24.9   1025.5    287.2      0.0     81.8
     1     1    14     9    13     8     0     2   -49.0   59.415    2.759     25.5   1025.8    287.2      0.0     81.9
     1     1    14     9    13     7     0     1   -50.0   59.356    2.744     26.2   1026.0    287.2      0.0     82.1
     1     1    14     9    13     6     0     0   -51.0   59.307    2.725     26.9   1026.3    287.2      0.0     82.2
     1     1    14     9    13     5     0     1   -52.0   59.260    2.697     27.5   1026.0    287.2      0.0     81.1
     1     1    14     9    13     4     0     2   -53.0   59.204    2.657     28.0   1025.7    287.1      0.0     80.0
     1     1    14     9    13     3     0     3   -54.0   59.140    2.605     28.8   1025.3    287.1      0.0     78.9
     1     1    14     9    13     2     0     2   -55.0   59.073    2.545     29.9   1025.5    287.1      0.0     78.9
     1     1    14     9    13     1     0     1   -56.0   59.009    2.483     31.4   1025.7    287.0      0.0     78.7
     1     1    14     9    13     0     0     0   -57.0   58.947    2.419     33.3   1025.9    287.0      0.0     78.8
     1     1    14     9    12    23     0     1   -58.0   58.889    2.355     35.0   1024.6    287.1      0.0     78.6
     1     1    14     9    12    22     0     2   -59.0   58.834    2.296     36.1   1023.4    287.1      0.0     78.5
     1     1    14     9    12    21     0     3   -60.0   58.783    2.239     36.8   1022.3    287.2      0.0     78.6
     1     1    14     9    12    20     0     2   -61.0   58.738    2.177     37.2   1022.5    287.2      0.0     78.6
     1     1    14     9    12    19     0     1   -62.0   58.703    2.103     37.5   1022.6    287.2      0.0     78.4
     1     1    14     9    12    18     0     0   -63.0   58.676    2.018     37.6   1022.8    287.1      0.0     78.1
     1     1    14     9    12    17     0     1   -64.0   58.651    1.927     37.9   1022.0    287.0      0.0     78.4
     1     1    14     9    12    16     0     2   -65.0   58.620    1.830     38.7   1021.2    286.9      0.0     78.8
     1     1    14     9    12    15     0     3   -66.0   58.582    1.728     40.0   1020.3    286.8      0.0     79.3
     1     1    14     9    12    14     0     2   -67.0   58.540    1.626     41.3   1020.8    286.8      0.0     79.8
     1     1    14     9    12    13     0     1   -68.0   58.494    1.531     42.1   1021.5    286.8      0.0     80.3
     1     1    14     9    12    12     0     0   -69.0   58.447    1.443     42.3   1022.3    286.8      0.0     80.8
     1     1    14     9    12    11     0     1   -70.0   58.398    1.364     42.4   1022.0    286.8      0.0     82.4
     1     1    14     9    12    10     0     2   -71.0   58.344    1.300     42.5   1021.6    286.8      0.0     84.1
     1     1    14     9    12     9     0     3   -72.0   58.285    1.249     42.7   1021.1    286.8      0.0     85.9
