     7     1
    GDAS    14     8    22     0     0
    GDAS    14     8    29     0     0
    GDAS    14     9     1     0     0
    GDAS    14     9     8     0     0
    GDAS    14     9    15     0     0
    GDAS    14     9    22     0     0
    GDAS    14     9    29     0     0
     1 BACKWARD OMEGA   
    14     9    17    23   56.467   -2.973   100.0
     4 PRESSURE AIR_TEMP RAINFALL RELHUMID
     1     1    14     9    17    23     0     1     0.0   56.467   -2.973    100.0    972.8    285.7      0.0     98.9
     1     1    14     9    17    22     0     2    -1.0   56.483   -2.863     74.4    979.3    285.8      0.0     98.7
     1     1    14     9    17    21     0     3    -2.0   56.495   -2.770     58.0    983.8    285.8      0.0     98.5
     1     1    14     9    17    20     0     2    -3.0   56.506   -2.676     45.9    987.0    286.0      0.0     97.8
     1     1    14     9    17    19     0     1    -4.0   56.521   -2.563     35.5    990.8    286.2      0.0     97.2
     1     1    14     9    17    18     0     0    -5.0   56.542   -2.434     26.7    995.1    286.5      0.0     96.8
     1     1    14     9    17    17     0     1    -6.0   56.571   -2.309     20.5   1000.0    286.7      0.0     96.0
     1     1    14     9    17    16     0     2    -7.0   56.608   -2.208     16.6   1004.0    286.8      0.0     95.7
     1     1    14     9    17    15     0     3    -8.0   56.651   -2.130     14.3   1007.4    286.8      0.0     95.7
     1     1    14     9    17    14     0     2    -9.0   56.696   -2.056     12.4   1010.3    286.7      0.0     96.2
     1     1    14     9    17    13     0     1   -10.0   56.738   -1.965     10.4   1013.0    286.6      0.0     96.6
     1     1    14     9    17    12     0     0   -11.0   56.773   -1.848      8.5   1013.5    286.5      0.0     96.5
     1     1    14     9    17    11     0     1   -12.0   56.805   -1.709      6.8   1013.7    286.6      0.0     96.0
     1     1    14     9    17    10     0     2   -13.0   56.841   -1.554      5.4   1014.0    286.6      0.0     95.8
     1     1    14     9    17     9     0     3   -14.0   56.879   -1.372      4.2   1014.5    286.6      0.0     96.2
     1     1    14     9    17     8     0     2   -15.0   56.908   -1.161      3.4   1015.0    286.6      0.3     96.9
     1     1    14     9    17     7     0     1   -16.0   56.922   -0.937      3.0   1014.8    286.5      0.3     98.0
     1     1    14     9    17     6     0     0   -17.0   56.930   -0.727      2.9   1014.3    286.5      0.3     98.0
     1     1    14     9    17     5     0     1   -18.0   56.939   -0.544      2.6   1015.2    286.5      0.2     98.3
     1     1    14     9    17     4     0     2   -19.0   56.950   -0.380      1.8   1016.1    286.5      0.3     98.6
     1     1    14     9    17     3     0     3   -20.0   56.964   -0.235      0.4   1017.1    286.5      0.3     98.9
     1     1    14     9    17     2     0     2   -21.0   56.976   -0.103      0.0   1016.9    286.5      0.0     99.3
     1     1    14     9    17     1     0     1   -22.0   56.930    0.113      0.0   1016.7    287.0      0.0     96.4
     1     1    14     9    17     0     0     0   -23.0   56.829    0.420      0.0   1016.5    287.1      0.0     95.3
     1     1    14     9    16    23     0     1   -24.0   56.730    0.738      0.0   1016.8    287.2      0.5     94.7
     1     1    14     9    16    22     0     2   -25.0   56.640    1.081      0.0   1017.4    287.2      0.5     94.7
     1     1    14     9    16    21     0     3   -26.0   56.559    1.459      0.0   1017.5    287.4      0.5     93.7
     1     1    14     9    16    20     0     2   -27.0   56.478    1.876      0.0   1017.1    287.6      0.0     92.6
     1     1    14     9    16    19     0     1   -28.0   56.391    2.321      0.0   1016.8    287.8      0.0     92.0
     1     1    14     9    16    18     0     0   -29.0   56.311    2.783      0.0   1016.5    287.9      1.0     91.7
     1     1    14     9    16    17     0     1   -30.0   56.242    3.258      0.0   1017.3    288.2      1.0     91.1
     1     1    14     9    16    16     0     2   -31.0   56.179    3.739      0.0   1018.1    288.4      0.3     90.9
     1     1    14     9    16    15     0     3   -32.0   56.118    4.220      0.0   1018.1    288.6      0.3     90.8
     1     1    14     9    16    14     0     2   -33.0   56.058    4.713      0.0   1018.0    288.9      0.6     89.1
     1     1    14     9    16    13     0     1   -34.0   56.000    5.226      0.0   1018.3    289.2      0.5     88.3
     1     1    14     9    16    12     0     0   -35.0   55.949    5.751      0.0   1020.2    289.6      0.0     87.8
     1     1    14     9    16    11     0     1   -36.0   55.904    6.283      0.0   1021.0    289.7      0.0     86.0
     1     1    14     9    16    10     0     2   -37.0   55.859    6.818      0.0   1021.0    289.7      0.0     85.5
     1     1    14     9    16     9     0     3   -38.0   55.815    7.340      0.0   1020.9    289.7      0.0     87.2
     1     1    14     9    16     8     0     2   -39.0   55.777    7.835      0.6   1020.7    289.7      0.0     87.8
     1     1    14     9    16     7     0     1   -40.0   55.754    8.280      2.2   1018.8    289.4      0.0     90.2
     1     1    14     9    16     6     0     0   -41.0   55.749    8.646      4.6   1016.2    287.6      0.0     94.7
     1     1    14     9    16     5     0     1   -42.0   55.760    8.937      7.9   1014.5    286.5      0.0     96.0
     1     1    14     9    16     4     0     2   -43.0   55.780    9.203     11.3   1014.7    286.4      0.0     95.5
     1     1    14     9    16     3     0     3   -44.0   55.802    9.483     13.8   1015.3    286.7      0.0     94.1
     1     1    14     9    16     2     0     2   -45.0   55.823    9.773     13.4   1016.1    287.3      0.0     92.7
     1     1    14     9    16     1     0     1   -46.0   55.840   10.058     10.8   1017.6    287.9      0.0     91.5
     1     1    14     9    16     0     0     0   -47.0   55.848   10.360      8.3   1019.0    288.6      0.0     90.5
     1     1    14     9    15    23     0     1   -48.0   55.837   10.721      6.8   1020.7    289.4      0.0     88.1
     1     1    14     9    15    22     0     2   -49.0   55.804   11.158      6.4   1021.9    289.9      0.0     86.2
     1     1    14     9    15    21     0     3   -50.0   55.764   11.625      6.4   1021.7    289.7      0.0     85.4
     1     1    14     9    15    20     0     2   -51.0   55.733   12.076      6.8   1021.0    289.4      0.0     83.3
     1     1    14     9    15    19     0     1   -52.0   55.720   12.505      8.3   1019.9    288.8      0.0     81.8
     1     1    14     9    15    18     0     0   -53.0   55.729   12.921     12.0   1018.3    288.4      0.0     81.0
     1     1    14     9    15    17     0     1   -54.0   55.750   13.335     17.4   1016.5    289.1      0.0     78.6
     1     1    14     9    15    16     0     2   -55.0   55.780   13.753     17.4   1016.0    289.9      0.0     76.6
     1     1    14     9    15    15     0     3   -56.0   55.821   14.178     13.1   1018.2    290.8      0.0     74.7
     1     1    14     9    15    14     0     2   -57.0   55.873   14.630     10.2   1022.1    290.9      0.0     75.1
     1     1    14     9    15    13     0     1   -58.0   55.933   15.119      9.8   1026.2    290.6      0.0     76.0
     1     1    14     9    15    12     0     0   -59.0   55.993   15.633      9.7   1027.4    290.6      0.0     77.3
     1     1    14     9    15    11     0     1   -60.0   56.044   16.161      9.4   1026.1    290.5      0.0     76.6
     1     1    14     9    15    10     0     2   -61.0   56.075   16.701      9.0   1025.5    290.2      0.0     74.6
     1     1    14     9    15     9     0     3   -62.0   56.084   17.247      8.8   1025.8    290.0      0.0     72.4
     1     1    14     9    15     8     0     2   -63.0   56.082   17.791      8.8   1027.4    290.0      0.0     71.8
     1     1    14     9    15     7     0     1   -64.0   56.080   18.331      8.8   1027.4    290.2      0.0     71.2
     1     1    14     9    15     6     0     0   -65.0   56.073   18.873      8.9   1026.9    290.2      0.0     70.6
     1     1    14     9    15     5     0     1   -66.0   56.065   19.412      8.9   1026.9    290.3      0.0     69.4
     1     1    14     9    15     4     0     2   -67.0   56.056   19.936      8.9   1026.9    290.5      0.0     67.8
     1     1    14     9    15     3     0     3   -68.0   56.055   20.424      9.4   1026.9    290.5      0.0     65.2
     1     1    14     9    15     2     0     2   -69.0   56.061   20.865     10.7   1026.6    290.4      0.0     62.4
     1     1    14     9    15     1     0     1   -70.0   56.065   21.253     13.2   1022.2    287.6      0.0     63.7
     1     1    14     9    15     0     0     0   -71.0   56.069   21.584     16.9   1016.4    284.4      0.0     66.0
     1     1    14     9    14    23     0     1   -72.0   56.077   21.869     22.2   1011.8    282.4      0.0     68.2
