     7     1
    GDAS    14     8    22     0     0
    GDAS    14     8    29     0     0
    GDAS    14     9     1     0     0
    GDAS    14     9     8     0     0
    GDAS    14     9    15     0     0
    GDAS    14     9    22     0     0
    GDAS    14     9    29     0     0
     1 BACKWARD OMEGA   
    14     9    11    15   56.467   -2.973   100.0
     4 PRESSURE AIR_TEMP RAINFALL RELHUMID
     1     1    14     9    11    15     0     3     0.0   56.467   -2.973    100.0    979.9    289.0      0.0     78.8
     1     1    14     9    11    14     0     2    -1.0   56.419   -2.917     81.8    986.0    288.9      0.0     79.3
     1     1    14     9    11    13     0     1    -2.0   56.369   -2.862     70.7    990.7    288.7      0.0     80.4
     1     1    14     9    11    12     0     0    -3.0   56.317   -2.807     64.3    994.7    288.4      0.0     81.9
     1     1    14     9    11    11     0     1    -4.0   56.262   -2.757     62.4    997.2    287.5      0.0     83.4
     1     1    14     9    11    10     0     2    -5.0   56.206   -2.720     65.5    998.5    286.6      0.0     85.1
     1     1    14     9    11     9     0     3    -6.0   56.149   -2.696     73.4    998.9    285.7      0.0     86.9
     1     1    14     9    11     8     0     2    -7.0   56.090   -2.681     84.5    998.6    285.1      0.0     87.9
     1     1    14     9    11     7     0     1    -8.0   56.028   -2.671     95.8    998.4    284.7      0.0     88.7
     1     1    14     9    11     6     0     0    -9.0   55.962   -2.664    105.9    997.3    284.4      0.0     89.3
     1     1    14     9    11     5     0     1   -10.0   55.889   -2.644    116.2    995.9    284.6      0.0     88.8
     1     1    14     9    11     4     0     2   -11.0   55.798   -2.599    128.7    994.2    284.9      0.0     88.2
     1     1    14     9    11     3     0     3   -12.0   55.691   -2.529    143.6    991.9    285.1      0.0     87.6
     1     1    14     9    11     2     0     2   -13.0   55.570   -2.447    159.8    988.5    285.1      0.0     86.9
     1     1    14     9    11     1     0     1   -14.0   55.444   -2.364    176.4    984.7    285.1      0.0     86.6
     1     1    14     9    11     0     0     0   -15.0   55.311   -2.280    192.3    980.6    285.0      0.0     86.8
     1     1    14     9    10    23     0     1   -16.0   55.181   -2.180    203.6    976.2    284.9      0.0     86.9
     1     1    14     9    10    22     0     2   -17.0   55.063   -2.047    202.3    972.5    284.6      0.0     88.0
     1     1    14     9    10    21     0     3   -18.0   54.959   -1.878    185.5    975.8    284.8      0.0     87.1
     1     1    14     9    10    20     0     2   -19.0   54.872   -1.679    162.7    984.1    285.6      0.0     83.7
     1     1    14     9    10    19     0     1   -20.0   54.798   -1.461    143.5    992.2    286.4      0.0     80.1
     1     1    14     9    10    18     0     0   -21.0   54.733   -1.230    135.0    998.8    287.0      0.0     76.7
     1     1    14     9    10    17     0     1   -22.0   54.672   -0.991    141.3   1004.0    287.2      0.0     73.5
     1     1    14     9    10    16     0     2   -23.0   54.617   -0.756    155.8   1000.9    287.2      0.0     71.6
     1     1    14     9    10    15     0     3   -24.0   54.572   -0.532    170.5    998.7    287.3      0.0     69.9
     1     1    14     9    10    14     0     2   -25.0   54.529   -0.327    182.5    996.6    287.2      0.0     70.1
     1     1    14     9    10    13     0     1   -26.0   54.484   -0.147    188.0    995.6    287.3      0.0     70.1
     1     1    14     9    10    12     0     0   -27.0   54.436    0.002    187.1   1000.0    286.2      0.0     76.1
     1     1    14     9    10    11     0     1   -28.0   54.394    0.132    183.6   1000.7    286.2      0.0     75.9
     1     1    14     9    10    10     0     2   -29.0   54.368    0.265    182.6   1000.7    286.2      0.0     75.8
     1     1    14     9    10     9     0     3   -30.0   54.357    0.398    184.7   1000.3    286.1      0.0     75.8
     1     1    14     9    10     8     0     2   -31.0   54.357    0.524    188.8    999.5    286.0      0.0     76.5
     1     1    14     9    10     7     0     1   -32.0   54.363    0.634    192.7    998.9    285.8      0.0     77.3
     1     1    14     9    10     6     0     0   -33.0   54.374    0.733    195.2    998.4    285.7      0.0     78.0
     1     1    14     9    10     5     0     1   -34.0   54.387    0.819    195.8    998.3    285.7      0.0     78.2
     1     1    14     9    10     4     0     2   -35.0   54.397    0.890    194.2    998.4    285.8      0.0     78.4
     1     1    14     9    10     3     0     3   -36.0   54.404    0.946    189.6    998.8    286.0      0.0     78.6
     1     1    14     9    10     2     0     2   -37.0   54.408    0.994    183.7    999.9    286.0      0.0     78.7
     1     1    14     9    10     1     0     1   -38.0   54.412    1.038    178.6   1000.6    286.1      0.0     78.8
     1     1    14     9    10     0     0     0   -39.0   54.416    1.080    174.2   1001.2    286.1      0.0     78.8
     1     1    14     9     9    23     0     1   -40.0   54.426    1.112    171.0   1001.6    286.2      0.0     78.8
     1     1    14     9     9    22     0     2   -41.0   54.450    1.129    169.3   1001.8    286.2      0.0     78.9
     1     1    14     9     9    21     0     3   -42.0   54.487    1.130    169.0   1001.8    286.2      0.0     79.0
     1     1    14     9     9    20     0     2   -43.0   54.531    1.118    170.2   1001.5    286.2      0.0     79.4
     1     1    14     9     9    19     0     1   -44.0   54.575    1.093    173.3   1000.9    286.1      0.0     79.9
     1     1    14     9     9    18     0     0   -45.0   54.618    1.056    177.9   1000.1    286.0      0.0     80.4
     1     1    14     9     9    17     0     1   -46.0   54.658    0.994    185.5    999.3    285.8      0.0     80.8
     1     1    14     9     9    16     0     2   -47.0   54.688    0.899    198.6    997.7    285.6      0.0     80.6
     1     1    14     9     9    15     0     3   -48.0   54.707    0.776    218.9    995.2    285.4      0.0     80.1
     1     1    14     9     9    14     0     2   -49.0   54.718    0.642    243.5    992.3    285.2      0.0     80.4
     1     1    14     9     9    13     0     1   -50.0   54.728    0.505    268.5    989.8    284.9      0.0     80.9
     1     1    14     9     9    12     0     0   -51.0   54.735    0.361    294.5    986.8    284.6      0.0     81.7
     1     1    14     9     9    11     0     1   -52.0   54.742    0.212    321.3    983.3    284.3      0.0     81.3
     1     1    14     9     9    10     0     2   -53.0   54.750    0.060    348.3    980.1    283.9      0.0     81.2
     1     1    14     9     9     9     0     3   -54.0   54.733   -0.056    372.9    975.1    283.6      0.0     78.6
     1     1    14     9     9     8     0     2   -55.0   54.692   -0.137    388.5    972.5    283.4      0.0     79.0
     1     1    14     9     9     7     0     1   -56.0   54.660   -0.224    393.4    971.5    283.4      0.0     79.3
     1     1    14     9     9     6     0     0   -57.0   54.636   -0.317    388.5    971.7    283.3      0.0     79.4
     1     1    14     9     9     5     0     1   -58.0   54.611   -0.413    379.3    973.1    283.5      0.0     78.9
     1     1    14     9     9     4     0     2   -59.0   54.574   -0.507    370.3    973.7    283.6      0.0     78.5
     1     1    14     9     9     3     0     3   -60.0   54.523   -0.595    361.1    974.3    283.8      0.0     78.2
     1     1    14     9     9     2     0     2   -61.0   54.469   -0.660    352.4    975.1    283.9      0.0     77.6
     1     1    14     9     9     1     0     1   -62.0   54.421   -0.689    345.3    975.7    284.0      0.0     76.9
     1     1    14     9     9     0     0     0   -63.0   54.378   -0.679    339.3    976.2    284.1      0.0     76.2
     1     1    14     9     8    23     0     1   -64.0   54.344   -0.642    338.3    976.4    284.2      0.0     76.1
     1     1    14     9     8    22     0     2   -65.0   54.325   -0.590    346.5    975.2    284.3      0.0     75.8
     1     1    14     9     8    21     0     3   -66.0   54.321   -0.530    364.3    973.0    284.3      0.0     75.4
     1     1    14     9     8    20     0     2   -67.0   54.327   -0.469    390.8    969.9    284.3      0.0     74.8
     1     1    14     9     8    19     0     1   -68.0   54.335   -0.412    424.9    966.2    284.1      0.0     74.6
     1     1    14     9     8    18     0     0   -69.0   54.345   -0.362    466.4    961.2    283.8      0.0     75.1
     1     1    14     9     8    17     0     1   -70.0   54.364   -0.329    506.8    955.2    283.7      0.0     75.3
     1     1    14     9     8    16     0     2   -71.0   54.406   -0.312    540.3    951.5    283.6      0.0     75.9
     1     1    14     9     8    15     0     3   -72.0   54.470   -0.306    567.4    948.6    283.4      0.0     77.0
