     7     1
    GDAS    14     8    22     0     0
    GDAS    14     8    29     0     0
    GDAS    14     9     1     0     0
    GDAS    14     9     8     0     0
    GDAS    14     9    15     0     0
    GDAS    14     9    22     0     0
    GDAS    14     9    29     0     0
     1 BACKWARD OMEGA   
    14     9    23     4   56.467   -2.973   100.0
     4 PRESSURE AIR_TEMP RAINFALL RELHUMID
     1     1    14     9    23     4     0     2     0.0   56.467   -2.973    100.0    973.9    283.3      0.0     91.4
     1     1    14     9    23     3     0     3    -1.0   56.411   -3.268    147.9    968.8    283.5      0.0     92.2
     1     1    14     9    23     2     0     2    -2.0   56.330   -3.604    194.2    963.9    283.4      0.0     91.4
     1     1    14     9    23     1     0     1    -3.0   56.226   -3.952    222.3    963.8    283.6      0.0     90.1
     1     1    14     9    23     0     0     0    -4.0   56.101   -4.295    219.7    968.9    284.0      0.0     89.3
     1     1    14     9    22    23     0     1    -5.0   55.982   -4.612    183.0    975.8    284.4      0.0     88.8
     1     1    14     9    22    22     0     2    -6.0   55.876   -4.875    127.2    983.8    285.0      0.0     86.0
     1     1    14     9    22    21     0     3    -7.0   55.777   -5.083     81.2    993.3    285.5      0.0     82.5
     1     1    14     9    22    20     0     2    -8.0   55.688   -5.267     53.9   1000.7    285.9      0.0     80.1
     1     1    14     9    22    19     0     1    -9.0   55.606   -5.442     41.7   1004.2    286.4      0.0     77.0
     1     1    14     9    22    18     0     0   -10.0   55.518   -5.607     36.8   1006.7    286.8      0.1     73.3
     1     1    14     9    22    17     0     1   -11.0   55.424   -5.754     37.2   1007.6    287.6      0.0     71.2
     1     1    14     9    22    16     0     2   -12.0   55.328   -5.878     42.3   1007.5    288.2      0.0     69.3
     1     1    14     9    22    15     0     3   -13.0   55.232   -5.973     52.6   1006.3    288.7      0.0     67.6
     1     1    14     9    22    14     0     2   -14.0   55.138   -6.059     67.4   1004.1    288.3      0.0     67.3
     1     1    14     9    22    13     0     1   -15.0   55.050   -6.152     85.7   1001.4    287.9      0.0     66.8
     1     1    14     9    22    12     0     0   -16.0   54.965   -6.252    107.3    998.9    287.3      0.0     66.6
     1     1    14     9    22    11     0     1   -17.0   54.882   -6.366    134.2    996.4    286.1      0.0     70.9
     1     1    14     9    22    10     0     2   -18.0   54.799   -6.507    168.4    991.9    284.9      0.0     74.5
     1     1    14     9    22     9     0     3   -19.0   54.714   -6.678    210.5    986.4    283.8      0.0     76.1
     1     1    14     9    22     8     0     2   -20.0   54.624   -6.882    253.8    979.9    283.5      0.0     75.5
     1     1    14     9    22     7     0     1   -21.0   54.528   -7.114    287.1    974.7    283.4      0.0     75.2
     1     1    14     9    22     6     0     0   -22.0   54.430   -7.364    305.9    972.2    283.4      0.0     74.2
     1     1    14     9    22     5     0     1   -23.0   54.331   -7.619    312.5    972.2    283.7      0.0     72.9
     1     1    14     9    22     4     0     2   -24.0   54.235   -7.867    313.8    972.6    284.1      0.0     71.3
     1     1    14     9    22     3     0     3   -25.0   54.138   -8.107    316.7    974.0    284.4      0.0     69.8
     1     1    14     9    22     2     0     2   -26.0   54.040   -8.338    322.8    974.8    284.6      0.0     69.3
     1     1    14     9    22     1     0     1   -27.0   53.944   -8.564    329.6    975.9    284.7      0.0     69.5
     1     1    14     9    22     0     0     0   -28.0   53.856   -8.791    339.1    976.7    284.9      0.0     69.5
     1     1    14     9    21    23     0     1   -29.0   53.773   -8.990    349.8    976.8    285.2      0.0     68.9
     1     1    14     9    21    22     0     2   -30.0   53.689   -9.129    354.4    976.5    285.5      0.0     69.4
     1     1    14     9    21    21     0     3   -31.0   53.602   -9.216    350.1    977.8    285.9      0.0     68.9
     1     1    14     9    21    20     0     2   -32.0   53.519   -9.270    342.0    979.4    286.1      0.0     67.8
     1     1    14     9    21    19     0     1   -33.0   53.444   -9.311    334.1    980.5    286.3      0.0     66.8
     1     1    14     9    21    18     0     0   -34.0   53.375   -9.336    326.9    981.4    286.5      0.0     65.8
     1     1    14     9    21    17     0     1   -35.0   53.308   -9.344    324.9    982.1    286.4      0.0     65.6
     1     1    14     9    21    16     0     2   -36.0   53.236   -9.334    333.0    981.1    286.3      0.0     65.6
     1     1    14     9    21    15     0     3   -37.0   53.159   -9.302    353.1    978.7    286.0      0.0     65.8
     1     1    14     9    21    14     0     2   -38.0   53.081   -9.242    383.0    974.7    285.2      0.0     68.0
     1     1    14     9    21    13     0     1   -39.0   53.007   -9.149    418.5    970.3    284.3      0.0     70.2
     1     1    14     9    21    12     0     0   -40.0   52.935   -9.028    456.2    963.6    283.4      0.0     71.9
     1     1    14     9    21    11     0     1   -41.0   52.878   -8.879    495.4    957.1    283.1      0.0     71.1
     1     1    14     9    21    10     0     2   -42.0   52.844   -8.699    535.9    951.0    282.8      0.0     69.8
     1     1    14     9    21     9     0     3   -43.0   52.836   -8.487    574.8    945.6    282.6      0.0     67.8
     1     1    14     9    21     8     0     2   -44.0   52.840   -8.267    607.9    940.4    282.5      0.0     68.0
     1     1    14     9    21     7     0     1   -45.0   52.847   -8.063    633.6    936.4    282.4      0.0     66.4
     1     1    14     9    21     6     0     0   -46.0   52.856   -7.871    658.3    933.5    282.3      0.0     65.0
     1     1    14     9    21     5     0     1   -47.0   52.876   -7.679    687.9    930.1    282.0      0.0     66.4
     1     1    14     9    21     4     0     2   -48.0   52.914   -7.477    725.5    925.7    281.7      0.0     65.8
     1     1    14     9    21     3     0     3   -49.0   52.968   -7.264    774.4    919.8    281.4      0.0     62.5
     1     1    14     9    21     2     0     2   -50.0   53.038   -7.051    839.5    912.8    281.1      0.0     60.3
     1     1    14     9    21     1     0     1   -51.0   53.129   -6.845    908.6    904.3    280.8      0.0     59.0
     1     1    14     9    21     0     0     0   -52.0   53.244   -6.640    962.0    898.8    280.7      0.0     58.6
     1     1    14     9    20    23     0     1   -53.0   53.387   -6.440    995.5    896.1    280.6      0.0     61.0
     1     1    14     9    20    22     0     2   -54.0   53.560   -6.252   1018.7    895.4    280.6      0.0     60.2
     1     1    14     9    20    21     0     3   -55.0   53.763   -6.076   1044.2    894.5    280.6      0.0     55.4
     1     1    14     9    20    20     0     2   -56.0   53.976   -5.937   1072.2    892.4    280.5      0.0     54.6
     1     1    14     9    20    19     0     1   -57.0   54.190   -5.856   1095.0    889.4    280.3      0.0     57.1
     1     1    14     9    20    18     0     0   -58.0   54.415   -5.827   1115.4    886.7    280.1      0.0     57.7
     1     1    14     9    20    17     0     1   -59.0   54.648   -5.827   1142.7    883.0    279.8      0.0     59.2
     1     1    14     9    20    16     0     2   -60.0   54.876   -5.849   1179.1    877.5    279.3      0.0     56.5
     1     1    14     9    20    15     0     3   -61.0   55.093   -5.904   1222.4    871.9    278.9      0.0     52.9
     1     1    14     9    20    14     0     2   -62.0   55.302   -5.971   1272.4    867.8    278.7      0.0     53.1
     1     1    14     9    20    13     0     1   -63.0   55.503   -6.031   1327.1    863.2    278.3      0.0     52.6
     1     1    14     9    20    12     0     0   -64.0   55.694   -6.096   1379.9    858.8    277.8      0.0     52.3
     1     1    14     9    20    11     0     1   -65.0   55.885   -6.166   1428.9    855.1    277.6      0.0     53.9
     1     1    14     9    20    10     0     2   -66.0   56.089   -6.244   1477.9    851.0    277.3      0.0     57.2
     1     1    14     9    20     9     0     3   -67.0   56.308   -6.351   1536.2    844.5    276.9      0.0     60.8
     1     1    14     9    20     8     0     2   -68.0   56.537   -6.503   1596.8    836.3    276.5      0.0     62.5
     1     1    14     9    20     7     0     1   -69.0   56.764   -6.701   1644.8    831.7    276.1      0.0     65.7
     1     1    14     9    20     6     0     0   -70.0   56.985   -6.950   1680.0    829.7    275.6      0.0     71.2
     1     1    14     9    20     5     0     1   -71.0   57.190   -7.243   1702.9    827.2    276.0      0.0     65.2
     1     1    14     9    20     4     0     2   -72.0   57.369   -7.570   1718.5    825.6    276.4      0.0     58.0
