     7     1
    GDAS    14     8    22     0     0
    GDAS    14     8    29     0     0
    GDAS    14     9     1     0     0
    GDAS    14     9     8     0     0
    GDAS    14     9    15     0     0
    GDAS    14     9    22     0     0
    GDAS    14     9    29     0     0
     1 BACKWARD OMEGA   
    14     9     3    19   56.467   -2.973   100.0
     4 PRESSURE AIR_TEMP RAINFALL RELHUMID
     1     1    14     9     3    19     0     1     0.0   56.467   -2.973    100.0    979.5    287.3      0.0     83.7
     1     1    14     9     3    18     0     0    -1.0   56.360   -2.891    104.2    984.7    288.1      0.0     79.6
     1     1    14     9     3    17     0     1    -2.0   56.252   -2.796    109.9    989.3    288.6      0.0     76.0
     1     1    14     9     3    16     0     2    -3.0   56.141   -2.687    115.5    993.6    288.8      0.0     73.5
     1     1    14     9     3    15     0     3    -4.0   56.029   -2.561    120.5    997.3    288.9      0.0     71.9
     1     1    14     9     3    14     0     2    -5.0   55.916   -2.433    123.6    998.4    288.6      0.0     73.3
     1     1    14     9     3    13     0     1    -6.0   55.804   -2.324    123.5    998.0    288.4      0.0     75.3
     1     1    14     9     3    12     0     0    -7.0   55.695   -2.235    119.6    997.7    288.2      0.0     77.3
     1     1    14     9     3    11     0     1    -8.0   55.589   -2.162    115.2    997.0    287.7      0.0     80.2
     1     1    14     9     3    10     0     2    -9.0   55.485   -2.104    113.4    995.5    287.2      0.0     83.5
     1     1    14     9     3     9     0     3   -10.0   55.385   -2.064    115.2    993.4    286.5      0.0     86.9
     1     1    14     9     3     8     0     2   -11.0   55.289   -2.043    122.0    990.4    286.1      0.0     88.4
     1     1    14     9     3     7     0     1   -12.0   55.195   -2.043    135.7    986.8    285.7      0.0     89.9
     1     1    14     9     3     6     0     0   -13.0   55.100   -2.068    158.7    982.0    285.3      0.0     91.0
     1     1    14     9     3     5     0     1   -14.0   55.001   -2.108    185.5    976.1    285.1      0.0     89.6
     1     1    14     9     3     4     0     2   -15.0   54.898   -2.138    206.8    973.4    285.0      0.0     87.7
     1     1    14     9     3     3     0     3   -16.0   54.791   -2.149    219.0    972.0    284.8      0.0     86.4
     1     1    14     9     3     2     0     2   -17.0   54.683   -2.137    223.4    971.5    284.8      0.0     86.1
     1     1    14     9     3     1     0     1   -18.0   54.579   -2.099    221.5    971.0    284.8      0.0     86.4
     1     1    14     9     3     0     0     0   -19.0   54.480   -2.034    212.7    970.5    284.6      0.0     87.3
     1     1    14     9     2    23     0     1   -20.0   54.388   -1.938    193.4    972.7    285.0      0.0     85.6
     1     1    14     9     2    22     0     2   -21.0   54.304   -1.812    165.3    979.2    285.7      0.0     83.4
     1     1    14     9     2    21     0     3   -22.0   54.229   -1.656    136.5    986.8    286.4      0.0     81.0
     1     1    14     9     2    20     0     2   -23.0   54.166   -1.487    117.0    993.0    287.0      0.0     77.9
     1     1    14     9     2    19     0     1   -24.0   54.120   -1.316    110.5    997.2    287.8      0.0     75.4
     1     1    14     9     2    18     0     0   -25.0   54.091   -1.139    118.0   1000.1    288.6      0.0     73.6
     1     1    14     9     2    17     0     1   -26.0   54.077   -0.954    140.1   1000.5    289.0      0.0     70.8
     1     1    14     9     2    16     0     2   -27.0   54.078   -0.772    167.8    995.8    289.0      0.0     68.7
     1     1    14     9     2    15     0     3   -28.0   54.093   -0.604    192.6    992.7    289.0      0.0     66.6
     1     1    14     9     2    14     0     2   -29.0   54.117   -0.452    215.7    990.8    288.4      0.0     68.7
     1     1    14     9     2    13     0     1   -30.0   54.144   -0.323    238.7    988.9    287.9      0.0     70.7
     1     1    14     9     2    12     0     0   -31.0   54.176   -0.218    261.9    987.1    287.3      0.0     72.5
     1     1    14     9     2    11     0     1   -32.0   54.215   -0.133    287.8    984.3    286.3      0.0     76.8
     1     1    14     9     2    10     0     2   -33.0   54.266   -0.066    318.4    980.7    285.2      0.0     81.4
     1     1    14     9     2     9     0     3   -34.0   54.328   -0.015    353.7    976.8    284.2      0.0     85.8
     1     1    14     9     2     8     0     2   -35.0   54.406    0.026    378.8    976.6    284.2      0.0     92.2
     1     1    14     9     2     7     0     1   -36.0   54.499    0.067    389.5    976.7    284.2      0.0     92.2
     1     1    14     9     2     6     0     0   -37.0   54.602    0.122    399.4    975.3    284.0      0.0     92.8
     1     1    14     9     2     5     0     1   -38.0   54.712    0.180    406.5    974.2    284.2      0.0     92.0
     1     1    14     9     2     4     0     2   -39.0   54.828    0.233    410.2    973.8    284.4      0.0     91.7
     1     1    14     9     2     3     0     3   -40.0   54.949    0.283    412.1    973.4    284.6      0.0     91.7
     1     1    14     9     2     2     0     2   -41.0   55.076    0.321    413.6    973.2    284.7      0.0     90.1
     1     1    14     9     2     1     0     1   -42.0   55.214    0.336    416.0    972.8    284.7      0.0     87.7
     1     1    14     9     2     0     0     0   -43.0   55.365    0.336    420.4    972.3    284.8      0.0     85.9
     1     1    14     9     1    23     0     1   -44.0   55.526    0.324    429.7    971.3    284.7      0.0     85.1
     1     1    14     9     1    22     0     2   -45.0   55.690    0.302    446.0    969.1    284.6      0.0     86.2
     1     1    14     9     1    21     0     3   -46.0   55.851    0.270    468.8    966.0    284.4      0.0     89.3
     1     1    14     9     1    20     0     2   -47.0   55.996    0.230    492.5    962.0    284.2      0.0     91.8
     1     1    14     9     1    19     0     1   -48.0   56.123    0.173    512.0    959.4    284.1      0.0     90.3
     1     1    14     9     1    18     0     0   -49.0   56.238    0.090    527.9    957.1    283.9      0.0     89.4
     1     1    14     9     1    17     0     1   -50.0   56.349   -0.025    561.4    955.7    283.9      0.0     79.0
     1     1    14     9     1    16     0     2   -51.0   56.457   -0.165    617.9    947.3    283.5      0.0     81.6
     1     1    14     9     1    15     0     3   -52.0   56.561   -0.316    678.6    939.7    283.0      0.0     84.9
     1     1    14     9     1    14     0     2   -53.0   56.657   -0.471    741.6    932.2    282.5      0.0     88.3
     1     1    14     9     1    13     0     1   -54.0   56.736   -0.627    804.1    924.9    282.1      0.0     91.7
     1     1    14     9     1    12     0     0   -55.0   56.796   -0.786    862.6    918.2    281.7      0.0     95.2
     1     1    14     9     1    11     0     1   -56.0   56.831   -0.940    904.1    911.8    281.6      0.2     96.5
     1     1    14     9     1    10     0     2   -57.0   56.847   -1.075    913.4    909.8    281.7      0.2     97.0
     1     1    14     9     1     9     0     3   -58.0   56.855   -1.186    888.1    912.2    281.9      0.2     96.9
     1     1    14     9     1     8     0     2   -59.0   56.867   -1.295    837.0    918.4    282.4      0.0     95.5
     1     1    14     9     1     7     0     1   -60.0   56.884   -1.433    769.5    925.4    282.9      0.0     93.3
     1     1    14     9     1     6     0     0   -61.0   56.909   -1.605    688.1    934.4    283.6      0.0     90.5
     1     1    14     9     1     5     0     1   -62.0   56.934   -1.839    617.8    944.7    284.7      0.0     85.0
     1     1    14     9     1     4     0     2   -63.0   56.946   -2.166    592.0    941.3    284.9      0.0     82.6
     1     1    14     9     1     3     0     3   -64.0   56.936   -2.595    645.0    917.9    283.8      0.0     83.1
     1     1    14     9     1     2     0     2   -65.0   56.903   -3.104    784.9    883.6    281.5      0.4     88.4
     1     1    14     9     1     1     0     1   -66.0   56.837   -3.699    919.9    854.9    279.4      0.2     92.2
     1     1    14     9     1     0     0     0   -67.0   56.739   -4.373    988.6    852.9    279.0      0.2     95.5
     1     1    14     8    31    23     0     1   -68.0   56.615   -5.044   1012.0    861.7    279.8      0.1     95.2
     1     1    14     8    31    22     0     2   -69.0   56.474   -5.676    962.5    882.1    281.1      0.1     94.5
     1     1    14     8    31    21     0     3   -70.0   56.339   -6.293    847.9    911.6    282.7      0.2     95.6
     1     1    14     8    31    20     0     2   -71.0   56.207   -6.931    753.6    927.0    283.3      0.4     93.1
     1     1    14     8    31    19     0     1   -72.0   56.076   -7.623    679.5    933.0    283.8      0.7     93.7
