     7     1
    GDAS    14     8    22     0     0
    GDAS    14     8    29     0     0
    GDAS    14     9     1     0     0
    GDAS    14     9     8     0     0
    GDAS    14     9    15     0     0
    GDAS    14     9    22     0     0
    GDAS    14     9    29     0     0
     1 BACKWARD OMEGA   
    14     9    17    21   56.467   -2.973   100.0
     4 PRESSURE AIR_TEMP RAINFALL RELHUMID
     1     1    14     9    17    21     0     3     0.0   56.467   -2.973    100.0    973.2    285.7      0.0     98.9
     1     1    14     9    17    20     0     2    -1.0   56.478   -2.878     78.8    978.0    285.8      0.0     98.0
     1     1    14     9    17    19     0     1    -2.0   56.490   -2.764     61.7    983.0    286.0      0.0     97.2
     1     1    14     9    17    18     0     0    -3.0   56.506   -2.634     47.8    987.6    286.3      0.0     96.7
     1     1    14     9    17    17     0     1    -4.0   56.531   -2.510     37.6    992.3    286.6      0.1     95.4
     1     1    14     9    17    16     0     2    -5.0   56.564   -2.411     31.0    995.9    286.8      0.0     94.6
     1     1    14     9    17    15     0     3    -6.0   56.605   -2.336     26.9    998.8    287.0      0.0     94.2
     1     1    14     9    17    14     0     2    -7.0   56.648   -2.268     23.5   1001.2    286.8      0.0     94.4
     1     1    14     9    17    13     0     1    -8.0   56.688   -2.185     19.5   1004.6    286.7      0.0     94.7
     1     1    14     9    17    12     0     0    -9.0   56.727   -2.087     15.5   1008.8    286.6      0.0     95.5
     1     1    14     9    17    11     0     1   -10.0   56.774   -1.984     12.2   1012.5    286.5      0.0     95.5
     1     1    14     9    17    10     0     2   -11.0   56.833   -1.883      9.9   1012.9    286.6      0.0     94.8
     1     1    14     9    17     9     0     3   -12.0   56.898   -1.771      8.3   1013.0    286.6      0.0     94.3
     1     1    14     9    17     8     0     2   -13.0   56.961   -1.646      7.0   1013.8    286.4      0.0     93.8
     1     1    14     9    17     7     0     1   -14.0   57.016   -1.514      6.4   1014.2    286.3      0.0     93.8
     1     1    14     9    17     6     0     0   -15.0   57.057   -1.378      6.2   1014.5    286.2      0.3     94.4
     1     1    14     9    17     5     0     1   -16.0   57.082   -1.237      5.9   1015.1    286.3      0.2     96.1
     1     1    14     9    17     4     0     2   -17.0   57.092   -1.087      5.2   1016.1    286.4      0.2     97.8
     1     1    14     9    17     3     0     3   -18.0   57.094   -0.935      3.9   1017.1    286.5      0.2     98.9
     1     1    14     9    17     2     0     2   -19.0   57.093   -0.789      2.4   1016.9    286.5      0.0     99.3
     1     1    14     9    17     1     0     1   -20.0   57.088   -0.655      1.0   1016.7    286.6      0.0     99.6
     1     1    14     9    17     0     0     0   -21.0   57.080   -0.531      0.0   1016.5    286.6      0.0    100.0
     1     1    14     9    16    23     0     1   -22.0   57.070   -0.417      0.0   1016.2    286.6      0.0     98.7
     1     1    14     9    16    22     0     2   -23.0   57.062   -0.311      0.0   1015.9    286.6      0.0     97.4
     1     1    14     9    16    21     0     3   -24.0   57.054   -0.212      0.0   1015.6    286.6      0.0     96.1
     1     1    14     9    16    20     0     2   -25.0   57.048   -0.115      0.1   1015.5    286.6      0.0     95.1
     1     1    14     9    16    19     0     1   -26.0   57.042   -0.015      0.6   1015.5    286.5      0.0     94.1
     1     1    14     9    16    18     0     0   -27.0   56.998    0.147      0.8   1015.8    287.0      0.0     97.8
     1     1    14     9    16    17     0     1   -28.0   56.912    0.374      0.5   1017.1    287.0      0.0     97.5
     1     1    14     9    16    16     0     2   -29.0   56.822    0.603      0.0   1017.7    287.0      0.0     97.3
     1     1    14     9    16    15     0     3   -30.0   56.727    0.844      0.0   1018.0    287.1      0.0     97.3
     1     1    14     9    16    14     0     2   -31.0   56.629    1.116      0.0   1017.8    287.3      0.6     97.3
     1     1    14     9    16    13     0     1   -32.0   56.528    1.439      0.0   1017.6    287.4      0.6     96.9
     1     1    14     9    16    12     0     0   -33.0   56.423    1.824      0.0   1017.4    287.5      0.0     96.5
     1     1    14     9    16    11     0     1   -34.0   56.316    2.258      0.0   1017.7    287.7      0.0     96.8
     1     1    14     9    16    10     0     2   -35.0   56.215    2.718      0.0   1017.8    288.0      0.0     96.7
     1     1    14     9    16     9     0     3   -36.0   56.119    3.214      0.0   1017.8    288.3      0.0     96.2
     1     1    14     9    16     8     0     2   -37.0   56.023    3.743      0.0   1017.5    288.6      1.1     97.7
     1     1    14     9    16     7     0     1   -38.0   55.924    4.292      0.0   1017.1    288.9      1.1     97.1
     1     1    14     9    16     6     0     0   -39.0   55.825    4.852      0.0   1016.8    289.2      0.0     96.1
     1     1    14     9    16     5     0     1   -40.0   55.726    5.411      0.0   1017.9    289.4      0.0     95.1
     1     1    14     9    16     4     0     2   -41.0   55.627    5.957      0.0   1018.3    289.7      0.0     94.7
     1     1    14     9    16     3     0     3   -42.0   55.533    6.497      0.0   1017.9    289.8      0.0     93.7
     1     1    14     9    16     2     0     2   -43.0   55.445    7.055      0.0   1018.5    289.9      0.0     92.2
     1     1    14     9    16     1     0     1   -44.0   55.373    7.631      0.0   1019.0    290.0      0.0     92.6
     1     1    14     9    16     0     0     0   -45.0   55.328    8.187      0.7   1018.4    289.7      0.0     94.2
     1     1    14     9    15    23     0     1   -46.0   55.311    8.650      2.7   1017.4    288.5      0.0     94.9
     1     1    14     9    15    22     0     2   -47.0   55.311    9.012      5.6   1016.7    287.7      0.0     95.1
     1     1    14     9    15    21     0     3   -48.0   55.311    9.342      8.4   1017.4    288.4      0.0     93.1
     1     1    14     9    15    20     0     2   -49.0   55.306    9.709      9.5   1017.5    289.2      0.0     90.9
     1     1    14     9    15    19     0     1   -50.0   55.306   10.119      9.2   1018.1    289.8      0.0     89.1
     1     1    14     9    15    18     0     0   -51.0   55.317   10.572      8.5   1019.5    289.8      0.0     87.7
     1     1    14     9    15    17     0     1   -52.0   55.334   11.053      8.2   1021.3    289.8      0.0     85.0
     1     1    14     9    15    16     0     2   -53.0   55.354   11.522      7.9   1021.2    290.2      0.0     82.8
     1     1    14     9    15    15     0     3   -54.0   55.375   11.963      7.1   1020.6    290.8      0.0     80.8
     1     1    14     9    15    14     0     2   -55.0   55.400   12.410      6.8   1020.4    291.2      0.0     81.2
     1     1    14     9    15    13     0     1   -56.0   55.436   12.885      7.9   1020.8    291.8      0.0     81.0
     1     1    14     9    15    12     0     0   -57.0   55.477   13.364      9.1   1020.9    292.2      0.0     80.7
     1     1    14     9    15    11     0     1   -58.0   55.518   13.837      8.3   1019.9    291.7      0.0     81.2
     1     1    14     9    15    10     0     2   -59.0   55.557   14.329      6.2   1021.5    291.2      0.0     81.3
     1     1    14     9    15     9     0     3   -60.0   55.598   14.868      4.8   1023.9    290.6      0.0     81.0
     1     1    14     9    15     8     0     2   -61.0   55.640   15.440      4.6   1024.8    290.4      0.0     81.5
     1     1    14     9    15     7     0     1   -62.0   55.681   16.012      4.5   1025.3    290.3      0.0     81.4
     1     1    14     9    15     6     0     0   -63.0   55.711   16.580      4.3   1025.8    290.3      0.0     80.4
     1     1    14     9    15     5     0     1   -64.0   55.727   17.133      4.2   1025.0    290.2      0.0     78.9
     1     1    14     9    15     4     0     2   -65.0   55.742   17.669      4.1   1025.2    290.2      0.0     78.3
     1     1    14     9    15     3     0     3   -66.0   55.762   18.190      4.1   1025.9    290.2      0.0     77.6
     1     1    14     9    15     2     0     2   -67.0   55.772   18.706      4.1   1025.8    290.3      0.0     74.4
     1     1    14     9    15     1     0     1   -68.0   55.762   19.221      4.1   1025.6    290.3      0.0     71.7
     1     1    14     9    15     0     0     0   -69.0   55.734   19.728      4.1   1025.3    290.3      0.0     69.0
     1     1    14     9    14    23     0     1   -70.0   55.708   20.217      4.7   1025.5    290.2      0.0     66.4
     1     1    14     9    14    22     0     2   -71.0   55.702   20.674      5.9   1025.8    290.0      0.0     63.3
     1     1    14     9    14    21     0     3   -72.0   55.718   21.087      8.0   1025.2    289.4      0.0     61.1
