     7     1
    GDAS    14     8    22     0     0
    GDAS    14     8    29     0     0
    GDAS    14     9     1     0     0
    GDAS    14     9     8     0     0
    GDAS    14     9    15     0     0
    GDAS    14     9    22     0     0
    GDAS    14     9    29     0     0
     1 BACKWARD OMEGA   
    14     9    19     6   56.467   -2.973   100.0
     4 PRESSURE AIR_TEMP RAINFALL RELHUMID
     1     1    14     9    19     6     0     0     0.0   56.467   -2.973    100.0    971.6    284.2      0.0     95.6
     1     1    14     9    19     5     0     1    -1.0   56.452   -2.875     99.6    974.8    284.5      0.0     96.2
     1     1    14     9    19     4     0     2    -2.0   56.440   -2.767     95.9    978.6    284.9      0.0     96.9
     1     1    14     9    19     3     0     3    -3.0   56.430   -2.652     90.1    982.8    285.3      0.0     97.6
     1     1    14     9    19     2     0     2    -4.0   56.419   -2.529     82.4    987.4    285.6      0.0     97.0
     1     1    14     9    19     1     0     1    -5.0   56.404   -2.394     73.1    992.6    285.9      0.0     96.5
     1     1    14     9    19     0     0     0    -6.0   56.385   -2.248     62.7    998.2    286.3      0.0     96.0
     1     1    14     9    18    23     0     1    -7.0   56.362   -2.090     53.2   1003.9    286.6      0.0     95.5
     1     1    14     9    18    22     0     2    -8.0   56.334   -1.918     46.2   1007.2    286.7      0.0     95.1
     1     1    14     9    18    21     0     3    -9.0   56.298   -1.725     42.3   1008.4    286.7      0.0     95.1
     1     1    14     9    18    20     0     2   -10.0   56.257   -1.501     40.7   1008.8    286.8      0.0     94.7
     1     1    14     9    18    19     0     1   -11.0   56.213   -1.251     40.6   1009.0    286.8      0.0     94.3
     1     1    14     9    18    18     0     0   -12.0   56.167   -0.985     43.3   1008.6    286.8      0.0     93.8
     1     1    14     9    18    17     0     1   -13.0   56.115   -0.717     47.4   1008.0    287.0      0.0     93.8
     1     1    14     9    18    16     0     2   -14.0   56.059   -0.458     50.1   1007.7    287.1      0.0     93.8
     1     1    14     9    18    15     0     3   -15.0   55.998   -0.210     51.0   1007.5    287.2      0.0     94.0
     1     1    14     9    18    14     0     2   -16.0   55.937    0.092     49.1   1007.8    287.3      0.0     91.2
     1     1    14     9    18    13     0     1   -17.0   55.883    0.476     47.0   1008.6    287.4      0.0     90.4
     1     1    14     9    18    12     0     0   -18.0   55.830    0.893     46.7   1008.9    287.6      0.0     89.4
     1     1    14     9    18    11     0     1   -19.0   55.783    1.332     46.8   1009.0    287.7      0.0     89.0
     1     1    14     9    18    10     0     2   -20.0   55.751    1.795     46.8   1009.2    287.9      0.0     88.2
     1     1    14     9    18     9     0     3   -21.0   55.739    2.288     46.8   1009.4    288.0      0.0     86.8
     1     1    14     9    18     8     0     2   -22.0   55.739    2.797     46.6   1009.6    288.2      0.0     85.9
     1     1    14     9    18     7     0     1   -23.0   55.748    3.306     46.1   1009.9    288.4      0.0     85.0
     1     1    14     9    18     6     0     0   -24.0   55.768    3.813     45.9   1010.2    288.6      0.0     84.0
     1     1    14     9    18     5     0     1   -25.0   55.792    4.331     45.5   1010.2    288.8      0.0     81.9
     1     1    14     9    18     4     0     2   -26.0   55.810    4.870     44.7   1010.4    288.9      0.0     79.8
     1     1    14     9    18     3     0     3   -27.0   55.826    5.426     44.3   1010.6    289.1      0.0     77.1
     1     1    14     9    18     2     0     2   -28.0   55.842    5.991     44.3   1010.7    289.2      0.0     74.3
     1     1    14     9    18     1     0     1   -29.0   55.847    6.559     44.3   1010.9    289.3      0.0     71.8
     1     1    14     9    18     0     0     0   -30.0   55.835    7.124     44.9   1011.1    289.4      0.0     68.9
     1     1    14     9    17    23     0     1   -31.0   55.818    7.663     49.1   1011.8    289.4      0.0     69.8
     1     1    14     9    17    22     0     2   -32.0   55.803    8.158     59.4   1010.7    288.8      0.0     70.6
     1     1    14     9    17    21     0     3   -33.0   55.789    8.615     78.6   1005.9    287.8      0.0     72.8
     1     1    14     9    17    20     0     2   -34.0   55.782    9.062    106.6    999.8    287.8      0.0     73.9
     1     1    14     9    17    19     0     1   -35.0   55.783    9.530    122.3    998.1    288.7      0.0     72.1
     1     1    14     9    17    18     0     0   -36.0   55.791    9.983    105.4   1001.5    289.1      0.0     71.2
     1     1    14     9    17    17     0     1   -37.0   55.799   10.373     84.9   1008.0    289.7      0.0     66.9
     1     1    14     9    17    16     0     2   -38.0   55.800   10.725     76.0   1009.9    290.1      0.0     64.2
     1     1    14     9    17    15     0     3   -39.0   55.803   11.050     73.8   1010.7    290.1      0.0     62.9
     1     1    14     9    17    14     0     2   -40.0   55.798   11.351     73.3   1011.0    290.2      0.0     63.9
     1     1    14     9    17    13     0     1   -41.0   55.773   11.632     71.2   1011.7    290.4      0.0     64.3
     1     1    14     9    17    12     0     0   -42.0   55.733   11.890     67.7   1012.6    290.7      0.0     64.2
     1     1    14     9    17    11     0     1   -43.0   55.687   12.149     64.3   1012.4    290.7      0.0     67.9
     1     1    14     9    17    10     0     2   -44.0   55.638   12.437     63.3   1011.6    290.7      0.0     71.1
     1     1    14     9    17     9     0     3   -45.0   55.577   12.755     65.3   1010.7    290.6      0.0     72.9
     1     1    14     9    17     8     0     2   -46.0   55.505   13.092     70.2   1009.5    289.5      0.0     75.2
     1     1    14     9    17     7     0     1   -47.0   55.429   13.432     73.1   1008.9    288.7      0.0     78.2
     1     1    14     9    17     6     0     0   -48.0   55.349   13.752     70.2   1010.4    288.4      0.0     79.6
     1     1    14     9    17     5     0     1   -49.0   55.265   14.055     63.4   1012.6    288.8      0.0     75.6
     1     1    14     9    17     4     0     2   -50.0   55.179   14.351     56.6   1015.0    289.3      0.0     71.0
     1     1    14     9    17     3     0     3   -51.0   55.086   14.638     52.1   1015.8    289.7      0.0     65.9
     1     1    14     9    17     2     0     2   -52.0   54.974   14.924     49.3   1016.1    289.8      0.0     62.7
     1     1    14     9    17     1     0     1   -53.0   54.845   15.222     48.8   1015.8    289.5      0.0     61.8
     1     1    14     9    17     0     0     0   -54.0   54.706   15.526     52.4   1014.9    289.2      0.0     60.7
     1     1    14     9    16    23     0     1   -55.0   54.570   15.834     63.1   1013.0    288.8      0.0     59.9
     1     1    14     9    16    22     0     2   -56.0   54.448   16.157     82.5   1008.1    288.8      0.0     59.0
     1     1    14     9    16    21     0     3   -57.0   54.333   16.496    106.6   1001.1    288.9      0.0     57.9
     1     1    14     9    16    20     0     2   -58.0   54.223   16.845    129.7    993.9    289.1      0.0     56.4
     1     1    14     9    16    19     0     1   -59.0   54.122   17.196    145.6    988.2    289.3      0.0     53.9
     1     1    14     9    16    18     0     0   -60.0   54.037   17.540    147.1    986.1    289.8      0.0     51.9
     1     1    14     9    16    17     0     1   -61.0   53.970   17.852    135.2    987.5    290.4      0.0     49.4
     1     1    14     9    16    16     0     2   -62.0   53.910   18.123    119.0    991.7    291.3      0.0     45.7
     1     1    14     9    16    15     0     3   -63.0   53.854   18.362    106.2    996.6    292.6      0.0     41.5
     1     1    14     9    16    14     0     2   -64.0   53.796   18.578     98.0   1000.4    292.8      0.0     41.5
     1     1    14     9    16    13     0     1   -65.0   53.729   18.779     92.9   1003.5    293.2      0.0     41.7
     1     1    14     9    16    12     0     0   -66.0   53.650   18.969     90.8   1005.6    293.6      0.0     42.1
     1     1    14     9    16    11     0     1   -67.0   53.571   19.165     90.7   1004.2    292.3      0.0     46.1
     1     1    14     9    16    10     0     2   -68.0   53.505   19.381     91.9   1002.3    290.9      0.0     50.1
     1     1    14     9    16     9     0     3   -69.0   53.449   19.614     95.8   1000.3    289.4      0.0     54.2
     1     1    14     9    16     8     0     2   -70.0   53.393   19.868    103.4    997.7    287.4      0.0     60.2
     1     1    14     9    16     7     0     1   -71.0   53.329   20.145    114.3    995.7    285.5      0.0     66.6
     1     1    14     9    16     6     0     0   -72.0   53.260   20.439    124.0    994.5    283.9      0.0     73.1
