     7     1
    GDAS    14     8    22     0     0
    GDAS    14     8    29     0     0
    GDAS    14     9     1     0     0
    GDAS    14     9     8     0     0
    GDAS    14     9    15     0     0
    GDAS    14     9    22     0     0
    GDAS    14     9    29     0     0
     1 BACKWARD OMEGA   
    14     9    19     2   56.467   -2.973   100.0
     4 PRESSURE AIR_TEMP RAINFALL RELHUMID
     1     1    14     9    19     2     0     2     0.0   56.467   -2.973    100.0    972.2    284.7      0.0     98.4
     1     1    14     9    19     1     0     1    -1.0   56.441   -2.849     90.9    977.5    285.1      0.0     97.8
     1     1    14     9    19     0     0     0    -2.0   56.413   -2.713     80.3    983.3    285.4      0.0     97.2
     1     1    14     9    18    23     0     1    -3.0   56.384   -2.566     69.8    989.4    285.9      0.0     96.6
     1     1    14     9    18    22     0     2    -4.0   56.356   -2.410     60.9    995.2    286.2      0.0     96.1
     1     1    14     9    18    21     0     3    -5.0   56.324   -2.244     54.4   1000.6    286.5      0.0     95.6
     1     1    14     9    18    20     0     2    -6.0   56.290   -2.063     48.9   1005.0    286.7      0.0     94.9
     1     1    14     9    18    19     0     1    -7.0   56.256   -1.860     43.1   1007.3    286.8      0.0     94.4
     1     1    14     9    18    18     0     0    -8.0   56.221   -1.634     38.5   1008.1    286.8      0.0     94.0
     1     1    14     9    18    17     0     1    -9.0   56.181   -1.391     36.0   1008.4    286.9      0.0     93.3
     1     1    14     9    18    16     0     2   -10.0   56.132   -1.143     35.2   1008.8    287.0      0.0     93.1
     1     1    14     9    18    15     0     3   -11.0   56.072   -0.898     35.3   1009.0    287.1      0.0     93.3
     1     1    14     9    18    14     0     2   -12.0   56.002   -0.645     34.6   1009.3    287.1      0.0     93.3
     1     1    14     9    18    13     0     1   -13.0   55.920   -0.369     32.8   1009.7    287.1      0.0     92.8
     1     1    14     9    18    12     0     0   -14.0   55.830   -0.076     30.1   1010.3    287.1      0.0     92.5
     1     1    14     9    18    11     0     1   -15.0   55.749    0.284     28.9   1010.9    287.3      0.0     89.3
     1     1    14     9    18    10     0     2   -16.0   55.688    0.713     29.2   1010.9    287.6      0.0     88.8
     1     1    14     9    18     9     0     3   -17.0   55.642    1.164     29.3   1011.1    287.7      0.0     88.2
     1     1    14     9    18     8     0     2   -18.0   55.609    1.629     28.9   1011.0    287.9      0.0     87.3
     1     1    14     9    18     7     0     1   -19.0   55.584    2.098     27.9   1011.0    288.1      0.0     86.6
     1     1    14     9    18     6     0     0   -20.0   55.570    2.567     26.4   1011.5    288.3      0.0     86.2
     1     1    14     9    18     5     0     1   -21.0   55.566    3.044     25.4   1012.3    288.5      0.0     84.7
     1     1    14     9    18     4     0     2   -22.0   55.566    3.537     25.1   1012.3    288.6      0.0     83.1
     1     1    14     9    18     3     0     3   -23.0   55.566    4.047     25.0   1012.3    288.8      0.0     81.8
     1     1    14     9    18     2     0     2   -24.0   55.560    4.569     25.1   1012.5    289.1      0.0     80.1
     1     1    14     9    18     1     0     1   -25.0   55.547    5.105     25.5   1012.6    289.4      0.0     78.2
     1     1    14     9    18     0     0     0   -26.0   55.528    5.651     26.0   1012.7    289.5      0.0     76.3
     1     1    14     9    17    23     0     1   -27.0   55.503    6.203     25.9   1013.2    289.6      0.0     74.9
     1     1    14     9    17    22     0     2   -28.0   55.475    6.760     25.6   1013.9    289.7      0.0     72.9
     1     1    14     9    17    21     0     3   -29.0   55.445    7.312     26.0   1014.4    289.8      0.0     70.6
     1     1    14     9    17    20     0     2   -30.0   55.427    7.854     28.1   1014.0    290.0      0.0     68.1
     1     1    14     9    17    19     0     1   -31.0   55.428    8.349     33.3   1012.2    289.3      0.0     68.9
     1     1    14     9    17    18     0     0   -32.0   55.442    8.782     43.0   1009.4    288.8      0.0     70.1
     1     1    14     9    17    17     0     1   -33.0   55.457    9.176     54.6   1007.4    290.0      0.0     68.0
     1     1    14     9    17    16     0     2   -34.0   55.465    9.555     61.1   1006.8    290.9      0.0     65.7
     1     1    14     9    17    15     0     3   -35.0   55.470    9.922     58.6   1008.2    291.4      0.0     64.5
     1     1    14     9    17    14     0     2   -36.0   55.477   10.272     53.7   1010.9    291.0      0.0     67.4
     1     1    14     9    17    13     0     1   -37.0   55.482   10.612     51.7   1012.6    290.6      0.0     70.0
     1     1    14     9    17    12     0     0   -38.0   55.484   10.937     53.1   1013.8    290.2      0.0     72.9
     1     1    14     9    17    11     0     1   -39.0   55.481   11.254     55.0   1013.7    290.1      0.0     75.3
     1     1    14     9    17    10     0     2   -40.0   55.468   11.571     54.2   1013.6    290.1      0.0     77.7
     1     1    14     9    17     9     0     3   -41.0   55.442   11.886     51.3   1013.4    290.2      0.0     80.6
     1     1    14     9    17     8     0     2   -42.0   55.408   12.198     48.2   1013.5    289.8      0.0     81.1
     1     1    14     9    17     7     0     1   -43.0   55.368   12.510     47.1   1013.3    289.2      0.0     81.9
     1     1    14     9    17     6     0     0   -44.0   55.324   12.823     48.7   1012.6    288.5      0.0     83.0
     1     1    14     9    17     5     0     1   -45.0   55.277   13.145     51.3   1013.1    288.5      0.0     80.0
     1     1    14     9    17     4     0     2   -46.0   55.228   13.471     51.2   1013.9    288.8      0.0     76.7
     1     1    14     9    17     3     0     3   -47.0   55.180   13.785     46.5   1014.8    289.1      0.0     73.0
     1     1    14     9    17     2     0     2   -48.0   55.127   14.095     39.3   1016.1    289.5      0.0     70.2
     1     1    14     9    17     1     0     1   -49.0   55.058   14.424     33.0   1017.4    289.9      0.0     67.2
     1     1    14     9    17     0     0     0   -50.0   54.964   14.771     28.7   1017.9    290.0      0.0     64.2
     1     1    14     9    16    23     0     1   -51.0   54.860   15.124     26.8   1018.8    289.8      0.0     62.8
     1     1    14     9    16    22     0     2   -52.0   54.771   15.482     28.0   1018.6    289.5      0.0     61.9
     1     1    14     9    16    21     0     3   -53.0   54.697   15.847     31.6   1017.7    289.3      0.0     60.8
     1     1    14     9    16    20     0     2   -54.0   54.637   16.212     36.9   1015.4    289.3      0.0     60.8
     1     1    14     9    16    19     0     1   -55.0   54.592   16.579     43.5   1012.4    289.5      0.0     60.9
     1     1    14     9    16    18     0     0   -56.0   54.559   16.956     50.8   1009.2    289.6      0.0     60.7
     1     1    14     9    16    17     0     1   -57.0   54.536   17.321     55.9   1007.3    290.2      0.0     57.6
     1     1    14     9    16    16     0     2   -58.0   54.518   17.650     55.9   1006.8    290.7      0.0     54.7
     1     1    14     9    16    15     0     3   -59.0   54.502   17.949     51.0   1006.9    291.4      0.0     51.7
     1     1    14     9    16    14     0     2   -60.0   54.479   18.221     44.5   1009.7    291.6      0.0     51.1
     1     1    14     9    16    13     0     1   -61.0   54.442   18.465     39.2   1012.3    292.1      0.0     50.8
     1     1    14     9    16    12     0     0   -62.0   54.390   18.679     35.7   1014.3    292.8      0.0     50.6
     1     1    14     9    16    11     0     1   -63.0   54.331   18.874     34.4   1015.8    292.7      0.0     52.8
     1     1    14     9    16    10     0     2   -64.0   54.277   19.067     34.8   1016.2    292.2      0.0     54.8
     1     1    14     9    16     9     0     3   -65.0   54.229   19.263     35.7   1014.5    291.4      0.0     56.5
     1     1    14     9    16     8     0     2   -66.0   54.180   19.465     36.3   1012.7    289.5      0.0     59.9
     1     1    14     9    16     7     0     1   -67.0   54.128   19.672     36.8   1010.4    287.3      0.0     64.8
     1     1    14     9    16     6     0     0   -68.0   54.073   19.883     37.0   1007.5    284.8      0.0     71.6
     1     1    14     9    16     5     0     1   -69.0   54.018   20.090     38.1   1005.4    283.9      0.0     72.2
     1     1    14     9    16     4     0     2   -70.0   53.965   20.283     41.0   1004.9    283.1      0.0     73.1
     1     1    14     9    16     3     0     3   -71.0   53.913   20.468     45.7   1004.4    282.5      0.0     74.6
     1     1    14     9    16     2     0     2   -72.0   53.861   20.656     51.8   1003.8    282.9      0.0     73.5
