     7     1
    GDAS    14     8    22     0     0
    GDAS    14     8    29     0     0
    GDAS    14     9     1     0     0
    GDAS    14     9     8     0     0
    GDAS    14     9    15     0     0
    GDAS    14     9    22     0     0
    GDAS    14     9    29     0     0
     1 BACKWARD OMEGA   
    14     9    17     2   56.467   -2.973   100.0
     4 PRESSURE AIR_TEMP RAINFALL RELHUMID
     1     1    14     9    17     2     0     2     0.0   56.467   -2.973    100.0    974.7    282.9      0.0     91.1
     1     1    14     9    17     1     0     1    -1.0   56.481   -2.950    116.7    973.5    283.2      0.0     91.7
     1     1    14     9    17     0     0     0    -2.0   56.487   -2.925    138.3    972.1    283.5      0.0     92.5
     1     1    14     9    16    23     0     1    -3.0   56.482   -2.882    159.5    970.3    283.8      0.0     93.1
     1     1    14     9    16    22     0     2    -4.0   56.464   -2.808    174.2    971.2    284.3      0.0     93.5
     1     1    14     9    16    21     0     3    -5.0   56.436   -2.705    184.0    973.8    284.7      0.0     93.7
     1     1    14     9    16    20     0     2    -6.0   56.403   -2.588    191.6    976.7    285.1      0.0     92.4
     1     1    14     9    16    19     0     1    -7.0   56.370   -2.469    198.6    979.2    285.5      0.0     91.2
     1     1    14     9    16    18     0     0    -8.0   56.336   -2.349    204.4    981.7    285.8      0.0     90.0
     1     1    14     9    16    17     0     1    -9.0   56.295   -2.224    208.9    984.4    286.0      0.0     89.7
     1     1    14     9    16    16     0     2   -10.0   56.242   -2.093    214.2    986.9    286.2      0.0     89.6
     1     1    14     9    16    15     0     3   -11.0   56.176   -1.956    223.1    987.8    286.3      0.0     89.7
     1     1    14     9    16    14     0     2   -12.0   56.105   -1.828    234.5    986.6    286.2      0.0     91.0
     1     1    14     9    16    13     0     1   -13.0   56.032   -1.716    244.0    985.8    286.1      0.0     92.1
     1     1    14     9    16    12     0     0   -14.0   55.955   -1.617    249.0    985.0    286.1      0.0     93.0
     1     1    14     9    16    11     0     1   -15.0   55.878   -1.518    252.0    984.7    286.0      0.0     93.8
     1     1    14     9    16    10     0     2   -16.0   55.808   -1.408    256.7    984.3    285.9      0.0     94.6
     1     1    14     9    16     9     0     3   -17.0   55.745   -1.289    263.0    984.2    285.8      0.0     95.2
     1     1    14     9    16     8     0     2   -18.0   55.686   -1.168    267.5    984.1    285.8      0.0     96.0
     1     1    14     9    16     7     0     1   -19.0   55.629   -1.047    266.3    985.4    285.9      0.0     96.7
     1     1    14     9    16     6     0     0   -20.0   55.574   -0.926    259.9    986.7    285.9      0.0     97.4
     1     1    14     9    16     5     0     1   -21.0   55.515   -0.815    253.4    987.7    286.2      0.0     95.3
     1     1    14     9    16     4     0     2   -22.0   55.452   -0.725    251.8    987.8    286.4      0.0     93.4
     1     1    14     9    16     3     0     3   -23.0   55.385   -0.650    255.7    987.3    286.5      0.0     91.5
     1     1    14     9    16     2     0     2   -24.0   55.317   -0.572    264.1    986.5    286.5      0.0     92.1
     1     1    14     9    16     1     0     1   -25.0   55.250   -0.471    275.9    985.1    286.5      0.0     92.6
     1     1    14     9    16     0     0     0   -26.0   55.184   -0.346    291.1    983.4    286.5      0.0     93.1
     1     1    14     9    15    23     0     1   -27.0   55.119   -0.210    308.2    981.1    286.4      0.0     92.8
     1     1    14     9    15    22     0     2   -28.0   55.055   -0.081    326.2    979.0    286.3      0.0     92.9
     1     1    14     9    15    21     0     3   -29.0   54.946    0.072    329.0    976.8    286.8      0.0     84.4
     1     1    14     9    15    20     0     2   -30.0   54.804    0.270    320.4    980.1    287.2      0.0     83.5
     1     1    14     9    15    19     0     1   -31.0   54.680    0.485    320.5    979.8    287.3      0.0     82.7
     1     1    14     9    15    18     0     0   -32.0   54.568    0.707    327.9    978.7    287.4      0.0     81.9
     1     1    14     9    15    17     0     1   -33.0   54.463    0.918    337.7    977.1    287.5      0.0     79.0
     1     1    14     9    15    16     0     2   -34.0   54.359    1.106    345.8    976.2    287.7      0.0     77.2
     1     1    14     9    15    15     0     3   -35.0   54.255    1.269    352.0    975.3    287.7      0.0     76.1
     1     1    14     9    15    14     0     2   -36.0   54.155    1.427    352.9    975.2    287.7      0.0     77.2
     1     1    14     9    15    13     0     1   -37.0   54.061    1.598    345.3    976.3    287.8      0.0     77.8
     1     1    14     9    15    12     0     0   -38.0   53.963    1.778    330.6    978.5    288.0      0.0     77.9
     1     1    14     9    15    11     0     1   -39.0   53.858    1.980    313.5    980.8    288.3      0.0     76.4
     1     1    14     9    15    10     0     2   -40.0   53.748    2.207    299.6    982.8    288.4      0.0     75.6
     1     1    14     9    15     9     0     3   -41.0   53.638    2.449    292.5    983.6    288.3      0.0     75.3
     1     1    14     9    15     8     0     2   -42.0   53.538    2.690    292.4    983.7    288.3      0.0     77.7
     1     1    14     9    15     7     0     1   -43.0   53.454    2.916    298.1    983.0    288.2      0.0     79.7
     1     1    14     9    15     6     0     0   -44.0   53.380    3.124    306.7    981.8    288.0      0.0     81.6
     1     1    14     9    15     5     0     1   -45.0   53.316    3.323    310.4    980.4    287.9      0.0     81.4
     1     1    14     9    15     4     0     2   -46.0   53.253    3.521    304.3    981.1    287.9      0.0     81.4
     1     1    14     9    15     3     0     3   -47.0   53.173    3.708    293.0    982.6    287.8      0.0     81.6
     1     1    14     9    15     2     0     2   -48.0   53.088    3.878    283.2    984.7    287.9      0.0     83.7
     1     1    14     9    15     1     0     1   -49.0   53.013    4.034    277.9    985.8    287.8      0.0     85.7
     1     1    14     9    15     0     0     0   -50.0   52.954    4.187    276.4    986.3    287.9      0.0     86.4
     1     1    14     9    14    23     0     1   -51.0   52.912    4.335    278.9    986.3    287.9      0.0     85.9
     1     1    14     9    14    22     0     2   -52.0   52.885    4.457    286.9    985.5    287.9      0.0     85.9
     1     1    14     9    14    21     0     3   -53.0   52.871    4.547    301.1    983.9    287.9      0.0     86.2
     1     1    14     9    14    20     0     2   -54.0   52.882    4.629    318.5    981.5    287.7      0.0     87.5
     1     1    14     9    14    19     0     1   -55.0   52.928    4.723    335.8    979.6    287.4      0.0     89.8
     1     1    14     9    14    18     0     0   -56.0   53.009    4.827    354.2    977.6    287.1      0.0     93.3
     1     1    14     9    14    17     0     1   -57.0   53.123    4.958    371.7    975.7    287.0      0.0     91.4
     1     1    14     9    14    16     0     2   -58.0   53.264    5.129    381.4    974.5    287.1      0.0     89.7
     1     1    14     9    14    15     0     3   -59.0   53.427    5.326    377.0    975.0    287.3      0.0     88.1
     1     1    14     9    14    14     0     2   -60.0   53.597    5.555    363.0    977.9    287.4      0.0     87.4
     1     1    14     9    14    13     0     1   -61.0   53.768    5.819    350.2    980.5    287.3      0.0     89.2
     1     1    14     9    14    12     0     0   -62.0   53.956    6.101    344.4    982.0    286.8      0.0     94.1
     1     1    14     9    14    11     0     1   -63.0   54.158    6.404    340.8    982.1    286.7      0.0     92.2
     1     1    14     9    14    10     0     2   -64.0   54.364    6.737    332.1    983.3    286.7      0.0     91.9
     1     1    14     9    14     9     0     3   -65.0   54.580    7.099    316.2    985.2    286.4      0.1     93.1
     1     1    14     9    14     8     0     2   -66.0   54.801    7.496    302.9    988.3    286.6      0.0     93.4
     1     1    14     9    14     7     0     1   -67.0   55.027    7.923    304.9    988.7    286.4      0.0     94.8
     1     1    14     9    14     6     0     0   -68.0   55.260    8.367    320.2    984.8    285.8      0.0     96.0
     1     1    14     9    14     5     0     1   -69.0   55.488    8.838    344.2    979.3    285.3      0.0     96.1
     1     1    14     9    14     4     0     2   -70.0   55.711    9.345    364.9    975.4    285.1      0.1     95.7
     1     1    14     9    14     3     0     3   -71.0   55.936    9.867    340.6    976.6    285.2      0.7     96.0
     1     1    14     9    14     2     0     2   -72.0   56.145   10.372    291.8    990.1    286.3      0.0     90.8
