     7     1
    GDAS    14     8    22     0     0
    GDAS    14     8    29     0     0
    GDAS    14     9     1     0     0
    GDAS    14     9     8     0     0
    GDAS    14     9    15     0     0
    GDAS    14     9    22     0     0
    GDAS    14     9    29     0     0
     1 BACKWARD OMEGA   
    14     9    21    19   56.467   -2.973   100.0
     4 PRESSURE AIR_TEMP RAINFALL RELHUMID
     1     1    14     9    21    19     0     1     0.0   56.467   -2.973    100.0    983.2    283.9      0.0     74.6
     1     1    14     9    21    18     0     0    -1.0   56.474   -3.010    104.5    981.6    284.1      0.0     73.3
     1     1    14     9    21    17     0     1    -2.0   56.486   -3.043    110.4    980.5    284.4      0.0     72.1
     1     1    14     9    21    16     0     2    -3.0   56.512   -3.099    117.7    978.3    284.6      0.0     71.0
     1     1    14     9    21    15     0     3    -4.0   56.550   -3.178    125.1    975.4    284.6      0.0     69.9
     1     1    14     9    21    14     0     2    -5.0   56.599   -3.264    132.9    972.1    284.0      0.0     71.8
     1     1    14     9    21    13     0     1    -6.0   56.658   -3.342    144.6    967.7    283.3      0.0     74.0
     1     1    14     9    21    12     0     0    -7.0   56.725   -3.412    163.7    961.9    282.4      0.0     76.9
     1     1    14     9    21    11     0     1    -8.0   56.807   -3.481    192.9    954.1    281.2      0.0     81.6
     1     1    14     9    21    10     0     2    -9.0   56.910   -3.555    235.6    944.0    279.8      0.0     86.8
     1     1    14     9    21     9     0     3   -10.0   57.040   -3.630    298.2    934.1    278.4      0.0     92.3
     1     1    14     9    21     8     0     2   -11.0   57.196   -3.713    371.4    930.3    278.2      0.0     93.8
     1     1    14     9    21     7     0     1   -12.0   57.371   -3.815    438.1    929.5    278.2      0.0     93.5
     1     1    14     9    21     6     0     0   -13.0   57.559   -3.937    500.3    929.3    278.4      0.0     92.3
     1     1    14     9    21     5     0     1   -14.0   57.758   -4.070    565.6    930.4    278.7      0.0     92.1
     1     1    14     9    21     4     0     2   -15.0   57.971   -4.202    636.1    930.4    278.7      0.0     93.8
     1     1    14     9    21     3     0     3   -16.0   58.191   -4.323    700.0    924.5    278.5      0.0     94.8
     1     1    14     9    21     2     0     2   -17.0   58.409   -4.440    744.2    922.0    278.3      0.0     95.7
     1     1    14     9    21     1     0     1   -18.0   58.621   -4.564    761.2    923.7    278.4      0.0     96.6
     1     1    14     9    21     0     0     0   -19.0   58.828   -4.695    749.1    929.7    278.6      0.0     97.4
     1     1    14     9    20    23     0     1   -20.0   59.041   -4.836    722.5    938.7    279.4      0.0     96.8
     1     1    14     9    20    22     0     2   -21.0   59.276   -4.987    702.4    941.7    279.7      0.0     96.0
     1     1    14     9    20    21     0     3   -22.0   59.539   -5.141    699.5    941.8    279.8      0.0     94.8
     1     1    14     9    20    20     0     2   -23.0   59.821   -5.294    714.3    939.4    279.7      0.0     93.3
     1     1    14     9    20    19     0     1   -24.0   60.115   -5.453    742.0    935.1    279.5      0.0     91.6
     1     1    14     9    20    18     0     0   -25.0   60.426   -5.628    775.2    930.4    279.3      0.0     89.8
     1     1    14     9    20    17     0     1   -26.0   60.751   -5.836    809.8    925.7    279.1      0.0     88.8
     1     1    14     9    20    16     0     2   -27.0   61.080   -6.090    848.1    921.1    278.7      0.0     88.1
     1     1    14     9    20    15     0     3   -28.0   61.413   -6.394    900.3    914.8    278.2      0.0     89.0
     1     1    14     9    20    14     0     2   -29.0   61.750   -6.714    976.3    904.6    277.7      0.0     89.9
     1     1    14     9    20    13     0     1   -30.0   62.094   -7.011   1070.0    891.7    277.1      0.0     89.2
     1     1    14     9    20    12     0     0   -31.0   62.455   -7.279   1146.1    881.9    276.7      0.0     87.5
     1     1    14     9    20    11     0     1   -32.0   62.825   -7.541   1177.4    879.3    276.7      0.0     87.0
     1     1    14     9    20    10     0     2   -33.0   63.201   -7.816   1186.4    879.9    276.7      0.0     85.6
     1     1    14     9    20     9     0     3   -34.0   63.594   -8.095   1201.6    878.7    276.7      0.0     80.4
     1     1    14     9    20     8     0     2   -35.0   64.001   -8.362   1232.9    874.2    276.7      0.3     79.0
     1     1    14     9    20     7     0     1   -36.0   64.403   -8.632   1270.6    868.3    276.3      0.3     80.2
     1     1    14     9    20     6     0     0   -37.0   64.800   -8.924   1302.5    863.5    276.0      0.3     76.9
     1     1    14     9    20     5     0     1   -38.0   65.184   -9.232   1328.6    861.1    275.8      0.2     79.5
     1     1    14     9    20     4     0     2   -39.0   65.535   -9.555   1352.2    858.3    275.6      0.0     80.7
     1     1    14     9    20     3     0     3   -40.0   65.843   -9.896   1377.1    856.1    275.5      0.0     76.5
     1     1    14     9    20     2     0     2   -41.0   66.112  -10.249   1400.8    852.5    275.3      0.3     76.8
     1     1    14     9    20     1     0     1   -42.0   66.345  -10.593   1418.4    850.7    275.1      0.6     77.6
     1     1    14     9    20     0     0     0   -43.0   66.546  -10.892   1438.4    849.0    274.9      0.0     75.9
     1     1    14     9    19    23     0     1   -44.0   66.718  -11.138   1466.3    846.1    274.7      0.0     75.2
     1     1    14     9    19    22     0     2   -45.0   66.866  -11.337   1500.4    842.4    274.5      0.0     73.5
     1     1    14     9    19    21     0     3   -46.0   66.998  -11.478   1538.4    838.1    274.3      0.0     71.5
     1     1    14     9    19    20     0     2   -47.0   67.123  -11.581   1570.2    833.6    274.1      0.0     71.5
     1     1    14     9    19    19     0     1   -48.0   67.247  -11.673   1587.1    831.8    274.0      0.0     70.9
     1     1    14     9    19    18     0     0   -49.0   67.372  -11.754   1592.0    831.3    274.0      0.0     69.6
     1     1    14     9    19    17     0     1   -50.0   67.497  -11.824   1592.1    832.0    274.0      0.0     69.4
     1     1    14     9    19    16     0     2   -51.0   67.623  -11.887   1595.0    832.0    274.0      0.0     68.1
     1     1    14     9    19    15     0     3   -52.0   67.752  -11.947   1604.5    831.2    273.9      0.0     65.9
     1     1    14     9    19    14     0     2   -53.0   67.879  -12.000   1620.0    829.5    273.7      0.0     65.9
     1     1    14     9    19    13     0     1   -54.0   67.999  -12.045   1638.3    827.6    273.4      0.0     67.1
     1     1    14     9    19    12     0     0   -55.0   68.108  -12.076   1658.4    825.7    273.1      0.0     68.2
     1     1    14     9    19    11     0     1   -56.0   68.202  -12.071   1682.4    823.7    273.0      0.0     67.1
     1     1    14     9    19    10     0     2   -57.0   68.282  -12.023   1712.8    820.9    272.8      0.0     66.2
     1     1    14     9    19     9     0     3   -58.0   68.346  -11.944   1749.3    817.4    272.6      0.0     65.8
     1     1    14     9    19     8     0     2   -59.0   68.404  -11.851   1786.3    813.2    272.4      0.0     65.2
     1     1    14     9    19     7     0     1   -60.0   68.464  -11.755   1819.0    810.0    272.3      0.0     64.3
     1     1    14     9    19     6     0     0   -61.0   68.527  -11.657   1847.6    807.2    272.2      0.0     63.0
     1     1    14     9    19     5     0     1   -62.0   68.588  -11.578   1876.3    805.0    272.2      0.0     64.8
     1     1    14     9    19     4     0     2   -63.0   68.646  -11.546   1909.6    802.1    272.1      0.0     67.3
     1     1    14     9    19     3     0     3   -64.0   68.701  -11.569   1948.2    798.7    272.0      0.0     70.5
     1     1    14     9    19     2     0     2   -65.0   68.748  -11.637   1988.1    794.6    271.6      0.0     71.7
     1     1    14     9    19     1     0     1   -66.0   68.784  -11.731   2025.8    791.3    271.3      0.0     73.1
     1     1    14     9    19     0     0     0   -67.0   68.810  -11.846   2062.7    788.1    271.0      0.0     74.6
     1     1    14     9    18    23     0     1   -68.0   68.828  -12.007   2102.7    784.6    271.0      0.0     76.2
     1     1    14     9    18    22     0     2   -69.0   68.841  -12.244   2147.5    780.3    270.9      0.0     77.7
     1     1    14     9    18    21     0     3   -70.0   68.849  -12.562   2194.1    775.8    270.8      0.0     79.5
     1     1    14     9    18    20     0     2   -71.0   68.847  -12.946   2236.4    771.4    270.5      0.0     80.5
     1     1    14     9    18    19     0     1   -72.0   68.832  -13.365   2272.1    768.3    270.3      0.0     81.0
