     7     1
    GDAS    14     8    22     0     0
    GDAS    14     8    29     0     0
    GDAS    14     9     1     0     0
    GDAS    14     9     8     0     0
    GDAS    14     9    15     0     0
    GDAS    14     9    22     0     0
    GDAS    14     9    29     0     0
     1 BACKWARD OMEGA   
    14     9    16    15   56.467   -2.973   100.0
     4 PRESSURE AIR_TEMP RAINFALL RELHUMID
     1     1    14     9    16    15     0     3     0.0   56.467   -2.973    100.0    974.7    286.8      0.0     87.0
     1     1    14     9    16    14     0     2    -1.0   56.400   -2.822     87.9    982.8    286.8      0.0     88.0
     1     1    14     9    16    13     0     1    -2.0   56.340   -2.688     83.2    988.2    286.8      0.0     89.2
     1     1    14     9    16    12     0     0    -3.0   56.282   -2.571     83.3    992.0    286.7      0.0     90.2
     1     1    14     9    16    11     0     1    -4.0   56.224   -2.459     86.4    994.9    286.5      0.0     91.3
     1     1    14     9    16    10     0     2    -5.0   56.162   -2.340     91.9    997.3    286.3      0.0     92.3
     1     1    14     9    16     9     0     3    -6.0   56.098   -2.212    100.6    999.0    286.2      0.0     93.3
     1     1    14     9    16     8     0     2    -7.0   56.031   -2.084    110.1    999.4    286.2      0.0     94.3
     1     1    14     9    16     7     0     1    -8.0   55.967   -1.965    115.7    999.0    286.1      0.0     95.3
     1     1    14     9    16     6     0     0    -9.0   55.907   -1.854    116.2    998.1    286.0      0.0     96.3
     1     1    14     9    16     5     0     1   -10.0   55.848   -1.757    115.0    998.2    286.2      0.0     96.0
     1     1    14     9    16     4     0     2   -11.0   55.785   -1.676    115.6    997.7    286.3      0.0     95.6
     1     1    14     9    16     3     0     3   -12.0   55.718   -1.611    117.8    997.1    286.4      0.0     95.1
     1     1    14     9    16     2     0     2   -13.0   55.655   -1.543    117.8    996.7    286.5      0.3     95.1
     1     1    14     9    16     1     0     1   -14.0   55.601   -1.452    113.2    997.9    286.6      0.0     95.1
     1     1    14     9    16     0     0     0   -15.0   55.554   -1.344    106.6   1000.0    286.7      0.0     94.9
     1     1    14     9    15    23     0     1   -16.0   55.508   -1.231    102.3   1002.3    286.8      0.0     94.3
     1     1    14     9    15    22     0     2   -17.0   55.460   -1.125    102.7   1003.8    287.0      0.0     93.7
     1     1    14     9    15    21     0     3   -18.0   55.406   -1.023    108.3   1004.9    287.2      0.0     93.3
     1     1    14     9    15    20     0     2   -19.0   55.360   -0.899    116.3   1003.8    287.1      0.0     94.0
     1     1    14     9    15    19     0     1   -20.0   55.335   -0.729    121.9   1002.9    287.1      0.0     94.7
     1     1    14     9    15    18     0     0   -21.0   55.333   -0.513    123.9   1002.5    287.0      0.0     95.3
     1     1    14     9    15    17     0     1   -22.0   55.352   -0.279    123.9   1002.9    287.0      0.0     95.9
     1     1    14     9    15    16     0     2   -23.0   55.391   -0.051    123.9   1003.0    287.0      0.0     96.6
     1     1    14     9    15    15     0     3   -24.0   55.410    0.226    116.7   1002.9    288.1      0.0     87.1
     1     1    14     9    15    14     0     2   -25.0   55.392    0.552    105.7   1005.6    288.0      0.0     87.2
     1     1    14     9    15    13     0     1   -26.0   55.367    0.906     98.7   1007.1    288.1      0.0     87.3
     1     1    14     9    15    12     0     0   -27.0   55.345    1.283     95.3   1008.1    288.2      0.0     87.9
     1     1    14     9    15    11     0     1   -28.0   55.331    1.673     92.5   1008.0    288.3      0.1     86.5
     1     1    14     9    15    10     0     2   -29.0   55.318    2.078     87.2   1008.3    288.5      0.1     84.2
     1     1    14     9    15     9     0     3   -30.0   55.312    2.503     79.1   1009.2    288.7      0.2     83.0
     1     1    14     9    15     8     0     2   -31.0   55.314    2.947     70.7   1010.8    288.8      0.0     84.0
     1     1    14     9    15     7     0     1   -32.0   55.313    3.401     63.7   1012.1    288.9      0.0     86.5
     1     1    14     9    15     6     0     0   -33.0   55.315    3.866     59.7   1013.3    289.0      0.0     89.6
     1     1    14     9    15     5     0     1   -34.0   55.323    4.355     56.2   1013.2    289.2      0.0     89.3
     1     1    14     9    15     4     0     2   -35.0   55.313    4.877     50.4   1014.0    289.4      0.1     88.0
     1     1    14     9    15     3     0     3   -36.0   55.269    5.429     45.1   1014.6    289.6      0.0     89.2
     1     1    14     9    15     2     0     2   -37.0   55.224    6.000     41.7   1015.0    289.8      0.0     92.6
     1     1    14     9    15     1     0     1   -38.0   55.205    6.580     37.5   1016.4    289.9      0.7     92.0
     1     1    14     9    15     0     0     0   -39.0   55.201    7.161     32.6   1018.8    290.1      0.7     92.3
     1     1    14     9    14    23     0     1   -40.0   55.207    7.757     29.4   1018.8    290.1      0.0     92.6
     1     1    14     9    14    22     0     2   -41.0   55.225    8.324     30.1   1017.4    289.6      0.0     93.1
     1     1    14     9    14    21     0     3   -42.0   55.248    8.797     35.8   1015.3    289.1      0.3     94.4
     1     1    14     9    14    20     0     2   -43.0   55.286    9.209     44.6   1014.0    288.9      0.3     94.6
     1     1    14     9    14    19     0     1   -44.0   55.348    9.606     50.6   1013.6    289.3      0.0     93.3
     1     1    14     9    14    18     0     0   -45.0   55.427   10.007     47.1   1013.9    289.7      0.0     91.6
     1     1    14     9    14    17     0     1   -46.0   55.515   10.415     40.5   1016.5    289.9      0.3     89.0
     1     1    14     9    14    16     0     2   -47.0   55.609   10.836     37.3   1018.8    290.0      0.6     86.3
     1     1    14     9    14    15     0     3   -48.0   55.707   11.240     36.2   1019.5    290.2      0.6     83.2
     1     1    14     9    14    14     0     2   -49.0   55.794   11.612     34.9   1019.2    290.2      0.0     82.0
     1     1    14     9    14    13     0     1   -50.0   55.857   11.953     31.9   1019.0    290.2      0.0     81.4
     1     1    14     9    14    12     0     0   -51.0   55.902   12.272     31.2   1018.5    290.8      0.0     81.4
     1     1    14     9    14    11     0     1   -52.0   55.948   12.610     37.3   1016.0    291.2      0.0     82.2
     1     1    14     9    14    10     0     2   -53.0   56.004   12.994     58.5   1011.2    291.1      0.0     83.6
     1     1    14     9    14     9     0     3   -54.0   56.083   13.472     84.7   1004.3    289.3      0.0     86.8
     1     1    14     9    14     8     0     2   -55.0   56.193   13.989     67.0   1003.7    288.2      0.0     89.5
     1     1    14     9    14     7     0     1   -56.0   56.319   14.432     49.7   1010.7    288.3      0.0     91.4
     1     1    14     9    14     6     0     0   -57.0   56.470   14.863     51.0   1008.1    287.8      0.0     93.7
     1     1    14     9    14     5     0     1   -58.0   56.634   15.286     58.9   1005.0    287.5      0.0     94.2
     1     1    14     9    14     4     0     2   -59.0   56.794   15.673     55.9   1005.2    287.0      0.0     94.5
     1     1    14     9    14     3     0     3   -60.0   56.940   15.971     38.8   1008.9    286.5      0.0     94.9
     1     1    14     9    14     2     0     2   -61.0   57.069   16.211     23.6   1014.0    286.9      0.0     93.3
     1     1    14     9    14     1     0     1   -62.0   57.192   16.462     15.2   1018.5    287.7      0.0     91.7
     1     1    14     9    14     0     0     0   -63.0   57.319   16.759     10.8   1022.9    288.6      0.0     90.0
     1     1    14     9    13    23     0     1   -64.0   57.455   17.114      8.8   1026.8    289.3      0.0     89.6
     1     1    14     9    13    22     0     2   -65.0   57.593   17.511      8.1   1026.8    289.3      0.0     90.3
     1     1    14     9    13    21     0     3   -66.0   57.728   17.926      8.2   1025.8    289.3      0.0     91.5
     1     1    14     9    13    20     0     2   -67.0   57.862   18.344      8.6   1025.9    289.3      0.0     91.4
     1     1    14     9    13    19     0     1   -68.0   57.999   18.746      8.5   1026.2    289.3      0.0     92.2
     1     1    14     9    13    18     0     0   -69.0   58.139   19.126      8.3   1026.9    289.3      0.0     91.3
     1     1    14     9    13    17     0     1   -70.0   58.281   19.482      8.2   1027.0    289.4      0.0     89.3
     1     1    14     9    13    16     0     2   -71.0   58.423   19.816      8.3   1026.9    289.4      0.0     89.4
     1     1    14     9    13    15     0     3   -72.0   58.569   20.127      8.6   1026.9    289.3      0.0     90.6
