     7     1
    GDAS    14     8    22     0     0
    GDAS    14     8    29     0     0
    GDAS    14     9     1     0     0
    GDAS    14     9     8     0     0
    GDAS    14     9    15     0     0
    GDAS    14     9    22     0     0
    GDAS    14     9    29     0     0
     1 BACKWARD OMEGA   
    14     9     9    20   56.467   -2.973   100.0
     4 PRESSURE AIR_TEMP RAINFALL RELHUMID
     1     1    14     9     9    20     0     2     0.0   56.467   -2.973    100.0    978.7    285.3      0.0     77.3
     1     1    14     9     9    19     0     1    -1.0   56.439   -2.943     81.1    982.3    285.8      0.0     75.0
     1     1    14     9     9    18     0     0    -2.0   56.420   -2.919     63.4    985.7    286.4      0.0     72.7
     1     1    14     9     9    17     0     1    -3.0   56.403   -2.910     47.7    988.1    286.7      0.0     70.8
     1     1    14     9     9    16     0     2    -4.0   56.385   -2.931     34.1    989.4    287.0      0.0     68.9
     1     1    14     9     9    15     0     3    -5.0   56.369   -2.985     22.7    990.1    287.6      0.0     66.6
     1     1    14     9     9    14     0     2    -6.0   56.355   -3.055     14.7    991.1    288.1      0.0     67.4
     1     1    14     9     9    13     0     1    -7.0   56.347   -3.118      9.6    991.3    288.5      0.0     68.5
     1     1    14     9     9    12     0     0    -8.0   56.342   -3.173      6.1    990.9    288.8      0.0     69.6
     1     1    14     9     9    11     0     1    -9.0   56.337   -3.227      3.2    990.9    288.0      0.0     73.4
     1     1    14     9     9    10     0     2   -10.0   56.329   -3.287      0.6    990.9    287.2      0.0     77.2
     1     1    14     9     9     9     0     3   -11.0   56.318   -3.352      0.0    991.0    286.4      0.0     81.0
     1     1    14     9     9     8     0     2   -12.0   56.307   -3.420      0.0    990.9    284.7      0.0     82.5
     1     1    14     9     9     7     0     1   -13.0   56.299   -3.492      0.0    990.8    282.8      0.0     84.1
     1     1    14     9     9     6     0     0   -14.0   56.294   -3.568      0.0    990.5    280.9      0.0     85.9
     1     1    14     9     9     5     0     1   -15.0   56.290   -3.642      0.0    990.3    281.0      0.0     84.8
     1     1    14     9     9     4     0     2   -16.0   56.283   -3.712      0.0    990.3    281.1      0.0     83.7
     1     1    14     9     9     3     0     3   -17.0   56.272   -3.779      0.0    990.4    281.2      0.0     82.6
     1     1    14     9     9     2     0     2   -18.0   56.261   -3.840      0.0    991.4    281.1      0.0     81.1
     1     1    14     9     9     1     0     1   -19.0   56.250   -3.895      0.0    992.2    280.9      0.0     79.4
     1     1    14     9     9     0     0     0   -20.0   56.240   -3.943      0.0    993.1    280.7      0.0     77.6
     1     1    14     9     8    23     0     1   -21.0   56.234   -3.989      0.0    992.9    280.5      0.0     76.6
     1     1    14     9     8    22     0     2   -22.0   56.233   -4.039      0.0    992.4    280.4      0.0     75.9
     1     1    14     9     8    21     0     3   -23.0   56.238   -4.094      0.0    991.7    280.4      0.0     75.4
     1     1    14     9     8    20     0     2   -24.0   56.246   -4.149      0.0    991.3    281.8      0.0     74.7
     1     1    14     9     8    19     0     1   -25.0   56.253   -4.200      0.0    991.0    283.3      0.0     73.9
     1     1    14     9     8    18     0     0   -26.0   56.260   -4.247      0.0    990.8    284.7      0.0     73.0
     1     1    14     9     8    17     0     1   -27.0   56.275   -4.299      0.0    990.0    285.5      0.0     72.3
     1     1    14     9     8    16     0     2   -28.0   56.306   -4.363      0.0    988.7    286.2      0.0     71.6
     1     1    14     9     8    15     0     3   -29.0   56.353   -4.438      0.0    986.8    286.8      0.0     71.1
     1     1    14     9     8    14     0     2   -30.0   56.403   -4.520      0.0    985.2    286.8      0.0     71.6
     1     1    14     9     8    13     0     1   -31.0   56.442   -4.606      0.0    984.2    286.8      0.0     72.0
     1     1    14     9     8    12     0     0   -32.0   56.471   -4.693      0.0    983.7    286.9      0.0     72.4
     1     1    14     9     8    11     0     1   -33.0   56.498   -4.771      0.0    982.8    286.0      0.0     76.6
     1     1    14     9     8    10     0     2   -34.0   56.529   -4.834      0.0    981.8    285.1      0.0     80.9
     1     1    14     9     8     9     0     3   -35.0   56.565   -4.883      0.0    980.5    284.1      0.0     85.2
     1     1    14     9     8     8     0     2   -36.0   56.603   -4.925      0.0    980.2    282.9      0.0     88.6
     1     1    14     9     8     7     0     1   -37.0   56.645   -4.970      0.3    979.9    281.9      0.0     91.9
     1     1    14     9     8     6     0     0   -38.0   56.689   -5.015      0.9    980.0    281.1      0.0     94.9
     1     1    14     9     8     5     0     1   -39.0   56.735   -5.067      1.3    980.3    281.3      0.0     94.6
     1     1    14     9     8     4     0     2   -40.0   56.780   -5.131      1.5    981.0    281.5      0.0     94.2
     1     1    14     9     8     3     0     3   -41.0   56.827   -5.205      1.4    982.1    281.8      0.0     93.8
     1     1    14     9     8     2     0     2   -42.0   56.881   -5.285      1.2    983.7    281.6      0.0     92.7
     1     1    14     9     8     1     0     1   -43.0   56.948   -5.371      0.6    985.3    281.4      0.0     91.6
     1     1    14     9     8     0     0     0   -44.0   57.030   -5.462      0.0    988.0    281.4      0.0     90.5
     1     1    14     9     7    23     0     1   -45.0   57.125   -5.563      0.0    993.1    282.2      0.0     88.3
     1     1    14     9     7    22     0     2   -46.0   57.228   -5.671      0.0    998.8    283.1      0.0     86.2
     1     1    14     9     7    21     0     3   -47.0   57.337   -5.787      0.0   1005.1    283.9      0.0     84.3
     1     1    14     9     7    20     0     2   -48.0   57.464   -5.916      0.0   1011.4    285.2      0.0     81.6
     1     1    14     9     7    19     0     1   -49.0   57.621   -6.061      0.0   1016.0    286.0      0.0     79.9
     1     1    14     9     7    18     0     0   -50.0   57.800   -6.221      0.0   1016.4    286.2      0.0     79.5
     1     1    14     9     7    17     0     1   -51.0   57.983   -6.395      0.0   1015.9    286.4      0.0     78.8
     1     1    14     9     7    16     0     2   -52.0   58.165   -6.595      0.0   1014.5    286.5      0.0     78.1
     1     1    14     9     7    15     0     3   -53.0   58.349   -6.832      0.0   1014.4    286.6      0.0     78.0
     1     1    14     9     7    14     0     2   -54.0   58.537   -7.078      0.0   1015.1    286.7      0.0     79.0
     1     1    14     9     7    13     0     1   -55.0   58.732   -7.297      0.3   1016.6    286.5      0.0     80.0
     1     1    14     9     7    12     0     0   -56.0   58.931   -7.482      0.8   1017.4    286.3      0.0     80.6
     1     1    14     9     7    11     0     1   -57.0   59.130   -7.645      1.3   1017.5    286.1      0.0     81.4
     1     1    14     9     7    10     0     2   -58.0   59.319   -7.799      1.7   1017.3    285.9      0.0     81.9
     1     1    14     9     7     9     0     3   -59.0   59.500   -7.943      2.1   1017.2    285.8      0.0     82.4
     1     1    14     9     7     8     0     2   -60.0   59.679   -8.074      2.6   1017.9    285.8      0.0     83.2
     1     1    14     9     7     7     0     1   -61.0   59.855   -8.188      2.8   1018.7    285.8      0.0     83.9
     1     1    14     9     7     6     0     0   -62.0   60.027   -8.286      2.9   1019.5    285.7      0.0     84.5
     1     1    14     9     7     5     0     1   -63.0   60.191   -8.386      3.0   1019.5    285.6      0.0     84.5
     1     1    14     9     7     4     0     2   -64.0   60.346   -8.510      3.0   1019.6    285.5      0.0     84.5
     1     1    14     9     7     3     0     3   -65.0   60.487   -8.659      3.1   1019.7    285.4      0.0     84.7
     1     1    14     9     7     2     0     2   -66.0   60.606   -8.824      3.2   1019.5    285.4      0.0     84.9
     1     1    14     9     7     1     0     1   -67.0   60.695   -8.994      3.8   1019.3    285.4      0.0     84.3
     1     1    14     9     7     0     0     0   -68.0   60.756   -9.162      4.7   1019.2    285.5      0.0     84.0
     1     1    14     9     6    23     0     1   -69.0   60.810   -9.306      5.6   1019.5    285.4      0.0     83.9
     1     1    14     9     6    22     0     2   -70.0   60.872   -9.410      6.3   1019.7    285.4      0.0     83.6
     1     1    14     9     6    21     0     3   -71.0   60.942   -9.478      7.0   1020.0    285.4      0.0     83.2
     1     1    14     9     6    20     0     2   -72.0   61.018   -9.541      7.8   1018.8    285.3      0.0     83.0
