     7     1
    GDAS    14     8    22     0     0
    GDAS    14     8    29     0     0
    GDAS    14     9     1     0     0
    GDAS    14     9     8     0     0
    GDAS    14     9    15     0     0
    GDAS    14     9    22     0     0
    GDAS    14     9    29     0     0
     1 BACKWARD OMEGA   
    14     9    15    11   56.467   -2.973   100.0
     4 PRESSURE AIR_TEMP RAINFALL RELHUMID
     1     1    14     9    15    11     0     1     0.0   56.467   -2.973    100.0    979.8    284.3      0.3     98.2
     1     1    14     9    15    10     0     2    -1.0   56.597   -2.816     54.9    988.1    284.7      0.0     97.7
     1     1    14     9    15     9     0     3    -2.0   56.723   -2.674     30.7    992.7    285.0      0.0     97.0
     1     1    14     9    15     8     0     2    -3.0   56.844   -2.524     18.7    998.2    284.9      0.0     96.8
     1     1    14     9    15     7     0     1    -4.0   56.961   -2.355     12.5   1005.5    284.9      0.0     96.1
     1     1    14     9    15     6     0     0    -5.0   57.076   -2.158      8.8   1016.3    285.3      0.0     94.1
     1     1    14     9    15     5     0     1    -6.0   57.188   -1.923      6.1   1023.7    286.0      0.0     90.2
     1     1    14     9    15     4     0     2    -7.0   57.290   -1.647      3.9   1024.1    286.2      0.0     86.9
     1     1    14     9    15     3     0     3    -8.0   57.381   -1.334      2.7   1024.5    286.4      0.0     83.5
     1     1    14     9    15     2     0     2    -9.0   57.464   -0.991      2.4   1025.3    286.5      0.0     81.3
     1     1    14     9    15     1     0     1   -10.0   57.534   -0.636      2.4   1025.9    286.5      0.0     80.7
     1     1    14     9    15     0     0     0   -11.0   57.588   -0.290      2.4   1026.3    286.5      0.0     80.2
     1     1    14     9    14    23     0     1   -12.0   57.649    0.054      2.4   1026.7    286.7      0.0     78.1
     1     1    14     9    14    22     0     2   -13.0   57.721    0.391      2.6   1027.0    286.8      0.0     77.3
     1     1    14     9    14    21     0     3   -14.0   57.795    0.709      2.9   1027.4    286.9      0.0     75.4
     1     1    14     9    14    20     0     2   -15.0   57.871    1.013      3.3   1027.5    286.9      0.0     75.4
     1     1    14     9    14    19     0     1   -16.0   57.947    1.310      3.5   1027.8    287.1      0.0     76.0
     1     1    14     9    14    18     0     0   -17.0   58.023    1.592      3.6   1028.2    287.3      0.0     76.4
     1     1    14     9    14    17     0     1   -18.0   58.104    1.855      3.7   1028.4    287.3      0.0     77.5
     1     1    14     9    14    16     0     2   -19.0   58.198    2.094      3.9   1028.7    287.3      0.0     79.1
     1     1    14     9    14    15     0     3   -20.0   58.302    2.307      4.2   1029.0    287.3      0.0     80.8
     1     1    14     9    14    14     0     2   -21.0   58.405    2.489      4.7   1029.3    287.3      0.0     81.3
     1     1    14     9    14    13     0     1   -22.0   58.499    2.642      5.2   1029.7    287.4      0.0     82.0
     1     1    14     9    14    12     0     0   -23.0   58.585    2.773      5.6   1030.0    287.4      0.0     83.0
     1     1    14     9    14    11     0     1   -24.0   58.669    2.893      5.9   1030.0    287.5      0.0     84.3
     1     1    14     9    14    10     0     2   -25.0   58.757    3.012      6.2   1030.0    287.6      0.0     85.1
     1     1    14     9    14     9     0     3   -26.0   58.848    3.131      6.3   1030.3    287.8      0.0     85.5
     1     1    14     9    14     8     0     2   -27.0   58.942    3.244      6.5   1029.8    287.7      0.0     85.3
     1     1    14     9    14     7     0     1   -28.0   59.039    3.346      6.8   1029.0    287.7      0.0     85.4
     1     1    14     9    14     6     0     0   -29.0   59.140    3.440      7.3   1028.0    287.7      0.0     85.7
     1     1    14     9    14     5     0     1   -30.0   59.245    3.513      7.9   1028.2    287.7      0.0     84.1
     1     1    14     9    14     4     0     2   -31.0   59.356    3.554      8.6   1028.4    287.7      0.0     82.3
     1     1    14     9    14     3     0     3   -32.0   59.470    3.562      9.3   1028.6    287.7      0.0     80.4
     1     1    14     9    14     2     0     2   -33.0   59.573    3.554      9.9   1029.2    287.7      0.0     79.8
     1     1    14     9    14     1     0     1   -34.0   59.656    3.544     10.4   1029.5    287.7      0.0     79.2
     1     1    14     9    14     0     0     0   -35.0   59.719    3.535     10.9   1029.7    287.7      0.0     78.6
     1     1    14     9    13    23     0     1   -36.0   59.770    3.519     11.3   1029.4    287.7      0.0     78.8
     1     1    14     9    13    22     0     2   -37.0   59.815    3.490     11.7   1029.2    287.7      0.0     79.1
     1     1    14     9    13    21     0     3   -38.0   59.854    3.448     12.1   1029.1    287.7      0.0     79.4
     1     1    14     9    13    20     0     2   -39.0   59.884    3.395     12.5   1029.3    287.6      0.0     79.7
     1     1    14     9    13    19     0     1   -40.0   59.906    3.332     12.8   1029.6    287.5      0.0     80.0
     1     1    14     9    13    18     0     0   -41.0   59.918    3.260     12.9   1029.8    287.4      0.0     80.3
     1     1    14     9    13    17     0     1   -42.0   59.916    3.174     12.8   1030.0    287.4      0.0     80.3
     1     1    14     9    13    16     0     2   -43.0   59.893    3.072     12.8   1030.1    287.4      0.0     80.3
     1     1    14     9    13    15     0     3   -44.0   59.851    2.956     12.8   1030.3    287.3      0.0     80.1
     1     1    14     9    13    14     0     2   -45.0   59.795    2.839     13.1   1030.6    287.3      0.0     80.6
     1     1    14     9    13    13     0     1   -46.0   59.731    2.732     13.7   1030.9    287.3      0.0     81.0
     1     1    14     9    13    12     0     0   -47.0   59.659    2.634     14.6   1031.1    287.3      0.0     81.3
     1     1    14     9    13    11     0     1   -48.0   59.579    2.553     15.5   1029.5    287.3      0.0     81.3
     1     1    14     9    13    10     0     2   -49.0   59.492    2.496     16.2   1028.0    287.2      0.0     81.5
     1     1    14     9    13     9     0     3   -50.0   59.400    2.464     16.8   1026.6    287.1      0.0     81.8
     1     1    14     9    13     8     0     2   -51.0   59.312    2.448     17.2   1026.9    287.2      0.0     81.7
     1     1    14     9    13     7     0     1   -52.0   59.235    2.432     17.6   1027.2    287.2      0.0     81.5
     1     1    14     9    13     6     0     0   -53.0   59.168    2.416     17.8   1027.5    287.2      0.0     81.4
     1     1    14     9    13     5     0     1   -54.0   59.102    2.395     18.0   1027.3    287.2      0.0     80.2
     1     1    14     9    13     4     0     2   -55.0   59.032    2.361     18.6   1027.0    287.1      0.0     79.1
     1     1    14     9    13     3     0     3   -56.0   58.956    2.314     19.6   1026.6    287.1      0.0     78.3
     1     1    14     9    13     2     0     2   -57.0   58.880    2.260     21.0   1026.7    287.1      0.0     78.3
     1     1    14     9    13     1     0     1   -58.0   58.808    2.205     22.5   1026.9    287.0      0.0     78.2
     1     1    14     9    13     0     0     0   -59.0   58.739    2.149     24.0   1027.0    287.0      0.0     77.8
     1     1    14     9    12    23     0     1   -60.0   58.673    2.095     25.3   1025.7    287.1      0.0     77.9
     1     1    14     9    12    22     0     2   -61.0   58.610    2.042     26.5   1024.5    287.2      0.0     78.1
     1     1    14     9    12    21     0     3   -62.0   58.549    1.991     27.4   1023.3    287.3      0.0     78.5
     1     1    14     9    12    20     0     2   -63.0   58.495    1.937     28.3   1023.4    287.2      0.0     78.3
     1     1    14     9    12    19     0     1   -64.0   58.449    1.878     28.8   1023.6    287.2      0.0     78.2
     1     1    14     9    12    18     0     0   -65.0   58.411    1.817     29.0   1023.8    287.2      0.0     78.0
     1     1    14     9    12    17     0     1   -66.0   58.376    1.751     29.2   1023.0    287.1      0.0     78.6
     1     1    14     9    12    16     0     2   -67.0   58.335    1.675     29.9   1022.1    287.0      0.0     79.3
     1     1    14     9    12    15     0     3   -68.0   58.288    1.591     31.0   1021.2    286.9      0.0     80.2
     1     1    14     9    12    14     0     2   -69.0   58.236    1.505     32.1   1022.0    286.9      0.0     80.6
     1     1    14     9    12    13     0     1   -70.0   58.185    1.426     32.8   1023.1    286.9      0.0     80.8
     1     1    14     9    12    12     0     0   -71.0   58.135    1.353     33.0   1024.3    286.9      0.0     80.9
     1     1    14     9    12    11     0     1   -72.0   58.083    1.291     33.0   1023.7    286.9      0.0     82.7
