     7     1
    GDAS    14     8    22     0     0
    GDAS    14     8    29     0     0
    GDAS    14     9     1     0     0
    GDAS    14     9     8     0     0
    GDAS    14     9    15     0     0
    GDAS    14     9    22     0     0
    GDAS    14     9    29     0     0
     1 BACKWARD OMEGA   
    14     9     6    22   56.467   -2.973   100.0
     4 PRESSURE AIR_TEMP RAINFALL RELHUMID
     1     1    14     9     6    22     0     2     0.0   56.467   -2.973    100.0    971.9    281.7      0.0     86.9
     1     1    14     9     6    21     0     3    -1.0   56.576   -3.261    153.4    959.9    281.4      0.0     86.6
     1     1    14     9     6    20     0     2    -2.0   56.694   -3.600    201.1    943.1    280.9      0.2     87.0
     1     1    14     9     6    19     0     1    -3.0   56.802   -3.966    211.1    930.6    280.3      0.3     88.8
     1     1    14     9     6    18     0     0    -4.0   56.885   -4.323    193.3    935.2    280.7      0.3     88.1
     1     1    14     9     6    17     0     1    -5.0   56.953   -4.650    166.2    940.5    281.2      0.0     85.7
     1     1    14     9     6    16     0     2    -6.0   57.015   -4.938    123.0    949.5    282.0      0.0     82.4
     1     1    14     9     6    15     0     3    -7.0   57.086   -5.193     78.5    965.3    283.6      0.0     78.6
     1     1    14     9     6    14     0     2    -8.0   57.177   -5.435     43.0    980.9    284.9      0.3     78.3
     1     1    14     9     6    13     0     1    -9.0   57.287   -5.672     22.1    995.7    286.1      0.4     77.9
     1     1    14     9     6    12     0     0   -10.0   57.424   -5.911      8.2   1007.0    286.5      0.6     77.2
     1     1    14     9     6    11     0     1   -11.0   57.581   -6.150      1.8   1012.1    286.5      0.1     77.8
     1     1    14     9     6    10     0     2   -12.0   57.753   -6.390      0.0   1012.2    286.4      0.1     78.3
     1     1    14     9     6     9     0     3   -13.0   57.939   -6.628      0.0   1010.5    286.1      0.0     78.5
     1     1    14     9     6     8     0     2   -14.0   58.142   -6.871      0.0   1009.4    285.7      0.3     79.9
     1     1    14     9     6     7     0     1   -15.0   58.370   -7.118      0.0   1010.4    285.6      0.3     81.0
     1     1    14     9     6     6     0     0   -16.0   58.629   -7.352      0.0   1012.4    285.8      0.5     81.4
     1     1    14     9     6     5     0     1   -17.0   58.921   -7.592      0.0   1013.8    286.0      0.2     81.9
     1     1    14     9     6     4     0     2   -18.0   59.243   -7.863      0.0   1013.8    285.9      0.2     83.1
     1     1    14     9     6     3     0     3   -19.0   59.587   -8.139      0.0   1013.5    285.9      0.3     84.1
     1     1    14     9     6     2     0     2   -20.0   59.938   -8.404      0.0   1014.7    285.8      0.0     86.0
     1     1    14     9     6     1     0     1   -21.0   60.278   -8.672      0.0   1015.8    285.7      0.0     88.2
     1     1    14     9     6     0     0     0   -22.0   60.610   -8.942      0.0   1017.0    285.6      0.0     90.1
     1     1    14     9     5    23     0     1   -23.0   60.939   -9.181      0.0   1016.4    285.5      0.0     91.3
     1     1    14     9     5    22     0     2   -24.0   61.266   -9.368      0.0   1016.0    285.2      0.0     92.0
     1     1    14     9     5    21     0     3   -25.0   61.592   -9.502      0.0   1015.9    285.0      0.0     92.8
     1     1    14     9     5    20     0     2   -26.0   61.921   -9.590      0.0   1015.5    284.7      0.0     94.2
     1     1    14     9     5    19     0     1   -27.0   62.249   -9.639      0.0   1015.3    284.4      0.0     95.1
     1     1    14     9     5    18     0     0   -28.0   62.570   -9.646      0.0   1015.4    284.2      0.0     96.2
     1     1    14     9     5    17     0     1   -29.0   62.885   -9.614      0.0   1015.3    284.0      0.0     96.0
     1     1    14     9     5    16     0     2   -30.0   63.199   -9.553      0.0   1015.2    283.9      0.0     95.5
     1     1    14     9     5    15     0     3   -31.0   63.513   -9.462      0.0   1015.8    283.7      0.0     94.9
     1     1    14     9     5    14     0     2   -32.0   63.827   -9.340      0.0   1016.7    283.6      0.0     94.6
     1     1    14     9     5    13     0     1   -33.0   64.144   -9.180      0.0   1016.9    283.5      0.0     94.4
     1     1    14     9     5    12     0     0   -34.0   64.456   -8.985      0.0   1016.5    283.4      0.0     94.6
     1     1    14     9     5    11     0     1   -35.0   64.750   -8.762      0.0   1016.3    283.3      0.0     92.3
     1     1    14     9     5    10     0     2   -36.0   65.028   -8.507      0.1   1017.0    283.3      0.0     89.6
     1     1    14     9     5     9     0     3   -37.0   65.300   -8.222      0.3   1017.1    283.3      0.0     88.6
     1     1    14     9     5     8     0     2   -38.0   65.565   -7.903      0.6   1016.4    283.4      0.0     88.5
     1     1    14     9     5     7     0     1   -39.0   65.811   -7.556      0.7   1016.4    283.4      0.0     87.8
     1     1    14     9     5     6     0     0   -40.0   66.036   -7.205      0.8   1017.0    283.4      0.0     86.5
     1     1    14     9     5     5     0     1   -41.0   66.243   -6.871      0.7   1015.7    283.5      0.0     86.4
     1     1    14     9     5     4     0     2   -42.0   66.439   -6.572      0.6   1015.2    283.5      0.0     86.5
     1     1    14     9     5     3     0     3   -43.0   66.622   -6.310      0.4   1015.4    283.6      0.0     86.4
     1     1    14     9     5     2     0     2   -44.0   66.792   -6.096      0.3   1016.1    283.6      0.0     87.1
     1     1    14     9     5     1     0     1   -45.0   66.954   -5.940      0.2   1016.6    283.5      0.0     87.5
     1     1    14     9     5     0     0     0   -46.0   67.109   -5.852      0.2   1016.7    283.5      0.0     88.0
     1     1    14     9     4    23     0     1   -47.0   67.259   -5.834      0.1   1015.5    283.5      0.0     88.1
     1     1    14     9     4    22     0     2   -48.0   67.402   -5.879      0.0   1014.3    283.4      0.0     88.5
     1     1    14     9     4    21     0     3   -49.0   67.543   -5.983      0.0   1013.1    283.2      0.0     89.2
     1     1    14     9     4    20     0     2   -50.0   67.680   -6.148      0.1   1013.3    283.1      0.0     89.3
     1     1    14     9     4    19     0     1   -51.0   67.807   -6.376      0.6   1013.5    282.9      0.0     89.3
     1     1    14     9     4    18     0     0   -52.0   67.925   -6.659      1.3   1013.7    282.7      0.0     89.1
     1     1    14     9     4    17     0     1   -53.0   68.045   -6.987      2.1   1013.8    282.5      0.0     88.7
     1     1    14     9     4    16     0     2   -54.0   68.176   -7.357      3.0   1013.7    282.5      0.0     88.3
     1     1    14     9     4    15     0     3   -55.0   68.318   -7.759      3.7   1013.1    282.4      0.0     87.7
     1     1    14     9     4    14     0     2   -56.0   68.465   -8.203      4.1   1012.2    282.3      0.0     87.7
     1     1    14     9     4    13     0     1   -57.0   68.608   -8.700      4.4   1012.1    282.3      0.0     88.1
     1     1    14     9     4    12     0     0   -58.0   68.755   -9.250      4.6   1011.2    282.2      0.0     88.6
     1     1    14     9     4    11     0     1   -59.0   68.910   -9.836      4.7   1010.8    282.1      0.0     88.3
     1     1    14     9     4    10     0     2   -60.0   69.073  -10.442      5.1   1010.9    282.0      0.0     88.4
     1     1    14     9     4     9     0     3   -61.0   69.244  -11.065      5.9   1010.7    281.9      0.0     88.9
     1     1    14     9     4     8     0     2   -62.0   69.427  -11.698      6.7   1009.9    281.5      0.0     89.2
     1     1    14     9     4     7     0     1   -63.0   69.628  -12.337      7.7   1008.9    281.2      0.0     89.4
     1     1    14     9     4     6     0     0   -64.0   69.850  -12.982      8.2   1007.6    280.7      0.0     89.6
     1     1    14     9     4     5     0     1   -65.0   70.096  -13.599      8.6   1007.2    280.2      0.0     89.7
     1     1    14     9     4     4     0     2   -66.0   70.361  -14.163      9.2   1007.0    279.5      0.0     89.8
     1     1    14     9     4     3     0     3   -67.0   70.646  -14.682      9.4   1005.8    279.0      0.0     90.0
     1     1    14     9     4     2     0     2   -68.0   70.955  -15.157      9.5   1005.0    278.4      0.0     90.3
     1     1    14     9     4     1     0     1   -69.0   71.294  -15.574     10.1   1005.2    277.7      0.0     90.1
     1     1    14     9     4     0     0     0   -70.0   71.669  -15.932     11.4   1004.3    277.1      0.6     90.4
     1     1    14     9     3    23     0     1   -71.0   72.083  -16.207     12.6   1003.0    276.5      0.5     90.9
     1     1    14     9     3    22     0     2   -72.0   72.531  -16.378     13.5   1002.2    276.0      0.2     91.2
