     7     1
    GDAS    14     8    22     0     0
    GDAS    14     8    29     0     0
    GDAS    14     9     1     0     0
    GDAS    14     9     8     0     0
    GDAS    14     9    15     0     0
    GDAS    14     9    22     0     0
    GDAS    14     9    29     0     0
     1 BACKWARD OMEGA   
    14     9     6    18   56.467   -2.973   100.0
     4 PRESSURE AIR_TEMP RAINFALL RELHUMID
     1     1    14     9     6    18     0     0     0.0   56.467   -2.973    100.0    970.3    284.1      0.0     78.8
     1     1    14     9     6    17     0     1    -1.0   56.521   -3.257    142.8    961.7    284.0      0.3     76.5
     1     1    14     9     6    16     0     2    -2.0   56.574   -3.553    171.2    951.8    283.5      0.3     75.8
     1     1    14     9     6    15     0     3    -3.0   56.627   -3.849    170.7    946.2    283.3      0.3     74.8
     1     1    14     9     6    14     0     2    -4.0   56.679   -4.137    148.5    947.5    283.2      0.0     76.9
     1     1    14     9     6    13     0     1    -5.0   56.723   -4.404    121.3    952.9    283.5      0.0     78.4
     1     1    14     9     6    12     0     0    -6.0   56.753   -4.639     98.3    957.5    283.9      0.3     80.0
     1     1    14     9     6    11     0     1    -7.0   56.767   -4.844     81.8    961.8    283.7      0.0     83.0
     1     1    14     9     6    10     0     2    -8.0   56.768   -5.032     71.0    966.3    283.2      0.0     85.9
     1     1    14     9     6     9     0     3    -9.0   56.768   -5.213     60.7    973.6    283.0      0.0     87.5
     1     1    14     9     6     8     0     2   -10.0   56.782   -5.382     49.1    980.7    282.7      0.0     87.7
     1     1    14     9     6     7     0     1   -11.0   56.810   -5.526     38.8    986.3    282.6      0.0     88.0
     1     1    14     9     6     6     0     0   -12.0   56.847   -5.647     31.1    991.2    282.5      0.0     88.1
     1     1    14     9     6     5     0     1   -13.0   56.895   -5.758     24.9    995.2    283.0      0.0     85.9
     1     1    14     9     6     4     0     2   -14.0   56.962   -5.871     19.3    999.4    283.6      0.0     83.3
     1     1    14     9     6     3     0     3   -15.0   57.043   -5.986     15.3   1004.0    284.3      0.0     80.5
     1     1    14     9     6     2     0     2   -16.0   57.136   -6.119     12.6   1007.3    284.9      0.0     80.4
     1     1    14     9     6     1     0     1   -17.0   57.239   -6.278     10.6   1010.1    285.4      0.0     80.0
     1     1    14     9     6     0     0     0   -18.0   57.353   -6.459      9.0   1011.9    285.7      0.0     79.3
     1     1    14     9     5    23     0     1   -19.0   57.474   -6.656      7.5   1012.9    285.8      0.0     78.6
     1     1    14     9     5    22     0     2   -20.0   57.600   -6.863      5.8   1012.9    285.7      0.0     77.8
     1     1    14     9     5    21     0     3   -21.0   57.726   -7.075      3.8   1012.5    285.5      0.0     77.1
     1     1    14     9     5    20     0     2   -22.0   57.857   -7.299      2.3   1013.1    285.7      0.0     76.6
     1     1    14     9     5    19     0     1   -23.0   58.006   -7.549      1.7   1014.3    285.9      0.0     75.4
     1     1    14     9     5    18     0     0   -24.0   58.187   -7.837      1.7   1016.7    286.2      0.0     74.7
     1     1    14     9     5    17     0     1   -25.0   58.397   -8.171      1.9   1017.8    286.2      0.0     75.8
     1     1    14     9     5    16     0     2   -26.0   58.624   -8.546      2.1   1017.8    286.3      0.0     76.1
     1     1    14     9     5    15     0     3   -27.0   58.867   -8.968      2.4   1017.7    286.4      0.0     75.0
     1     1    14     9     5    14     0     2   -28.0   59.122   -9.405      2.9   1017.2    286.2      0.0     75.4
     1     1    14     9     5    13     0     1   -29.0   59.387   -9.819      3.0   1016.9    286.0      0.0     76.1
     1     1    14     9     5    12     0     0   -30.0   59.662  -10.226      3.1   1017.0    285.8      0.0     76.6
     1     1    14     9     5    11     0     1   -31.0   59.944  -10.661      3.6   1017.0    285.9      0.0     77.2
     1     1    14     9     5    10     0     2   -32.0   60.248  -11.111      4.3   1017.2    286.0      0.0     77.7
     1     1    14     9     5     9     0     3   -33.0   60.587  -11.528      4.9   1017.2    285.8      0.0     78.4
     1     1    14     9     5     8     0     2   -34.0   60.951  -11.907      5.6   1017.1    285.7      0.0     79.4
     1     1    14     9     5     7     0     1   -35.0   61.323  -12.227      6.4   1017.3    285.4      0.0     79.6
     1     1    14     9     5     6     0     0   -36.0   61.701  -12.463      7.3   1017.0    285.2      0.7     80.5
     1     1    14     9     5     5     0     1   -37.0   62.093  -12.634      8.3   1016.5    285.0      0.2     81.2
     1     1    14     9     5     4     0     2   -38.0   62.492  -12.742      9.1   1016.3    284.7      0.2     81.4
     1     1    14     9     5     3     0     3   -39.0   62.893  -12.766      9.5   1016.0    284.4      0.0     82.6
     1     1    14     9     5     2     0     2   -40.0   63.290  -12.706      9.7   1016.0    284.2      0.7     82.7
     1     1    14     9     5     1     0     1   -41.0   63.669  -12.589     10.2   1016.2    283.9      0.0     82.6
     1     1    14     9     5     0     0     0   -42.0   64.027  -12.435     11.3   1016.5    283.6      0.7     82.6
     1     1    14     9     4    23     0     1   -43.0   64.357  -12.268     12.5   1015.4    283.5      0.4     83.0
     1     1    14     9     4    22     0     2   -44.0   64.656  -12.114     13.4   1014.0    283.3      0.0     82.8
     1     1    14     9     4    21     0     3   -45.0   64.932  -11.992     14.5   1012.4    283.1      0.0     82.4
     1     1    14     9     4    20     0     2   -46.0   65.189  -11.895     15.5   1013.0    283.1      0.0     82.8
     1     1    14     9     4    19     0     1   -47.0   65.431  -11.809     16.1   1013.1    283.0      0.0     83.0
     1     1    14     9     4    18     0     0   -48.0   65.663  -11.751     16.4   1012.6    282.9      0.0     82.4
     1     1    14     9     4    17     0     1   -49.0   65.870  -11.738     16.9   1012.8    282.8      0.0     81.9
     1     1    14     9     4    16     0     2   -50.0   66.041  -11.771     17.9   1012.9    282.8      0.0     81.3
     1     1    14     9     4    15     0     3   -51.0   66.185  -11.846     19.3   1012.9    282.7      0.0     81.5
     1     1    14     9     4    14     0     2   -52.0   66.322  -11.957     20.5   1012.5    282.6      0.0     82.5
     1     1    14     9     4    13     0     1   -53.0   66.464  -12.108     21.2   1012.3    282.5      0.0     83.3
     1     1    14     9     4    12     0     0   -54.0   66.605  -12.301     21.4   1012.2    282.5      0.0     84.0
     1     1    14     9     4    11     0     1   -55.0   66.740  -12.521     21.5   1012.2    282.5      0.0     84.2
     1     1    14     9     4    10     0     2   -56.0   66.867  -12.753     22.2   1012.5    282.6      0.0     84.2
     1     1    14     9     4     9     0     3   -57.0   66.992  -13.006     23.5   1013.1    282.6      0.0     84.0
     1     1    14     9     4     8     0     2   -58.0   67.123  -13.301     25.1   1011.3    282.4      0.0     83.9
     1     1    14     9     4     7     0     1   -59.0   67.266  -13.655     26.1   1009.9    282.2      0.0     84.0
     1     1    14     9     4     6     0     0   -60.0   67.427  -14.063     26.5   1009.0    281.9      0.0     84.4
     1     1    14     9     4     5     0     1   -61.0   67.600  -14.508     27.1   1008.4    281.7      0.0     84.1
     1     1    14     9     4     4     0     2   -62.0   67.784  -14.971     27.9   1007.4    281.3      0.0     84.3
     1     1    14     9     4     3     0     3   -63.0   67.987  -15.448     28.1   1007.3    280.9      0.0     85.0
     1     1    14     9     4     2     0     2   -64.0   68.207  -15.944     28.3   1007.3    280.5      0.0     85.1
     1     1    14     9     4     1     0     1   -65.0   68.437  -16.465     29.9   1006.2    280.0      0.0     85.3
     1     1    14     9     4     0     0     0   -66.0   68.682  -17.005     32.6   1005.2    279.2      0.7     86.0
     1     1    14     9     3    23     0     1   -67.0   68.948  -17.556     36.3   1003.9    278.9      0.3     86.2
     1     1    14     9     3    22     0     2   -68.0   69.246  -18.089     43.8   1002.3    278.3      0.3     85.9
     1     1    14     9     3    21     0     3   -69.0   69.587  -18.571     54.6   1000.6    277.5      0.2     85.6
     1     1    14     9     3    20     0     2   -70.0   69.973  -18.997     65.2    997.7    276.8      0.5     87.0
     1     1    14     9     3    19     0     1   -71.0   70.396  -19.382     75.2    995.8    276.4      0.5     87.1
     1     1    14     9     3    18     0     0   -72.0   70.845  -19.746     80.7    993.7    276.1      0.3     87.6
