     7     1
    GDAS    14     8    22     0     0
    GDAS    14     8    29     0     0
    GDAS    14     9     1     0     0
    GDAS    14     9     8     0     0
    GDAS    14     9    15     0     0
    GDAS    14     9    22     0     0
    GDAS    14     9    29     0     0
     1 BACKWARD OMEGA   
    14     9    19     5   56.467   -2.973   100.0
     4 PRESSURE AIR_TEMP RAINFALL RELHUMID
     1     1    14     9    19     5     0     1     0.0   56.467   -2.973    100.0    971.8    284.3      0.0     96.6
     1     1    14     9    19     4     0     2    -1.0   56.451   -2.869     97.3    975.4    284.7      0.0     97.3
     1     1    14     9    19     3     0     3    -2.0   56.438   -2.757     92.0    979.6    285.1      0.0     97.9
     1     1    14     9    19     2     0     2    -3.0   56.424   -2.635     84.6    984.2    285.4      0.0     97.4
     1     1    14     9    19     1     0     1    -4.0   56.407   -2.503     75.5    989.4    285.7      0.0     96.8
     1     1    14     9    19     0     0     0    -5.0   56.386   -2.359     65.3    995.0    286.1      0.0     96.3
     1     1    14     9    18    23     0     1    -6.0   56.363   -2.204     55.8   1000.8    286.4      0.0     95.7
     1     1    14     9    18    22     0     2    -7.0   56.335   -2.039     48.3   1005.7    286.6      0.0     95.2
     1     1    14     9    18    21     0     3    -8.0   56.300   -1.857     43.7   1007.7    286.7      0.0     95.1
     1     1    14     9    18    20     0     2    -9.0   56.261   -1.648     41.0   1008.3    286.8      0.0     94.7
     1     1    14     9    18    19     0     1   -10.0   56.220   -1.412     39.5   1008.7    286.8      0.0     94.3
     1     1    14     9    18    18     0     0   -11.0   56.176   -1.155     40.3   1008.6    286.8      0.0     93.9
     1     1    14     9    18    17     0     1   -12.0   56.126   -0.892     43.1   1008.5    286.9      0.0     93.7
     1     1    14     9    18    16     0     2   -13.0   56.070   -0.634     45.6   1008.1    287.1      0.0     93.8
     1     1    14     9    18    15     0     3   -14.0   56.009   -0.387     46.5   1007.9    287.2      0.0     93.9
     1     1    14     9    18    14     0     2   -15.0   55.940   -0.133     45.8   1008.2    287.2      0.0     93.4
     1     1    14     9    18    13     0     1   -16.0   55.872    0.197     44.5   1008.7    287.3      0.0     90.4
     1     1    14     9    18    12     0     0   -17.0   55.811    0.607     44.2   1009.0    287.5      0.0     89.6
     1     1    14     9    18    11     0     1   -18.0   55.758    1.041     44.4   1009.2    287.7      0.0     89.0
     1     1    14     9    18    10     0     2   -19.0   55.719    1.495     44.4   1009.4    287.8      0.0     88.5
     1     1    14     9    18     9     0     3   -20.0   55.699    1.978     44.4   1009.6    287.9      0.0     87.3
     1     1    14     9    18     8     0     2   -21.0   55.693    2.479     44.0   1009.7    288.1      0.0     86.4
     1     1    14     9    18     7     0     1   -22.0   55.695    2.980     43.3   1010.1    288.3      0.0     85.7
     1     1    14     9    18     6     0     0   -23.0   55.710    3.479     42.7   1010.4    288.5      0.0     84.8
     1     1    14     9    18     5     0     1   -24.0   55.729    3.987     42.5   1010.5    288.7      0.0     83.0
     1     1    14     9    18     4     0     2   -25.0   55.743    4.514     42.2   1010.5    288.8      0.0     80.9
     1     1    14     9    18     3     0     3   -26.0   55.752    5.059     42.0   1010.7    289.0      0.0     79.1
     1     1    14     9    18     2     0     2   -27.0   55.758    5.615     42.0   1010.8    289.2      0.0     76.3
     1     1    14     9    18     1     0     1   -28.0   55.759    6.178     42.1   1011.0    289.3      0.0     73.9
     1     1    14     9    18     0     0     0   -29.0   55.746    6.745     42.1   1011.2    289.5      0.0     70.9
     1     1    14     9    17    23     0     1   -30.0   55.724    7.303     43.4   1012.0    289.5      0.0     70.7
     1     1    14     9    17    22     0     2   -31.0   55.703    7.834     48.5   1012.4    289.5      0.0     69.9
     1     1    14     9    17    21     0     3   -32.0   55.685    8.321     59.4   1010.2    288.6      0.0     70.8
     1     1    14     9    17    20     0     2   -33.0   55.679    8.771     78.6   1004.9    288.0      0.0     72.9
     1     1    14     9    17    19     0     1   -34.0   55.683    9.219    100.6   1000.8    288.4      0.0     72.6
     1     1    14     9    17    18     0     0   -35.0   55.692    9.678    105.7   1000.7    289.0      0.0     71.3
     1     1    14     9    17    17     0     1   -36.0   55.702   10.100     91.6   1004.6    289.7      0.0     68.9
     1     1    14     9    17    16     0     2   -37.0   55.708   10.470     78.2   1008.8    290.2      0.0     65.7
     1     1    14     9    17    15     0     3   -38.0   55.714   10.812     73.1   1010.2    290.3      0.0     63.9
     1     1    14     9    17    14     0     2   -39.0   55.717   11.133     72.7   1011.2    290.1      0.0     66.2
     1     1    14     9    17    13     0     1   -40.0   55.705   11.436     73.0   1011.3    290.2      0.0     66.7
     1     1    14     9    17    12     0     0   -41.0   55.676   11.715     71.5   1011.9    290.5      0.0     66.6
     1     1    14     9    17    11     0     1   -42.0   55.636   11.987     68.3   1012.1    290.4      0.0     69.5
     1     1    14     9    17    10     0     2   -43.0   55.591   12.278     65.5   1011.7    290.5      0.0     72.7
     1     1    14     9    17     9     0     3   -44.0   55.535   12.599     65.6   1011.0    290.4      0.0     74.6
     1     1    14     9    17     8     0     2   -45.0   55.467   12.940     69.6   1010.0    289.5      0.0     75.9
     1     1    14     9    17     7     0     1   -46.0   55.392   13.286     74.0   1009.0    288.7      0.0     78.2
     1     1    14     9    17     6     0     0   -47.0   55.313   13.616     73.5   1010.0    288.5      0.0     79.4
     1     1    14     9    17     5     0     1   -48.0   55.229   13.928     68.0   1011.8    288.9      0.0     75.3
     1     1    14     9    17     4     0     2   -49.0   55.142   14.231     61.0   1014.2    289.4      0.0     70.8
     1     1    14     9    17     3     0     3   -50.0   55.048   14.521     55.7   1015.5    289.8      0.0     65.6
     1     1    14     9    17     2     0     2   -51.0   54.940   14.811     52.4   1015.7    289.7      0.0     63.3
     1     1    14     9    17     1     0     1   -52.0   54.816   15.112     51.4   1015.5    289.5      0.0     61.9
     1     1    14     9    17     0     0     0   -53.0   54.680   15.419     54.4   1014.8    289.2      0.0     60.8
     1     1    14     9    16    23     0     1   -54.0   54.548   15.731     64.6   1012.9    288.9      0.0     59.8
     1     1    14     9    16    22     0     2   -55.0   54.427   16.057     84.8   1008.4    288.8      0.0     58.5
     1     1    14     9    16    21     0     3   -56.0   54.311   16.400    111.7   1001.0    289.0      0.0     57.4
     1     1    14     9    16    20     0     2   -57.0   54.199   16.754    137.9    993.4    289.2      0.0     55.8
     1     1    14     9    16    19     0     1   -58.0   54.093   17.112    157.1    986.1    289.4      0.0     52.9
     1     1    14     9    16    18     0     0   -59.0   54.001   17.464    161.5    983.4    289.9      0.0     50.6
     1     1    14     9    16    17     0     1   -60.0   53.928   17.788    151.6    985.6    290.4      0.0     48.9
     1     1    14     9    16    16     0     2   -61.0   53.865   18.074    136.1    989.4    291.3      0.0     45.8
     1     1    14     9    16    15     0     3   -62.0   53.808   18.325    123.1    994.4    292.4      0.0     41.8
     1     1    14     9    16    14     0     2   -63.0   53.748   18.553    115.1    998.2    292.6      0.0     41.7
     1     1    14     9    16    13     0     1   -64.0   53.678   18.767    110.2   1001.2    292.9      0.0     41.9
     1     1    14     9    16    12     0     0   -65.0   53.596   18.969    108.3   1003.2    293.1      0.0     42.3
     1     1    14     9    16    11     0     1   -66.0   53.514   19.178    108.2   1001.7    291.8      0.0     46.3
     1     1    14     9    16    10     0     2   -67.0   53.445   19.407    110.0    999.8    290.3      0.0     50.5
     1     1    14     9    16     9     0     3   -68.0   53.386   19.653    115.2    997.7    288.9      0.0     54.8
     1     1    14     9    16     8     0     2   -69.0   53.328   19.922    125.2    995.0    287.0      0.0     60.6
     1     1    14     9    16     7     0     1   -70.0   53.261   20.214    138.2    993.1    285.3      0.0     66.8
     1     1    14     9    16     6     0     0   -71.0   53.188   20.526    147.5    991.6    283.8      0.0     72.8
     1     1    14     9    16     5     0     1   -72.0   53.114   20.842    146.8    991.1    283.7      0.0     74.1
