     7     1
    GDAS    14     8    22     0     0
    GDAS    14     8    29     0     0
    GDAS    14     9     1     0     0
    GDAS    14     9     8     0     0
    GDAS    14     9    15     0     0
    GDAS    14     9    22     0     0
    GDAS    14     9    29     0     0
     1 BACKWARD OMEGA   
    14     9     5     5   56.467   -2.973   100.0
     4 PRESSURE AIR_TEMP RAINFALL RELHUMID
     1     1    14     9     5     5     0     1     0.0   56.467   -2.973    100.0    974.3    286.1      0.0     94.0
     1     1    14     9     5     4     0     2    -1.0   56.454   -3.107    122.3    971.5    286.2      0.0     93.1
     1     1    14     9     5     3     0     3    -2.0   56.442   -3.254    147.5    968.5    286.3      0.0     91.9
     1     1    14     9     5     2     0     2    -3.0   56.423   -3.402    174.4    964.7    286.5      0.0     90.9
     1     1    14     9     5     1     0     1    -4.0   56.394   -3.543    200.1    962.0    286.7      0.0     90.2
     1     1    14     9     5     0     0     0    -5.0   56.357   -3.677    223.5    960.3    286.9      0.0     89.8
     1     1    14     9     4    23     0     1    -6.0   56.312   -3.806    244.9    959.5    287.2      0.0     87.8
     1     1    14     9     4    22     0     2    -7.0   56.256   -3.932    264.1    959.6    287.6      0.0     85.5
     1     1    14     9     4    21     0     3    -8.0   56.188   -4.057    277.0    960.6    288.0      0.0     83.0
     1     1    14     9     4    20     0     2    -9.0   56.112   -4.189    278.4    963.4    288.4      0.0     81.5
     1     1    14     9     4    19     0     1   -10.0   56.030   -4.332    266.2    967.9    288.9      0.0     79.7
     1     1    14     9     4    18     0     0   -11.0   55.936   -4.477    242.5    971.4    289.3      0.0     77.9
     1     1    14     9     4    17     0     1   -12.0   55.827   -4.604    211.6    974.9    289.4      0.0     77.4
     1     1    14     9     4    16     0     2   -13.0   55.704   -4.700    179.4    979.8    289.7      0.0     77.1
     1     1    14     9     4    15     0     3   -14.0   55.567   -4.769    151.0    985.1    290.0      0.0     77.1
     1     1    14     9     4    14     0     2   -15.0   55.424   -4.797    134.4    989.8    289.9      0.0     80.0
     1     1    14     9     4    13     0     1   -16.0   55.278   -4.782    131.5    991.9    289.7      0.0     82.7
     1     1    14     9     4    12     0     0   -17.0   55.128   -4.735    135.8    993.0    289.5      0.0     85.0
     1     1    14     9     4    11     0     1   -18.0   54.971   -4.669    138.9    993.4    289.2      0.0     86.7
     1     1    14     9     4    10     0     2   -19.0   54.812   -4.592    133.8    994.9    288.9      0.0     88.0
     1     1    14     9     4     9     0     3   -20.0   54.652   -4.504    117.6    997.9    288.7      0.0     89.3
     1     1    14     9     4     8     0     2   -21.0   54.494   -4.407     94.6   1002.3    288.6      0.0     88.5
     1     1    14     9     4     7     0     1   -22.0   54.342   -4.301     71.1   1007.2    288.5      0.0     87.8
     1     1    14     9     4     6     0     0   -23.0   54.187   -4.182     51.9   1011.9    288.4      0.0     87.1
     1     1    14     9     4     5     0     1   -24.0   54.020   -4.022     40.2   1015.8    288.5      0.0     84.1
     1     1    14     9     4     4     0     2   -25.0   53.861   -3.819     35.6   1012.2    288.2      0.0     83.5
     1     1    14     9     4     3     0     3   -26.0   53.733   -3.607     34.3   1009.1    288.0      0.0     83.7
     1     1    14     9     4     2     0     2   -27.0   53.630   -3.406     32.3   1007.5    288.0      0.0     83.5
     1     1    14     9     4     1     0     1   -28.0   53.548   -3.222     27.2   1007.5    288.2      0.0     82.9
     1     1    14     9     4     0     0     0   -29.0   53.482   -3.051     18.9   1008.7    288.4      0.0     82.0
     1     1    14     9     3    23     0     1   -30.0   53.430   -2.896     12.6   1009.5    288.4      0.0     81.6
     1     1    14     9     3    22     0     2   -31.0   53.389   -2.746      8.5   1007.8    288.6      0.0     81.1
     1     1    14     9     3    21     0     3   -32.0   53.358   -2.596      6.7   1006.0    288.9      0.0     80.2
     1     1    14     9     3    20     0     2   -33.0   53.332   -2.453      6.3   1003.5    289.4      0.0     79.0
     1     1    14     9     3    19     0     1   -34.0   53.307   -2.327      7.1   1001.6    289.8      0.0     77.4
     1     1    14     9     3    18     0     0   -35.0   53.280   -2.217      8.5   1000.3    290.3      0.0     75.4
     1     1    14     9     3    17     0     1   -36.0   53.252   -2.107     10.4    999.2    291.0      0.0     73.1
     1     1    14     9     3    16     0     2   -37.0   53.225   -1.972     13.7    998.3    291.6      0.0     70.5
     1     1    14     9     3    15     0     3   -38.0   53.201   -1.812     17.7   1000.2    292.4      0.0     66.9
     1     1    14     9     3    14     0     2   -39.0   53.178   -1.643     21.1   1002.9    292.7      0.0     67.7
     1     1    14     9     3    13     0     1   -40.0   53.156   -1.483     23.4   1005.9    293.2      0.0     68.6
     1     1    14     9     3    12     0     0   -41.0   53.134   -1.333     24.3   1008.9    293.8      0.0     69.8
     1     1    14     9     3    11     0     1   -42.0   53.114   -1.193     23.6   1011.5    293.0      0.0     74.2
     1     1    14     9     3    10     0     2   -43.0   53.099   -1.062     21.8   1014.1    292.0      0.0     78.5
     1     1    14     9     3     9     0     3   -44.0   53.087   -0.942     19.5   1015.8    290.7      0.0     83.0
     1     1    14     9     3     8     0     2   -45.0   53.074   -0.832     17.7   1016.1    289.6      0.0     86.1
     1     1    14     9     3     7     0     1   -46.0   53.053   -0.733     16.7   1016.2    288.6      0.0     89.4
     1     1    14     9     3     6     0     0   -47.0   53.026   -0.643     16.4   1016.3    287.5      0.0     92.8
     1     1    14     9     3     5     0     1   -48.0   52.997   -0.554     16.4   1015.1    287.4      0.0     93.0
     1     1    14     9     3     4     0     2   -49.0   52.974   -0.460     16.4   1014.0    287.2      0.0     93.1
     1     1    14     9     3     3     0     3   -50.0   52.956   -0.360     16.4   1012.9    287.0      0.0     93.1
     1     1    14     9     3     2     0     2   -51.0   52.941   -0.249     16.3   1013.9    287.1      0.0     90.8
     1     1    14     9     3     1     0     1   -52.0   52.927   -0.121     16.2   1015.0    287.2      0.0     88.5
     1     1    14     9     3     0     0     0   -53.0   52.911    0.013     15.5   1020.0    286.2      0.0     89.3
     1     1    14     9     2    23     0     1   -54.0   52.893    0.150     14.4   1020.4    286.6      0.0     86.5
     1     1    14     9     2    22     0     2   -55.0   52.878    0.291     13.7   1020.6    286.9      0.0     84.6
     1     1    14     9     2    21     0     3   -56.0   52.865    0.438     13.0   1020.8    287.2      0.0     83.7
     1     1    14     9     2    20     0     2   -57.0   52.857    0.585     12.5   1020.2    287.9      0.0     82.3
     1     1    14     9     2    19     0     1   -58.0   52.861    0.726     12.4   1019.7    288.4      0.0     81.9
     1     1    14     9     2    18     0     0   -59.0   52.878    0.861     12.7   1019.1    288.7      0.0     82.3
     1     1    14     9     2    17     0     1   -60.0   52.912    0.996     13.3   1018.9    289.1      0.0     82.2
     1     1    14     9     2    16     0     2   -61.0   52.962    1.132     13.6   1019.2    289.4      0.0     81.2
     1     1    14     9     2    15     0     3   -62.0   53.027    1.265     13.8   1019.6    289.5      0.0     81.6
     1     1    14     9     2    14     0     2   -63.0   53.094    1.377     13.9   1020.9    289.3      0.0     84.6
     1     1    14     9     2    13     0     1   -64.0   53.156    1.459     14.1   1021.8    289.2      0.0     86.9
     1     1    14     9     2    12     0     0   -65.0   53.212    1.516     14.4   1022.4    289.1      0.0     88.9
     1     1    14     9     2    11     0     1   -66.0   53.275    1.558     14.7   1021.7    288.9      0.0     89.7
     1     1    14     9     2    10     0     2   -67.0   53.355    1.592     14.9   1021.3    288.8      0.0     90.6
     1     1    14     9     2     9     0     3   -68.0   53.451    1.614     15.1   1021.1    288.6      0.0     91.5
     1     1    14     9     2     8     0     2   -69.0   53.550    1.622     15.5   1020.6    288.5      0.0     92.0
     1     1    14     9     2     7     0     1   -70.0   53.639    1.617     15.7   1019.8    288.5      0.0     92.5
     1     1    14     9     2     6     0     0   -71.0   53.718    1.598     15.7   1018.9    288.4      0.0     92.9
     1     1    14     9     2     5     0     1   -72.0   53.803    1.570     15.7   1019.1    288.3      0.0     92.3
