     7     1
    GDAS    14     8    22     0     0
    GDAS    14     8    29     0     0
    GDAS    14     9     1     0     0
    GDAS    14     9     8     0     0
    GDAS    14     9    15     0     0
    GDAS    14     9    22     0     0
    GDAS    14     9    29     0     0
     1 BACKWARD OMEGA   
    14     9    22    22   56.467   -2.973   100.0
     4 PRESSURE AIR_TEMP RAINFALL RELHUMID
     1     1    14     9    22    22     0     2     0.0   56.467   -2.973    100.0    976.0    283.9      0.0     86.8
     1     1    14     9    22    21     0     3    -1.0   56.389   -3.273    158.3    970.4    283.9      0.0     85.3
     1     1    14     9    22    20     0     2    -2.0   56.303   -3.616    211.3    965.1    284.2      0.0     82.3
     1     1    14     9    22    19     0     1    -3.0   56.213   -3.983    249.5    964.1    284.4      0.0     81.5
     1     1    14     9    22    18     0     0    -4.0   56.127   -4.332    268.0    965.0    284.4      0.0     80.9
     1     1    14     9    22    17     0     1    -5.0   56.046   -4.626    265.9    967.4    284.6      0.0     78.3
     1     1    14     9    22    16     0     2    -6.0   55.969   -4.857    246.0    970.4    284.8      0.0     77.1
     1     1    14     9    22    15     0     3    -7.0   55.891   -5.044    217.6    975.3    285.3      0.0     76.5
     1     1    14     9    22    14     0     2    -8.0   55.806   -5.212    194.4    983.2    285.8      0.0     75.3
     1     1    14     9    22    13     0     1    -9.0   55.714   -5.380    184.1    988.0    286.0      0.0     74.8
     1     1    14     9    22    12     0     0   -10.0   55.617   -5.544    184.8    990.9    285.9      0.0     74.5
     1     1    14     9    22    11     0     1   -11.0   55.522   -5.710    194.0    991.3    285.5      0.0     75.8
     1     1    14     9    22    10     0     2   -12.0   55.430   -5.888    212.4    990.5    285.0      0.0     76.8
     1     1    14     9    22     9     0     3   -13.0   55.342   -6.088    242.7    987.3    284.3      0.0     77.5
     1     1    14     9    22     8     0     2   -14.0   55.253   -6.315    281.3    981.2    284.0      0.0     77.2
     1     1    14     9    22     7     0     1   -15.0   55.165   -6.566    322.6    974.4    283.6      0.0     77.0
     1     1    14     9    22     6     0     0   -16.0   55.077   -6.840    363.7    967.5    283.1      0.0     77.3
     1     1    14     9    22     5     0     1   -17.0   54.991   -7.127    401.7    961.9    283.1      0.0     76.2
     1     1    14     9    22     4     0     2   -18.0   54.904   -7.412    432.3    958.4    283.3      0.0     76.1
     1     1    14     9    22     3     0     3   -19.0   54.811   -7.690    453.6    956.3    283.4      0.0     75.6
     1     1    14     9    22     2     0     2   -20.0   54.706   -7.960    466.5    954.9    283.5      0.0     75.0
     1     1    14     9    22     1     0     1   -21.0   54.594   -8.222    471.8    957.3    283.7      0.0     74.8
     1     1    14     9    22     0     0     0   -22.0   54.479   -8.476    472.6    960.2    283.9      0.0     74.5
     1     1    14     9    21    23     0     1   -23.0   54.365   -8.689    471.8    962.3    284.2      0.0     72.4
     1     1    14     9    21    22     0     2   -24.0   54.250   -8.831    466.3    963.4    284.6      0.0     71.6
     1     1    14     9    21    21     0     3   -25.0   54.137   -8.901    450.6    965.0    285.1      0.0     72.0
     1     1    14     9    21    20     0     2   -26.0   54.030   -8.921    427.7    967.9    285.5      0.0     70.9
     1     1    14     9    21    19     0     1   -27.0   53.933   -8.920    403.4    970.2    285.8      0.0     69.7
     1     1    14     9    21    18     0     0   -28.0   53.847   -8.903    378.6    972.7    286.2      0.0     68.4
     1     1    14     9    21    17     0     1   -29.0   53.766   -8.871    358.6    975.1    286.4      0.0     67.6
     1     1    14     9    21    16     0     2   -30.0   53.681   -8.829    348.7    975.8    286.5      0.0     67.3
     1     1    14     9    21    15     0     3   -31.0   53.594   -8.775    349.1    975.3    286.4      0.0     67.5
     1     1    14     9    21    14     0     2   -32.0   53.510   -8.705    356.8    973.7    285.6      0.0     70.1
     1     1    14     9    21    13     0     1   -33.0   53.434   -8.609    367.5    971.9    284.9      0.0     72.8
     1     1    14     9    21    12     0     0   -34.0   53.367   -8.489    379.2    969.7    284.1      0.0     75.7
     1     1    14     9    21    11     0     1   -35.0   53.317   -8.344    391.7    967.3    283.5      0.0     75.8
     1     1    14     9    21    10     0     2   -36.0   53.294   -8.173    404.0    964.6    283.1      0.0     74.9
     1     1    14     9    21     9     0     3   -37.0   53.297   -7.975    414.0    962.0    282.7      0.0     73.3
     1     1    14     9    21     8     0     2   -38.0   53.320   -7.766    428.6    960.7    282.7      0.0     74.6
     1     1    14     9    21     7     0     1   -39.0   53.353   -7.563    453.8    957.1    282.7      0.0     74.5
     1     1    14     9    21     6     0     0   -40.0   53.390   -7.367    488.7    952.3    282.6      0.0     73.3
     1     1    14     9    21     5     0     1   -41.0   53.436   -7.173    530.9    947.0    282.5      0.0     73.2
     1     1    14     9    21     4     0     2   -42.0   53.502   -6.974    577.4    941.6    282.3      0.0     72.7
     1     1    14     9    21     3     0     3   -43.0   53.586   -6.767    617.0    937.3    282.1      0.0     74.1
     1     1    14     9    21     2     0     2   -44.0   53.691   -6.556    641.5    936.1    282.2      0.0     75.2
     1     1    14     9    21     1     0     1   -45.0   53.814   -6.340    652.1    936.5    282.3      0.0     75.8
     1     1    14     9    21     0     0     0   -46.0   53.953   -6.119    649.2    938.8    282.5      0.0     75.9
     1     1    14     9    20    23     0     1   -47.0   54.117   -5.911    644.0    941.6    282.6      0.0     76.4
     1     1    14     9    20    22     0     2   -48.0   54.317   -5.737    645.0    941.3    282.6      0.0     77.0
     1     1    14     9    20    21     0     3   -49.0   54.550   -5.589    649.9    940.0    282.7      0.0     77.3
     1     1    14     9    20    20     0     2   -50.0   54.799   -5.482    657.3    937.9    282.6      0.0     78.1
     1     1    14     9    20    19     0     1   -51.0   55.058   -5.435    669.8    935.3    282.4      0.0     78.2
     1     1    14     9    20    18     0     0   -52.0   55.328   -5.431    705.3    931.0    282.1      0.0     77.9
     1     1    14     9    20    17     0     1   -53.0   55.587   -5.444    769.4    921.1    281.6      0.0     77.3
     1     1    14     9    20    16     0     2   -54.0   55.819   -5.469    844.4    911.0    281.0      0.0     78.9
     1     1    14     9    20    15     0     3   -55.0   56.035   -5.512    916.1    901.2    280.2      0.0     80.5
     1     1    14     9    20    14     0     2   -56.0   56.239   -5.569    978.9    892.5    279.4      0.0     78.1
     1     1    14     9    20    13     0     1   -57.0   56.433   -5.637   1032.9    885.4    278.8      0.0     77.3
     1     1    14     9    20    12     0     0   -58.0   56.617   -5.717   1074.5    880.7    278.3      0.0     78.1
     1     1    14     9    20    11     0     1   -59.0   56.804   -5.813   1113.2    878.3    278.1      0.0     80.9
     1     1    14     9    20    10     0     2   -60.0   57.004   -5.935   1167.7    875.2    277.7      0.0     85.0
     1     1    14     9    20     9     0     3   -61.0   57.213   -6.099   1226.7    871.8    277.5      0.0     84.9
     1     1    14     9    20     8     0     2   -62.0   57.421   -6.306   1255.7    869.9    277.5      0.0     85.8
     1     1    14     9    20     7     0     1   -63.0   57.620   -6.545   1259.3    871.2    277.5      0.0     88.6
     1     1    14     9    20     6     0     0   -64.0   57.811   -6.817   1260.1    870.5    277.4      0.0     90.7
     1     1    14     9    20     5     0     1   -65.0   57.990   -7.137   1260.1    868.1    277.5      0.0     89.5
     1     1    14     9    20     4     0     2   -66.0   58.151   -7.511   1256.6    871.8    277.8      0.0     88.3
     1     1    14     9    20     3     0     3   -67.0   58.292   -7.938   1256.8    874.8    278.0      0.0     87.3
     1     1    14     9    20     2     0     2   -68.0   58.416   -8.388   1272.6    874.1    278.0      0.0     87.1
     1     1    14     9    20     1     0     1   -69.0   58.524   -8.840   1306.0    869.8    277.7      0.0     88.5
     1     1    14     9    20     0     0     0   -70.0   58.612   -9.300   1342.9    865.0    277.2      0.0     91.4
     1     1    14     9    19    23     0     1   -71.0   58.698   -9.768   1368.6    861.5    276.8      0.0     90.7
     1     1    14     9    19    22     0     2   -72.0   58.798  -10.247   1372.5    860.5    276.7      0.0     89.9
