     7     1
    GDAS    14     8    22     0     0
    GDAS    14     8    29     0     0
    GDAS    14     9     1     0     0
    GDAS    14     9     8     0     0
    GDAS    14     9    15     0     0
    GDAS    14     9    22     0     0
    GDAS    14     9    29     0     0
     1 BACKWARD OMEGA   
    14     9    10    14   56.467   -2.973   100.0
     4 PRESSURE AIR_TEMP RAINFALL RELHUMID
     1     1    14     9    10    14     0     2     0.0   56.467   -2.973    100.0    978.9    288.0      0.0     71.8
     1     1    14     9    10    13     0     1    -1.0   56.389   -2.873     92.6    985.4    287.9      0.0     71.1
     1     1    14     9    10    12     0     0    -2.0   56.324   -2.782     88.7    990.2    287.7      0.0     71.1
     1     1    14     9    10    11     0     1    -3.0   56.262   -2.692     88.2    994.0    286.9      0.0     74.4
     1     1    14     9    10    10     0     2    -4.0   56.192   -2.590     92.0    997.1    286.2      0.0     77.7
     1     1    14     9    10     9     0     3    -5.0   56.111   -2.475    100.3    999.3    285.6      0.0     81.0
     1     1    14     9    10     8     0     2    -6.0   56.026   -2.347    109.4   1000.8    285.3      0.0     80.9
     1     1    14     9    10     7     0     1    -7.0   55.943   -2.210    112.9   1001.1    285.2      0.0     80.6
     1     1    14     9    10     6     0     0    -8.0   55.864   -2.070    107.4   1001.7    285.0      0.0     80.5
     1     1    14     9    10     5     0     1    -9.0   55.792   -1.935     97.4   1002.7    285.1      0.0     80.0
     1     1    14     9    10     4     0     2   -10.0   55.728   -1.811     88.9   1003.5    285.1      0.0     79.4
     1     1    14     9    10     3     0     3   -11.0   55.674   -1.697     82.8   1004.2    285.1      0.0     78.8
     1     1    14     9    10     2     0     2   -12.0   55.627   -1.585     78.3   1005.3    285.3      0.0     78.0
     1     1    14     9    10     1     0     1   -13.0   55.584   -1.466     75.0   1006.7    285.7      0.0     77.1
     1     1    14     9    10     0     0     0   -14.0   55.544   -1.339     73.1   1008.3    286.0      0.0     75.9
     1     1    14     9     9    23     0     1   -15.0   55.510   -1.206     74.0   1010.1    286.3      0.0     75.3
     1     1    14     9     9    22     0     2   -16.0   55.485   -1.068     79.2   1011.6    286.5      0.0     74.7
     1     1    14     9     9    21     0     3   -17.0   55.470   -0.927     90.4   1011.3    286.5      0.0     74.4
     1     1    14     9     9    20     0     2   -18.0   55.459   -0.782    106.5   1009.0    286.4      0.0     74.1
     1     1    14     9     9    19     0     1   -19.0   55.445   -0.626    126.1   1006.7    286.4      0.0     73.8
     1     1    14     9     9    18     0     0   -20.0   55.429   -0.463    149.7   1003.9    286.3      0.0     73.4
     1     1    14     9     9    17     0     1   -21.0   55.409   -0.318    176.0   1000.1    286.3      0.0     72.5
     1     1    14     9     9    16     0     2   -22.0   55.386   -0.213    202.9    996.5    286.2      0.0     71.7
     1     1    14     9     9    15     0     3   -23.0   55.359   -0.148    228.8    993.2    286.2      0.0     70.8
     1     1    14     9     9    14     0     2   -24.0   55.330   -0.116    254.1    990.9    285.8      0.0     72.2
     1     1    14     9     9    13     0     1   -25.0   55.302   -0.111    280.8    988.1    285.4      0.0     73.8
     1     1    14     9     9    12     0     0   -26.0   55.273   -0.134    310.8    984.8    284.9      0.0     75.6
     1     1    14     9     9    11     0     1   -27.0   55.243   -0.182    342.9    980.7    284.4      0.0     76.7
     1     1    14     9     9    10     0     2   -28.0   55.210   -0.253    374.0    977.1    283.9      0.0     77.6
     1     1    14     9     9     9     0     3   -29.0   55.176   -0.340    403.3    973.8    283.5      0.0     78.2
     1     1    14     9     9     8     0     2   -30.0   55.148   -0.436    426.8    970.7    283.4      0.0     78.3
     1     1    14     9     9     7     0     1   -31.0   55.134   -0.535    440.2    968.7    283.3      0.0     78.5
     1     1    14     9     9     6     0     0   -32.0   55.135   -0.639    442.4    968.1    283.2      0.0     78.7
     1     1    14     9     9     5     0     1   -33.0   55.140   -0.754    439.6    969.2    283.4      0.0     77.7
     1     1    14     9     9     4     0     2   -34.0   55.138   -0.883    438.1    969.3    283.6      0.0     76.8
     1     1    14     9     9     3     0     3   -35.0   55.126   -1.026    437.7    968.8    283.7      0.0     76.0
     1     1    14     9     9     2     0     2   -36.0   55.110   -1.166    442.4    965.5    283.5      0.0     76.1
     1     1    14     9     9     1     0     1   -37.0   55.100   -1.286    454.5    961.0    283.3      0.0     76.7
     1     1    14     9     9     0     0     0   -38.0   55.095   -1.384    470.7    956.5    283.1      0.0     77.5
     1     1    14     9     8    23     0     1   -39.0   55.094   -1.471    491.0    952.1    282.9      0.0     79.1
     1     1    14     9     8    22     0     2   -40.0   55.095   -1.558    515.2    947.0    282.6      0.0     80.7
     1     1    14     9     8    21     0     3   -41.0   55.098   -1.647    540.7    941.7    282.4      0.0     82.4
     1     1    14     9     8    20     0     2   -42.0   55.097   -1.735    559.7    936.8    282.0      0.0     84.4
     1     1    14     9     8    19     0     1   -43.0   55.087   -1.809    564.8    934.1    281.7      0.0     85.7
     1     1    14     9     8    18     0     0   -44.0   55.069   -1.861    553.4    933.6    281.6      0.0     86.3
     1     1    14     9     8    17     0     1   -45.0   55.059   -1.890    516.6    935.7    282.1      0.0     84.6
     1     1    14     9     8    16     0     2   -46.0   55.076   -1.901    450.8    943.6    283.1      0.0     81.0
     1     1    14     9     8    15     0     3   -47.0   55.127   -1.905    370.2    954.4    284.3      0.0     76.2
     1     1    14     9     8    14     0     2   -48.0   55.198   -1.920    300.2    965.6    284.8      0.0     73.6
     1     1    14     9     8    13     0     1   -49.0   55.268   -1.953    250.6    971.6    284.9      0.0     72.5
     1     1    14     9     8    12     0     0   -50.0   55.335   -2.007    216.3    975.7    285.0      0.0     72.0
     1     1    14     9     8    11     0     1   -51.0   55.403   -2.090    197.0    979.4    284.5      0.0     74.3
     1     1    14     9     8    10     0     2   -52.0   55.476   -2.207    192.3    981.0    283.8      0.0     77.1
     1     1    14     9     8     9     0     3   -53.0   55.557   -2.348    197.9    981.0    283.0      0.0     80.2
     1     1    14     9     8     8     0     2   -54.0   55.648   -2.497    206.0    980.0    282.6      0.0     80.7
     1     1    14     9     8     7     0     1   -55.0   55.747   -2.646    210.8    979.6    282.2      0.0     80.9
     1     1    14     9     8     6     0     0   -56.0   55.852   -2.795    213.6    978.9    281.8      0.0     80.9
     1     1    14     9     8     5     0     1   -57.0   55.951   -2.972    212.8    977.1    281.8      0.0     80.1
     1     1    14     9     8     4     0     2   -58.0   56.039   -3.193    213.3    975.8    281.7      0.0     80.7
     1     1    14     9     8     3     0     3   -59.0   56.136   -3.449    226.3    970.3    281.5      0.0     82.0
     1     1    14     9     8     2     0     2   -60.0   56.261   -3.711    253.5    960.5    281.3      0.0     83.0
     1     1    14     9     8     1     0     1   -61.0   56.424   -3.961    281.3    946.6    280.6      0.0     85.7
     1     1    14     9     8     0     0     0   -62.0   56.625   -4.207    302.4    935.8    279.9      0.0     90.6
     1     1    14     9     7    23     0     1   -63.0   56.847   -4.460    317.7    927.4    279.1      0.0     94.6
     1     1    14     9     7    22     0     2   -64.0   57.050   -4.714    320.2    926.7    278.8      0.0     95.9
     1     1    14     9     7    21     0     3   -65.0   57.214   -4.958    300.5    935.1    279.4      0.0     94.6
     1     1    14     9     7    20     0     2   -66.0   57.357   -5.195    260.8    950.5    280.6      0.0     91.6
     1     1    14     9     7    19     0     1   -67.0   57.513   -5.426    210.6    967.3    281.9      0.0     87.6
     1     1    14     9     7    18     0     0   -68.0   57.691   -5.648    158.9    984.9    283.3      0.0     83.4
     1     1    14     9     7    17     0     1   -69.0   57.882   -5.863    114.2   1001.5    284.7      0.0     79.6
     1     1    14     9     7    16     0     2   -70.0   58.074   -6.085     84.3   1010.9    285.5      0.0     76.9
     1     1    14     9     7    15     0     3   -71.0   58.269   -6.333     67.7   1010.2    285.5      0.0     76.4
     1     1    14     9     7    14     0     2   -72.0   58.472   -6.593     60.7   1010.1    285.6      0.0     77.6
