     7     1
    GDAS    14     8    22     0     0
    GDAS    14     8    29     0     0
    GDAS    14     9     1     0     0
    GDAS    14     9     8     0     0
    GDAS    14     9    15     0     0
    GDAS    14     9    22     0     0
    GDAS    14     9    29     0     0
     1 BACKWARD OMEGA   
    14     9    20     5   56.467   -2.973   100.0
     4 PRESSURE AIR_TEMP RAINFALL RELHUMID
     1     1    14     9    20     5     0     1     0.0   56.467   -2.973    100.0    974.1    284.0      0.2     94.1
     1     1    14     9    20     4     0     2    -1.0   56.559   -2.936     97.7    972.8    284.2      0.2     93.3
     1     1    14     9    20     3     0     3    -2.0   56.661   -2.931    102.7    969.0    284.3      0.2     93.4
     1     1    14     9    20     2     0     2    -3.0   56.769   -2.944    113.5    963.8    284.2      0.0     94.1
     1     1    14     9    20     1     0     1    -4.0   56.875   -2.959    129.0    958.1    284.2      0.0     95.1
     1     1    14     9    20     0     0     0    -5.0   56.981   -2.967    147.0    952.1    284.2      0.0     96.4
     1     1    14     9    19    23     0     1    -6.0   57.090   -2.979    164.9    953.0    284.4      0.0     94.9
     1     1    14     9    19    22     0     2    -7.0   57.201   -3.011    181.1    955.6    284.7      0.0     93.3
     1     1    14     9    19    21     0     3    -8.0   57.312   -3.064    196.2    958.6    285.0      0.0     92.1
     1     1    14     9    19    20     0     2    -9.0   57.412   -3.131    208.1    960.6    285.2      0.0     90.6
     1     1    14     9    19    19     0     1   -10.0   57.491   -3.204    215.6    962.4    285.5      0.0     89.1
     1     1    14     9    19    18     0     0   -11.0   57.549   -3.278    220.9    963.2    285.7      0.0     87.6
     1     1    14     9    19    17     0     1   -12.0   57.590   -3.343    225.7    963.5    285.8      0.0     86.6
     1     1    14     9    19    16     0     2   -13.0   57.616   -3.390    230.0    963.3    286.0      0.0     85.6
     1     1    14     9    19    15     0     3   -14.0   57.627   -3.414    232.2    962.9    286.1      0.0     84.5
     1     1    14     9    19    14     0     2   -15.0   57.622   -3.429    233.3    962.7    285.8      0.0     84.6
     1     1    14     9    19    13     0     1   -16.0   57.607   -3.448    236.0    961.3    285.5      0.0     84.8
     1     1    14     9    19    12     0     0   -17.0   57.579   -3.473    240.6    959.1    285.1      0.0     85.1
     1     1    14     9    19    11     0     1   -18.0   57.536   -3.496    248.6    955.8    284.8      0.0     86.1
     1     1    14     9    19    10     0     2   -19.0   57.479   -3.514    261.9    951.3    284.5      0.0     87.0
     1     1    14     9    19     9     0     3   -20.0   57.408   -3.525    283.3    945.0    284.1      0.0     87.2
     1     1    14     9    19     8     0     2   -21.0   57.328   -3.535    313.8    936.9    283.8      0.0     87.4
     1     1    14     9    19     7     0     1   -22.0   57.243   -3.549    354.5    927.9    283.3      0.0     87.5
     1     1    14     9    19     6     0     0   -23.0   57.154   -3.573    409.8    917.2    282.9      0.0     87.4
     1     1    14     9    19     5     0     1   -24.0   57.054   -3.597    477.9    903.9    282.7      0.0     85.9
     1     1    14     9    19     4     0     2   -25.0   56.935   -3.596    552.0    895.7    282.7      0.0     84.8
     1     1    14     9    19     3     0     3   -26.0   56.800   -3.551    623.5    894.2    282.9      0.0     84.9
     1     1    14     9    19     2     0     2   -27.0   56.657   -3.458    680.8    894.1    283.0      0.0     84.8
     1     1    14     9    19     1     0     1   -28.0   56.512   -3.321    718.2    897.0    283.2      0.0     85.1
     1     1    14     9    19     0     0     0   -29.0   56.367   -3.136    738.1    901.7    283.5      0.0     85.3
     1     1    14     9    18    23     0     1   -30.0   56.229   -2.899    747.7    908.3    283.9      0.0     87.9
     1     1    14     9    18    22     0     2   -31.0   56.108   -2.616    747.0    915.5    284.4      0.0     90.3
     1     1    14     9    18    21     0     3   -32.0   56.003   -2.296    727.5    922.6    285.0      0.0     92.0
     1     1    14     9    18    20     0     2   -33.0   55.912   -1.973    694.9    928.5    285.4      0.0     91.6
     1     1    14     9    18    19     0     1   -34.0   55.839   -1.673    669.7    933.0    285.7      0.0     91.7
     1     1    14     9    18    18     0     0   -35.0   55.782   -1.394    662.4    935.2    286.2      0.0     90.3
     1     1    14     9    18    17     0     1   -36.0   55.729   -1.132    668.0    935.9    286.4      0.0     88.4
     1     1    14     9    18    16     0     2   -37.0   55.666   -0.884    677.8    935.6    286.6      0.0     86.6
     1     1    14     9    18    15     0     3   -38.0   55.588   -0.655    689.2    934.2    286.6      0.0     85.4
     1     1    14     9    18    14     0     2   -39.0   55.491   -0.419    695.0    932.8    286.7      0.0     84.4
     1     1    14     9    18    13     0     1   -40.0   55.374   -0.156    687.1    933.8    286.8      0.0     84.8
     1     1    14     9    18    12     0     0   -41.0   55.252    0.155    669.4    936.5    287.8      0.0     74.6
     1     1    14     9    18    11     0     1   -42.0   55.140    0.520    657.3    938.9    287.8      0.0     75.4
     1     1    14     9    18    10     0     2   -43.0   55.044    0.923    661.1    938.4    287.7      0.0     74.6
     1     1    14     9    18     9     0     3   -44.0   54.957    1.372    673.7    935.9    287.5      0.0     74.1
     1     1    14     9    18     8     0     2   -45.0   54.876    1.861    679.4    934.6    287.6      0.0     74.2
     1     1    14     9    18     7     0     1   -46.0   54.810    2.379    676.7    935.5    287.7      0.0     73.1
     1     1    14     9    18     6     0     0   -47.0   54.767    2.928    672.9    936.4    287.9      0.0     72.0
     1     1    14     9    18     5     0     1   -48.0   54.744    3.479    675.3    936.8    288.1      0.0     72.8
     1     1    14     9    18     4     0     2   -49.0   54.728    3.996    688.8    935.5    288.1      0.0     71.9
     1     1    14     9    18     3     0     3   -50.0   54.718    4.474    707.5    932.8    288.0      0.0     70.5
     1     1    14     9    18     2     0     2   -51.0   54.704    4.921    719.1    931.1    288.0      0.0     70.7
     1     1    14     9    18     1     0     1   -52.0   54.670    5.349    721.3    931.4    288.1      0.0     71.1
     1     1    14     9    18     0     0     0   -53.0   54.609    5.757    715.3    932.0    288.2      0.0     70.9
     1     1    14     9    17    23     0     1   -54.0   54.512    6.167    703.6    934.2    288.4      0.0     69.9
     1     1    14     9    17    22     0     2   -55.0   54.374    6.603    690.4    936.0    288.7      0.0     68.8
     1     1    14     9    17    21     0     3   -56.0   54.197    7.069    674.6    938.0    288.9      0.0     68.8
     1     1    14     9    17    20     0     2   -57.0   53.998    7.573    667.9    939.9    289.3      0.0     70.5
     1     1    14     9    17    19     0     1   -58.0   53.810    8.112    679.8    937.6    289.2      0.0     70.0
     1     1    14     9    17    18     0     0   -59.0   53.646    8.676    706.5    933.6    288.9      0.0     70.6
     1     1    14     9    17    17     0     1   -60.0   53.507    9.240    730.4    928.2    288.6      0.0     70.1
     1     1    14     9    17    16     0     2   -61.0   53.402    9.786    737.8    925.3    288.4      0.0     70.0
     1     1    14     9    17    15     0     3   -62.0   53.328   10.316    730.1    926.2    288.4      0.0     69.9
     1     1    14     9    17    14     0     2   -63.0   53.267   10.814    714.6    930.3    288.6      0.0     67.7
     1     1    14     9    17    13     0     1   -64.0   53.201   11.264    705.8    933.0    288.6      0.0     66.6
     1     1    14     9    17    12     0     0   -65.0   53.134   11.665    709.1    932.9    288.5      0.0     66.2
     1     1    14     9    17    11     0     1   -66.0   53.051   12.051    721.4    931.1    288.3      0.0     66.5
     1     1    14     9    17    10     0     2   -67.0   52.938   12.449    733.0    927.8    288.1      0.0     66.9
     1     1    14     9    17     9     0     3   -68.0   52.795   12.856    741.2    925.8    287.8      0.0     66.1
     1     1    14     9    17     8     0     2   -69.0   52.635   13.248    745.3    924.7    287.9      0.0     64.1
     1     1    14     9    17     7     0     1   -70.0   52.474   13.605    741.2    925.2    288.0      0.0     63.9
     1     1    14     9    17     6     0     0   -71.0   52.316   13.921    726.5    926.7    288.2      0.0     65.4
     1     1    14     9    17     5     0     1   -72.0   52.164   14.201    710.4    929.7    288.5      0.0     65.8
