     7     1
    GDAS    14     8    22     0     0
    GDAS    14     8    29     0     0
    GDAS    14     9     1     0     0
    GDAS    14     9     8     0     0
    GDAS    14     9    15     0     0
    GDAS    14     9    22     0     0
    GDAS    14     9    29     0     0
     1 BACKWARD OMEGA   
    14     9    22    19   56.467   -2.973   100.0
     4 PRESSURE AIR_TEMP RAINFALL RELHUMID
     1     1    14     9    22    19     0     1     0.0   56.467   -2.973    100.0    977.2    285.0      0.0     82.2
     1     1    14     9    22    18     0     0    -1.0   56.393   -3.243    137.0    973.7    285.4      0.0     80.6
     1     1    14     9    22    17     0     1    -2.0   56.319   -3.541    166.7    971.3    285.6      0.0     78.5
     1     1    14     9    22    16     0     2    -3.0   56.246   -3.850    190.2    970.6    285.7      0.0     76.3
     1     1    14     9    22    15     0     3    -4.0   56.170   -4.143    207.2    971.5    285.8      0.0     74.1
     1     1    14     9    22    14     0     2    -5.0   56.097   -4.410    213.5    973.4    285.5      0.0     75.8
     1     1    14     9    22    13     0     1    -6.0   56.030   -4.654    207.2    976.2    285.4      0.0     77.0
     1     1    14     9    22    12     0     0    -7.0   55.968   -4.877    192.8    978.7    285.5      0.0     77.8
     1     1    14     9    22    11     0     1    -8.0   55.908   -5.082    175.7    982.7    285.3      0.0     79.8
     1     1    14     9    22    10     0     2    -9.0   55.846   -5.275    160.2    989.0    285.2      0.0     80.7
     1     1    14     9    22     9     0     3   -10.0   55.783   -5.470    148.7    993.9    285.1      0.0     81.4
     1     1    14     9    22     8     0     2   -11.0   55.716   -5.671    141.2    997.7    285.2      0.0     80.4
     1     1    14     9    22     7     0     1   -12.0   55.643   -5.879    139.3   1000.3    285.2      0.0     80.0
     1     1    14     9    22     6     0     0   -13.0   55.565   -6.103    145.1   1000.4    285.0      0.0     80.2
     1     1    14     9    22     5     0     1   -14.0   55.488   -6.324    158.3    998.3    284.9      0.0     79.4
     1     1    14     9    22     4     0     2   -15.0   55.415   -6.521    176.3    995.1    285.0      0.0     78.3
     1     1    14     9    22     3     0     3   -16.0   55.349   -6.696    195.3    992.0    285.0      0.0     77.1
     1     1    14     9    22     2     0     2   -17.0   55.283   -6.868    214.4    989.0    285.1      0.0     76.0
     1     1    14     9    22     1     0     1   -18.0   55.209   -7.056    233.4    985.7    285.2      0.0     74.6
     1     1    14     9    22     0     0     0   -19.0   55.128   -7.261    250.3    982.8    285.3      0.0     73.2
     1     1    14     9    21    23     0     1   -20.0   55.046   -7.449    262.0    980.2    285.5      0.0     71.9
     1     1    14     9    21    22     0     2   -21.0   54.968   -7.581    267.8    978.8    285.7      0.0     71.0
     1     1    14     9    21    21     0     3   -22.0   54.893   -7.649    268.9    978.9    285.9      0.0     70.6
     1     1    14     9    21    20     0     2   -23.0   54.826   -7.674    262.1    979.3    286.0      0.0     70.0
     1     1    14     9    21    19     0     1   -24.0   54.775   -7.676    245.8    981.3    286.3      0.0     69.1
     1     1    14     9    21    18     0     0   -25.0   54.740   -7.658    223.1    983.9    286.7      0.0     67.8
     1     1    14     9    21    17     0     1   -26.0   54.710   -7.627    200.5    986.9    287.0      0.0     67.1
     1     1    14     9    21    16     0     2   -27.0   54.672   -7.591    182.3    988.9    287.3      0.0     66.3
     1     1    14     9    21    15     0     3   -28.0   54.627   -7.553    167.1    990.6    287.6      0.0     65.6
     1     1    14     9    21    14     0     2   -29.0   54.584   -7.505    155.6    992.5    287.1      0.0     67.2
     1     1    14     9    21    13     0     1   -30.0   54.549   -7.440    148.1    993.7    286.6      0.0     69.0
     1     1    14     9    21    12     0     0   -31.0   54.524   -7.359    143.7    994.5    286.1      0.0     70.9
     1     1    14     9    21    11     0     1   -32.0   54.516   -7.273    142.9    994.8    285.2      0.0     75.8
     1     1    14     9    21    10     0     2   -33.0   54.533   -7.188    146.3    994.3    284.3      0.0     80.7
     1     1    14     9    21     9     0     3   -34.0   54.574   -7.106    153.2    993.4    283.4      0.0     85.6
     1     1    14     9    21     8     0     2   -35.0   54.637   -7.023    160.1    991.6    283.1      0.0     86.3
     1     1    14     9    21     7     0     1   -36.0   54.716   -6.941    163.3    991.1    282.9      0.0     87.2
     1     1    14     9    21     6     0     0   -37.0   54.813   -6.864    162.3    991.1    282.7      0.0     88.2
     1     1    14     9    21     5     0     1   -38.0   54.925   -6.804    153.9    991.7    283.0      0.0     88.3
     1     1    14     9    21     4     0     2   -39.0   55.048   -6.770    135.9    994.8    283.4      0.0     87.4
     1     1    14     9    21     3     0     3   -40.0   55.185   -6.748    115.3    999.1    283.8      0.0     86.2
     1     1    14     9    21     2     0     2   -41.0   55.339   -6.725     98.4   1003.6    284.3      0.0     84.7
     1     1    14     9    21     1     0     1   -42.0   55.516   -6.696     87.7   1007.4    284.9      0.0     83.1
     1     1    14     9    21     0     0     0   -43.0   55.718   -6.664     84.3   1010.5    285.5      0.0     81.4
     1     1    14     9    20    23     0     1   -44.0   55.947   -6.634     89.7   1012.6    286.0      0.0     79.3
     1     1    14     9    20    22     0     2   -45.0   56.189   -6.617    101.3   1010.7    285.9      0.0     78.9
     1     1    14     9    20    21     0     3   -46.0   56.429   -6.624    114.1   1008.2    285.7      0.0     78.7
     1     1    14     9    20    20     0     2   -47.0   56.668   -6.650    127.4   1006.2    285.6      0.0     78.3
     1     1    14     9    20    19     0     1   -48.0   56.907   -6.688    143.4   1004.1    285.5      0.0     77.2
     1     1    14     9    20    18     0     0   -49.0   57.145   -6.743    161.6   1001.3    285.2      0.0     77.2
     1     1    14     9    20    17     0     1   -50.0   57.383   -6.834    176.1    997.9    285.0      0.0     79.6
     1     1    14     9    20    16     0     2   -51.0   57.623   -6.982    184.5    995.2    284.8      0.0     80.5
     1     1    14     9    20    15     0     3   -52.0   57.867   -7.198    190.7    993.4    284.7      0.0     79.9
     1     1    14     9    20    14     0     2   -53.0   58.109   -7.459    197.7    994.6    284.6      0.1     81.2
     1     1    14     9    20    13     0     1   -54.0   58.351   -7.750    207.9    995.7    284.5      0.0     82.7
     1     1    14     9    20    12     0     0   -55.0   58.595   -8.104    218.1    995.4    284.3      0.0     83.7
     1     1    14     9    20    11     0     1   -56.0   58.841   -8.538    227.9    994.0    284.3      0.0     84.6
     1     1    14     9    20    10     0     2   -57.0   59.088   -9.035    242.6    992.2    284.2      0.0     83.6
     1     1    14     9    20     9     0     3   -58.0   59.327   -9.570    258.8    989.5    284.0      0.0     82.9
     1     1    14     9    20     8     0     2   -59.0   59.559  -10.118    271.4    987.5    283.9      0.0     84.2
     1     1    14     9    20     7     0     1   -60.0   59.787  -10.679    282.8    985.7    283.8      0.0     83.8
     1     1    14     9    20     6     0     0   -61.0   60.013  -11.258    295.4    983.6    283.6      0.0     83.9
     1     1    14     9    20     5     0     1   -62.0   60.243  -11.839    307.4    981.4    283.4      0.0     85.9
     1     1    14     9    20     4     0     2   -63.0   60.484  -12.421    316.1    980.0    283.2      0.0     86.5
     1     1    14     9    20     3     0     3   -64.0   60.730  -13.026    321.5    979.0    283.1      0.0     87.2
     1     1    14     9    20     2     0     2   -65.0   60.984  -13.682    324.8    978.6    282.9      0.0     90.0
     1     1    14     9    20     1     0     1   -66.0   61.247  -14.404    329.2    977.9    282.7      0.0     89.6
     1     1    14     9    20     0     0     0   -67.0   61.511  -15.193    334.4    976.9    282.6      0.0     89.2
     1     1    14     9    19    23     0     1   -68.0   61.773  -16.042    340.9    975.9    282.5      0.0     90.4
     1     1    14     9    19    22     0     2   -69.0   62.030  -16.936    355.6    974.3    282.2      0.0     92.1
     1     1    14     9    19    21     0     3   -70.0   62.274  -17.842    372.6    971.7    282.4      0.0     91.1
     1     1    14     9    19    20     0     2   -71.0   62.499  -18.709    380.6    971.1    282.3      0.0     91.2
     1     1    14     9    19    19     0     1   -72.0   62.707  -19.520    404.3    967.9    282.0      0.0     91.3
