     7     1
    GDAS    14     8    22     0     0
    GDAS    14     8    29     0     0
    GDAS    14     9     1     0     0
    GDAS    14     9     8     0     0
    GDAS    14     9    15     0     0
    GDAS    14     9    22     0     0
    GDAS    14     9    29     0     0
     1 BACKWARD OMEGA   
    14     9    12    13   56.467   -2.973   100.0
     4 PRESSURE AIR_TEMP RAINFALL RELHUMID
     1     1    14     9    12    13     0     1     0.0   56.467   -2.973    100.0    982.9    287.6      0.0     80.9
     1     1    14     9    12    12     0     0    -1.0   56.428   -2.984     92.1    985.3    287.1      0.0     81.5
     1     1    14     9    12    11     0     1    -2.0   56.393   -2.990     87.2    986.8    286.8      0.0     84.2
     1     1    14     9    12    10     0     2    -3.0   56.358   -2.973     86.8    988.1    286.2      0.0     87.0
     1     1    14     9    12     9     0     3    -4.0   56.320   -2.931     90.3    989.7    285.6      0.0     90.0
     1     1    14     9    12     8     0     2    -5.0   56.280   -2.877     96.3    991.2    284.8      0.0     90.7
     1     1    14     9    12     7     0     1    -6.0   56.245   -2.823    102.9    992.5    284.3      0.0     91.3
     1     1    14     9    12     6     0     0    -7.0   56.213   -2.771    109.9    993.5    283.8      0.0     91.7
     1     1    14     9    12     5     0     1    -8.0   56.180   -2.709    115.4    994.5    284.3      0.0     91.0
     1     1    14     9    12     4     0     2    -9.0   56.139   -2.624    118.1    996.5    284.9      0.0     89.9
     1     1    14     9    12     3     0     3   -10.0   56.086   -2.517    118.6    999.0    285.4      0.0     88.4
     1     1    14     9    12     2     0     2   -11.0   56.021   -2.398    118.4   1001.8    285.7      0.0     86.5
     1     1    14     9    12     1     0     1   -12.0   55.944   -2.280    118.4   1002.7    285.9      0.0     84.8
     1     1    14     9    12     0     0     0   -13.0   55.858   -2.169    118.3   1002.3    285.9      0.0     83.5
     1     1    14     9    11    23     0     1   -14.0   55.762   -2.062    119.4   1001.2    285.7      0.0     81.8
     1     1    14     9    11    22     0     2   -15.0   55.657   -1.956    122.7    999.2    285.6      0.0     80.2
     1     1    14     9    11    21     0     3   -16.0   55.550   -1.849    127.4    997.7    285.7      0.0     78.7
     1     1    14     9    11    20     0     2   -17.0   55.448   -1.734    129.4    996.8    286.0      0.0     77.8
     1     1    14     9    11    19     0     1   -18.0   55.356   -1.604    126.6    998.0    286.3      0.0     76.8
     1     1    14     9    11    18     0     0   -19.0   55.271   -1.455    122.8   1000.5    286.6      0.0     75.7
     1     1    14     9    11    17     0     1   -20.0   55.193   -1.288    124.0   1003.2    286.8      0.0     75.0
     1     1    14     9    11    16     0     2   -21.0   55.119   -1.103    134.8   1005.8    286.6      0.0     75.0
     1     1    14     9    11    15     0     3   -22.0   55.052   -0.893    157.2   1005.1    286.2      0.0     75.2
     1     1    14     9    11    14     0     2   -23.0   54.989   -0.687    186.9   1001.1    286.0      0.0     76.0
     1     1    14     9    11    13     0     1   -24.0   54.929   -0.512    220.0    996.9    285.7      0.0     76.7
     1     1    14     9    11    12     0     0   -25.0   54.871   -0.366    255.9    992.7    285.4      0.0     77.8
     1     1    14     9    11    11     0     1   -26.0   54.812   -0.244    290.4    987.1    284.8      0.0     80.9
     1     1    14     9    11    10     0     2   -27.0   54.748   -0.136    317.3    982.9    284.3      0.0     84.1
     1     1    14     9    11     9     0     3   -28.0   54.679   -0.035    334.5    979.9    283.9      0.0     87.6
     1     1    14     9    11     8     0     2   -29.0   54.635    0.062    347.1    981.4    283.8      0.0     85.6
     1     1    14     9    11     7     0     1   -30.0   54.626    0.162    357.9    979.8    283.6      0.0     85.9
     1     1    14     9    11     6     0     0   -31.0   54.628    0.264    365.4    978.8    283.5      0.0     86.2
     1     1    14     9    11     5     0     1   -32.0   54.639    0.369    372.8    978.3    283.6      0.0     86.4
     1     1    14     9    11     4     0     2   -33.0   54.654    0.475    383.7    977.0    283.5      0.0     87.0
     1     1    14     9    11     3     0     3   -34.0   54.675    0.583    399.2    975.3    283.4      0.0     88.1
     1     1    14     9    11     2     0     2   -35.0   54.695    0.698    416.4    973.3    283.3      0.0     89.3
     1     1    14     9    11     1     0     1   -36.0   54.710    0.830    432.3    971.7    283.1      0.0     90.8
     1     1    14     9    11     0     0     0   -37.0   54.722    0.981    447.4    970.0    282.9      0.0     92.5
     1     1    14     9    10    23     0     1   -38.0   54.747    1.148    462.8    968.1    282.9      0.0     89.3
     1     1    14     9    10    22     0     2   -39.0   54.803    1.325    479.5    966.0    282.9      0.0     86.4
     1     1    14     9    10    21     0     3   -40.0   54.892    1.509    497.7    963.8    282.9      0.0     84.4
     1     1    14     9    10    20     0     2   -41.0   54.998    1.680    516.7    961.4    282.6      0.0     85.5
     1     1    14     9    10    19     0     1   -42.0   55.107    1.827    535.5    959.3    282.4      0.0     86.1
     1     1    14     9    10    18     0     0   -43.0   55.217    1.950    554.5    957.2    282.2      0.0     86.9
     1     1    14     9    10    17     0     1   -44.0   55.331    2.058    572.3    955.0    282.0      0.0     87.8
     1     1    14     9    10    16     0     2   -45.0   55.454    2.153    588.0    953.3    281.8      0.0     88.7
     1     1    14     9    10    15     0     3   -46.0   55.584    2.234    602.1    951.7    281.7      0.0     89.9
     1     1    14     9    10    14     0     2   -47.0   55.724    2.303    613.0    950.5    281.5      0.0     91.0
     1     1    14     9    10    13     0     1   -48.0   55.875    2.367    618.4    949.9    281.3      0.0     92.5
     1     1    14     9    10    12     0     0   -49.0   56.040    2.425    617.5    950.1    281.2      0.0     93.6
     1     1    14     9    10    11     0     1   -50.0   56.209    2.465    619.5    950.6    281.4      0.0     90.8
     1     1    14     9    10    10     0     2   -51.0   56.374    2.476    633.2    948.8    281.3      0.0     89.5
     1     1    14     9    10     9     0     3   -52.0   56.534    2.461    657.2    945.6    281.2      0.0     87.9
     1     1    14     9    10     8     0     2   -53.0   56.694    2.435    684.3    941.5    281.0      0.0     85.9
     1     1    14     9    10     7     0     1   -54.0   56.860    2.408    707.9    938.6    280.9      0.0     85.2
     1     1    14     9    10     6     0     0   -55.0   57.033    2.375    727.2    936.2    280.6      0.0     85.2
     1     1    14     9    10     5     0     1   -56.0   57.215    2.332    743.8    934.3    280.8      0.0     81.1
     1     1    14     9    10     4     0     2   -57.0   57.407    2.276    760.0    932.3    280.9      0.0     77.1
     1     1    14     9    10     3     0     3   -58.0   57.608    2.209    776.6    930.4    281.1      0.0     73.0
     1     1    14     9    10     2     0     2   -59.0   57.815    2.135    796.6    928.4    281.0      0.0     71.9
     1     1    14     9    10     1     0     1   -60.0   58.025    2.058    822.7    925.6    280.8      0.0     70.9
     1     1    14     9    10     0     0     0   -61.0   58.233    1.977    855.5    922.1    280.6      0.0     70.6
     1     1    14     9     9    23     0     1   -62.0   58.439    1.881    890.8    917.6    280.3      0.0     70.4
     1     1    14     9     9    22     0     2   -63.0   58.647    1.761    923.7    913.7    280.1      0.0     70.3
     1     1    14     9     9    21     0     3   -64.0   58.857    1.620    955.0    910.1    279.9      0.0     69.5
     1     1    14     9     9    20     0     2   -65.0   59.060    1.460    986.9    906.4    279.7      0.0     70.2
     1     1    14     9     9    19     0     1   -66.0   59.249    1.282   1019.9    902.3    279.4      0.0     71.2
     1     1    14     9     9    18     0     0   -67.0   59.425    1.089   1052.0    898.5    279.0      0.0     72.2
     1     1    14     9     9    17     0     1   -68.0   59.585    0.890   1083.2    894.8    278.8      0.0     74.1
     1     1    14     9     9    16     0     2   -69.0   59.726    0.693   1113.8    891.0    278.5      0.0     77.4
     1     1    14     9     9    15     0     3   -70.0   59.849    0.496   1142.8    887.5    278.2      0.0     81.7
     1     1    14     9     9    14     0     2   -71.0   59.964    0.306   1169.9    884.6    278.0      0.0     82.5
     1     1    14     9     9    13     0     1   -72.0   60.078    0.127   1193.5    881.6    277.8      0.0     81.8
