     7     1
    GDAS    14     8    22     0     0
    GDAS    14     8    29     0     0
    GDAS    14     9     1     0     0
    GDAS    14     9     8     0     0
    GDAS    14     9    15     0     0
    GDAS    14     9    22     0     0
    GDAS    14     9    29     0     0
     1 BACKWARD OMEGA   
    14     9     7     6   56.467   -2.973   100.0
     4 PRESSURE AIR_TEMP RAINFALL RELHUMID
     1     1    14     9     7     6     0     0     0.0   56.467   -2.973    100.0    971.9    281.3      0.0     90.8
     1     1    14     9     7     5     0     1    -1.0   56.594   -3.260    172.6    956.5    280.6      0.0     91.1
     1     1    14     9     7     4     0     2    -2.0   56.775   -3.542    238.7    936.2    279.7      0.0     92.9
     1     1    14     9     7     3     0     3    -3.0   56.989   -3.817    263.9    917.6    278.4      0.0     96.8
     1     1    14     9     7     2     0     2    -4.0   57.195   -4.082    256.8    928.6    279.1      0.0     97.0
     1     1    14     9     7     1     0     1    -5.0   57.373   -4.321    252.4    940.1    279.9      0.0     96.1
     1     1    14     9     7     0     0     0    -6.0   57.533   -4.542    252.5    944.9    280.4      0.0     95.0
     1     1    14     9     6    23     0     1    -7.0   57.680   -4.757    236.8    948.9    280.8      0.1     94.5
     1     1    14     9     6    22     0     2    -8.0   57.815   -4.969    195.8    953.9    281.2      0.1     94.1
     1     1    14     9     6    21     0     3    -9.0   57.944   -5.173    144.8    969.9    282.3      0.1     91.0
     1     1    14     9     6    20     0     2   -10.0   58.098   -5.350     94.1    984.4    283.5      0.4     87.2
     1     1    14     9     6    19     0     1   -11.0   58.290   -5.478     55.1    997.8    284.6      0.4     84.6
     1     1    14     9     6    18     0     0   -12.0   58.516   -5.562     32.8   1005.5    285.2      0.0     84.0
     1     1    14     9     6    17     0     1   -13.0   58.770   -5.610     22.2   1010.2    285.6      0.0     82.5
     1     1    14     9     6    16     0     2   -14.0   59.043   -5.620     18.6   1012.5    285.9      0.0     81.7
     1     1    14     9     6    15     0     3   -15.0   59.316   -5.590     17.5   1011.7    285.8      0.0     81.6
     1     1    14     9     6    14     0     2   -16.0   59.572   -5.524     16.7   1012.0    285.7      0.0     81.7
     1     1    14     9     6    13     0     1   -17.0   59.808   -5.402     16.5   1012.1    285.7      0.0     82.0
     1     1    14     9     6    12     0     0   -18.0   60.009   -5.185     16.5   1012.2    285.7      0.0     82.2
     1     1    14     9     6    11     0     1   -19.0   60.176   -4.906     16.5   1011.8    285.6      0.0     82.4
     1     1    14     9     6    10     0     2   -20.0   60.324   -4.627     16.5   1011.4    285.6      0.0     82.1
     1     1    14     9     6     9     0     3   -21.0   60.448   -4.344     16.5   1010.9    285.5      0.0     81.0
     1     1    14     9     6     8     0     2   -22.0   60.537   -4.071     16.5   1010.6    285.5      0.2     81.4
     1     1    14     9     6     7     0     1   -23.0   60.582   -3.824     16.4   1010.6    285.5      0.1     81.9
     1     1    14     9     6     6     0     0   -24.0   60.590   -3.605     16.4   1010.7    285.6      0.0     82.4
     1     1    14     9     6     5     0     1   -25.0   60.571   -3.400     16.3   1010.5    285.6      0.0     82.4
     1     1    14     9     6     4     0     2   -26.0   60.530   -3.192     15.9   1010.2    285.6      0.0     82.5
     1     1    14     9     6     3     0     3   -27.0   60.457   -2.984     15.1   1009.8    285.7      0.1     82.8
     1     1    14     9     6     2     0     2   -28.0   60.370   -2.843     14.1   1010.8    285.8      0.0     83.2
     1     1    14     9     6     1     0     1   -29.0   60.297   -2.822     13.1   1011.7    285.9      0.0     83.5
     1     1    14     9     6     0     0     0   -30.0   60.241   -2.919     12.1   1012.7    286.0      0.0     84.2
     1     1    14     9     5    23     0     1   -31.0   60.189   -3.117     11.4   1012.5    285.9      0.0     83.7
     1     1    14     9     5    22     0     2   -32.0   60.130   -3.415     10.9   1011.7    285.9      0.0     83.2
     1     1    14     9     5    21     0     3   -33.0   60.064   -3.815     10.7   1010.7    285.8      0.0     83.0
     1     1    14     9     5    20     0     2   -34.0   60.013   -4.283     10.7   1010.0    285.8      0.1     84.0
     1     1    14     9     5    19     0     1   -35.0   60.005   -4.771     10.7   1010.0    285.7      0.0     84.3
     1     1    14     9     5    18     0     0   -36.0   60.041   -5.276     10.7   1010.9    285.5      0.0     84.1
     1     1    14     9     5    17     0     1   -37.0   60.115   -5.773     10.6   1012.6    285.5      0.1     84.7
     1     1    14     9     5    16     0     2   -38.0   60.232   -6.241     10.4   1012.9    285.6      0.1     86.0
     1     1    14     9     5    15     0     3   -39.0   60.390   -6.693     10.3   1013.1    285.5      0.2     87.2
     1     1    14     9     5    14     0     2   -40.0   60.573   -7.153     10.1   1013.2    285.4      0.2     88.7
     1     1    14     9     5    13     0     1   -41.0   60.779   -7.620      9.9   1013.0    285.3      0.0     90.5
     1     1    14     9     5    12     0     0   -42.0   61.013   -8.071      9.8   1012.6    285.1      0.0     92.8
     1     1    14     9     5    11     0     1   -43.0   61.262   -8.467      9.7   1012.8    285.0      0.1     92.4
     1     1    14     9     5    10     0     2   -44.0   61.521   -8.769      9.6   1013.0    285.0      0.0     92.9
     1     1    14     9     5     9     0     3   -45.0   61.800   -8.966      9.6   1013.2    284.9      0.0     93.0
     1     1    14     9     5     8     0     2   -46.0   62.080   -9.075      9.6   1012.1    284.7      0.2     93.6
     1     1    14     9     5     7     0     1   -47.0   62.343   -9.120      9.5   1011.6    284.5      0.1     94.6
     1     1    14     9     5     6     0     0   -48.0   62.579   -9.097      9.1   1011.5    284.3      0.2     95.9
     1     1    14     9     5     5     0     1   -49.0   62.764   -9.006      8.0   1012.0    284.1      0.2     96.0
     1     1    14     9     5     4     0     2   -50.0   62.882   -8.852      6.4   1011.9    284.0      0.2     96.0
     1     1    14     9     5     3     0     3   -51.0   62.942   -8.629      4.5   1011.3    284.0      0.2     96.0
     1     1    14     9     5     2     0     2   -52.0   62.956   -8.362      3.1   1010.7    284.0      0.0     95.0
     1     1    14     9     5     1     0     1   -53.0   62.940   -8.078      2.2   1011.4    284.1      0.0     93.2
     1     1    14     9     5     0     0     0   -54.0   62.905   -7.783      1.4   1012.5    284.1      0.0     91.6
     1     1    14     9     4    23     0     1   -55.0   62.866   -7.489      1.1   1012.2    284.2      0.4     90.6
     1     1    14     9     4    22     0     2   -56.0   62.828   -7.206      1.7   1011.8    284.3      0.4     90.2
     1     1    14     9     4    21     0     3   -57.0   62.777   -6.951      3.1   1011.3    284.3      0.4     90.5
     1     1    14     9     4    20     0     2   -58.0   62.709   -6.760      4.3   1011.5    284.4      1.6     92.3
     1     1    14     9     4    19     0     1   -59.0   62.627   -6.635      4.8   1011.6    284.5      1.6     93.8
     1     1    14     9     4    18     0     0   -60.0   62.535   -6.523      4.5   1011.8    284.6      1.6     94.7
     1     1    14     9     4    17     0     1   -61.0   62.431   -6.416      3.7   1012.1    284.7      0.8     95.0
     1     1    14     9     4    16     0     2   -62.0   62.316   -6.328      2.9   1012.4    284.8      0.8     94.8
     1     1    14     9     4    15     0     3   -63.0   62.191   -6.266      2.8   1012.8    284.9      0.8     94.0
     1     1    14     9     4    14     0     2   -64.0   62.048   -6.233      3.2   1012.9    285.0      0.0     93.5
     1     1    14     9     4    13     0     1   -65.0   61.880   -6.243      3.3   1013.2    285.1      0.0     93.2
     1     1    14     9     4    12     0     0   -66.0   61.696   -6.302      2.9   1013.5    285.1      0.0     92.2
     1     1    14     9     4    11     0     1   -67.0   61.499   -6.365      2.4   1013.8    285.1      0.2     91.5
     1     1    14     9     4    10     0     2   -68.0   61.282   -6.402      2.0   1014.5    285.2      0.2     90.7
     1     1    14     9     4     9     0     3   -69.0   61.043   -6.439      2.0   1015.5    285.2      0.2     89.6
     1     1    14     9     4     8     0     2   -70.0   60.795   -6.479      2.3   1015.7    285.4      0.0     88.5
     1     1    14     9     4     7     0     1   -71.0   60.555   -6.517      2.7   1015.7    285.6      0.5     87.6
     1     1    14     9     4     6     0     0   -72.0   60.322   -6.567      3.0   1015.7    285.6      0.0     86.8
