     7     1
    GDAS    14     8    22     0     0
    GDAS    14     8    29     0     0
    GDAS    14     9     1     0     0
    GDAS    14     9     8     0     0
    GDAS    14     9    15     0     0
    GDAS    14     9    22     0     0
    GDAS    14     9    29     0     0
     1 BACKWARD OMEGA   
    14     9    13    15   56.467   -2.973   100.0
     4 PRESSURE AIR_TEMP RAINFALL RELHUMID
     1     1    14     9    13    15     0     3     0.0   56.467   -2.973    100.0    986.1    288.1      0.0     80.9
     1     1    14     9    13    14     0     2    -1.0   56.432   -2.840     63.7    996.4    288.3      0.0     79.3
     1     1    14     9    13    13     0     1    -2.0   56.400   -2.733     40.2   1002.4    288.4      0.0     78.9
     1     1    14     9    13    12     0     0    -3.0   56.372   -2.652     26.1   1006.6    288.5      0.0     78.9
     1     1    14     9    13    11     0     1    -4.0   56.346   -2.599     18.9   1009.0    288.1      0.0     83.2
     1     1    14     9    13    10     0     2    -5.0   56.321   -2.577     16.6   1009.8    287.6      0.0     87.3
     1     1    14     9    13     9     0     3    -6.0   56.297   -2.589     17.3   1009.5    287.2      0.0     91.4
     1     1    14     9    13     8     0     2    -7.0   56.274   -2.625     19.9   1008.9    286.4      0.0     92.3
     1     1    14     9    13     7     0     1    -8.0   56.252   -2.678     23.8   1008.1    285.5      0.0     93.5
     1     1    14     9    13     6     0     0    -9.0   56.232   -2.749     29.2   1006.7    284.6      0.0     95.0
     1     1    14     9    13     5     0     1   -10.0   56.215   -2.838     36.6   1004.1    284.8      0.0     94.5
     1     1    14     9    13     4     0     2   -11.0   56.201   -2.944     46.3   1001.1    285.0      0.0     94.1
     1     1    14     9    13     3     0     3   -12.0   56.190   -3.068     58.3    998.3    285.3      0.0     93.4
     1     1    14     9    13     2     0     2   -13.0   56.178   -3.199     71.1    996.0    285.4      0.0     92.2
     1     1    14     9    13     1     0     1   -14.0   56.167   -3.330     83.2    994.3    285.7      0.0     91.5
     1     1    14     9    13     0     0     0   -15.0   56.156   -3.465     94.2    993.0    286.0      0.0     91.3
     1     1    14     9    12    23     0     1   -16.0   56.143   -3.593    105.0    992.2    286.3      0.0     90.2
     1     1    14     9    12    22     0     2   -17.0   56.124   -3.703    117.4    991.4    286.8      0.0     89.1
     1     1    14     9    12    21     0     3   -18.0   56.102   -3.796    131.3    990.8    287.3      0.0     87.9
     1     1    14     9    12    20     0     2   -19.0   56.082   -3.882    143.0    989.5    287.7      0.0     87.4
     1     1    14     9    12    19     0     1   -20.0   56.070   -3.977    148.4    989.0    287.8      0.0     87.2
     1     1    14     9    12    18     0     0   -21.0   56.063   -4.081    147.8    988.7    288.0      0.0     86.6
     1     1    14     9    12    17     0     1   -22.0   56.050   -4.177    144.3    989.4    288.0      0.0     85.6
     1     1    14     9    12    16     0     2   -23.0   56.026   -4.250    141.4    990.1    288.1      0.0     84.9
     1     1    14     9    12    15     0     3   -24.0   55.992   -4.299    138.4    991.1    288.2      0.0     84.3
     1     1    14     9    12    14     0     2   -25.0   55.949   -4.330    134.1    991.7    287.8      0.0     85.0
     1     1    14     9    12    13     0     1   -26.0   55.901   -4.348    128.2    992.8    287.5      0.0     85.6
     1     1    14     9    12    12     0     0   -27.0   55.849   -4.357    121.5    994.0    287.2      0.0     86.5
     1     1    14     9    12    11     0     1   -28.0   55.801   -4.344    116.3    994.8    286.9      0.0     87.2
     1     1    14     9    12    10     0     2   -29.0   55.766   -4.301    113.8    995.1    286.6      0.0     88.1
     1     1    14     9    12     9     0     3   -30.0   55.745   -4.230    112.5    995.3    286.3      0.0     89.0
     1     1    14     9    12     8     0     2   -31.0   55.735   -4.144    109.6    995.6    285.8      0.0     89.3
     1     1    14     9    12     7     0     1   -32.0   55.732   -4.057    103.3    996.4    285.3      0.0     89.7
     1     1    14     9    12     6     0     0   -33.0   55.739   -3.969     94.2    997.6    284.7      0.0     90.3
     1     1    14     9    12     5     0     1   -34.0   55.747   -3.879     84.2    998.6    285.2      0.0     89.0
     1     1    14     9    12     4     0     2   -35.0   55.750   -3.787     74.4    999.5    285.7      0.0     87.7
     1     1    14     9    12     3     0     3   -36.0   55.746   -3.691     65.0   1000.4    286.2      0.0     86.4
     1     1    14     9    12     2     0     2   -37.0   55.737   -3.594     57.3   1001.9    286.3      0.0     85.0
     1     1    14     9    12     1     0     1   -38.0   55.725   -3.499     52.2   1002.7    286.3      0.0     83.6
     1     1    14     9    12     0     0     0   -39.0   55.710   -3.405     49.1   1003.3    286.3      0.0     82.3
     1     1    14     9    11    23     0     1   -40.0   55.691   -3.309     48.2   1003.3    286.6      0.0     81.6
     1     1    14     9    11    22     0     2   -41.0   55.665   -3.203     50.4   1003.0    287.0      0.0     80.9
     1     1    14     9    11    21     0     3   -42.0   55.632   -3.085     56.6   1002.3    287.6      0.0     80.2
     1     1    14     9    11    20     0     2   -43.0   55.599   -2.968     62.7   1000.5    288.3      0.0     78.4
     1     1    14     9    11    19     0     1   -44.0   55.572   -2.866     62.5   1000.4    288.7      0.0     76.7
     1     1    14     9    11    18     0     0   -45.0   55.550   -2.776     55.8   1001.3    289.1      0.0     75.1
     1     1    14     9    11    17     0     1   -46.0   55.528   -2.693     46.7   1002.5    289.2      0.0     73.7
     1     1    14     9    11    16     0     2   -47.0   55.503   -2.614     38.0   1002.8    289.6      0.0     72.2
     1     1    14     9    11    15     0     3   -48.0   55.476   -2.537     29.9   1003.0    290.3      0.0     70.6
     1     1    14     9    11    14     0     2   -49.0   55.447   -2.460     23.5   1004.2    290.4      0.0     72.3
     1     1    14     9    11    13     0     1   -50.0   55.415   -2.380     18.9   1005.1    290.6      0.0     73.9
     1     1    14     9    11    12     0     0   -51.0   55.380   -2.301     15.4   1005.9    290.9      0.0     75.2
     1     1    14     9    11    11     0     1   -52.0   55.340   -2.225     13.2   1005.2    290.0      0.0     78.4
     1     1    14     9    11    10     0     2   -53.0   55.297   -2.157     12.0   1004.1    289.0      0.0     81.9
     1     1    14     9    11     9     0     3   -54.0   55.250   -2.099     11.5   1002.7    288.0      0.0     85.9
     1     1    14     9    11     8     0     2   -55.0   55.200   -2.054     11.3   1000.9    286.3      0.0     88.3
     1     1    14     9    11     7     0     1   -56.0   55.149   -2.021     11.1    999.2    284.3      0.0     91.1
     1     1    14     9    11     6     0     0   -57.0   55.096   -2.003     11.0    997.5    282.2      0.0     94.2
     1     1    14     9    11     5     0     1   -58.0   55.043   -1.987     11.1    996.3    282.0      0.0     94.4
     1     1    14     9    11     4     0     2   -59.0   54.989   -1.962     11.4    995.6    281.9      0.0     94.5
     1     1    14     9    11     3     0     3   -60.0   54.933   -1.927     11.9    996.0    281.9      0.0     94.1
     1     1    14     9    11     2     0     2   -61.0   54.875   -1.883     12.3    996.6    282.1      0.0     93.3
     1     1    14     9    11     1     0     1   -62.0   54.815   -1.830     12.5    997.5    282.3      0.0     92.5
     1     1    14     9    11     0     0     0   -63.0   54.753   -1.770     12.3    998.6    282.6      0.0     91.7
     1     1    14     9    10    23     0     1   -64.0   54.694   -1.692     11.6   1000.5    283.4      0.0     90.3
     1     1    14     9    10    22     0     2   -65.0   54.642   -1.590     10.6   1003.2    284.1      0.0     88.3
     1     1    14     9    10    21     0     3   -66.0   54.595   -1.461      9.6   1006.4    284.8      0.0     85.6
     1     1    14     9    10    20     0     2   -67.0   54.553   -1.315      8.8   1009.9    285.7      0.0     81.3
     1     1    14     9    10    19     0     1   -68.0   54.513   -1.160      8.6   1013.5    286.4      0.0     77.2
     1     1    14     9    10    18     0     0   -69.0   54.476   -0.997      9.1   1017.3    287.2      0.0     73.3
     1     1    14     9    10    17     0     1   -70.0   54.440   -0.828     10.1   1017.1    287.9      0.0     71.3
     1     1    14     9    10    16     0     2   -71.0   54.408   -0.655     11.1   1016.8    288.7      0.0     69.3
     1     1    14     9    10    15     0     3   -72.0   54.378   -0.477     12.2   1016.3    289.5      0.0     67.2
