     7     1
    GDAS    14     8    22     0     0
    GDAS    14     8    29     0     0
    GDAS    14     9     1     0     0
    GDAS    14     9     8     0     0
    GDAS    14     9    15     0     0
    GDAS    14     9    22     0     0
    GDAS    14     9    29     0     0
     1 BACKWARD OMEGA   
    14     9    16    22   56.467   -2.973   100.0
     4 PRESSURE AIR_TEMP RAINFALL RELHUMID
     1     1    14     9    16    22     0     2     0.0   56.467   -2.973    100.0    975.2    283.8      0.0     94.3
     1     1    14     9    16    21     0     3    -1.0   56.439   -2.871    101.3    978.7    284.4      0.0     94.8
     1     1    14     9    16    20     0     2    -2.0   56.409   -2.752     99.3    983.0    285.1      0.0     93.2
     1     1    14     9    16    19     0     1    -3.0   56.385   -2.626     96.6    987.0    285.6      0.0     91.6
     1     1    14     9    16    18     0     0    -4.0   56.362   -2.490     93.6    991.1    286.1      0.0     90.1
     1     1    14     9    16    17     0     1    -5.0   56.336   -2.348     90.4    995.3    286.4      0.0     88.9
     1     1    14     9    16    16     0     2    -6.0   56.298   -2.203     87.3    999.4    286.7      0.0     88.2
     1     1    14     9    16    15     0     3    -7.0   56.247   -2.057     84.9   1003.0    286.9      0.0     88.0
     1     1    14     9    16    14     0     2    -8.0   56.192   -1.924     84.0   1004.5    286.8      0.0     89.1
     1     1    14     9    16    13     0     1    -9.0   56.137   -1.810     84.3   1004.7    286.8      0.0     90.1
     1     1    14     9    16    12     0     0   -10.0   56.078   -1.713     84.9   1004.8    286.8      0.0     91.0
     1     1    14     9    16    11     0     1   -11.0   56.017   -1.619     86.3   1005.1    286.7      0.0     92.1
     1     1    14     9    16    10     0     2   -12.0   55.958   -1.518     89.3   1004.6    286.6      0.0     93.2
     1     1    14     9    16     9     0     3   -13.0   55.902   -1.412     92.9   1004.2    286.6      0.0     94.2
     1     1    14     9    16     8     0     2   -14.0   55.847   -1.304     94.9   1003.9    286.6      0.0     94.9
     1     1    14     9    16     7     0     1   -15.0   55.794   -1.197     93.5   1004.4    286.6      0.0     95.5
     1     1    14     9    16     6     0     0   -16.0   55.740   -1.090     89.5   1005.6    286.7      0.0     96.0
     1     1    14     9    16     5     0     1   -17.0   55.684   -0.992     85.6   1007.4    286.8      0.0     94.9
     1     1    14     9    16     4     0     2   -18.0   55.625   -0.914     84.1   1007.6    286.9      0.0     93.7
     1     1    14     9    16     3     0     3   -19.0   55.562   -0.853     85.6   1007.5    287.0      0.0     92.6
     1     1    14     9    16     2     0     2   -20.0   55.501   -0.792     89.1   1007.0    287.0      0.0     92.8
     1     1    14     9    16     1     0     1   -21.0   55.442   -0.715     94.0   1006.4    287.0      0.0     93.1
     1     1    14     9    16     0     0     0   -22.0   55.387   -0.617    100.5   1005.7    287.0      0.0     93.4
     1     1    14     9    15    23     0     1   -23.0   55.333   -0.510    109.0   1004.8    287.1      0.0     93.3
     1     1    14     9    15    22     0     2   -24.0   55.279   -0.405    119.5   1003.7    287.1      0.0     93.4
     1     1    14     9    15    21     0     3   -25.0   55.225   -0.303    132.6   1002.3    287.2      0.0     93.5
     1     1    14     9    15    20     0     2   -26.0   55.183   -0.186    145.5   1000.2    287.1      0.0     94.1
     1     1    14     9    15    19     0     1   -27.0   55.164   -0.035    154.5    998.8    287.0      0.0     94.5
     1     1    14     9    15    18     0     0   -28.0   55.110    0.172    160.7    998.0    288.0      0.0     87.3
     1     1    14     9    15    17     0     1   -29.0   55.015    0.386    163.5    997.5    288.4      0.0     83.8
     1     1    14     9    15    16     0     2   -30.0   54.926    0.562    161.0    997.8    288.7      0.0     80.4
     1     1    14     9    15    15     0     3   -31.0   54.835    0.712    153.8    998.8    289.0      0.0     77.6
     1     1    14     9    15    14     0     2   -32.0   54.754    0.870    146.0   1000.7    289.0      0.0     80.0
     1     1    14     9    15    13     0     1   -33.0   54.693    1.066    140.9   1001.7    288.9      0.0     81.9
     1     1    14     9    15    12     0     0   -34.0   54.649    1.292    137.4   1002.4    288.9      0.0     83.1
     1     1    14     9    15    11     0     1   -35.0   54.612    1.536    133.6   1002.5    289.0      0.1     81.4
     1     1    14     9    15    10     0     2   -36.0   54.570    1.795    127.0   1002.9    289.2      0.1     78.8
     1     1    14     9    15     9     0     3   -37.0   54.515    2.076    116.2   1003.8    289.3      0.0     75.8
     1     1    14     9    15     8     0     2   -38.0   54.462    2.373    105.6   1005.7    289.2      0.0     79.0
     1     1    14     9    15     7     0     1   -39.0   54.424    2.675     99.3   1006.8    289.2      0.0     81.9
     1     1    14     9    15     6     0     0   -40.0   54.383    2.980     97.1   1007.5    289.2      0.0     84.4
     1     1    14     9    15     5     0     1   -41.0   54.349    3.300     95.0   1006.9    289.3      0.0     82.9
     1     1    14     9    15     4     0     2   -42.0   54.328    3.648     90.0   1007.2    289.5      0.3     80.7
     1     1    14     9    15     3     0     3   -43.0   54.283    4.013     84.5   1007.4    289.8      0.3     77.7
     1     1    14     9    15     2     0     2   -44.0   54.230    4.379     77.9   1008.9    289.9      0.0     79.2
     1     1    14     9    15     1     0     1   -45.0   54.195    4.737     70.5   1010.6    290.0      0.0     80.3
     1     1    14     9    15     0     0     0   -46.0   54.165    5.075     63.6   1011.8    290.1      0.0     81.2
     1     1    14     9    14    23     0     1   -47.0   54.135    5.411     56.1   1012.9    290.2      0.2     78.1
     1     1    14     9    14    22     0     2   -48.0   54.092    5.766     47.3   1014.2    290.4      1.0     73.6
     1     1    14     9    14    21     0     3   -49.0   54.009    6.132     38.9   1015.3    290.5      1.0     68.5
     1     1    14     9    14    20     0     2   -50.0   53.929    6.489     33.0   1016.3    290.1      0.0     76.0
     1     1    14     9    14    19     0     1   -51.0   53.901    6.833     29.2   1016.6    290.1      0.0     78.6
     1     1    14     9    14    18     0     0   -52.0   53.907    7.156     26.4   1017.1    290.2      0.0     79.4
     1     1    14     9    14    17     0     1   -53.0   53.930    7.471     24.8   1016.7    290.4      0.1     81.3
     1     1    14     9    14    16     0     2   -54.0   53.954    7.786     24.5   1015.9    290.6      0.0     83.2
     1     1    14     9    14    15     0     3   -55.0   53.982    8.089     25.4   1015.0    290.8      0.0     84.6
     1     1    14     9    14    14     0     2   -56.0   54.015    8.361     25.5   1015.9    291.1      0.4     84.3
     1     1    14     9    14    13     0     1   -57.0   54.056    8.593     24.3   1016.7    291.3      0.0     85.9
     1     1    14     9    14    12     0     0   -58.0   54.105    8.790     23.7   1017.0    291.1      0.0     88.9
     1     1    14     9    14    11     0     1   -59.0   54.166    8.957     24.7   1016.6    290.7      0.0     91.8
     1     1    14     9    14    10     0     2   -60.0   54.242    9.110     27.0   1016.1    290.1      0.0     92.9
     1     1    14     9    14     9     0     3   -61.0   54.334    9.260     29.3   1015.6    289.7      0.0     93.3
     1     1    14     9    14     8     0     2   -62.0   54.439    9.414     30.9   1015.4    289.1      0.0     93.8
     1     1    14     9    14     7     0     1   -63.0   54.549    9.571     31.6   1015.6    288.7      0.9     94.5
     1     1    14     9    14     6     0     0   -64.0   54.663    9.732     31.3   1016.0    288.5      0.9     95.1
     1     1    14     9    14     5     0     1   -65.0   54.789    9.897     30.2   1016.6    288.9      0.2     94.6
     1     1    14     9    14     4     0     2   -66.0   54.943   10.064     28.8   1017.6    289.5      0.2     94.3
     1     1    14     9    14     3     0     3   -67.0   55.123   10.226     27.2   1018.3    289.5      0.2     94.3
     1     1    14     9    14     2     0     2   -68.0   55.304   10.405     25.7   1019.2    289.2      0.0     92.8
     1     1    14     9    14     1     0     1   -69.0   55.470   10.622     25.0   1020.5    289.2      0.0     90.8
     1     1    14     9    14     0     0     0   -70.0   55.627   10.879     25.1   1021.9    289.4      0.0     88.4
     1     1    14     9    13    23     0     1   -71.0   55.774   11.178     25.2   1022.4    289.6      0.0     85.7
     1     1    14     9    13    22     0     2   -72.0   55.903   11.497     25.1   1022.7    289.6      0.0     84.2
