     7     1
    GDAS    14     8    22     0     0
    GDAS    14     8    29     0     0
    GDAS    14     9     1     0     0
    GDAS    14     9     8     0     0
    GDAS    14     9    15     0     0
    GDAS    14     9    22     0     0
    GDAS    14     9    29     0     0
     1 BACKWARD OMEGA   
    14     9    16     3   56.467   -2.973   100.0
     4 PRESSURE AIR_TEMP RAINFALL RELHUMID
     1     1    14     9    16     3     0     3     0.0   56.467   -2.973    100.0    974.8    285.0      0.3     98.5
     1     1    14     9    16     2     0     2    -1.0   56.459   -2.850     73.6    981.7    285.3      0.3     98.7
     1     1    14     9    16     1     0     1    -2.0   56.466   -2.716     48.4    988.8    285.5      0.3     98.7
     1     1    14     9    16     0     0     0    -3.0   56.486   -2.571     27.2    995.3    285.7      0.3     98.5
     1     1    14     9    15    23     0     1    -4.0   56.520   -2.421     13.8   1002.3    285.9      0.2     98.3
     1     1    14     9    15    22     0     2    -5.0   56.569   -2.267      5.5   1007.4    286.1      0.2     98.2
     1     1    14     9    15    21     0     3    -6.0   56.638   -2.097      0.0   1013.4    286.2      0.2     98.4
     1     1    14     9    15    20     0     2    -7.0   56.711   -1.871      0.0   1016.9    286.4      0.5     97.9
     1     1    14     9    15    19     0     1    -8.0   56.766   -1.547      0.0   1017.0    286.5      0.5     97.0
     1     1    14     9    15    18     0     0    -9.0   56.807   -1.122      0.0   1017.1    286.6      0.0     95.5
     1     1    14     9    15    17     0     1   -10.0   56.846   -0.627      0.0   1018.1    286.6      0.2     95.9
     1     1    14     9    15    16     0     2   -11.0   56.890   -0.099      0.0   1019.1    286.6      0.2     96.5
     1     1    14     9    15    15     0     3   -12.0   56.932    0.469      0.0   1020.2    286.9      0.2     92.7
     1     1    14     9    15    14     0     2   -13.0   56.965    1.068      0.0   1020.2    287.2      0.2     92.7
     1     1    14     9    15    13     0     1   -14.0   56.988    1.667      0.0   1021.6    287.5      0.0     92.6
     1     1    14     9    15    12     0     0   -15.0   56.999    2.260      0.0   1023.4    287.8      0.0     91.0
     1     1    14     9    15    11     0     1   -16.0   57.008    2.870      0.0   1022.5    288.1      0.0     90.8
     1     1    14     9    15    10     0     2   -17.0   57.027    3.537      0.0   1021.6    288.3      0.0     91.2
     1     1    14     9    15     9     0     3   -18.0   57.064    4.269      0.0   1020.9    288.6      0.0     91.4
     1     1    14     9    15     8     0     2   -19.0   57.121    5.026      0.0   1021.9    288.9      0.0     89.8
     1     1    14     9    15     7     0     1   -20.0   57.197    5.757      0.0   1023.9    289.1      0.0     88.5
     1     1    14     9    15     6     0     0   -21.0   57.288    6.448      0.8   1023.1    289.2      0.0     89.2
     1     1    14     9    15     5     0     1   -22.0   57.378    7.083      3.0   1021.6    289.1      0.0     88.6
     1     1    14     9    15     4     0     2   -23.0   57.458    7.646      5.5   1022.3    289.2      0.0     89.1
     1     1    14     9    15     3     0     3   -24.0   57.530    8.142      6.5   1023.3    289.2      0.0     89.2
     1     1    14     9    15     2     0     2   -25.0   57.601    8.608      6.6   1025.1    289.5      0.0     87.9
     1     1    14     9    15     1     0     1   -26.0   57.669    9.076      6.3   1026.0    289.8      0.0     86.9
     1     1    14     9    15     0     0     0   -27.0   57.715    9.539      5.7   1025.7    289.6      0.0     85.6
     1     1    14     9    14    23     0     1   -28.0   57.736    9.976      5.2   1025.7    289.4      0.0     83.7
     1     1    14     9    14    22     0     2   -29.0   57.753   10.406      4.9   1026.8    289.6      0.0     82.4
     1     1    14     9    14    21     0     3   -30.0   57.776   10.854      5.0   1027.2    289.8      0.0     81.5
     1     1    14     9    14    20     0     2   -31.0   57.805   11.278      5.7   1025.3    289.0      0.0     80.5
     1     1    14     9    14    19     0     1   -32.0   57.837   11.631      7.6   1021.9    288.0      0.0     80.2
     1     1    14     9    14    18     0     0   -33.0   57.873   11.908     10.5   1018.3    287.4      0.0     80.0
     1     1    14     9    14    17     0     1   -34.0   57.904   12.160     16.0   1014.7    288.1      0.0     78.5
     1     1    14     9    14    16     0     2   -35.0   57.926   12.437     27.5   1009.8    288.9      0.0     76.3
     1     1    14     9    14    15     0     3   -36.0   57.939   12.756     50.0   1003.4    289.4      0.0     72.9
     1     1    14     9    14    14     0     2   -37.0   57.947   13.109     84.0    995.4    288.3      0.0     75.3
     1     1    14     9    14    13     0     1   -38.0   57.963   13.470    109.9    990.2    287.5      0.0     78.1
     1     1    14     9    14    12     0     0   -39.0   57.986   13.819    112.0    988.9    286.9      0.0     80.5
     1     1    14     9    14    11     0     1   -40.0   58.013   14.152     97.4    990.6    286.5      0.0     82.0
     1     1    14     9    14    10     0     2   -41.0   58.043   14.471     81.6    993.7    286.4      0.0     83.4
     1     1    14     9    14     9     0     3   -42.0   58.080   14.776     70.8    995.3    286.0      0.0     85.7
     1     1    14     9    14     8     0     2   -43.0   58.126   15.056     62.4    997.6    285.6      0.0     89.1
     1     1    14     9    14     7     0     1   -44.0   58.181   15.299     52.7   1002.0    285.2      0.0     92.2
     1     1    14     9    14     6     0     0   -45.0   58.243   15.500     41.3   1006.1    284.6      0.0     95.4
     1     1    14     9    14     5     0     1   -46.0   58.312   15.671     30.7   1009.8    284.6      0.0     94.7
     1     1    14     9    14     4     0     2   -47.0   58.386   15.822     21.9   1013.5    284.3      0.0     93.5
     1     1    14     9    14     3     0     3   -48.0   58.461   15.956     15.8   1016.8    283.8      0.0     92.0
     1     1    14     9    14     2     0     2   -49.0   58.535   16.085     12.1   1019.4    284.0      0.0     90.5
     1     1    14     9    14     1     0     1   -50.0   58.603   16.223     10.0   1021.3    284.2      0.0     89.0
     1     1    14     9    14     0     0     0   -51.0   58.669   16.371      8.8   1022.7    284.3      0.0     87.7
     1     1    14     9    13    23     0     1   -52.0   58.730   16.530      7.9   1023.6    284.5      0.0     87.7
     1     1    14     9    13    22     0     2   -53.0   58.788   16.697      7.4   1024.4    284.6      0.0     87.8
     1     1    14     9    13    21     0     3   -54.0   58.842   16.866      7.0   1025.3    284.7      0.0     88.1
     1     1    14     9    13    20     0     2   -55.0   58.894   17.035      6.8   1024.9    284.8      0.0     87.1
     1     1    14     9    13    19     0     1   -56.0   58.945   17.206      6.5   1024.2    285.1      0.0     86.4
     1     1    14     9    13    18     0     0   -57.0   58.995   17.379      6.3   1024.0    285.4      0.0     86.2
     1     1    14     9    13    17     0     1   -58.0   59.049   17.562      6.0   1024.1    287.0      0.0     83.5
     1     1    14     9    13    16     0     2   -59.0   59.108   17.767      5.7   1023.8    288.3      0.0     82.0
     1     1    14     9    13    15     0     3   -60.0   59.171   17.998      5.5   1023.0    289.4      0.0     81.9
     1     1    14     9    13    14     0     2   -61.0   59.244   18.237      5.5   1024.3    289.8      0.0     82.3
     1     1    14     9    13    13     0     1   -62.0   59.330   18.465      5.4   1025.6    290.1      0.0     83.0
     1     1    14     9    13    12     0     0   -63.0   59.427   18.685      5.2   1026.8    290.1      0.0     83.9
     1     1    14     9    13    11     0     1   -64.0   59.534   18.906      4.9   1027.6    289.4      0.0     85.8
     1     1    14     9    13    10     0     2   -65.0   59.650   19.140      4.6   1027.9    289.0      0.0     86.7
     1     1    14     9    13     9     0     3   -66.0   59.765   19.393      4.3   1027.8    288.8      0.0     87.0
     1     1    14     9    13     8     0     2   -67.0   59.875   19.662      4.1   1027.6    288.6      0.0     87.1
     1     1    14     9    13     7     0     1   -68.0   59.979   19.945      4.1   1028.3    288.6      0.0     87.4
     1     1    14     9    13     6     0     0   -69.0   60.078   20.253      4.1   1028.9    288.6      0.0     87.1
     1     1    14     9    13     5     0     1   -70.0   60.183   20.575      4.2   1027.7    288.6      0.0     85.0
     1     1    14     9    13     4     0     2   -71.0   60.301   20.893      4.4   1026.7    288.6      0.0     83.9
     1     1    14     9    13     3     0     3   -72.0   60.428   21.193      4.9   1025.5    287.9      0.0     83.0
