     7     1
    GDAS    14     8    22     0     0
    GDAS    14     8    29     0     0
    GDAS    14     9     1     0     0
    GDAS    14     9     8     0     0
    GDAS    14     9    15     0     0
    GDAS    14     9    22     0     0
    GDAS    14     9    29     0     0
     1 BACKWARD OMEGA   
    14     9    20    21   56.467   -2.973   100.0
     4 PRESSURE AIR_TEMP RAINFALL RELHUMID
     1     1    14     9    20    21     0     3     0.0   56.467   -2.973    100.0    978.9    283.4      0.0     82.9
     1     1    14     9    20    20     0     2    -1.0   56.606   -3.076    117.7    971.7    283.3      0.0     83.2
     1     1    14     9    20    19     0     1    -2.0   56.762   -3.202    160.7    959.6    282.9      0.0     83.6
     1     1    14     9    20    18     0     0    -3.0   56.955   -3.359    217.4    942.2    282.0      0.0     85.7
     1     1    14     9    20    17     0     1    -4.0   57.171   -3.562    272.3    938.5    282.1      0.0     84.1
     1     1    14     9    20    16     0     2    -5.0   57.373   -3.815    321.5    938.6    282.3      0.0     83.0
     1     1    14     9    20    15     0     3    -6.0   57.551   -4.112    376.3    937.7    282.3      0.0     83.3
     1     1    14     9    20    14     0     2    -7.0   57.707   -4.431    414.2    936.2    281.6      0.0     89.2
     1     1    14     9    20    13     0     1    -8.0   57.847   -4.745    403.4    937.2    281.3      0.1     93.3
     1     1    14     9    20    12     0     0    -9.0   57.974   -5.042    332.7    945.0    281.6      0.1     95.5
     1     1    14     9    20    11     0     1   -10.0   58.088   -5.326    251.6    972.5    283.2      0.0     91.8
     1     1    14     9    20    10     0     2   -11.0   58.198   -5.619    197.0    988.6    284.2      0.0     89.4
     1     1    14     9    20     9     0     3   -12.0   58.314   -5.934    157.7   1001.5    285.0      0.0     87.6
     1     1    14     9    20     8     0     2   -13.0   58.439   -6.266    133.2   1004.1    285.3      0.0     87.7
     1     1    14     9    20     7     0     1   -14.0   58.575   -6.615    124.2   1002.3    285.2      0.0     88.5
     1     1    14     9    20     6     0     0   -15.0   58.722   -6.980    122.6   1000.8    285.0      0.0     90.0
     1     1    14     9    20     5     0     1   -16.0   58.874   -7.382    122.5   1002.1    285.2      0.0     89.5
     1     1    14     9    20     4     0     2   -17.0   59.024   -7.841    122.5   1002.4    285.3      0.0     89.0
     1     1    14     9    20     3     0     3   -18.0   59.170   -8.343    124.4   1002.2    285.3      0.0     88.5
     1     1    14     9    20     2     0     2   -19.0   59.305   -8.863    129.3   1001.7    285.2      0.0     89.0
     1     1    14     9    20     1     0     1   -20.0   59.418   -9.395    133.7   1000.9    285.3      0.0     88.2
     1     1    14     9    20     0     0     0   -21.0   59.517   -9.947    135.1   1000.6    285.3      0.0     87.9
     1     1    14     9    19    23     0     1   -22.0   59.626  -10.521    134.1   1000.6    285.3      0.0     87.8
     1     1    14     9    19    22     0     2   -23.0   59.760  -11.115    130.7   1000.5    285.5      0.0     85.5
     1     1    14     9    19    21     0     3   -24.0   59.922  -11.741    124.1   1000.8    285.8      0.0     83.4
     1     1    14     9    19    20     0     2   -25.0   60.091  -12.395    118.5   1001.5    285.6      0.0     86.3
     1     1    14     9    19    19     0     1   -26.0   60.238  -13.056    117.0   1001.2    285.4      0.0     87.9
     1     1    14     9    19    18     0     0   -27.0   60.376  -13.711    117.3   1000.5    285.4      0.0     89.1
     1     1    14     9    19    17     0     1   -28.0   60.510  -14.348    118.5   1000.4    285.4      0.0     88.1
     1     1    14     9    19    16     0     2   -29.0   60.642  -14.966    119.3   1000.0    285.4      0.0     84.7
     1     1    14     9    19    15     0     3   -30.0   60.785  -15.579    117.0    999.8    285.3      0.0     83.4
     1     1    14     9    19    14     0     2   -31.0   60.943  -16.189    113.1   1000.2    285.1      0.0     85.9
     1     1    14     9    19    13     0     1   -32.0   61.094  -16.794    107.9   1000.3    284.9      0.5     88.9
     1     1    14     9    19    12     0     0   -33.0   61.223  -17.400    101.3   1001.1    284.8      0.6     90.7
     1     1    14     9    19    11     0     1   -34.0   61.327  -18.027     94.4   1001.8    284.7      1.7     89.9
     1     1    14     9    19    10     0     2   -35.0   61.407  -18.673     90.7   1002.6    284.5      0.5     92.0
     1     1    14     9    19     9     0     3   -36.0   61.458  -19.326     93.4   1001.9    284.3      0.5     94.6
     1     1    14     9    19     8     0     2   -37.0   61.480  -19.958     96.0   1000.6    284.2      0.0     93.9
     1     1    14     9    19     7     0     1   -38.0   61.485  -20.547     95.0   1000.7    284.3      0.0     93.5
     1     1    14     9    19     6     0     0   -39.0   61.480  -21.102     92.9   1000.4    284.3      0.0     93.6
     1     1    14     9    19     5     0     1   -40.0   61.465  -21.669     91.0   1001.0    284.2      0.1     93.4
     1     1    14     9    19     4     0     2   -41.0   61.439  -22.308     89.9   1001.3    284.0      0.1     91.8
     1     1    14     9    19     3     0     3   -42.0   61.392  -23.005     89.7   1001.8    284.0      0.0     89.5
     1     1    14     9    19     2     0     2   -43.0   61.335  -23.698     91.2   1001.8    283.9      0.6     91.3
     1     1    14     9    19     1     0     1   -44.0   61.291  -24.348     93.9   1001.3    283.8      0.6     91.2
     1     1    14     9    19     0     0     0   -45.0   61.256  -24.949     95.9   1000.7    283.8      0.0     90.2
     1     1    14     9    18    23     0     1   -46.0   61.225  -25.522     96.9   1000.7    283.6      0.0     90.8
     1     1    14     9    18    22     0     2   -47.0   61.192  -26.096     99.2   1000.4    283.4      0.0     90.9
     1     1    14     9    18    21     0     3   -48.0   61.152  -26.691    103.7    999.8    283.2      0.0     90.2
     1     1    14     9    18    20     0     2   -49.0   61.107  -27.316    108.9    998.9    283.1      0.6     90.7
     1     1    14     9    18    19     0     1   -50.0   61.049  -27.952    112.9    998.4    282.8      0.2     92.5
     1     1    14     9    18    18     0     0   -51.0   60.975  -28.587    115.0    997.9    282.7      0.0     95.6
     1     1    14     9    18    17     0     1   -52.0   60.893  -29.216    115.1    997.4    282.8      0.0     94.7
     1     1    14     9    18    16     0     2   -53.0   60.801  -29.834    114.2    997.0    282.7      0.0     94.9
     1     1    14     9    18    15     0     3   -54.0   60.710  -30.443    113.7    996.7    282.7      0.0     96.6
     1     1    14     9    18    14     0     2   -55.0   60.649  -31.039    112.8    996.7    282.7      0.3     96.0
     1     1    14     9    18    13     0     1   -56.0   60.616  -31.608    109.3    997.0    282.7      0.9     95.1
     1     1    14     9    18    12     0     0   -57.0   60.604  -32.146    102.1    997.5    282.8      1.0     95.9
     1     1    14     9    18    11     0     1   -58.0   60.616  -32.656     96.4    998.8    282.7      0.4     94.9
     1     1    14     9    18    10     0     2   -59.0   60.657  -33.127     96.4    998.4    282.6      0.4     95.0
     1     1    14     9    18     9     0     3   -60.0   60.735  -33.526     98.2    998.1    282.4      0.0     95.5
     1     1    14     9    18     8     0     2   -61.0   60.864  -33.776     96.7    998.0    282.1      4.5     96.0
     1     1    14     9    18     7     0     1   -62.0   61.033  -33.799     89.4    998.9    282.1      4.5     96.8
     1     1    14     9    18     6     0     0   -63.0   61.185  -33.583     75.3   1000.7    282.3      4.6     96.6
     1     1    14     9    18     5     0     1   -64.0   61.301  -33.182     57.5   1004.2    282.5      1.6     94.1
     1     1    14     9    18     4     0     2   -65.0   61.420  -32.663     43.0   1006.6    282.5      1.6     91.2
     1     1    14     9    18     3     0     3   -66.0   61.576  -32.085     34.4   1007.8    282.5      0.3     87.9
     1     1    14     9    18     2     0     2   -67.0   61.758  -31.532     31.0   1009.0    282.6      0.0     86.8
     1     1    14     9    18     1     0     1   -68.0   61.934  -31.016     30.8   1010.4    282.6      0.0     86.3
     1     1    14     9    18     0     0     0   -69.0   62.110  -30.520     32.2   1011.4    282.6      0.0     86.4
     1     1    14     9    17    23     0     1   -70.0   62.282  -30.056     33.7   1011.7    282.6      0.0     83.3
     1     1    14     9    17    22     0     2   -71.0   62.443  -29.621     35.0   1011.8    282.7      0.0     80.2
     1     1    14     9    17    21     0     3   -72.0   62.587  -29.193     36.3   1011.9    282.7      0.2     78.3
