     7     1
    GDAS    14     8    22     0     0
    GDAS    14     8    29     0     0
    GDAS    14     9     1     0     0
    GDAS    14     9     8     0     0
    GDAS    14     9    15     0     0
    GDAS    14     9    22     0     0
    GDAS    14     9    29     0     0
     1 BACKWARD OMEGA   
    14     9     9     3   56.467   -2.973   100.0
     4 PRESSURE AIR_TEMP RAINFALL RELHUMID
     1     1    14     9     9     3     0     3     0.0   56.467   -2.973    100.0    977.3    282.8      0.0     81.8
     1     1    14     9     9     2     0     2    -1.0   56.442   -3.054    106.4    976.5    283.1      0.0     81.0
     1     1    14     9     9     1     0     1    -2.0   56.418   -3.125    111.9    976.5    283.5      0.0     80.0
     1     1    14     9     9     0     0     0    -3.0   56.394   -3.184    116.2    976.7    283.8      0.0     78.8
     1     1    14     9     8    23     0     1    -4.0   56.375   -3.239    118.7    976.7    284.1      0.0     78.0
     1     1    14     9     8    22     0     2    -5.0   56.363   -3.300    119.1    976.6    284.4      0.0     77.3
     1     1    14     9     8    21     0     3    -6.0   56.361   -3.366    117.4    976.4    284.6      0.0     76.7
     1     1    14     9     8    20     0     2    -7.0   56.366   -3.434    115.4    976.0    284.8      0.0     76.2
     1     1    14     9     8    19     0     1    -8.0   56.377   -3.499    114.4    975.1    285.0      0.0     75.8
     1     1    14     9     8    18     0     0    -9.0   56.392   -3.561    114.4    973.8    285.1      0.0     75.4
     1     1    14     9     8    17     0     1   -10.0   56.421   -3.630    114.1    971.8    285.1      0.0     74.4
     1     1    14     9     8    16     0     2   -11.0   56.473   -3.714    112.7    968.9    285.0      0.0     73.5
     1     1    14     9     8    15     0     3   -12.0   56.547   -3.815    112.1    964.5    284.7      0.0     72.8
     1     1    14     9     8    14     0     2   -13.0   56.626   -3.931    109.8    959.3    284.0      0.0     74.1
     1     1    14     9     8    13     0     1   -14.0   56.695   -4.061    100.2    956.5    283.5      0.0     75.1
     1     1    14     9     8    12     0     0   -15.0   56.753   -4.200     84.2    957.4    283.4      0.0     75.6
     1     1    14     9     8    11     0     1   -16.0   56.807   -4.331     67.9    959.2    283.1      0.0     79.3
     1     1    14     9     8    10     0     2   -17.0   56.861   -4.443     54.6    960.0    282.7      0.0     83.3
     1     1    14     9     8     9     0     3   -18.0   56.913   -4.538     43.8    959.9    282.1      0.0     87.4
     1     1    14     9     8     8     0     2   -19.0   56.963   -4.623     35.8    960.9    281.7      0.0     90.9
     1     1    14     9     8     7     0     1   -20.0   57.010   -4.701     30.3    962.5    281.4      0.0     94.1
     1     1    14     9     8     6     0     0   -21.0   57.056   -4.773     26.5    965.9    281.2      0.0     96.7
     1     1    14     9     8     5     0     1   -22.0   57.101   -4.850     22.9    968.1    281.2      0.0     96.7
     1     1    14     9     8     4     0     2   -23.0   57.142   -4.937     18.0    970.5    281.3      0.0     96.8
     1     1    14     9     8     3     0     3   -24.0   57.178   -5.034     12.9    973.9    281.6      0.0     96.5
     1     1    14     9     8     2     0     2   -25.0   57.224   -5.137      8.8    978.7    281.4      0.0     94.9
     1     1    14     9     8     1     0     1   -26.0   57.290   -5.245      5.2    983.4    281.5      0.0     93.3
     1     1    14     9     8     0     0     0   -27.0   57.379   -5.364      1.0    988.7    282.0      0.0     91.7
     1     1    14     9     7    23     0     1   -28.0   57.485   -5.495      0.0    995.2    282.9      0.0     89.7
     1     1    14     9     7    22     0     2   -29.0   57.601   -5.637      0.0   1002.4    283.9      0.0     87.9
     1     1    14     9     7    21     0     3   -30.0   57.724   -5.786      0.0   1010.2    284.8      0.0     86.3
     1     1    14     9     7    20     0     2   -31.0   57.866   -5.942      0.0   1017.4    285.9      0.0     83.9
     1     1    14     9     7    19     0     1   -32.0   58.031   -6.105      0.0   1019.7    286.3      0.0     82.7
     1     1    14     9     7    18     0     0   -33.0   58.219   -6.278      0.0   1017.2    286.2      0.0     81.8
     1     1    14     9     7    17     0     1   -34.0   58.423   -6.478      0.0   1015.8    286.2      0.0     81.0
     1     1    14     9     7    16     0     2   -35.0   58.629   -6.718      0.0   1015.7    286.2      0.0     81.0
     1     1    14     9     7    15     0     3   -36.0   58.832   -7.002      0.0   1017.6    286.1      0.0     81.8
     1     1    14     9     7    14     0     2   -37.0   59.030   -7.288      0.1   1018.5    286.1      0.0     82.7
     1     1    14     9     7    13     0     1   -38.0   59.227   -7.528      0.4   1018.0    286.1      0.0     83.1
     1     1    14     9     7    12     0     0   -39.0   59.416   -7.723      0.6   1017.7    286.0      0.0     83.7
     1     1    14     9     7    11     0     1   -40.0   59.595   -7.892      0.8   1017.5    285.9      0.0     84.4
     1     1    14     9     7    10     0     2   -41.0   59.768   -8.052      1.1   1017.3    285.8      0.0     84.9
     1     1    14     9     7     9     0     3   -42.0   59.940   -8.200      1.5   1017.2    285.7      0.0     85.3
     1     1    14     9     7     8     0     2   -43.0   60.109   -8.332      1.9   1017.9    285.7      0.0     86.0
     1     1    14     9     7     7     0     1   -44.0   60.270   -8.452      2.3   1018.7    285.7      0.0     86.6
     1     1    14     9     7     6     0     0   -45.0   60.423   -8.559      2.5   1019.5    285.6      0.0     87.3
     1     1    14     9     7     5     0     1   -46.0   60.567   -8.672      2.6   1019.6    285.5      0.0     87.2
     1     1    14     9     7     4     0     2   -47.0   60.698   -8.812      2.7   1019.6    285.4      0.0     87.4
     1     1    14     9     7     3     0     3   -48.0   60.813   -8.982      2.7   1019.7    285.3      0.0     88.0
     1     1    14     9     7     2     0     2   -49.0   60.906   -9.168      2.9   1019.5    285.3      0.0     87.5
     1     1    14     9     7     1     0     1   -50.0   60.973   -9.352      3.3   1019.3    285.3      0.0     87.2
     1     1    14     9     7     0     0     0   -51.0   61.012   -9.527      3.8   1019.2    285.3      0.0     87.2
     1     1    14     9     6    23     0     1   -52.0   61.041   -9.678      4.3   1019.4    285.3      0.0     87.3
     1     1    14     9     6    22     0     2   -53.0   61.075   -9.795      4.5   1019.7    285.3      0.0     87.4
     1     1    14     9     6    21     0     3   -54.0   61.114   -9.883      4.7   1019.9    285.3      0.0     87.5
     1     1    14     9     6    20     0     2   -55.0   61.158   -9.972      4.9   1018.8    285.3      0.0     86.9
     1     1    14     9     6    19     0     1   -56.0   61.209  -10.096      5.4   1017.6    285.2      0.0     86.3
     1     1    14     9     6    18     0     0   -57.0   61.267  -10.256      6.1   1016.4    285.2      0.0     86.1
     1     1    14     9     6    17     0     1   -58.0   61.323  -10.443      6.8   1016.6    285.3      0.0     85.3
     1     1    14     9     6    16     0     2   -59.0   61.370  -10.646      7.2   1016.9    285.2      0.0     84.1
     1     1    14     9     6    15     0     3   -60.0   61.402  -10.865      7.5   1017.1    285.2      0.0     82.5
     1     1    14     9     6    14     0     2   -61.0   61.421  -11.087      7.5   1017.2    285.2      0.0     83.0
     1     1    14     9     6    13     0     1   -62.0   61.437  -11.296      7.5   1017.3    285.3      0.0     83.0
     1     1    14     9     6    12     0     0   -63.0   61.448  -11.488      7.5   1017.5    285.3      0.0     82.3
     1     1    14     9     6    11     0     1   -64.0   61.462  -11.653      7.6   1018.1    285.3      0.0     82.4
     1     1    14     9     6    10     0     2   -65.0   61.492  -11.776      7.9   1018.7    285.3      0.0     82.3
     1     1    14     9     6     9     0     3   -66.0   61.541  -11.856      8.2   1019.3    285.3      0.0     82.0
     1     1    14     9     6     8     0     2   -67.0   61.606  -11.926      8.4   1018.7    285.3      0.0     82.0
     1     1    14     9     6     7     0     1   -68.0   61.685  -12.027      8.4   1018.0    285.2      0.0     82.1
     1     1    14     9     6     6     0     0   -69.0   61.776  -12.166      8.3   1016.9    285.2      0.0     82.2
     1     1    14     9     6     5     0     1   -70.0   61.865  -12.343      8.2   1016.7    285.1      0.0     81.7
     1     1    14     9     6     4     0     2   -71.0   61.942  -12.555      8.1   1016.7    285.0      0.0     80.6
     1     1    14     9     6     3     0     3   -72.0   62.008  -12.806      8.1   1017.0    285.0      0.0     78.8
