     7     1
    GDAS    14     8    22     0     0
    GDAS    14     8    29     0     0
    GDAS    14     9     1     0     0
    GDAS    14     9     8     0     0
    GDAS    14     9    15     0     0
    GDAS    14     9    22     0     0
    GDAS    14     9    29     0     0
     1 BACKWARD OMEGA   
    14     9    19     9   56.467   -2.973   100.0
     4 PRESSURE AIR_TEMP RAINFALL RELHUMID
     1     1    14     9    19     9     0     3     0.0   56.467   -2.973    100.0    971.7    285.1      0.0     93.8
     1     1    14     9    19     8     0     2    -1.0   56.459   -2.906     94.4    974.6    285.0      0.0     94.1
     1     1    14     9    19     7     0     1    -2.0   56.452   -2.825     90.7    977.4    284.8      0.0     94.5
     1     1    14     9    19     6     0     0    -3.0   56.448   -2.732     88.0    980.3    284.7      0.0     94.7
     1     1    14     9    19     5     0     1    -4.0   56.446   -2.630     84.6    983.5    285.0      0.0     95.4
     1     1    14     9    19     4     0     2    -5.0   56.444   -2.522     79.5    987.3    285.4      0.0     96.1
     1     1    14     9    19     3     0     3    -6.0   56.441   -2.408     73.3    991.4    285.8      0.0     96.8
     1     1    14     9    19     2     0     2    -7.0   56.435   -2.285     65.9    996.0    286.1      0.0     96.3
     1     1    14     9    19     1     0     1    -8.0   56.425   -2.149     57.2   1001.2    286.4      0.0     95.9
     1     1    14     9    19     0     0     0    -9.0   56.409   -2.000     47.8   1006.4    286.7      0.0     95.4
     1     1    14     9    18    23     0     1   -10.0   56.387   -1.834     40.1   1008.0    286.7      0.0     95.2
     1     1    14     9    18    22     0     2   -11.0   56.358   -1.644     35.8   1009.2    286.7      0.0     95.1
     1     1    14     9    18    21     0     3   -12.0   56.320   -1.423     34.2   1010.3    286.8      0.0     95.2
     1     1    14     9    18    20     0     2   -13.0   56.274   -1.169     34.5   1010.5    286.8      0.0     94.7
     1     1    14     9    18    19     0     1   -14.0   56.226   -0.896     36.6   1010.0    286.8      0.0     94.1
     1     1    14     9    18    18     0     0   -15.0   56.177   -0.621     40.3   1008.8    286.8      0.0     93.8
     1     1    14     9    18    17     0     1   -16.0   56.125   -0.354     44.1   1008.3    287.0      0.0     93.7
     1     1    14     9    18    16     0     2   -17.0   56.069   -0.096     46.7   1008.0    287.1      0.0     93.8
     1     1    14     9    18    15     0     3   -18.0   56.018    0.200     44.6   1007.8    287.3      0.0     92.1
     1     1    14     9    18    14     0     2   -19.0   55.979    0.563     41.1   1008.9    287.4      0.0     91.2
     1     1    14     9    18    13     0     1   -20.0   55.939    0.965     40.3   1009.2    287.5      0.0     90.0
     1     1    14     9    18    12     0     0   -21.0   55.895    1.388     40.3   1009.5    287.7      0.0     89.2
     1     1    14     9    18    11     0     1   -22.0   55.857    1.830     40.3   1009.7    287.8      0.0     88.5
     1     1    14     9    18    10     0     2   -23.0   55.837    2.300     40.3   1009.9    288.0      0.0     87.4
     1     1    14     9    18     9     0     3   -24.0   55.834    2.802     40.3   1010.2    288.2      0.0     85.7
     1     1    14     9    18     8     0     2   -25.0   55.843    3.318     40.2   1010.3    288.4      0.0     84.7
     1     1    14     9    18     7     0     1   -26.0   55.862    3.831     40.1   1010.6    288.6      0.0     83.7
     1     1    14     9    18     6     0     0   -27.0   55.890    4.346     39.6   1010.8    288.8      0.0     82.1
     1     1    14     9    18     5     0     1   -28.0   55.919    4.877     38.4   1011.0    288.9      0.0     79.8
     1     1    14     9    18     4     0     2   -29.0   55.945    5.427     37.4   1011.3    289.0      0.0     77.1
     1     1    14     9    18     3     0     3   -30.0   55.977    5.994     37.1   1011.3    289.2      0.0     73.4
     1     1    14     9    18     2     0     2   -31.0   56.004    6.562     37.1   1011.5    289.2      0.0     71.3
     1     1    14     9    18     1     0     1   -32.0   56.013    7.119     37.8   1011.7    289.3      0.0     69.0
     1     1    14     9    18     0     0     0   -33.0   56.009    7.646     42.0   1011.7    289.3      0.0     67.5
     1     1    14     9    17    23     0     1   -34.0   56.002    8.125     53.0   1011.0    288.7      0.0     69.6
     1     1    14     9    17    22     0     2   -35.0   55.995    8.562     72.4   1006.4    287.3      0.0     73.7
     1     1    14     9    17    21     0     3   -36.0   55.984    8.984    103.0   1000.0    286.8      0.0     74.9
     1     1    14     9    17    20     0     2   -37.0   55.971    9.434    125.4    997.1    288.2      0.0     72.3
     1     1    14     9    17    19     0     1   -38.0   55.967    9.879    110.6   1000.1    288.8      0.0     71.5
     1     1    14     9    17    18     0     0   -39.0   55.970   10.268     85.7   1007.0    289.0      0.0     68.0
     1     1    14     9    17    17     0     1   -40.0   55.970   10.615     70.9   1010.6    289.8      0.0     64.1
     1     1    14     9    17    16     0     2   -41.0   55.967   10.933     66.0   1012.0    290.0      0.0     62.4
     1     1    14     9    17    15     0     3   -42.0   55.964   11.222     64.5   1011.7    290.2      0.0     60.7
     1     1    14     9    17    14     0     2   -43.0   55.949   11.485     62.2   1012.7    290.3      0.0     61.8
     1     1    14     9    17    13     0     1   -44.0   55.915   11.729     58.9   1013.8    290.4      0.0     62.3
     1     1    14     9    17    12     0     0   -45.0   55.868   11.951     54.9   1015.0    290.7      0.0     62.6
     1     1    14     9    17    11     0     1   -46.0   55.819   12.180     51.7   1014.1    290.8      0.0     67.1
     1     1    14     9    17    10     0     2   -47.0   55.771   12.442     51.4   1012.9    291.0      0.0     70.7
     1     1    14     9    17     9     0     3   -48.0   55.717   12.731     54.0   1011.9    291.0      0.0     72.9
     1     1    14     9    17     8     0     2   -49.0   55.657   13.035     60.3   1010.3    289.7      0.0     75.9
     1     1    14     9    17     7     0     1   -50.0   55.595   13.346     66.4   1008.8    288.4      0.0     80.4
     1     1    14     9    17     6     0     0   -51.0   55.533   13.647     65.9   1009.5    287.7      0.0     83.9
     1     1    14     9    17     5     0     1   -52.0   55.475   13.934     58.4   1011.2    288.0      0.0     81.0
     1     1    14     9    17     4     0     2   -53.0   55.422   14.214     48.5   1014.0    288.4      0.0     77.4
     1     1    14     9    17     3     0     3   -54.0   55.370   14.493     40.8   1015.7    288.8      0.0     73.6
     1     1    14     9    17     2     0     2   -55.0   55.309   14.782     35.5   1017.3    289.4      0.0     70.4
     1     1    14     9    17     1     0     1   -56.0   55.225   15.091     32.0   1018.2    289.8      0.0     66.9
     1     1    14     9    17     0     0     0   -57.0   55.110   15.412     29.7   1018.2    290.0      0.0     63.8
     1     1    14     9    16    23     0     1   -58.0   54.980   15.746     29.2   1018.6    290.0      0.0     62.0
     1     1    14     9    16    22     0     2   -59.0   54.864   16.095     31.3   1018.2    289.6      0.0     61.6
     1     1    14     9    16    21     0     3   -60.0   54.772   16.448     35.0   1016.4    289.4      0.0     61.6
     1     1    14     9    16    20     0     2   -61.0   54.700   16.804     39.8   1013.7    289.3      0.0     61.9
     1     1    14     9    16    19     0     1   -62.0   54.646   17.163     44.9   1011.3    289.4      0.0     61.5
     1     1    14     9    16    18     0     0   -63.0   54.614   17.530     47.2   1010.3    289.6      0.0     60.9
     1     1    14     9    16    17     0     1   -64.0   54.598   17.881     44.7   1010.0    290.1      0.0     58.2
     1     1    14     9    16    16     0     2   -65.0   54.587   18.200     40.6   1011.5    290.7      0.0     54.6
     1     1    14     9    16    15     0     3   -66.0   54.582   18.489     38.2   1013.4    291.5      0.0     51.6
     1     1    14     9    16    14     0     2   -67.0   54.574   18.754     38.1   1015.6    291.7      0.0     52.1
     1     1    14     9    16    13     0     1   -68.0   54.549   18.992     40.1   1017.4    292.1      0.0     52.9
     1     1    14     9    16    12     0     0   -69.0   54.500   19.204     43.1   1016.2    292.5      0.0     52.6
     1     1    14     9    16    11     0     1   -70.0   54.436   19.406     45.5   1014.5    292.0      0.0     53.7
     1     1    14     9    16    10     0     2   -71.0   54.371   19.615     47.5   1012.6    291.3      0.0     54.9
     1     1    14     9    16     9     0     3   -72.0   54.306   19.832     49.4   1010.4    290.5      0.0     56.2
