     7     1
    GDAS    14     8    22     0     0
    GDAS    14     8    29     0     0
    GDAS    14     9     1     0     0
    GDAS    14     9     8     0     0
    GDAS    14     9    15     0     0
    GDAS    14     9    22     0     0
    GDAS    14     9    29     0     0
     1 BACKWARD OMEGA   
    14     9    19    20   56.467   -2.973   100.0
     4 PRESSURE AIR_TEMP RAINFALL RELHUMID
     1     1    14     9    19    20     0     2     0.0   56.467   -2.973    100.0    972.8    284.9      0.0     84.5
     1     1    14     9    19    19     0     1    -1.0   56.489   -3.033    109.7    969.3    285.2      0.0     84.3
     1     1    14     9    19    18     0     0    -2.0   56.503   -3.088    117.2    967.0    285.5      0.0     83.8
     1     1    14     9    19    17     0     1    -3.0   56.508   -3.132    120.1    965.9    286.1      0.0     83.0
     1     1    14     9    19    16     0     2    -4.0   56.505   -3.155    117.1    966.0    286.7      0.0     82.0
     1     1    14     9    19    15     0     3    -5.0   56.494   -3.159    109.0    967.1    287.4      0.0     80.9
     1     1    14     9    19    14     0     2    -6.0   56.480   -3.144    100.3    969.2    287.3      0.0     81.6
     1     1    14     9    19    13     0     1    -7.0   56.465   -3.115     94.3    970.5    287.0      0.0     82.7
     1     1    14     9    19    12     0     0    -8.0   56.451   -3.072     90.2    971.8    286.7      0.0     83.9
     1     1    14     9    19    11     0     1    -9.0   56.439   -3.020     86.6    972.9    286.3      0.0     87.3
     1     1    14     9    19    10     0     2   -10.0   56.430   -2.963     82.0    974.9    285.9      0.0     90.4
     1     1    14     9    19     9     0     3   -11.0   56.427   -2.900     76.4    977.5    285.5      0.0     93.3
     1     1    14     9    19     8     0     2   -12.0   56.427   -2.828     71.2    980.3    285.3      0.0     93.8
     1     1    14     9    19     7     0     1   -13.0   56.428   -2.744     67.2    983.0    285.1      0.0     94.2
     1     1    14     9    19     6     0     0   -14.0   56.432   -2.650     63.7    985.9    284.9      0.0     94.4
     1     1    14     9    19     5     0     1   -15.0   56.437   -2.548     59.7    989.1    285.2      0.0     95.1
     1     1    14     9    19     4     0     2   -16.0   56.442   -2.443     54.6    992.8    285.6      0.0     95.8
     1     1    14     9    19     3     0     3   -17.0   56.443   -2.333     49.0    996.5    285.9      0.0     96.6
     1     1    14     9    19     2     0     2   -18.0   56.441   -2.214     43.0   1000.5    286.2      0.0     96.1
     1     1    14     9    19     1     0     1   -19.0   56.432   -2.082     36.3   1005.0    286.5      0.0     95.7
     1     1    14     9    19     0     0     0   -20.0   56.418   -1.934     29.8   1008.5    286.7      0.0     95.4
     1     1    14     9    18    23     0     1   -21.0   56.397   -1.767     25.0   1010.0    286.7      0.0     95.2
     1     1    14     9    18    22     0     2   -22.0   56.369   -1.576     22.4   1011.1    286.7      0.0     95.1
     1     1    14     9    18    21     0     3   -23.0   56.330   -1.353     21.6   1012.2    286.7      0.0     95.2
     1     1    14     9    18    20     0     2   -24.0   56.285   -1.097     22.0   1012.3    286.8      0.0     94.6
     1     1    14     9    18    19     0     1   -25.0   56.237   -0.825     23.6   1011.4    286.8      0.0     94.1
     1     1    14     9    18    18     0     0   -26.0   56.188   -0.554     26.2   1010.3    286.8      0.0     93.7
     1     1    14     9    18    17     0     1   -27.0   56.137   -0.291     28.9   1009.8    286.9      0.0     93.6
     1     1    14     9    18    16     0     2   -28.0   56.082   -0.036     30.7   1009.5    287.0      0.0     93.6
     1     1    14     9    18    15     0     3   -29.0   56.035    0.257     29.3   1009.4    287.3      0.0     92.0
     1     1    14     9    18    14     0     2   -30.0   55.998    0.616     27.0   1010.4    287.4      0.0     91.1
     1     1    14     9    18    13     0     1   -31.0   55.962    1.012     26.5   1010.7    287.5      0.0     89.9
     1     1    14     9    18    12     0     0   -32.0   55.921    1.426     26.5   1010.9    287.6      0.0     89.1
     1     1    14     9    18    11     0     1   -33.0   55.884    1.858     26.5   1011.2    287.8      0.0     88.3
     1     1    14     9    18    10     0     2   -34.0   55.866    2.318     26.5   1011.4    288.0      0.0     87.1
     1     1    14     9    18     9     0     3   -35.0   55.865    2.808     26.5   1011.7    288.2      0.0     85.4
     1     1    14     9    18     8     0     2   -36.0   55.875    3.313     26.4   1011.9    288.4      0.0     84.4
     1     1    14     9    18     7     0     1   -37.0   55.893    3.814     26.4   1012.1    288.6      0.0     83.3
     1     1    14     9    18     6     0     0   -38.0   55.921    4.317     26.1   1012.3    288.8      0.0     81.7
     1     1    14     9    18     5     0     1   -39.0   55.950    4.836     25.3   1012.5    289.0      0.0     79.4
     1     1    14     9    18     4     0     2   -40.0   55.975    5.377     24.6   1012.6    289.1      0.0     76.8
     1     1    14     9    18     3     0     3   -41.0   56.005    5.934     24.4   1012.7    289.3      0.0     73.2
     1     1    14     9    18     2     0     2   -42.0   56.032    6.494     24.4   1012.9    289.3      0.0     71.7
     1     1    14     9    18     1     0     1   -43.0   56.040    7.046     24.6   1013.1    289.5      0.0     69.1
     1     1    14     9    18     0     0     0   -44.0   56.035    7.570     27.0   1013.2    289.5      0.0     67.8
     1     1    14     9    17    23     0     1   -45.0   56.028    8.044     34.1   1013.3    289.2      0.0     69.1
     1     1    14     9    17    22     0     2   -46.0   56.022    8.465     46.9   1010.1    287.6      0.0     73.3
     1     1    14     9    17    21     0     3   -47.0   56.016    8.847     67.1   1005.6    286.8      0.0     75.5
     1     1    14     9    17    20     0     2   -48.0   56.010    9.238     88.3   1001.4    287.6      0.0     74.1
     1     1    14     9    17    19     0     1   -49.0   56.011    9.643     89.9   1001.7    288.4      0.0     72.6
     1     1    14     9    17    18     0     0   -50.0   56.020   10.013     70.6   1006.2    288.6      0.0     72.1
     1     1    14     9    17    17     0     1   -51.0   56.031   10.331     53.3   1011.5    289.5      0.0     67.9
     1     1    14     9    17    16     0     2   -52.0   56.038   10.624     45.3   1012.9    290.1      0.0     65.8
     1     1    14     9    17    15     0     3   -53.0   56.051   10.896     42.5   1014.0    290.0      0.0     65.9
     1     1    14     9    17    14     0     2   -54.0   56.063   11.150     42.3   1015.1    289.9      0.0     68.6
     1     1    14     9    17    13     0     1   -55.0   56.057   11.390     42.3   1015.7    290.0      0.0     69.3
     1     1    14     9    17    12     0     0   -56.0   56.032   11.610     41.4   1016.6    290.2      0.0     69.4
     1     1    14     9    17    11     0     1   -57.0   55.996   11.829     39.7   1016.5    290.1      0.0     71.7
     1     1    14     9    17    10     0     2   -58.0   55.958   12.070     38.1   1016.0    290.2      0.0     75.8
     1     1    14     9    17     9     0     3   -59.0   55.920   12.333     38.4   1014.6    290.5      0.0     79.0
     1     1    14     9    17     8     0     2   -60.0   55.883   12.605     42.3   1012.8    289.8      0.0     80.9
     1     1    14     9    17     7     0     1   -61.0   55.849   12.874     52.2   1010.6    288.1      0.0     85.1
     1     1    14     9    17     6     0     0   -62.0   55.820   13.149     68.2   1007.6    286.3      0.0     91.1
     1     1    14     9    17     5     0     1   -63.0   55.794   13.446     80.2   1005.5    286.3      0.0     89.3
     1     1    14     9    17     4     0     2   -64.0   55.781   13.753     75.8   1006.0    286.4      0.0     88.0
     1     1    14     9    17     3     0     3   -65.0   55.788   14.045     58.5   1008.9    286.2      0.0     87.1
     1     1    14     9    17     2     0     2   -66.0   55.803   14.320     42.1   1013.8    286.9      0.0     84.8
     1     1    14     9    17     1     0     1   -67.0   55.808   14.608     31.4   1017.4    287.8      0.0     82.1
     1     1    14     9    17     0     0     0   -68.0   55.802   14.922     24.8   1020.9    289.1      0.0     78.8
     1     1    14     9    16    23     0     1   -69.0   55.782   15.264     20.9   1021.7    289.6      0.0     76.2
     1     1    14     9    16    22     0     2   -70.0   55.749   15.625     18.5   1021.9    289.8      0.0     73.6
     1     1    14     9    16    21     0     3   -71.0   55.707   16.000     16.9   1022.0    289.9      0.0     71.1
     1     1    14     9    16    20     0     2   -72.0   55.665   16.391     16.1   1022.1    290.0      0.0     70.4
