     7     1
    GDAS    14     8    22     0     0
    GDAS    14     8    29     0     0
    GDAS    14     9     1     0     0
    GDAS    14     9     8     0     0
    GDAS    14     9    15     0     0
    GDAS    14     9    22     0     0
    GDAS    14     9    29     0     0
     1 BACKWARD OMEGA   
    14     9    19     7   56.467   -2.973   100.0
     4 PRESSURE AIR_TEMP RAINFALL RELHUMID
     1     1    14     9    19     7     0     1     0.0   56.467   -2.973    100.0    971.7    284.5      0.0     95.0
     1     1    14     9    19     6     0     0    -1.0   56.454   -2.883     99.3    974.7    284.4      0.0     95.2
     1     1    14     9    19     5     0     1    -2.0   56.444   -2.782     97.6    977.8    284.7      0.0     95.9
     1     1    14     9    19     4     0     2    -3.0   56.436   -2.673     93.1    981.7    285.1      0.0     96.6
     1     1    14     9    19     3     0     3    -4.0   56.429   -2.557     87.0    985.8    285.5      0.0     97.3
     1     1    14     9    19     2     0     2    -5.0   56.419   -2.432     79.2    990.4    285.8      0.0     96.8
     1     1    14     9    19     1     0     1    -6.0   56.405   -2.296     69.8    995.6    286.1      0.0     96.3
     1     1    14     9    19     0     0     0    -7.0   56.388   -2.147     59.4   1001.2    286.4      0.0     95.8
     1     1    14     9    18    23     0     1    -8.0   56.366   -1.987     50.0   1006.4    286.7      0.0     95.2
     1     1    14     9    18    22     0     2    -9.0   56.337   -1.809     43.6   1007.8    286.7      0.0     95.1
     1     1    14     9    18    21     0     3   -10.0   56.300   -1.603     40.7   1009.0    286.8      0.0     95.2
     1     1    14     9    18    20     0     2   -11.0   56.257   -1.367     39.9   1009.3    286.8      0.0     94.7
     1     1    14     9    18    19     0     1   -12.0   56.212   -1.106     41.0   1009.3    286.9      0.0     94.2
     1     1    14     9    18    18     0     0   -13.0   56.164   -0.833     44.6   1008.5    286.8      0.0     93.9
     1     1    14     9    18    17     0     1   -14.0   56.112   -0.565     48.7   1007.9    287.0      0.0     93.8
     1     1    14     9    18    16     0     2   -15.0   56.056   -0.306     51.5   1007.6    287.1      0.0     93.9
     1     1    14     9    18    15     0     3   -16.0   55.995   -0.058     52.5   1007.4    287.3      0.0     94.0
     1     1    14     9    18    14     0     2   -17.0   55.937    0.249     50.8   1007.7    287.4      0.0     91.3
     1     1    14     9    18    13     0     1   -18.0   55.888    0.640     49.1   1008.4    287.5      0.0     90.3
     1     1    14     9    18    12     0     0   -19.0   55.839    1.061     48.9   1008.7    287.6      0.0     89.4
     1     1    14     9    18    11     0     1   -20.0   55.795    1.503     48.9   1008.9    287.8      0.0     88.9
     1     1    14     9    18    10     0     2   -21.0   55.767    1.971     48.9   1009.1    287.9      0.0     88.0
     1     1    14     9    18     9     0     3   -22.0   55.759    2.470     48.9   1009.3    288.1      0.0     86.5
     1     1    14     9    18     8     0     2   -23.0   55.763    2.985     48.7   1009.5    288.3      0.0     85.6
     1     1    14     9    18     7     0     1   -24.0   55.776    3.499     48.4   1009.7    288.5      0.0     84.7
     1     1    14     9    18     6     0     0   -25.0   55.800    4.011     48.3   1010.0    288.6      0.0     83.6
     1     1    14     9    18     5     0     1   -26.0   55.826    4.535     47.7   1010.0    288.8      0.0     81.3
     1     1    14     9    18     4     0     2   -27.0   55.847    5.081     46.7   1010.3    289.0      0.0     79.1
     1     1    14     9    18     3     0     3   -28.0   55.868    5.643     46.2   1010.4    289.1      0.0     76.0
     1     1    14     9    18     2     0     2   -29.0   55.887    6.212     46.2   1010.6    289.2      0.0     73.4
     1     1    14     9    18     1     0     1   -30.0   55.893    6.781     46.2   1010.8    289.3      0.0     70.5
     1     1    14     9    18     0     0     0   -31.0   55.884    7.336     48.2   1011.0    289.4      0.0     68.5
     1     1    14     9    17    23     0     1   -32.0   55.870    7.859     55.3   1011.4    289.2      0.0     69.3
     1     1    14     9    17    22     0     2   -33.0   55.858    8.337     70.2   1008.2    288.2      0.0     72.0
     1     1    14     9    17    21     0     3   -34.0   55.845    8.788     96.0   1002.5    287.4      0.0     73.7
     1     1    14     9    17    20     0     2   -35.0   55.835    9.249    123.7    997.8    288.0      0.0     73.0
     1     1    14     9    17    19     0     1   -36.0   55.832    9.721    125.7    998.0    288.8      0.0     71.6
     1     1    14     9    17    18     0     0   -37.0   55.837   10.157    104.3   1003.3    289.1      0.0     69.5
     1     1    14     9    17    17     0     1   -38.0   55.839   10.541     86.6   1008.4    289.8      0.0     65.3
     1     1    14     9    17    16     0     2   -39.0   55.837   10.890     80.7   1009.9    290.0      0.0     63.0
     1     1    14     9    17    15     0     3   -40.0   55.833   11.210     79.1   1009.8    290.2      0.0     61.1
     1     1    14     9    17    14     0     2   -41.0   55.816   11.505     76.9   1010.5    290.3      0.0     61.9
     1     1    14     9    17    13     0     1   -42.0   55.782   11.778     73.2   1011.5    290.5      0.0     62.3
     1     1    14     9    17    12     0     0   -43.0   55.735   12.030     68.6   1012.5    290.8      0.0     62.3
     1     1    14     9    17    11     0     1   -44.0   55.685   12.290     65.5   1011.8    290.9      0.0     66.6
     1     1    14     9    17    10     0     2   -45.0   55.632   12.586     65.9   1010.8    290.8      0.0     69.6
     1     1    14     9    17     9     0     3   -46.0   55.565   12.912     69.5   1009.8    290.6      0.0     71.2
     1     1    14     9    17     8     0     2   -47.0   55.485   13.257     73.4   1008.8    289.5      0.0     74.6
     1     1    14     9    17     7     0     1   -48.0   55.403   13.597     72.6   1009.3    288.8      0.0     77.3
     1     1    14     9    17     6     0     0   -49.0   55.316   13.914     67.2   1011.5    288.6      0.0     78.3
     1     1    14     9    17     5     0     1   -50.0   55.224   14.215     60.9   1013.9    289.1      0.0     73.9
     1     1    14     9    17     4     0     2   -51.0   55.126   14.513     56.2   1015.4    289.5      0.0     69.1
     1     1    14     9    17     3     0     3   -52.0   55.017   14.796     53.6   1015.8    289.8      0.0     63.4
     1     1    14     9    17     2     0     2   -53.0   54.895   15.076     52.8   1015.6    289.6      0.0     62.1
     1     1    14     9    17     1     0     1   -54.0   54.764   15.367     54.8   1014.9    289.3      0.0     61.5
     1     1    14     9    17     0     0     0   -55.0   54.623   15.664     62.7   1013.3    288.9      0.0     60.4
     1     1    14     9    16    23     0     1   -56.0   54.479   15.971     81.9   1009.6    288.7      0.0     59.3
     1     1    14     9    16    22     0     2   -57.0   54.344   16.302    111.8   1002.3    288.8      0.0     58.5
     1     1    14     9    16    21     0     3   -58.0   54.211   16.650    144.2    993.8    288.9      0.0     56.5
     1     1    14     9    16    20     0     2   -59.0   54.076   17.008    172.2    984.1    289.0      0.0     53.6
     1     1    14     9    16    19     0     1   -60.0   53.951   17.371    186.3    980.8    289.5      0.0     51.2
     1     1    14     9    16    18     0     0   -61.0   53.854   17.738    181.2    982.3    290.0      0.0     50.3
     1     1    14     9    16    17     0     1   -62.0   53.781   18.081    165.4    986.4    290.5      0.0     48.6
     1     1    14     9    16    16     0     2   -63.0   53.717   18.381    152.5    992.4    291.5      0.0     45.1
     1     1    14     9    16    15     0     3   -64.0   53.658   18.646    147.4    995.4    292.4      0.0     41.7
     1     1    14     9    16    14     0     2   -65.0   53.593   18.889    147.0    997.6    292.4      0.0     41.8
     1     1    14     9    16    13     0     1   -66.0   53.515   19.125    148.4    997.1    292.1      0.0     42.4
     1     1    14     9    16    12     0     0   -67.0   53.426   19.361    149.4    995.1    291.7      0.0     43.5
     1     1    14     9    16    11     0     1   -68.0   53.338   19.609    151.4    993.5    290.4      0.0     47.9
     1     1    14     9    16    10     0     2   -69.0   53.263   19.877    158.3    991.3    289.0      0.0     52.5
     1     1    14     9    16     9     0     3   -70.0   53.200   20.160    170.2    989.1    287.6      0.0     57.5
     1     1    14     9    16     8     0     2   -71.0   53.141   20.461    180.5    987.3    286.2      0.0     62.9
     1     1    14     9    16     7     0     1   -72.0   53.073   20.781    181.4    987.0    284.9      0.0     68.2
