     7     1
    GDAS    14     8    22     0     0
    GDAS    14     8    29     0     0
    GDAS    14     9     1     0     0
    GDAS    14     9     8     0     0
    GDAS    14     9    15     0     0
    GDAS    14     9    22     0     0
    GDAS    14     9    29     0     0
     1 BACKWARD OMEGA   
    14     9     3    11   56.467   -2.973   100.0
     4 PRESSURE AIR_TEMP RAINFALL RELHUMID
     1     1    14     9     3    11     0     1     0.0   56.467   -2.973    100.0    980.8    287.8      0.0     79.4
     1     1    14     9     3    10     0     2    -1.0   56.372   -2.960    101.3    984.2    287.4      0.0     81.9
     1     1    14     9     3     9     0     3    -2.0   56.280   -2.942    108.7    986.8    286.9      0.0     84.5
     1     1    14     9     3     8     0     2    -3.0   56.193   -2.930    123.5    988.4    286.4      0.0     85.4
     1     1    14     9     3     7     0     1    -4.0   56.110   -2.933    146.3    988.5    286.1      0.0     86.2
     1     1    14     9     3     6     0     0    -5.0   56.029   -2.955    174.5    986.7    285.9      0.0     86.7
     1     1    14     9     3     5     0     1    -6.0   55.944   -2.977    202.5    983.5    286.0      0.0     84.1
     1     1    14     9     3     4     0     2    -7.0   55.851   -2.975    225.4    980.8    286.0      0.0     81.9
     1     1    14     9     3     3     0     3    -8.0   55.747   -2.951    242.1    979.0    285.9      0.0     80.1
     1     1    14     9     3     2     0     2    -9.0   55.643   -2.918    253.6    978.1    286.0      0.0     79.4
     1     1    14     9     3     1     0     1   -10.0   55.543   -2.886    262.7    977.3    286.1      0.0     78.9
     1     1    14     9     3     0     0     0   -11.0   55.448   -2.851    271.3    976.2    286.2      0.0     78.7
     1     1    14     9     2    23     0     1   -12.0   55.352   -2.817    276.7    974.7    286.3      0.0     78.0
     1     1    14     9     2    22     0     2   -13.0   55.254   -2.786    274.2    974.4    286.5      0.0     77.2
     1     1    14     9     2    21     0     3   -14.0   55.156   -2.748    262.3    975.2    286.8      0.0     76.4
     1     1    14     9     2    20     0     2   -15.0   55.067   -2.697    240.6    976.4    287.2      0.0     75.4
     1     1    14     9     2    19     0     1   -16.0   54.993   -2.627    210.1    978.4    287.6      0.0     73.9
     1     1    14     9     2    18     0     0   -17.0   54.935   -2.540    172.7    982.2    288.2      0.0     71.4
     1     1    14     9     2    17     0     1   -18.0   54.892   -2.442    132.6    986.4    288.7      0.0     69.2
     1     1    14     9     2    16     0     2   -19.0   54.862   -2.344     95.7    989.3    289.4      0.0     66.7
     1     1    14     9     2    15     0     3   -20.0   54.842   -2.245     65.7    991.9    290.6      0.0     63.3
     1     1    14     9     2    14     0     2   -21.0   54.829   -2.148     44.4    993.0    291.5      0.0     62.9
     1     1    14     9     2    13     0     1   -22.0   54.818   -2.064     30.9    992.9    292.4      0.0     62.6
     1     1    14     9     2    12     0     0   -23.0   54.809   -1.995     22.4    993.1    293.5      0.0     62.3
     1     1    14     9     2    11     0     1   -24.0   54.806   -1.939     17.3    995.5    292.0      0.0     66.8
     1     1    14     9     2    10     0     2   -25.0   54.811   -1.892     14.5    997.5    290.6      0.0     71.2
     1     1    14     9     2     9     0     3   -26.0   54.821   -1.856     13.0    999.0    289.2      0.0     75.3
     1     1    14     9     2     8     0     2   -27.0   54.840   -1.834     12.2    999.6    286.7      0.0     77.9
     1     1    14     9     2     7     0     1   -28.0   54.868   -1.830     11.8    999.8    284.2      0.0     80.3
     1     1    14     9     2     6     0     0   -29.0   54.905   -1.844     11.6    999.4    281.7      0.0     82.6
     1     1    14     9     2     5     0     1   -30.0   54.944   -1.876     11.5    998.8    281.2      0.0     83.1
     1     1    14     9     2     4     0     2   -31.0   54.980   -1.923     11.4    997.9    280.5      0.0     83.7
     1     1    14     9     2     3     0     3   -32.0   55.013   -1.983     11.3    996.8    279.8      0.0     84.6
     1     1    14     9     2     2     0     2   -33.0   55.046   -2.058     11.5    997.5    280.5      0.0     84.8
     1     1    14     9     2     1     0     1   -34.0   55.086   -2.146     12.0    998.9    281.3      0.0     84.7
     1     1    14     9     2     0     0     0   -35.0   55.132   -2.244     12.6   1000.2    282.0      0.0     84.6
     1     1    14     9     1    23     0     1   -36.0   55.181   -2.346     12.8   1001.7    282.4      0.0     81.8
     1     1    14     9     1    22     0     2   -37.0   55.227   -2.448     12.4   1003.2    282.8      0.0     79.7
     1     1    14     9     1    21     0     3   -38.0   55.269   -2.555     11.5   1004.5    283.2      0.0     78.4
     1     1    14     9     1    20     0     2   -39.0   55.307   -2.666     10.3   1005.3    284.4      0.0     76.6
     1     1    14     9     1    19     0     1   -40.0   55.341   -2.784      9.0   1005.5    285.7      0.0     74.4
     1     1    14     9     1    18     0     0   -41.0   55.372   -2.909      7.5   1005.4    287.1      0.0     71.8
     1     1    14     9     1    17     0     1   -42.0   55.405   -3.051      5.0   1004.7    287.9      0.0     69.4
     1     1    14     9     1    16     0     2   -43.0   55.444   -3.214      1.8   1003.8    288.6      0.0     67.2
     1     1    14     9     1    15     0     3   -44.0   55.487   -3.400      0.0   1003.2    289.4      0.0     65.1
     1     1    14     9     1    14     0     2   -45.0   55.533   -3.601      0.0   1003.2    289.4      0.0     67.2
     1     1    14     9     1    13     0     1   -46.0   55.580   -3.805      4.1   1003.3    289.4      0.0     68.7
     1     1    14     9     1    12     0     0   -47.0   55.629   -4.007     13.9   1003.1    289.5      0.0     69.7
     1     1    14     9     1    11     0     1   -48.0   55.676   -4.216     31.7    999.2    287.5      0.0     73.8
     1     1    14     9     1    10     0     2   -49.0   55.713   -4.437     47.9    996.3    286.5      0.0     76.5
     1     1    14     9     1     9     0     3   -50.0   55.745   -4.668     57.2    993.9    286.0      0.0     77.4
     1     1    14     9     1     8     0     2   -51.0   55.785   -4.902     62.8    991.7    285.5      0.0     81.6
     1     1    14     9     1     7     0     1   -52.0   55.844   -5.138     68.3    991.0    285.1      0.0     85.0
     1     1    14     9     1     6     0     0   -53.0   55.918   -5.391     70.6    993.0    285.0      0.0     85.5
     1     1    14     9     1     5     0     1   -54.0   55.988   -5.679     62.1    998.3    285.5      0.0     83.7
     1     1    14     9     1     4     0     2   -55.0   56.042   -5.999     42.1   1006.2    286.0      0.0     83.8
     1     1    14     9     1     3     0     3   -56.0   56.075   -6.338     26.2   1010.7    286.3      0.0     85.9
     1     1    14     9     1     2     0     2   -57.0   56.090   -6.715     18.8   1013.3    286.8      0.0     86.2
     1     1    14     9     1     1     0     1   -58.0   56.089   -7.150     17.0   1014.0    287.1      0.0     86.5
     1     1    14     9     1     0     0     0   -59.0   56.076   -7.630     18.0   1012.7    287.1      0.0     86.9
     1     1    14     8    31    23     0     1   -60.0   56.047   -8.133     19.7   1011.5    287.1      0.0     85.6
     1     1    14     8    31    22     0     2   -61.0   56.008   -8.648     21.3   1010.4    287.2      0.0     84.2
     1     1    14     8    31    21     0     3   -62.0   55.971   -9.171     23.0   1009.5    287.3      0.0     84.6
     1     1    14     8    31    20     0     2   -63.0   55.928   -9.707     25.6   1008.4    287.3      0.1     83.7
     1     1    14     8    31    19     0     1   -64.0   55.881  -10.268     29.2   1007.2    287.4      0.1     83.7
     1     1    14     8    31    18     0     0   -65.0   55.843  -10.864     32.0   1005.9    287.5      0.0     84.4
     1     1    14     8    31    17     0     1   -66.0   55.790  -11.494     34.1   1005.4    287.7      0.0     84.8
     1     1    14     8    31    16     0     2   -67.0   55.721  -12.170     36.9   1004.6    287.8      0.0     85.6
     1     1    14     8    31    15     0     3   -68.0   55.676  -12.897     40.7   1003.7    287.8      0.0     83.4
     1     1    14     8    31    14     0     2   -69.0   55.614  -13.639     45.5   1002.4    287.9      0.1     84.2
     1     1    14     8    31    13     0     1   -70.0   55.493  -14.396     49.6   1001.3    287.9      0.1     86.9
     1     1    14     8    31    12     0     0   -71.0   55.370  -15.215     57.2    999.9    287.8      0.0     89.9
     1     1    14     8    31    11     0     1   -72.0   55.241  -16.038     66.2    997.8    287.7      0.0     87.2
