     7     1
    GDAS    14     8    22     0     0
    GDAS    14     8    29     0     0
    GDAS    14     9     1     0     0
    GDAS    14     9     8     0     0
    GDAS    14     9    15     0     0
    GDAS    14     9    22     0     0
    GDAS    14     9    29     0     0
     1 BACKWARD OMEGA   
    14     9     4     8   56.467   -2.973   100.0
     4 PRESSURE AIR_TEMP RAINFALL RELHUMID
     1     1    14     9     4     8     0     2     0.0   56.467   -2.973    100.0    977.6    287.1      0.0     89.7
     1     1    14     9     4     7     0     1    -1.0   56.349   -2.935    111.8    981.7    286.9      0.0     89.7
     1     1    14     9     4     6     0     0    -2.0   56.217   -2.893    132.5    984.8    286.9      0.0     89.2
     1     1    14     9     4     5     0     1    -3.0   56.071   -2.850    164.0    986.3    287.3      0.0     87.2
     1     1    14     9     4     4     0     2    -4.0   55.910   -2.804    203.2    983.4    287.4      0.0     85.6
     1     1    14     9     4     3     0     3    -5.0   55.740   -2.748    242.2    978.5    287.4      0.0     84.5
     1     1    14     9     4     2     0     2    -6.0   55.567   -2.679    274.5    974.0    287.4      0.0     83.4
     1     1    14     9     4     1     0     1    -7.0   55.396   -2.598    296.9    970.1    287.3      0.0     83.2
     1     1    14     9     4     0     0     0    -8.0   55.229   -2.501    308.2    967.0    287.2      0.0     83.8
     1     1    14     9     3    23     0     1    -9.0   55.064   -2.380    306.0    964.3    287.1      0.0     83.5
     1     1    14     9     3    22     0     2   -10.0   54.901   -2.221    283.3    964.2    287.0      0.0     83.5
     1     1    14     9     3    21     0     3   -11.0   54.741   -2.016    233.4    967.0    287.1      0.0     84.2
     1     1    14     9     3    20     0     2   -12.0   54.604   -1.795    184.2    980.0    287.8      0.0     81.6
     1     1    14     9     3    19     0     1   -13.0   54.486   -1.584    157.4    987.6    288.5      0.0     78.6
     1     1    14     9     3    18     0     0   -14.0   54.381   -1.380    147.2    992.9    289.2      0.0     75.3
     1     1    14     9     3    17     0     1   -15.0   54.289   -1.177    153.4    996.5    289.4      0.0     72.5
     1     1    14     9     3    16     0     2   -16.0   54.213   -0.974    181.1    996.7    289.5      0.0     70.2
     1     1    14     9     3    15     0     3   -17.0   54.150   -0.776    226.7    990.0    289.2      0.0     70.0
     1     1    14     9     3    14     0     2   -18.0   54.091   -0.587    283.3    983.8    288.4      0.0     73.8
     1     1    14     9     3    13     0     1   -19.0   54.028   -0.413    352.3    975.6    287.4      0.0     77.7
     1     1    14     9     3    12     0     0   -20.0   53.958   -0.253    433.7    966.9    286.3      0.0     80.8
     1     1    14     9     3    11     0     1   -21.0   53.875   -0.120    516.7    956.0    285.7      0.0     79.4
     1     1    14     9     3    10     0     2   -22.0   53.782   -0.014    590.8    947.7    285.2      0.0     79.5
     1     1    14     9     3     9     0     3   -23.0   53.701    0.088    630.3    946.9    285.1      0.0     78.2
     1     1    14     9     3     8     0     2   -24.0   53.637    0.197    636.0    949.4    285.3      0.0     78.0
     1     1    14     9     3     7     0     1   -25.0   53.575    0.303    638.2    949.0    285.4      0.0     77.7
     1     1    14     9     3     6     0     0   -26.0   53.512    0.405    637.7    948.9    285.4      0.0     76.9
     1     1    14     9     3     5     0     1   -27.0   53.443    0.510    635.4    949.2    285.5      0.0     77.1
     1     1    14     9     3     4     0     2   -28.0   53.363    0.626    632.2    949.7    285.6      0.0     77.1
     1     1    14     9     3     3     0     3   -29.0   53.276    0.757    628.7    950.3    285.7      0.0     76.8
     1     1    14     9     3     2     0     2   -30.0   53.190    0.903    629.2    951.2    285.8      0.0     76.4
     1     1    14     9     3     1     0     1   -31.0   53.111    1.062    638.2    950.8    285.8      0.0     76.7
     1     1    14     9     3     0     0     0   -32.0   53.040    1.229    656.0    948.7    285.8      0.0     77.2
     1     1    14     9     2    23     0     1   -33.0   52.975    1.401    674.8    945.5    285.7      0.0     77.6
     1     1    14     9     2    22     0     2   -34.0   52.916    1.585    685.3    943.8    285.7      0.0     77.3
     1     1    14     9     2    21     0     3   -35.0   52.860    1.786    683.3    943.8    285.8      0.0     76.1
     1     1    14     9     2    20     0     2   -36.0   52.814    1.993    675.8    945.7    286.0      0.0     75.5
     1     1    14     9     2    19     0     1   -37.0   52.783    2.183    678.5    946.0    286.1      0.0     76.2
     1     1    14     9     2    18     0     0   -38.0   52.763    2.350    696.9    943.7    285.9      0.0     76.5
     1     1    14     9     2    17     0     1   -39.0   52.749    2.494    727.0    939.5    285.6      0.0     77.5
     1     1    14     9     2    16     0     2   -40.0   52.738    2.623    763.4    935.1    285.2      0.0     79.1
     1     1    14     9     2    15     0     3   -41.0   52.728    2.733    803.5    930.3    284.8      0.0     81.4
     1     1    14     9     2    14     0     2   -42.0   52.712    2.832    840.3    925.9    284.4      0.0     83.4
     1     1    14     9     2    13     0     1   -43.0   52.680    2.928    867.4    923.3    284.2      0.0     85.5
     1     1    14     9     2    12     0     0   -44.0   52.632    3.026    884.6    921.6    284.0      0.0     87.5
     1     1    14     9     2    11     0     1   -45.0   52.581    3.128    895.4    920.3    284.0      0.0     88.4
     1     1    14     9     2    10     0     2   -46.0   52.537    3.235    902.9    919.0    283.9      0.0     89.3
     1     1    14     9     2     9     0     3   -47.0   52.500    3.345    906.9    918.1    283.8      0.0     90.2
     1     1    14     9     2     8     0     2   -48.0   52.466    3.455    912.8    917.8    283.8      0.0     90.6
     1     1    14     9     2     7     0     1   -49.0   52.430    3.565    925.9    916.0    283.6      0.0     91.2
     1     1    14     9     2     6     0     0   -50.0   52.391    3.673    945.5    913.5    283.4      0.0     92.2
     1     1    14     9     2     5     0     1   -51.0   52.354    3.766    960.2    910.5    283.5      0.0     93.4
     1     1    14     9     2     4     0     2   -52.0   52.322    3.835    958.9    910.5    283.7      0.0     94.9
     1     1    14     9     2     3     0     3   -53.0   52.292    3.881    942.4    912.2    284.0      0.0     96.7
     1     1    14     9     2     2     0     2   -54.0   52.250    3.899    919.2    915.6    284.2      0.1     96.0
     1     1    14     9     2     1     0     1   -55.0   52.187    3.883    897.2    917.9    284.5      0.2     95.5
     1     1    14     9     2     0     0     0   -56.0   52.106    3.832    874.0    920.3    284.7      0.2     95.1
     1     1    14     9     1    23     0     1   -57.0   52.015    3.757    846.2    922.9    284.9      0.0     94.7
     1     1    14     9     1    22     0     2   -58.0   51.926    3.667    812.9    926.4    285.1      0.0     93.8
     1     1    14     9     1    21     0     3   -59.0   51.845    3.558    775.4    930.2    285.3      0.0     92.9
     1     1    14     9     1    20     0     2   -60.0   51.771    3.423    735.6    934.8    285.7      0.0     90.5
     1     1    14     9     1    19     0     1   -61.0   51.697    3.256    695.2    939.2    286.1      0.0     88.9
     1     1    14     9     1    18     0     0   -62.0   51.614    3.051    651.6    944.2    286.4      0.0     87.9
     1     1    14     9     1    17     0     1   -63.0   51.532    2.812    606.9    949.5    286.8      0.0     86.1
     1     1    14     9     1    16     0     2   -64.0   51.461    2.547    571.4    954.0    287.0      0.0     84.6
     1     1    14     9     1    15     0     3   -65.0   51.392    2.261    557.4    956.2    286.8      0.0     84.0
     1     1    14     9     1    14     0     2   -66.0   51.314    1.961    565.3    955.0    286.6      0.0     84.5
     1     1    14     9     1    13     0     1   -67.0   51.231    1.660    578.9    952.5    286.5      0.0     84.5
     1     1    14     9     1    12     0     0   -68.0   51.150    1.365    591.9    951.7    286.3      0.0     82.9
     1     1    14     9     1    11     0     1   -69.0   51.074    1.080    601.9    949.8    286.1      0.0     79.6
     1     1    14     9     1    10     0     2   -70.0   51.003    0.808    597.3    948.4    286.2      0.0     77.0
     1     1    14     9     1     9     0     3   -71.0   50.935    0.550    580.3    949.0    286.2      0.0     74.4
     1     1    14     9     1     8     0     2   -72.0   50.882    0.315    565.9    950.1    286.2      0.0     74.7
