     7     1
    GDAS    14     8    22     0     0
    GDAS    14     8    29     0     0
    GDAS    14     9     1     0     0
    GDAS    14     9     8     0     0
    GDAS    14     9    15     0     0
    GDAS    14     9    22     0     0
    GDAS    14     9    29     0     0
     1 BACKWARD OMEGA   
    14     9    14     2   56.467   -2.973   100.0
     4 PRESSURE AIR_TEMP RAINFALL RELHUMID
     1     1    14     9    14     2     0     2     0.0   56.467   -2.973    100.0    986.6    283.0      0.0     93.0
     1     1    14     9    14     1     0     1    -1.0   56.415   -2.832     87.6    993.8    283.7      0.0     91.2
     1     1    14     9    14     0     0     0    -2.0   56.358   -2.678     76.9   1000.8    284.3      0.0     88.9
     1     1    14     9    13    23     0     1    -3.0   56.296   -2.512     67.0   1007.1    285.0      0.0     86.5
     1     1    14     9    13    22     0     2    -4.0   56.231   -2.338     57.8   1013.4    285.7      0.0     83.6
     1     1    14     9    13    21     0     3    -5.0   56.157   -2.153     51.2   1018.2    286.2      0.0     80.2
     1     1    14     9    13    20     0     2    -6.0   56.073   -1.958     47.7   1021.2    286.5      0.0     77.5
     1     1    14     9    13    19     0     1    -7.0   55.987   -1.757     46.5   1021.9    286.5      0.0     76.6
     1     1    14     9    13    18     0     0    -8.0   55.904   -1.558     46.0   1021.8    286.5      0.0     76.6
     1     1    14     9    13    17     0     1    -9.0   55.827   -1.365     45.6   1021.9    286.7      0.0     76.7
     1     1    14     9    13    16     0     2   -10.0   55.753   -1.180     46.9   1022.5    286.8      0.0     76.7
     1     1    14     9    13    15     0     3   -11.0   55.681   -1.000     52.1   1023.2    286.8      0.0     77.0
     1     1    14     9    13    14     0     2   -12.0   55.611   -0.830     60.1   1022.2    286.8      0.0     77.2
     1     1    14     9    13    13     0     1   -13.0   55.542   -0.680     68.6   1021.0    286.8      0.0     77.3
     1     1    14     9    13    12     0     0   -14.0   55.474   -0.549     77.7   1019.6    286.7      0.0     77.4
     1     1    14     9    13    11     0     1   -15.0   55.406   -0.442     86.9   1018.2    286.6      0.0     79.2
     1     1    14     9    13    10     0     2   -16.0   55.338   -0.362     95.7   1016.9    286.5      0.0     81.1
     1     1    14     9    13     9     0     3   -17.0   55.271   -0.309    103.9   1015.7    286.4      0.0     83.1
     1     1    14     9    13     8     0     2   -18.0   55.204   -0.270    110.9   1015.1    286.4      0.0     82.7
     1     1    14     9    13     7     0     1   -19.0   55.138   -0.233    115.3   1014.7    286.4      0.0     82.5
     1     1    14     9    13     6     0     0   -20.0   55.072   -0.199    116.7   1014.7    286.4      0.0     82.2
     1     1    14     9    13     5     0     1   -21.0   55.011   -0.180    116.6   1014.6    286.5      0.0     82.0
     1     1    14     9    13     4     0     2   -22.0   54.954   -0.185    117.1   1013.9    286.4      0.0     82.3
     1     1    14     9    13     3     0     3   -23.0   54.901   -0.212    118.8   1012.9    286.3      0.0     82.6
     1     1    14     9    13     2     0     2   -24.0   54.845   -0.248    121.5   1012.3    286.2      0.0     82.5
     1     1    14     9    13     1     0     1   -25.0   54.783   -0.278    124.7   1011.6    286.2      0.0     82.5
     1     1    14     9    13     0     0     0   -26.0   54.715   -0.301    127.7   1010.9    286.2      0.0     82.4
     1     1    14     9    12    23     0     1   -27.0   54.643   -0.293    134.2   1009.6    286.2      0.0     83.2
     1     1    14     9    12    22     0     2   -28.0   54.568   -0.235    149.3   1006.9    286.3      0.0     83.9
     1     1    14     9    12    21     0     3   -29.0   54.492   -0.129    175.5   1002.7    286.4      0.0     84.2
     1     1    14     9    12    20     0     2   -30.0   54.442    0.020    192.6   1001.6    286.4      0.0     87.0
     1     1    14     9    12    19     0     1   -31.0   54.423    0.193    194.0   1003.4    286.6      0.0     87.6
     1     1    14     9    12    18     0     0   -32.0   54.417    0.379    196.0   1003.0    286.6      0.0     87.9
     1     1    14     9    12    17     0     1   -33.0   54.426    0.564    198.8   1002.4    286.5      0.0     88.4
     1     1    14     9    12    16     0     2   -34.0   54.446    0.738    203.5   1001.7    286.4      0.0     89.2
     1     1    14     9    12    15     0     3   -35.0   54.477    0.901    211.4   1000.6    286.3      0.0     90.4
     1     1    14     9    12    14     0     2   -36.0   54.512    1.055    219.4    999.7    286.2      0.0     91.1
     1     1    14     9    12    13     0     1   -37.0   54.548    1.205    224.0    999.5    286.2      0.0     91.2
     1     1    14     9    12    12     0     0   -38.0   54.582    1.354    225.5    999.6    286.2      0.0     91.3
     1     1    14     9    12    11     0     1   -39.0   54.617    1.516    226.3    999.5    286.3      0.0     90.8
     1     1    14     9    12    10     0     2   -40.0   54.660    1.703    229.4    998.9    286.4      0.0     90.5
     1     1    14     9    12     9     0     3   -41.0   54.710    1.916    236.3    998.0    286.4      0.0     90.4
     1     1    14     9    12     8     0     2   -42.0   54.766    2.131    244.5    996.8    286.3      0.0     91.1
     1     1    14     9    12     7     0     1   -43.0   54.824    2.318    250.0    996.1    286.2      0.0     91.7
     1     1    14     9    12     6     0     0   -44.0   54.883    2.480    251.9    995.8    286.2      0.0     92.3
     1     1    14     9    12     5     0     1   -45.0   54.938    2.630    252.0    995.6    286.3      0.0     91.9
     1     1    14     9    12     4     0     2   -46.0   54.986    2.780    252.1    995.1    286.4      0.0     91.5
     1     1    14     9    12     3     0     3   -47.0   55.022    2.930    252.2    994.6    286.6      0.0     90.9
     1     1    14     9    12     2     0     2   -48.0   55.051    3.085    252.2    994.9    286.6      0.0     90.3
     1     1    14     9    12     1     0     1   -49.0   55.076    3.247    252.1    995.1    286.7      0.0     89.6
     1     1    14     9    12     0     0     0   -50.0   55.098    3.417    252.1    995.2    286.7      0.0     89.1
     1     1    14     9    11    23     0     1   -51.0   55.126    3.595    252.6    995.0    286.9      0.0     88.2
     1     1    14     9    11    22     0     2   -52.0   55.171    3.785    254.1    994.6    287.0      0.0     87.1
     1     1    14     9    11    21     0     3   -53.0   55.231    3.983    256.4    994.2    287.1      0.0     86.0
     1     1    14     9    11    20     0     2   -54.0   55.303    4.177    259.3    993.7    287.1      0.0     85.8
     1     1    14     9    11    19     0     1   -55.0   55.381    4.357    262.2    993.2    287.2      0.0     85.6
     1     1    14     9    11    18     0     0   -56.0   55.463    4.524    264.8    992.8    287.2      0.0     85.4
     1     1    14     9    11    17     0     1   -57.0   55.543    4.690    265.4    992.2    287.3      0.0     85.0
     1     1    14     9    11    16     0     2   -58.0   55.617    4.872    262.5    992.1    287.4      0.0     84.4
     1     1    14     9    11    15     0     3   -59.0   55.681    5.075    256.5    992.4    287.5      0.0     83.7
     1     1    14     9    11    14     0     2   -60.0   55.744    5.297    250.0    993.4    287.5      0.0     83.2
     1     1    14     9    11    13     0     1   -61.0   55.809    5.528    244.5    994.0    287.5      0.0     83.1
     1     1    14     9    11    12     0     0   -62.0   55.873    5.772    238.2    994.8    287.5      0.0     83.3
     1     1    14     9    11    11     0     1   -63.0   55.940    6.028    232.6    995.2    287.7      0.0     82.9
     1     1    14     9    11    10     0     2   -64.0   56.014    6.292    232.5    995.1    287.6      0.0     83.1
     1     1    14     9    11     9     0     3   -65.0   56.097    6.565    239.1    993.9    287.4      0.0     84.2
     1     1    14     9    11     8     0     2   -66.0   56.188    6.853    249.1    992.4    287.2      0.0     84.2
     1     1    14     9    11     7     0     1   -67.0   56.286    7.156    260.0    991.1    287.1      0.0     84.2
     1     1    14     9    11     6     0     0   -68.0   56.386    7.474    273.9    989.4    286.8      0.0     84.9
     1     1    14     9    11     5     0     1   -69.0   56.489    7.800    292.7    986.9    286.7      0.0     84.8
     1     1    14     9    11     4     0     2   -70.0   56.596    8.131    315.1    983.4    286.6      0.0     84.5
     1     1    14     9    11     3     0     3   -71.0   56.706    8.474    339.4    979.8    286.5      0.0     84.3
     1     1    14     9    11     2     0     2   -72.0   56.817    8.835    365.7    976.6    286.4      0.0     83.3
