     7     1
    GDAS    14     8    22     0     0
    GDAS    14     8    29     0     0
    GDAS    14     9     1     0     0
    GDAS    14     9     8     0     0
    GDAS    14     9    15     0     0
    GDAS    14     9    22     0     0
    GDAS    14     9    29     0     0
     1 BACKWARD OMEGA   
    14     9     5     3   56.467   -2.973   100.0
     4 PRESSURE AIR_TEMP RAINFALL RELHUMID
     1     1    14     9     5     3     0     3     0.0   56.467   -2.973    100.0    974.8    286.4      0.0     92.2
     1     1    14     9     5     2     0     2    -1.0   56.452   -3.110    120.4    972.1    286.7      0.0     91.6
     1     1    14     9     5     1     0     1    -2.0   56.425   -3.236    141.3    970.1    286.9      0.0     90.7
     1     1    14     9     5     0     0     0    -3.0   56.388   -3.351    160.9    968.3    287.2      0.0     89.9
     1     1    14     9     4    23     0     1    -4.0   56.341   -3.457    178.8    967.5    287.5      0.0     88.0
     1     1    14     9     4    22     0     2    -5.0   56.283   -3.554    195.6    967.6    287.9      0.0     85.8
     1     1    14     9     4    21     0     3    -6.0   56.215   -3.645    211.5    968.5    288.4      0.0     83.4
     1     1    14     9     4    20     0     2    -7.0   56.143   -3.743    225.4    969.9    288.8      0.0     81.9
     1     1    14     9     4    19     0     1    -8.0   56.073   -3.861    236.7    971.9    289.3      0.0     80.5
     1     1    14     9     4    18     0     0    -9.0   56.004   -4.010    247.4    974.3    289.7      0.0     79.5
     1     1    14     9     4    17     0     1   -10.0   55.922   -4.162    248.7    972.5    289.4      0.1     79.0
     1     1    14     9     4    16     0     2   -11.0   55.821   -4.287    236.7    973.6    289.4      0.1     78.6
     1     1    14     9     4    15     0     3   -12.0   55.705   -4.385    215.1    976.3    289.5      0.2     78.3
     1     1    14     9     4    14     0     2   -13.0   55.579   -4.447    192.8    980.6    289.5      0.0     80.3
     1     1    14     9     4    13     0     1   -14.0   55.452   -4.467    175.3    984.0    289.4      0.0     82.7
     1     1    14     9     4    12     0     0   -15.0   55.321   -4.451    160.1    987.0    289.2      0.0     85.0
     1     1    14     9     4    11     0     1   -16.0   55.186   -4.411    140.7    989.7    289.0      0.0     87.0
     1     1    14     9     4    10     0     2   -17.0   55.043   -4.355    109.7    993.2    288.9      0.0     89.4
     1     1    14     9     4     9     0     3   -18.0   54.896   -4.281     65.6    999.8    288.8      0.0     91.1
     1     1    14     9     4     8     0     2   -19.0   54.768   -4.193     31.7   1007.5    288.5      0.0     91.1
     1     1    14     9     4     7     0     1   -20.0   54.655   -4.096     10.0   1009.7    287.8      0.0     91.6
     1     1    14     9     4     6     0     0   -21.0   54.553   -3.990      0.0   1010.8    287.2      0.0     92.0
     1     1    14     9     4     5     0     1   -22.0   54.448   -3.862      0.0   1012.4    287.5      0.0     88.6
     1     1    14     9     4     4     0     2   -23.0   54.341   -3.703      0.0   1013.9    287.7      0.0     85.6
     1     1    14     9     4     3     0     3   -24.0   54.237   -3.515      0.0   1015.1    287.9      0.0     83.1
     1     1    14     9     4     2     0     2   -25.0   54.145   -3.316      0.0   1015.9    288.0      0.0     81.0
     1     1    14     9     4     1     0     1   -26.0   54.067   -3.122      0.0   1016.4    288.2      0.0     79.4
     1     1    14     9     4     0     0     0   -27.0   54.004   -2.935      0.0   1015.1    288.2      0.0     78.9
     1     1    14     9     3    23     0     1   -28.0   53.951   -2.760      0.0   1010.7    288.1      0.0     80.4
     1     1    14     9     3    22     0     2   -29.0   53.905   -2.597      0.0   1006.7    288.0      0.0     81.3
     1     1    14     9     3    21     0     3   -30.0   53.864   -2.439      0.0   1002.8    288.0      0.0     81.6
     1     1    14     9     3    20     0     2   -31.0   53.826   -2.295      0.0    998.9    288.4      0.0     81.1
     1     1    14     9     3    19     0     1   -32.0   53.788   -2.170      0.0    995.9    288.8      0.0     80.1
     1     1    14     9     3    18     0     0   -33.0   53.748   -2.062      0.0    993.6    289.4      0.0     78.8
     1     1    14     9     3    17     0     1   -34.0   53.708   -1.955      0.0    993.6    290.0      0.0     76.2
     1     1    14     9     3    16     0     2   -35.0   53.670   -1.831      0.0    996.8    290.8      0.0     72.6
     1     1    14     9     3    15     0     3   -36.0   53.635   -1.690      0.0   1000.2    291.8      0.0     69.0
     1     1    14     9     3    14     0     2   -37.0   53.603   -1.545      0.4   1003.9    292.2      0.0     69.4
     1     1    14     9     3    13     0     1   -38.0   53.571   -1.410      1.0   1007.4    292.7      0.0     70.4
     1     1    14     9     3    12     0     0   -39.0   53.541   -1.284      1.7   1010.7    293.2      0.0     72.0
     1     1    14     9     3    11     0     1   -40.0   53.513   -1.167      2.4   1013.6    292.3      0.0     75.8
     1     1    14     9     3    10     0     2   -41.0   53.492   -1.059      2.9   1016.1    291.2      0.0     79.4
     1     1    14     9     3     9     0     3   -42.0   53.474   -0.960      3.3   1017.6    289.9      0.0     83.0
     1     1    14     9     3     8     0     2   -43.0   53.455   -0.871      3.5   1017.6    288.7      0.0     85.1
     1     1    14     9     3     7     0     1   -44.0   53.429   -0.791      3.7   1017.6    287.6      0.0     87.4
     1     1    14     9     3     6     0     0   -45.0   53.397   -0.720      3.9   1017.6    286.4      0.0     89.8
     1     1    14     9     3     5     0     1   -46.0   53.363   -0.652      4.1   1016.9    286.1      0.0     90.1
     1     1    14     9     3     4     0     2   -47.0   53.333   -0.580      4.3   1016.1    285.8      0.0     90.3
     1     1    14     9     3     3     0     3   -48.0   53.308   -0.505      4.5   1015.3    285.5      0.0     90.5
     1     1    14     9     3     2     0     2   -49.0   53.286   -0.420      4.7   1016.1    285.8      0.0     88.8
     1     1    14     9     3     1     0     1   -50.0   53.267   -0.319      4.9   1017.0    286.0      0.0     86.9
     1     1    14     9     3     0     0     0   -51.0   53.249   -0.201      5.3   1018.0    286.2      0.0     85.0
     1     1    14     9     2    23     0     1   -52.0   53.232   -0.073      5.5   1017.1    286.6      0.0     80.7
     1     1    14     9     2    22     0     2   -53.0   53.213    0.053      5.3   1022.4    286.7      0.0     83.2
     1     1    14     9     2    21     0     3   -54.0   53.191    0.179      4.8   1022.3    286.9      0.0     81.8
     1     1    14     9     2    20     0     2   -55.0   53.176    0.310      4.4   1021.6    287.5      0.0     80.6
     1     1    14     9     2    19     0     1   -56.0   53.171    0.440      4.3   1021.0    288.0      0.0     79.8
     1     1    14     9     2    18     0     0   -57.0   53.178    0.567      4.4   1020.3    288.4      0.0     79.7
     1     1    14     9     2    17     0     1   -58.0   53.197    0.692      4.6   1020.2    289.1      0.0     79.5
     1     1    14     9     2    16     0     2   -59.0   53.229    0.816      4.7   1020.2    289.4      0.0     80.0
     1     1    14     9     2    15     0     3   -60.0   53.276    0.935      4.8   1020.2    289.4      0.0     81.3
     1     1    14     9     2    14     0     2   -61.0   53.327    1.035      5.1   1021.4    289.1      0.0     84.6
     1     1    14     9     2    13     0     1   -62.0   53.376    1.105      5.6   1022.4    289.0      0.0     86.8
     1     1    14     9     2    12     0     0   -63.0   53.423    1.150      6.1   1023.2    288.9      0.0     88.8
     1     1    14     9     2    11     0     1   -64.0   53.476    1.178      6.5   1022.9    288.7      0.0     89.4
     1     1    14     9     2    10     0     2   -65.0   53.546    1.194      6.9   1022.7    288.5      0.0     90.1
     1     1    14     9     2     9     0     3   -66.0   53.633    1.195      7.1   1022.8    288.3      0.0     90.8
     1     1    14     9     2     8     0     2   -67.0   53.723    1.180      7.4   1022.0    288.2      0.0     91.3
     1     1    14     9     2     7     0     1   -68.0   53.807    1.153      7.6   1021.1    288.1      0.0     91.9
     1     1    14     9     2     6     0     0   -69.0   53.884    1.111      7.6   1019.9    288.0      0.0     92.3
     1     1    14     9     2     5     0     1   -70.0   53.970    1.058      7.6   1020.1    288.0      0.0     91.0
     1     1    14     9     2     4     0     2   -71.0   54.077    1.002      7.6   1020.4    287.9      0.0     89.7
     1     1    14     9     2     3     0     3   -72.0   54.201    0.955      7.6   1020.5    287.8      0.0     88.7
