     7     1
    GDAS    14     8    22     0     0
    GDAS    14     8    29     0     0
    GDAS    14     9     1     0     0
    GDAS    14     9     8     0     0
    GDAS    14     9    15     0     0
    GDAS    14     9    22     0     0
    GDAS    14     9    29     0     0
     1 BACKWARD OMEGA   
    14     9     1    23   56.467   -2.973   100.0
     4 PRESSURE AIR_TEMP RAINFALL RELHUMID
     1     1    14     9     1    23     0     1     0.0   56.467   -2.973    100.0    979.2    283.5      0.0     81.6
     1     1    14     9     1    22     0     2    -1.0   56.463   -3.153    108.9    976.1    283.8      0.0     81.5
     1     1    14     9     1    21     0     3    -2.0   56.459   -3.348    118.6    973.5    284.1      0.0     81.8
     1     1    14     9     1    20     0     2    -3.0   56.457   -3.558    133.3    970.4    284.8      0.0     80.8
     1     1    14     9     1    19     0     1    -4.0   56.459   -3.788    155.6    965.6    285.1      0.0     80.2
     1     1    14     9     1    18     0     0    -5.0   56.462   -4.049    184.8    959.8    285.0      0.0     80.5
     1     1    14     9     1    17     0     1    -6.0   56.462   -4.340    206.9    957.0    284.7      0.0     82.2
     1     1    14     9     1    16     0     2    -7.0   56.450   -4.643    209.6    958.4    284.6      0.0     84.4
     1     1    14     9     1    15     0     3    -8.0   56.421   -4.953    195.8    962.2    284.6      0.0     87.2
     1     1    14     9     1    14     0     2    -9.0   56.374   -5.259    170.6    973.3    285.2      0.0     86.4
     1     1    14     9     1    13     0     1   -10.0   56.310   -5.553    140.1    986.0    285.8      0.0     85.6
     1     1    14     9     1    12     0     0   -11.0   56.230   -5.835    110.7    997.1    286.3      0.0     85.8
     1     1    14     9     1    11     0     1   -12.0   56.143   -6.121     87.7   1004.4    286.7      0.0     83.2
     1     1    14     9     1    10     0     2   -13.0   56.055   -6.438     74.7   1007.5    286.8      0.0     80.5
     1     1    14     9     1     9     0     3   -14.0   55.960   -6.789     72.3   1008.0    286.8      0.0     79.3
     1     1    14     9     1     8     0     2   -15.0   55.861   -7.157     77.7   1006.3    286.6      0.0     80.4
     1     1    14     9     1     7     0     1   -16.0   55.772   -7.525     83.7   1003.5    286.4      0.0     81.4
     1     1    14     9     1     6     0     0   -17.0   55.690   -7.887     82.5   1001.9    286.2      0.0     82.4
     1     1    14     9     1     5     0     1   -18.0   55.613   -8.253     73.9   1003.3    286.4      0.0     81.6
     1     1    14     9     1     4     0     2   -19.0   55.545   -8.641     63.2   1006.9    286.8      0.0     79.8
     1     1    14     9     1     3     0     3   -20.0   55.483   -9.052     54.9   1010.8    287.2      0.0     77.6
     1     1    14     9     1     2     0     2   -21.0   55.423   -9.487     50.1   1011.0    287.3      0.0     77.6
     1     1    14     9     1     1     0     1   -22.0   55.358   -9.948     49.1   1010.4    287.4      0.0     75.4
     1     1    14     9     1     0     0     0   -23.0   55.291  -10.436     50.6   1009.5    287.5      0.0     73.4
     1     1    14     8    31    23     0     1   -24.0   55.225  -10.933     52.3   1009.2    287.6      0.0     74.6
     1     1    14     8    31    22     0     2   -25.0   55.165  -11.431     53.6   1009.1    287.7      0.0     73.8
     1     1    14     8    31    21     0     3   -26.0   55.116  -11.943     54.9   1009.0    287.9      0.0     71.9
     1     1    14     8    31    20     0     2   -27.0   55.076  -12.482     57.3   1007.9    287.8      0.0     73.9
     1     1    14     8    31    19     0     1   -28.0   55.038  -13.065     62.1   1006.4    287.8      0.0     74.6
     1     1    14     8    31    18     0     0   -29.0   54.997  -13.695     66.6   1004.4    287.6      0.0     74.1
     1     1    14     8    31    17     0     1   -30.0   54.962  -14.367     70.4   1003.3    287.7      0.0     73.9
     1     1    14     8    31    16     0     2   -31.0   54.932  -15.080     76.7   1001.8    287.6      0.0     72.5
     1     1    14     8    31    15     0     3   -32.0   54.894  -15.843     81.4   1000.0    287.4      0.0     72.4
     1     1    14     8    31    14     0     2   -33.0   54.847  -16.651     85.3    999.3    287.3      0.1     75.7
     1     1    14     8    31    13     0     1   -34.0   54.806  -17.488     93.8    997.5    287.0      0.1     76.7
     1     1    14     8    31    12     0     0   -35.0   54.754  -18.354    104.1    995.6    286.8      0.1     75.5
     1     1    14     8    31    11     0     1   -36.0   54.686  -19.253    115.7    993.2    286.8      0.1     77.1
     1     1    14     8    31    10     0     2   -37.0   54.628  -20.173    128.0    990.9    286.7      0.0     77.0
     1     1    14     8    31     9     0     3   -38.0   54.597  -21.123    139.3    989.0    286.5      0.0     73.7
     1     1    14     8    31     8     0     2   -39.0   54.573  -22.115    149.4    986.0    286.2      0.1     77.4
     1     1    14     8    31     7     0     1   -40.0   54.588  -23.155    159.8    983.0    285.9      0.0     77.8
     1     1    14     8    31     6     0     0   -41.0   54.650  -24.246    174.4    979.6    285.6      0.0     77.1
     1     1    14     8    31     5     0     1   -42.0   54.710  -25.390    191.1    975.5    285.3      0.0     79.7
     1     1    14     8    31     4     0     2   -43.0   54.809  -26.603    210.8    971.8    284.8      0.0     80.7
     1     1    14     8    31     3     0     3   -44.0   54.949  -27.847    238.7    967.2    284.3      0.0     79.1
     1     1    14     8    31     2     0     2   -45.0   55.139  -29.092    250.2    962.9    284.2      0.3     79.9
     1     1    14     8    31     1     0     1   -46.0   55.459  -30.372    264.0    959.7    284.0      0.4     78.6
     1     1    14     8    31     0     0     0   -47.0   55.871  -31.635    281.4    956.3    283.3      1.4     77.7
     1     1    14     8    30    23     0     1   -48.0   56.327  -32.753    298.6    952.3    282.7      0.6     79.1
     1     1    14     8    30    22     0     2   -49.0   56.817  -33.681    311.5    950.4    281.8      0.6     83.4
     1     1    14     8    30    21     0     3   -50.0   57.313  -34.450    330.4    948.0    281.0      0.7     84.3
     1     1    14     8    30    20     0     2   -51.0   57.759  -34.976    351.3    946.1    280.5      0.8     84.9
     1     1    14     8    30    19     0     1   -52.0   58.134  -35.297    359.6    945.0    280.2      0.8     88.3
     1     1    14     8    30    18     0     0   -53.0   58.445  -35.452    359.5    947.0    280.2      0.9     88.5
     1     1    14     8    30    17     0     1   -54.0   58.657  -35.477    356.5    948.5    280.1      0.0     87.1
     1     1    14     8    30    16     0     2   -55.0   58.755  -35.417    350.1    950.0    280.2      0.0     85.8
     1     1    14     8    30    15     0     3   -56.0   58.762  -35.266    339.1    952.5    280.3      0.0     84.7
     1     1    14     8    30    14     0     2   -57.0   58.712  -35.058    331.0    955.3    280.5      0.0     82.7
     1     1    14     8    30    13     0     1   -58.0   58.618  -34.845    334.1    956.4    280.6      0.0     81.2
     1     1    14     8    30    12     0     0   -59.0   58.485  -34.631    350.5    955.7    280.5      0.0     80.6
     1     1    14     8    30    11     0     1   -60.0   58.334  -34.445    374.0    953.0    280.4      0.0     81.1
     1     1    14     8    30    10     0     2   -61.0   58.172  -34.333    394.6    950.9    280.3      0.0     79.1
     1     1    14     8    30     9     0     3   -62.0   57.993  -34.311    403.2    950.1    280.4      0.0     75.1
     1     1    14     8    30     8     0     2   -63.0   57.797  -34.362    409.1    951.4    280.3      0.1     76.6
     1     1    14     8    30     7     0     1   -64.0   57.592  -34.468    419.8    950.3    280.2      0.1     77.2
     1     1    14     8    30     6     0     0   -65.0   57.379  -34.645    426.3    949.9    280.2      0.1     75.6
     1     1    14     8    30     5     0     1   -66.0   57.171  -34.870    431.8    950.1    280.3      0.0     74.7
     1     1    14     8    30     4     0     2   -67.0   56.969  -35.112    443.5    948.9    280.2      0.0     75.3
     1     1    14     8    30     3     0     3   -68.0   56.763  -35.369    452.4    946.6    280.1      0.0     78.2
     1     1    14     8    30     2     0     2   -69.0   56.551  -35.658    452.0    947.7    280.2      0.1     77.6
     1     1    14     8    30     1     0     1   -70.0   56.338  -36.009    452.2    948.9    280.3      0.1     75.9
     1     1    14     8    30     0     0     0   -71.0   56.125  -36.432    461.5    948.8    280.2      0.1     75.2
     1     1    14     8    29    23     0     1   -72.0   55.925  -36.892    478.3    946.6    280.0      0.0     75.7
