     7     1
    GDAS    14     8    22     0     0
    GDAS    14     8    29     0     0
    GDAS    14     9     1     0     0
    GDAS    14     9     8     0     0
    GDAS    14     9    15     0     0
    GDAS    14     9    22     0     0
    GDAS    14     9    29     0     0
     1 BACKWARD OMEGA   
    14     9     4    22   56.467   -2.973   100.0
     4 PRESSURE AIR_TEMP RAINFALL RELHUMID
     1     1    14     9     4    22     0     2     0.0   56.467   -2.973    100.0    976.0    287.7      0.0     87.7
     1     1    14     9     4    21     0     3    -1.0   56.387   -3.017    110.4    977.0    288.3      0.0     85.5
     1     1    14     9     4    20     0     2    -2.0   56.303   -3.048    121.4    978.5    288.9      0.0     83.8
     1     1    14     9     4    19     0     1    -3.0   56.222   -3.073    132.5    980.1    289.4      0.0     82.0
     1     1    14     9     4    18     0     0    -4.0   56.144   -3.093    143.8    981.6    289.9      0.0     80.1
     1     1    14     9     4    17     0     1    -5.0   56.068   -3.101    156.8    982.9    290.1      0.0     78.7
     1     1    14     9     4    16     0     2    -6.0   55.988   -3.093    174.6    983.2    290.1      0.0     77.8
     1     1    14     9     4    15     0     3    -7.0   55.903   -3.069    193.9    980.4    289.9      0.0     77.3
     1     1    14     9     4    14     0     2    -8.0   55.817   -3.036    206.6    979.0    289.7      0.0     77.4
     1     1    14     9     4    13     0     1    -9.0   55.736   -2.997    210.3    979.2    289.7      0.0     77.5
     1     1    14     9     4    12     0     0   -10.0   55.660   -2.950    207.1    980.2    289.7      0.0     77.5
     1     1    14     9     4    11     0     1   -11.0   55.576   -2.899    205.3    981.4    289.3      0.0     78.8
     1     1    14     9     4    10     0     2   -12.0   55.474   -2.854    211.3    980.5    288.7      0.0     80.9
     1     1    14     9     4     9     0     3   -13.0   55.354   -2.813    225.3    978.6    288.1      0.0     83.6
     1     1    14     9     4     8     0     2   -14.0   55.222   -2.772    242.8    975.5    287.7      0.0     84.3
     1     1    14     9     4     7     0     1   -15.0   55.082   -2.733    259.9    972.7    287.5      0.0     84.8
     1     1    14     9     4     6     0     0   -16.0   54.935   -2.697    276.7    970.4    287.3      0.0     85.3
     1     1    14     9     4     5     0     1   -17.0   54.786   -2.643    290.0    969.1    287.2      0.0     84.5
     1     1    14     9     4     4     0     2   -18.0   54.641   -2.549    297.0    967.9    287.0      0.0     83.8
     1     1    14     9     4     3     0     3   -19.0   54.502   -2.412    295.5    966.3    286.8      0.0     83.7
     1     1    14     9     4     2     0     2   -20.0   54.370   -2.242    283.0    964.7    286.6      0.0     85.0
     1     1    14     9     4     1     0     1   -21.0   54.249   -2.052    257.8    963.5    286.3      0.0     86.9
     1     1    14     9     4     0     0     0   -22.0   54.142   -1.852    226.8    969.5    286.5      0.0     87.5
     1     1    14     9     3    23     0     1   -23.0   54.048   -1.638    201.4    977.5    287.0      0.0     86.6
     1     1    14     9     3    22     0     2   -24.0   53.964   -1.401    192.4    984.7    287.5      0.0     85.5
     1     1    14     9     3    21     0     3   -25.0   53.890   -1.133    209.5    989.3    288.1      0.0     83.9
     1     1    14     9     3    20     0     2   -26.0   53.821   -0.850    248.9    986.7    288.5      0.0     80.6
     1     1    14     9     3    19     0     1   -27.0   53.755   -0.579    293.1    980.7    288.6      0.0     78.7
     1     1    14     9     3    18     0     0   -28.0   53.691   -0.330    337.2    975.4    288.6      0.0     77.9
     1     1    14     9     3    17     0     1   -29.0   53.633   -0.092    381.9    970.3    288.3      0.0     77.2
     1     1    14     9     3    16     0     2   -30.0   53.598    0.151    396.9    971.6    287.6      0.0     81.1
     1     1    14     9     3    15     0     3   -31.0   53.593    0.400    380.4    977.2    287.9      0.0     80.4
     1     1    14     9     3    14     0     2   -32.0   53.596    0.637    369.8    979.7    287.9      0.0     81.2
     1     1    14     9     3    13     0     1   -33.0   53.594    0.849    366.8    980.7    287.8      0.0     82.0
     1     1    14     9     3    12     0     0   -34.0   53.587    1.039    367.5    981.2    287.8      0.0     82.8
     1     1    14     9     3    11     0     1   -35.0   53.573    1.220    368.0    981.0    287.7      0.0     82.6
     1     1    14     9     3    10     0     2   -36.0   53.554    1.409    367.0    981.3    287.6      0.0     82.4
     1     1    14     9     3     9     0     3   -37.0   53.530    1.611    365.9    981.6    287.5      0.0     82.3
     1     1    14     9     3     8     0     2   -38.0   53.508    1.820    366.8    981.5    287.6      0.0     81.8
     1     1    14     9     3     7     0     1   -39.0   53.491    2.024    371.5    980.9    287.6      0.0     81.5
     1     1    14     9     3     6     0     0   -40.0   53.478    2.219    378.1    979.8    287.6      0.0     80.6
     1     1    14     9     3     5     0     1   -41.0   53.461    2.411    383.2    979.0    287.6      0.0     81.0
     1     1    14     9     3     4     0     2   -42.0   53.433    2.608    385.7    978.7    287.6      0.0     82.2
     1     1    14     9     3     3     0     3   -43.0   53.396    2.810    387.5    978.6    287.6      0.0     84.1
     1     1    14     9     3     2     0     2   -44.0   53.359    3.022    389.3    978.5    287.6      0.0     84.6
     1     1    14     9     3     1     0     1   -45.0   53.327    3.250    390.5    978.4    287.7      0.0     83.4
     1     1    14     9     3     0     0     0   -46.0   53.302    3.502    390.8    978.5    287.9      0.0     81.8
     1     1    14     9     2    23     0     1   -47.0   53.286    3.777    392.6    978.5    288.0      0.0     81.1
     1     1    14     9     2    22     0     2   -48.0   53.281    4.060    398.6    977.9    288.0      0.0     81.8
     1     1    14     9     2    21     0     3   -49.0   53.287    4.344    409.5    976.7    288.0      0.0     80.1
     1     1    14     9     2    20     0     2   -50.0   53.306    4.619    424.1    975.0    288.0      0.0     79.2
     1     1    14     9     2    19     0     1   -51.0   53.340    4.877    441.4    972.9    287.8      0.0     80.7
     1     1    14     9     2    18     0     0   -52.0   53.390    5.122    459.1    970.4    287.7      0.0     82.2
     1     1    14     9     2    17     0     1   -53.0   53.455    5.350    472.8    968.0    287.6      0.0     81.1
     1     1    14     9     2    16     0     2   -54.0   53.535    5.563    480.8    966.9    287.6      0.0     80.7
     1     1    14     9     2    15     0     3   -55.0   53.625    5.765    487.7    966.0    287.6      0.0     80.9
     1     1    14     9     2    14     0     2   -56.0   53.708    5.966    498.6    965.2    287.4      0.0     82.1
     1     1    14     9     2    13     0     1   -57.0   53.776    6.171    514.9    963.5    287.0      0.0     84.1
     1     1    14     9     2    12     0     0   -58.0   53.827    6.384    535.1    961.2    286.7      0.0     85.7
     1     1    14     9     2    11     0     1   -59.0   53.871    6.605    555.6    958.2    286.4      0.0     85.3
     1     1    14     9     2    10     0     2   -60.0   53.911    6.833    574.8    955.5    286.3      0.0     86.2
     1     1    14     9     2     9     0     3   -61.0   53.943    7.070    591.7    953.1    286.1      0.0     88.3
     1     1    14     9     2     8     0     2   -62.0   53.974    7.316    603.3    951.3    286.0      0.2     87.2
     1     1    14     9     2     7     0     1   -63.0   54.006    7.578    608.9    950.6    286.0      0.1     86.6
     1     1    14     9     2     6     0     0   -64.0   54.026    7.864    610.7    950.2    285.9      0.1     86.7
     1     1    14     9     2     5     0     1   -65.0   54.030    8.183    614.4    949.9    286.1      0.1     85.2
     1     1    14     9     2     4     0     2   -66.0   54.029    8.542    624.6    948.5    286.1      0.0     84.6
     1     1    14     9     2     3     0     3   -67.0   54.028    8.949    639.3    946.4    285.9      0.0     85.0
     1     1    14     9     2     2     0     2   -68.0   54.038    9.400    661.7    942.7    285.7      0.1     86.2
     1     1    14     9     2     1     0     1   -69.0   54.061    9.888    706.9    936.5    285.3      0.0     87.6
     1     1    14     9     2     0     0     0   -70.0   54.094   10.397    772.2    927.3    284.9      0.0     88.7
     1     1    14     9     1    23     0     1   -71.0   54.131   10.881    823.7    919.7    284.5      0.0     88.3
     1     1    14     9     1    22     0     2   -72.0   54.158   11.308    850.5    917.7    284.3      0.0     89.2
