     7     1
    GDAS    14     8    22     0     0
    GDAS    14     8    29     0     0
    GDAS    14     9     1     0     0
    GDAS    14     9     8     0     0
    GDAS    14     9    15     0     0
    GDAS    14     9    22     0     0
    GDAS    14     9    29     0     0
     1 BACKWARD OMEGA   
    14     9    18     0   56.467   -2.973   100.0
     4 PRESSURE AIR_TEMP RAINFALL RELHUMID
     1     1    14     9    18     0     0     0     0.0   56.467   -2.973    100.0    972.6    285.7      0.0     98.9
     1     1    14     9    17    23     0     1    -1.0   56.487   -2.847     71.5    980.1    285.8      0.0     98.8
     1     1    14     9    17    22     0     2    -2.0   56.501   -2.739     53.1    984.9    285.9      0.2     98.6
     1     1    14     9    17    21     0     3    -3.0   56.512   -2.643     41.2    988.6    285.9      0.2     98.3
     1     1    14     9    17    20     0     2    -4.0   56.523   -2.545     32.0    992.0    286.2      0.0     97.7
     1     1    14     9    17    19     0     1    -5.0   56.540   -2.429     24.4    995.9    286.4      0.0     97.2
     1     1    14     9    17    18     0     0    -6.0   56.563   -2.298     18.2   1000.2    286.6      0.0     96.9
     1     1    14     9    17    17     0     1    -7.0   56.596   -2.171     14.1   1005.3    286.7      0.0     96.4
     1     1    14     9    17    16     0     2    -8.0   56.635   -2.066     11.6   1009.6    286.8      0.0     96.4
     1     1    14     9    17    15     0     3    -9.0   56.678   -1.983     10.2   1012.8    286.7      0.0     96.7
     1     1    14     9    17    14     0     2   -10.0   56.719   -1.899      8.9   1013.1    286.7      0.0     96.7
     1     1    14     9    17    13     0     1   -11.0   56.752   -1.787      7.5   1013.5    286.6      0.0     96.7
     1     1    14     9    17    12     0     0   -12.0   56.774   -1.643      6.0   1014.1    286.6      0.0     96.5
     1     1    14     9    17    11     0     1   -13.0   56.790   -1.473      4.8   1014.5    286.6      0.0     96.3
     1     1    14     9    17    10     0     2   -14.0   56.809   -1.278      3.8   1015.0    286.6      0.0     96.6
     1     1    14     9    17     9     0     3   -15.0   56.827   -1.046      3.1   1015.7    286.7      0.0     97.6
     1     1    14     9    17     8     0     2   -16.0   56.842   -0.796      2.5   1015.4    286.6      0.3     97.9
     1     1    14     9    17     7     0     1   -17.0   56.856   -0.568      2.3   1014.8    286.6      0.3     98.0
     1     1    14     9    17     6     0     0   -18.0   56.870   -0.368      2.2   1014.3    286.5      0.0     98.0
     1     1    14     9    17     5     0     1   -19.0   56.885   -0.192      1.9   1015.2    286.5      0.3     98.2
     1     1    14     9    17     4     0     2   -20.0   56.901   -0.035      1.0   1016.1    286.5      0.3     98.5
     1     1    14     9    17     3     0     3   -21.0   56.863    0.217      0.1   1017.1    287.0      0.3     94.6
     1     1    14     9    17     2     0     2   -22.0   56.777    0.583      0.0   1016.9    287.1      0.8     94.1
     1     1    14     9    17     1     0     1   -23.0   56.685    0.956      0.0   1016.7    287.2      0.8     93.0
     1     1    14     9    17     0     0     0   -24.0   56.583    1.335      0.0   1016.5    287.4      0.8     91.5
     1     1    14     9    16    23     0     1   -25.0   56.485    1.743      0.0   1016.7    287.5      0.5     90.7
     1     1    14     9    16    22     0     2   -26.0   56.402    2.200      0.0   1016.9    287.8      0.6     89.1
     1     1    14     9    16    21     0     3   -27.0   56.336    2.709      0.0   1016.6    288.1      0.0     85.6
     1     1    14     9    16    20     0     2   -28.0   56.284    3.250      0.0   1016.7    288.3      1.0     84.8
     1     1    14     9    16    19     0     1   -29.0   56.241    3.776      0.0   1017.7    288.5      0.3     84.0
     1     1    14     9    16    18     0     0   -30.0   56.215    4.276      0.0   1019.1    288.7      0.3     82.2
     1     1    14     9    16    17     0     1   -31.0   56.198    4.775      0.0   1018.8    289.0      0.0     81.5
     1     1    14     9    16    16     0     2   -32.0   56.180    5.292      0.0   1018.5    289.2      0.0     80.0
     1     1    14     9    16    15     0     3   -33.0   56.164    5.814      0.0   1018.2    289.4      0.0     77.8
     1     1    14     9    16    14     0     2   -34.0   56.154    6.338      0.0   1019.3    289.7      0.0     76.6
     1     1    14     9    16    13     0     1   -35.0   56.151    6.866      0.0   1020.4    289.8      0.0     75.3
     1     1    14     9    16    12     0     0   -36.0   56.158    7.380      0.0   1021.3    289.9      0.0     74.4
     1     1    14     9    16    11     0     1   -37.0   56.165    7.858      0.3   1021.4    290.0      0.0     75.5
     1     1    14     9    16    10     0     2   -38.0   56.167    8.287      1.4   1019.7    290.7      0.0     78.1
     1     1    14     9    16     9     0     3   -39.0   56.166    8.658      3.1   1017.3    291.1      0.0     81.1
     1     1    14     9    16     8     0     2   -40.0   56.169    8.968      5.4   1015.0    290.1      0.0     84.4
     1     1    14     9    16     7     0     1   -41.0   56.177    9.240      7.5   1015.3    288.4      0.0     88.2
     1     1    14     9    16     6     0     0   -42.0   56.186    9.493      8.8   1015.9    287.0      0.0     91.0
     1     1    14     9    16     5     0     1   -43.0   56.194    9.741      8.9   1017.1    287.1      0.0     89.8
     1     1    14     9    16     4     0     2   -44.0   56.203    9.997      7.3   1018.3    287.1      0.0     88.5
     1     1    14     9    16     3     0     3   -45.0   56.214   10.283      5.3   1019.8    287.7      0.0     86.6
     1     1    14     9    16     2     0     2   -46.0   56.214   10.626      3.9   1021.1    288.7      0.0     84.8
     1     1    14     9    16     1     0     1   -47.0   56.191   11.031      3.5   1022.4    289.7      0.0     83.1
     1     1    14     9    16     0     0     0   -48.0   56.152   11.457      3.5   1022.2    289.7      0.0     82.2
     1     1    14     9    15    23     0     1   -49.0   56.110   11.877      3.7   1022.3    289.5      0.0     80.9
     1     1    14     9    15    22     0     2   -50.0   56.072   12.282      5.1   1020.9    288.5      0.0     81.3
     1     1    14     9    15    21     0     3   -51.0   56.046   12.648      8.9   1019.4    287.3      0.0     81.9
     1     1    14     9    15    20     0     2   -52.0   56.034   12.972     17.1   1016.8    286.6      0.0     80.4
     1     1    14     9    15    19     0     1   -53.0   56.031   13.298     29.6   1013.9    286.7      0.0     79.2
     1     1    14     9    15    18     0     0   -54.0   56.035   13.633     32.3   1012.6    286.9      0.0     78.9
     1     1    14     9    15    17     0     1   -55.0   56.048   13.962     22.6   1013.6    287.9      0.0     76.7
     1     1    14     9    15    16     0     2   -56.0   56.073   14.307     14.7   1018.0    289.7      0.0     73.5
     1     1    14     9    15    15     0     3   -57.0   56.114   14.723     11.7   1019.9    290.6      0.0     71.5
     1     1    14     9    15    14     0     2   -58.0   56.168   15.192     11.5   1021.5    290.4      0.0     72.0
     1     1    14     9    15    13     0     1   -59.0   56.223   15.667     11.2   1022.4    290.5      0.0     72.5
     1     1    14     9    15    12     0     0   -60.0   56.270   16.134      9.8   1024.7    290.7      0.0     72.9
     1     1    14     9    15    11     0     1   -61.0   56.301   16.607      8.5   1025.5    290.3      0.0     72.3
     1     1    14     9    15    10     0     2   -62.0   56.314   17.102      7.9   1026.6    290.0      0.0     71.0
     1     1    14     9    15     9     0     3   -63.0   56.313   17.617      7.8   1027.4    289.9      0.0     68.8
     1     1    14     9    15     8     0     2   -64.0   56.308   18.140      7.9   1027.9    290.0      0.0     68.5
     1     1    14     9    15     7     0     1   -65.0   56.301   18.664      8.1   1027.5    290.1      0.0     68.0
     1     1    14     9    15     6     0     0   -66.0   56.289   19.194      8.2   1027.0    290.2      0.0     67.4
     1     1    14     9    15     5     0     1   -67.0   56.273   19.720      8.2   1026.9    290.3      0.0     66.7
     1     1    14     9    15     4     0     2   -68.0   56.262   20.220      8.6   1027.0    290.4      0.0     65.3
     1     1    14     9    15     3     0     3   -69.0   56.261   20.673      9.7   1026.9    290.4      0.0     63.4
     1     1    14     9    15     2     0     2   -70.0   56.266   21.075     11.5   1025.5    289.5      0.0     62.3
     1     1    14     9    15     1     0     1   -71.0   56.269   21.422     14.6   1020.4    285.8      0.0     64.5
     1     1    14     9    15     0     0     0   -72.0   56.269   21.719     19.1   1015.8    283.0      0.0     66.0
