     7     1
    GDAS    14     8    22     0     0
    GDAS    14     8    29     0     0
    GDAS    14     9     1     0     0
    GDAS    14     9     8     0     0
    GDAS    14     9    15     0     0
    GDAS    14     9    22     0     0
    GDAS    14     9    29     0     0
     1 BACKWARD OMEGA   
    14     9    12     9   56.467   -2.973   100.0
     4 PRESSURE AIR_TEMP RAINFALL RELHUMID
     1     1    14     9    12     9     0     3     0.0   56.467   -2.973    100.0    982.4    285.4      0.0     90.0
     1     1    14     9    12     8     0     2    -1.0   56.425   -2.933    106.2    984.3    284.6      0.0     90.7
     1     1    14     9    12     7     0     1    -2.0   56.388   -2.896    115.3    985.3    283.9      0.0     91.3
     1     1    14     9    12     6     0     0    -3.0   56.356   -2.862    126.9    985.9    283.4      0.0     91.7
     1     1    14     9    12     5     0     1    -4.0   56.324   -2.817    137.6    986.3    283.9      0.0     91.4
     1     1    14     9    12     4     0     2    -5.0   56.287   -2.748    143.4    987.8    284.4      0.0     90.8
     1     1    14     9    12     3     0     3    -6.0   56.242   -2.654    144.7    990.6    285.0      0.0     89.7
     1     1    14     9    12     2     0     2    -7.0   56.186   -2.548    144.0    994.2    285.4      0.0     87.8
     1     1    14     9    12     1     0     1    -8.0   56.121   -2.439    143.4    997.3    285.8      0.0     86.0
     1     1    14     9    12     0     0     0    -9.0   56.045   -2.325    142.9   1000.0    286.1      0.0     84.1
     1     1    14     9    11    23     0     1   -10.0   55.956   -2.206    144.7   1000.9    286.2      0.0     81.8
     1     1    14     9    11    22     0     2   -11.0   55.853   -2.085    149.9    999.2    286.2      0.0     79.7
     1     1    14     9    11    21     0     3   -12.0   55.742   -1.967    157.3    996.5    286.1      0.0     77.8
     1     1    14     9    11    20     0     2   -13.0   55.634   -1.848    162.2    994.1    286.2      0.0     77.2
     1     1    14     9    11    19     0     1   -14.0   55.536   -1.720    161.1    994.1    286.4      0.0     76.6
     1     1    14     9    11    18     0     0   -15.0   55.447   -1.579    156.6    995.7    286.6      0.0     75.8
     1     1    14     9    11    17     0     1   -16.0   55.364   -1.425    154.4    998.0    286.7      0.0     75.3
     1     1    14     9    11    16     0     2   -17.0   55.285   -1.260    160.1    999.7    286.6      0.0     75.2
     1     1    14     9    11    15     0     3   -18.0   55.210   -1.077    177.7   1000.9    286.2      0.0     75.6
     1     1    14     9    11    14     0     2   -19.0   55.138   -0.891    207.5    999.0    285.7      0.0     76.7
     1     1    14     9    11    13     0     1   -20.0   55.067   -0.723    244.6    994.9    285.4      0.0     77.8
     1     1    14     9    11    12     0     0   -21.0   54.999   -0.579    288.7    990.0    285.0      0.0     79.4
     1     1    14     9    11    11     0     1   -22.0   54.932   -0.459    333.6    982.7    284.4      0.0     81.8
     1     1    14     9    11    10     0     2   -23.0   54.862   -0.353    369.8    977.5    283.9      0.0     84.5
     1     1    14     9    11     9     0     3   -24.0   54.787   -0.253    394.8    973.8    283.4      0.0     87.6
     1     1    14     9    11     8     0     2   -25.0   54.717   -0.157    408.0    971.7    283.4      0.0     87.4
     1     1    14     9    11     7     0     1   -26.0   54.658   -0.069    410.6    970.9    283.4      0.0     87.1
     1     1    14     9    11     6     0     0   -27.0   54.631    0.025    411.6    974.1    283.1      0.0     87.1
     1     1    14     9    11     5     0     1   -28.0   54.632    0.129    417.3    973.4    283.2      0.0     87.0
     1     1    14     9    11     4     0     2   -29.0   54.638    0.232    426.9    972.3    283.2      0.0     87.1
     1     1    14     9    11     3     0     3   -30.0   54.648    0.335    441.1    970.6    283.2      0.0     87.4
     1     1    14     9    11     2     0     2   -31.0   54.658    0.445    456.1    968.4    283.0      0.0     87.6
     1     1    14     9    11     1     0     1   -32.0   54.663    0.569    468.3    967.1    282.9      0.0     88.5
     1     1    14     9    11     0     0     0   -33.0   54.663    0.710    478.4    966.1    282.8      0.0     89.9
     1     1    14     9    10    23     0     1   -34.0   54.675    0.869    491.6    965.0    282.8      0.0     87.5
     1     1    14     9    10    22     0     2   -35.0   54.715    1.042    511.9    962.4    282.7      0.0     84.9
     1     1    14     9    10    21     0     3   -36.0   54.784    1.225    537.0    959.3    282.6      0.0     81.7
     1     1    14     9    10    20     0     2   -37.0   54.872    1.396    562.3    956.1    282.3      0.0     82.7
     1     1    14     9    10    19     0     1   -38.0   54.963    1.541    585.9    953.6    282.1      0.0     84.2
     1     1    14     9    10    18     0     0   -39.0   55.056    1.662    608.9    951.1    281.8      0.0     85.3
     1     1    14     9    10    17     0     1   -40.0   55.152    1.770    630.9    948.7    281.5      0.0     86.4
     1     1    14     9    10    16     0     2   -41.0   55.254    1.875    651.5    946.3    281.3      0.0     87.2
     1     1    14     9    10    15     0     3   -42.0   55.363    1.973    671.2    943.9    281.1      0.0     88.5
     1     1    14     9    10    14     0     2   -43.0   55.480    2.063    688.8    941.7    281.0      0.0     88.1
     1     1    14     9    10    13     0     1   -44.0   55.610    2.148    701.5    940.2    280.8      0.0     88.4
     1     1    14     9    10    12     0     0   -45.0   55.753    2.227    707.9    939.4    280.6      0.0     89.8
     1     1    14     9    10    11     0     1   -46.0   55.904    2.292    714.5    939.3    280.6      0.0     90.7
     1     1    14     9    10    10     0     2   -47.0   56.054    2.334    730.3    937.4    280.6      0.0     89.9
     1     1    14     9    10     9     0     3   -48.0   56.199    2.352    757.3    934.1    280.6      0.0     86.9
     1     1    14     9    10     8     0     2   -49.0   56.345    2.357    789.1    929.7    280.4      0.0     84.6
     1     1    14     9    10     7     0     1   -50.0   56.500    2.360    818.5    926.3    280.2      0.0     83.0
     1     1    14     9    10     6     0     0   -51.0   56.663    2.356    844.1    923.3    280.0      0.0     82.2
     1     1    14     9    10     5     0     1   -52.0   56.838    2.341    865.6    920.8    280.1      0.0     78.3
     1     1    14     9    10     4     0     2   -53.0   57.026    2.311    884.6    918.8    280.3      0.0     74.9
     1     1    14     9    10     3     0     3   -54.0   57.226    2.267    903.5    916.5    280.5      0.0     70.9
     1     1    14     9    10     2     0     2   -55.0   57.431    2.219    925.6    914.2    280.4      0.0     70.2
     1     1    14     9    10     1     0     1   -56.0   57.641    2.173    953.8    911.0    280.2      0.0     69.5
     1     1    14     9    10     0     0     0   -57.0   57.857    2.127    988.5    907.1    280.0      0.0     69.0
     1     1    14     9     9    23     0     1   -58.0   58.079    2.065   1025.7    902.4    279.8      0.0     70.1
     1     1    14     9     9    22     0     2   -59.0   58.307    1.976   1062.2    898.4    279.6      0.0     71.0
     1     1    14     9     9    21     0     3   -60.0   58.537    1.864   1099.6    894.4    279.3      0.0     70.7
     1     1    14     9     9    20     0     2   -61.0   58.760    1.735   1138.5    889.9    279.0      0.0     70.9
     1     1    14     9     9    19     0     1   -62.0   58.971    1.588   1177.5    885.3    278.7      0.0     71.7
     1     1    14     9     9    18     0     0   -63.0   59.172    1.427   1214.6    880.8    278.3      0.0     73.1
     1     1    14     9     9    17     0     1   -64.0   59.359    1.267   1247.9    876.6    278.0      0.0     75.3
     1     1    14     9     9    16     0     2   -65.0   59.532    1.115   1277.2    873.1    277.7      0.0     78.7
     1     1    14     9     9    15     0     3   -66.0   59.693    0.968   1303.7    869.8    277.5      0.0     82.8
     1     1    14     9     9    14     0     2   -67.0   59.848    0.826   1332.2    867.1    277.2      0.0     84.9
     1     1    14     9     9    13     0     1   -68.0   60.004    0.696   1365.0    863.3    276.8      0.0     87.4
     1     1    14     9     9    12     0     0   -69.0   60.160    0.572   1398.0    859.5    276.6      0.0     88.1
     1     1    14     9     9    11     0     1   -70.0   60.309    0.424   1425.5    856.2    276.6      0.0     85.8
     1     1    14     9     9    10     0     2   -71.0   60.443    0.231   1445.8    854.3    276.7      0.0     84.8
     1     1    14     9     9     9     0     3   -72.0   60.560   -0.005   1464.3    852.8    277.0      0.0     74.6
