     7     1
    GDAS    14     8    22     0     0
    GDAS    14     8    29     0     0
    GDAS    14     9     1     0     0
    GDAS    14     9     8     0     0
    GDAS    14     9    15     0     0
    GDAS    14     9    22     0     0
    GDAS    14     9    29     0     0
     1 BACKWARD OMEGA   
    14     9    18     6   56.467   -2.973   100.0
     4 PRESSURE AIR_TEMP RAINFALL RELHUMID
     1     1    14     9    18     6     0     0     0.0   56.467   -2.973    100.0    972.3    285.8      0.2     98.4
     1     1    14     9    18     5     0     1    -1.0   56.448   -2.812     68.7    982.4    286.2      0.2     98.3
     1     1    14     9    18     4     0     2    -2.0   56.424   -2.647     48.6    989.0    286.4      0.2     98.2
     1     1    14     9    18     3     0     3    -3.0   56.394   -2.472     35.2    995.2    286.6      0.0     98.3
     1     1    14     9    18     2     0     2    -4.0   56.368   -2.289     25.0   1001.3    286.6      0.0     98.2
     1     1    14     9    18     1     0     1    -5.0   56.353   -2.106     17.2   1007.2    286.6      0.0     98.2
     1     1    14     9    18     0     0     0    -6.0   56.351   -1.923     11.8   1011.4    286.5      0.0     98.3
     1     1    14     9    17    23     0     1    -7.0   56.350   -1.740      8.4   1012.4    286.6      0.0     97.8
     1     1    14     9    17    22     0     2    -8.0   56.339   -1.552      6.6   1013.3    286.7      0.0     97.3
     1     1    14     9    17    21     0     3    -9.0   56.317   -1.353      5.7   1014.0    286.7      0.0     96.7
     1     1    14     9    17    20     0     2   -10.0   56.294   -1.142      5.5   1014.5    286.8      0.0     96.4
     1     1    14     9    17    19     0     1   -11.0   56.279   -0.927      5.8   1014.9    286.9      0.0     96.3
     1     1    14     9    17    18     0     0   -12.0   56.279   -0.727      6.4   1014.8    286.9      0.0     96.3
     1     1    14     9    17    17     0     1   -13.0   56.290   -0.548      7.0   1014.6    286.9      0.0     96.3
     1     1    14     9    17    16     0     2   -14.0   56.305   -0.395      7.3   1014.3    286.8      0.1     96.3
     1     1    14     9    17    15     0     3   -15.0   56.323   -0.264      7.4   1014.0    286.8      0.1     96.3
     1     1    14     9    17    14     0     2   -16.0   56.339   -0.134      7.4   1014.1    286.8      0.0     96.1
     1     1    14     9    17    13     0     1   -17.0   56.322    0.077      7.4   1014.2    287.1      0.0     95.7
     1     1    14     9    17    12     0     0   -18.0   56.272    0.371      7.6   1014.1    287.2      0.0     95.9
     1     1    14     9    17    11     0     1   -19.0   56.222    0.685      7.8   1014.6    287.3      0.0     96.1
     1     1    14     9    17    10     0     2   -20.0   56.176    1.029      7.6   1015.2    287.3      0.0     96.3
     1     1    14     9    17     9     0     3   -21.0   56.132    1.407      7.1   1015.9    287.4      0.0     95.7
     1     1    14     9    17     8     0     2   -22.0   56.081    1.811      6.4   1015.4    287.6      0.0     96.2
     1     1    14     9    17     7     0     1   -23.0   56.020    2.238      5.5   1014.8    287.9      0.0     97.1
     1     1    14     9    17     6     0     0   -24.0   55.962    2.696      4.4   1014.2    288.2      0.0     97.1
     1     1    14     9    17     5     0     1   -25.0   55.911    3.195      3.3   1015.1    288.5      0.1     94.9
     1     1    14     9    17     4     0     2   -26.0   55.866    3.734      2.3   1015.8    288.8      0.0     92.9
     1     1    14     9    17     3     0     3   -27.0   55.821    4.302      1.5   1016.4    289.1      0.0     91.0
     1     1    14     9    17     2     0     2   -28.0   55.765    4.880      0.8   1016.3    289.3      0.0     88.6
     1     1    14     9    17     1     0     1   -29.0   55.701    5.450      0.0   1016.5    289.4      0.0     86.4
     1     1    14     9    17     0     0     0   -30.0   55.632    6.016      0.0   1016.6    289.6      0.0     85.1
     1     1    14     9    16    23     0     1   -31.0   55.559    6.592      0.0   1017.7    289.8      0.0     82.2
     1     1    14     9    16    22     0     2   -32.0   55.489    7.184      0.0   1017.9    289.9      0.0     79.7
     1     1    14     9    16    21     0     3   -33.0   55.427    7.772      0.4   1018.7    290.1      0.0     76.6
     1     1    14     9    16    20     0     2   -34.0   55.390    8.301      1.7   1017.9    289.5      0.0     75.7
     1     1    14     9    16    19     0     1   -35.0   55.386    8.729      4.0   1016.2    289.0      0.0     76.1
     1     1    14     9    16    18     0     0   -36.0   55.403    9.081      6.7   1015.2    289.0      0.0     75.9
     1     1    14     9    16    17     0     1   -37.0   55.420    9.415      8.8   1015.7    290.4      0.0     72.1
     1     1    14     9    16    16     0     2   -38.0   55.424    9.775      9.1   1016.3    291.2      0.0     69.5
     1     1    14     9    16    15     0     3   -39.0   55.424   10.154      8.3   1017.1    291.4      0.0     67.4
     1     1    14     9    16    14     0     2   -40.0   55.424   10.539      7.5   1018.7    290.9      0.0     68.1
     1     1    14     9    16    13     0     1   -41.0   55.425   10.923      7.5   1020.6    290.4      0.0     68.6
     1     1    14     9    16    12     0     0   -42.0   55.426   11.295      7.7   1021.4    290.7      0.0     69.2
     1     1    14     9    16    11     0     1   -43.0   55.420   11.656      7.7   1021.5    290.9      0.0     71.8
     1     1    14     9    16    10     0     2   -44.0   55.404   12.017      7.3   1021.6    291.2      0.0     73.6
     1     1    14     9    16     9     0     3   -45.0   55.380   12.399      7.2   1021.1    290.6      0.0     75.3
     1     1    14     9    16     8     0     2   -46.0   55.359   12.817      8.0   1020.2    289.7      0.0     76.0
     1     1    14     9    16     7     0     1   -47.0   55.347   13.260      9.1   1019.7    289.1      0.0     75.8
     1     1    14     9    16     6     0     0   -48.0   55.352   13.711      8.9   1019.3    288.7      0.0     76.0
     1     1    14     9    16     5     0     1   -49.0   55.368   14.146      7.3   1019.6    288.7      0.0     74.1
     1     1    14     9    16     4     0     2   -50.0   55.381   14.565      5.6   1020.7    289.2      0.0     71.6
     1     1    14     9    16     3     0     3   -51.0   55.390   14.975      4.7   1021.8    289.9      0.0     69.1
     1     1    14     9    16     2     0     2   -52.0   55.394   15.386      4.3   1022.7    290.0      0.0     67.8
     1     1    14     9    16     1     0     1   -53.0   55.390   15.808      4.0   1023.1    290.0      0.0     66.4
     1     1    14     9    16     0     0     0   -54.0   55.376   16.235      3.8   1023.6    290.0      0.0     64.7
     1     1    14     9    15    23     0     1   -55.0   55.356   16.662      3.7   1024.3    290.1      0.0     62.3
     1     1    14     9    15    22     0     2   -56.0   55.340   17.086      3.7   1024.2    290.1      0.0     59.8
     1     1    14     9    15    21     0     3   -57.0   55.334   17.511      3.7   1023.6    290.3      0.0     58.2
     1     1    14     9    15    20     0     2   -58.0   55.339   17.937      3.7   1024.1    290.4      0.0     57.0
     1     1    14     9    15    19     0     1   -59.0   55.359   18.372      3.7   1024.9    290.4      0.0     53.8
     1     1    14     9    15    18     0     0   -60.0   55.404   18.826      3.7   1025.1    290.4      0.0     49.0
     1     1    14     9    15    17     0     1   -61.0   55.463   19.273      3.9   1024.9    290.5      0.0     48.3
     1     1    14     9    15    16     0     2   -62.0   55.526   19.686      4.4   1024.7    290.6      0.0     46.6
     1     1    14     9    15    15     0     3   -63.0   55.595   20.054      4.8   1024.5    290.8      0.0     43.5
     1     1    14     9    15    14     0     2   -64.0   55.656   20.385      5.3   1025.1    290.9      0.0     43.6
     1     1    14     9    15    13     0     1   -65.0   55.697   20.690      6.2   1025.7    291.0      0.0     42.8
     1     1    14     9    15    12     0     0   -66.0   55.726   20.966      7.1   1026.4    291.1      0.0     41.4
     1     1    14     9    15    11     0     1   -67.0   55.746   21.230      8.2   1024.1    291.0      0.0     43.7
     1     1    14     9    15    10     0     2   -68.0   55.758   21.494      9.2   1021.2    290.5      0.0     45.9
     1     1    14     9    15     9     0     3   -69.0   55.762   21.748     10.4   1018.3    289.7      0.0     48.0
     1     1    14     9    15     8     0     2   -70.0   55.763   21.984     11.9   1014.7    287.1      0.0     55.4
     1     1    14     9    15     7     0     1   -71.0   55.765   22.208     13.9   1013.8    284.6      0.0     64.7
     1     1    14     9    15     6     0     0   -72.0   55.768   22.429     16.0   1013.5    282.2      0.0     73.9
