     7     1
    GDAS    14     8    22     0     0
    GDAS    14     8    29     0     0
    GDAS    14     9     1     0     0
    GDAS    14     9     8     0     0
    GDAS    14     9    15     0     0
    GDAS    14     9    22     0     0
    GDAS    14     9    29     0     0
     1 BACKWARD OMEGA   
    14     9    12    12   56.467   -2.973   100.0
     4 PRESSURE AIR_TEMP RAINFALL RELHUMID
     1     1    14     9    12    12     0     0     0.0   56.467   -2.973    100.0    983.4    286.9      0.0     81.8
     1     1    14     9    12    11     0     1    -1.0   56.429   -2.981     94.6    985.0    286.6      0.0     84.3
     1     1    14     9    12    10     0     2    -2.0   56.391   -2.966     93.8    986.4    286.1      0.0     87.1
     1     1    14     9    12     9     0     3    -3.0   56.350   -2.927     97.1    988.0    285.5      0.0     90.1
     1     1    14     9    12     8     0     2    -4.0   56.309   -2.875    103.2    989.6    284.8      0.0     90.7
     1     1    14     9    12     7     0     1    -5.0   56.272   -2.824    110.4    990.9    284.2      0.0     91.3
     1     1    14     9    12     6     0     0    -6.0   56.239   -2.775    118.4    991.9    283.8      0.0     91.6
     1     1    14     9    12     5     0     1    -7.0   56.205   -2.716    124.9    992.8    284.3      0.0     91.0
     1     1    14     9    12     4     0     2    -8.0   56.163   -2.633    128.1    994.8    284.8      0.0     90.0
     1     1    14     9    12     3     0     3    -9.0   56.111   -2.528    128.7    997.3    285.3      0.0     88.5
     1     1    14     9    12     2     0     2   -10.0   56.046   -2.410    128.4   1000.2    285.7      0.0     86.7
     1     1    14     9    12     1     0     1   -11.0   55.970   -2.292    128.3   1001.9    285.9      0.0     84.9
     1     1    14     9    12     0     0     0   -12.0   55.883   -2.178    128.2   1001.6    285.9      0.0     83.5
     1     1    14     9    11    23     0     1   -13.0   55.787   -2.068    129.5   1000.5    285.8      0.0     81.7
     1     1    14     9    11    22     0     2   -14.0   55.681   -1.960    133.1    998.6    285.7      0.0     80.0
     1     1    14     9    11    21     0     3   -15.0   55.572   -1.851    138.3    997.0    285.8      0.0     78.5
     1     1    14     9    11    20     0     2   -16.0   55.468   -1.735    140.9    995.7    286.1      0.0     77.7
     1     1    14     9    11    19     0     1   -17.0   55.374   -1.604    138.2    996.9    286.4      0.0     76.7
     1     1    14     9    11    18     0     0   -18.0   55.287   -1.455    134.4    999.3    286.6      0.0     75.7
     1     1    14     9    11    17     0     1   -19.0   55.207   -1.289    135.8   1002.1    286.7      0.0     75.1
     1     1    14     9    11    16     0     2   -20.0   55.132   -1.105    147.5   1004.4    286.5      0.0     75.0
     1     1    14     9    11    15     0     3   -21.0   55.063   -0.900    171.4   1003.2    286.1      0.0     75.2
     1     1    14     9    11    14     0     2   -22.0   54.999   -0.698    203.5    999.2    285.8      0.0     76.2
     1     1    14     9    11    13     0     1   -23.0   54.938   -0.525    239.4    994.8    285.6      0.0     76.9
     1     1    14     9    11    12     0     0   -24.0   54.880   -0.383    278.5    990.1    285.2      0.0     78.1
     1     1    14     9    11    11     0     1   -25.0   54.820   -0.265    316.3    983.9    284.6      0.0     81.1
     1     1    14     9    11    10     0     2   -26.0   54.756   -0.159    345.9    979.5    284.1      0.0     84.3
     1     1    14     9    11     9     0     3   -27.0   54.687   -0.060    365.2    976.4    283.6      0.0     87.7
     1     1    14     9    11     8     0     2   -28.0   54.643    0.039    379.2    977.7    283.5      0.0     86.3
     1     1    14     9    11     7     0     1   -29.0   54.633    0.140    390.6    976.1    283.3      0.0     86.6
     1     1    14     9    11     6     0     0   -30.0   54.635    0.245    398.2    975.1    283.2      0.0     86.8
     1     1    14     9    11     5     0     1   -31.0   54.645    0.351    405.8    974.6    283.3      0.0     87.0
     1     1    14     9    11     4     0     2   -32.0   54.660    0.458    417.5    973.4    283.3      0.0     87.6
     1     1    14     9    11     3     0     3   -33.0   54.680    0.565    434.2    971.6    283.1      0.0     88.6
     1     1    14     9    11     2     0     2   -34.0   54.699    0.681    452.5    968.9    283.0      0.0     89.4
     1     1    14     9    11     1     0     1   -35.0   54.714    0.813    468.7    967.1    282.8      0.0     90.7
     1     1    14     9    11     0     0     0   -36.0   54.725    0.964    483.5    965.5    282.6      0.0     92.8
     1     1    14     9    10    23     0     1   -37.0   54.750    1.131    499.3    963.8    282.6      0.0     89.4
     1     1    14     9    10    22     0     2   -38.0   54.805    1.308    517.1    961.6    282.6      0.0     86.4
     1     1    14     9    10    21     0     3   -39.0   54.893    1.491    536.9    959.3    282.6      0.0     84.3
     1     1    14     9    10    20     0     2   -40.0   54.998    1.663    557.4    956.7    282.3      0.0     85.8
     1     1    14     9    10    19     0     1   -41.0   55.106    1.811    576.8    954.6    282.1      0.0     86.6
     1     1    14     9    10    18     0     0   -42.0   55.217    1.936    596.0    952.6    281.9      0.0     87.4
     1     1    14     9    10    17     0     1   -43.0   55.332    2.047    614.2    950.5    281.6      0.0     88.5
     1     1    14     9    10    16     0     2   -44.0   55.454    2.148    630.6    948.7    281.5      0.0     89.3
     1     1    14     9    10    15     0     3   -45.0   55.583    2.233    645.7    946.9    281.4      0.0     89.9
     1     1    14     9    10    14     0     2   -46.0   55.722    2.309    657.6    945.3    281.2      0.0     90.2
     1     1    14     9    10    13     0     1   -47.0   55.874    2.380    663.5    944.6    281.1      0.0     91.4
     1     1    14     9    10    12     0     0   -48.0   56.041    2.446    662.6    944.8    280.9      0.0     92.5
     1     1    14     9    10    11     0     1   -49.0   56.213    2.492    664.7    945.4    281.1      0.0     90.0
     1     1    14     9    10    10     0     2   -50.0   56.381    2.510    678.9    943.4    281.1      0.0     87.6
     1     1    14     9    10     9     0     3   -51.0   56.543    2.502    703.5    940.1    281.1      0.0     85.3
     1     1    14     9    10     8     0     2   -52.0   56.706    2.484    731.3    936.0    280.9      0.0     83.1
     1     1    14     9    10     7     0     1   -53.0   56.876    2.463    755.3    933.1    280.7      0.0     82.1
     1     1    14     9    10     6     0     0   -54.0   57.053    2.437    774.8    930.7    280.5      0.0     81.9
     1     1    14     9    10     5     0     1   -55.0   57.240    2.400    791.9    928.9    280.7      0.0     78.0
     1     1    14     9    10     4     0     2   -56.0   57.436    2.350    809.1    926.9    280.8      0.0     74.0
     1     1    14     9    10     3     0     3   -57.0   57.642    2.290    827.0    924.8    281.0      0.0     69.9
     1     1    14     9    10     2     0     2   -58.0   57.854    2.223    848.4    922.8    280.9      0.0     68.7
     1     1    14     9    10     1     0     1   -59.0   58.069    2.153    876.2    919.9    280.7      0.0     67.9
     1     1    14     9    10     0     0     0   -60.0   58.281    2.079    910.5    915.9    280.4      0.0     68.5
     1     1    14     9     9    23     0     1   -61.0   58.491    1.990    946.8    911.1    280.2      0.0     69.4
     1     1    14     9     9    22     0     2   -62.0   58.704    1.877    981.6    907.1    280.0      0.0     69.3
     1     1    14     9     9    21     0     3   -63.0   58.918    1.744   1015.9    903.3    279.7      0.0     68.5
     1     1    14     9     9    20     0     2   -64.0   59.125    1.593   1051.6    899.2    279.4      0.0     69.4
     1     1    14     9     9    19     0     1   -65.0   59.316    1.426   1088.2    894.8    279.1      0.0     70.4
     1     1    14     9     9    18     0     0   -66.0   59.495    1.247   1123.5    890.7    278.8      0.0     71.3
     1     1    14     9     9    17     0     1   -67.0   59.661    1.065   1156.4    886.9    278.5      0.0     73.7
     1     1    14     9     9    16     0     2   -68.0   59.810    0.886   1186.6    883.1    278.3      0.0     77.4
     1     1    14     9     9    15     0     3   -69.0   59.944    0.707   1214.4    879.5    278.0      0.0     82.1
     1     1    14     9     9    14     0     2   -70.0   60.070    0.533   1242.0    876.6    277.7      0.0     83.2
     1     1    14     9     9    13     0     1   -71.0   60.194    0.367   1269.2    873.2    277.5      0.0     83.3
     1     1    14     9     9    12     0     0   -72.0   60.316    0.203   1291.1    870.5    277.3      0.0     83.1
