     7     1
    GDAS    14     8    22     0     0
    GDAS    14     8    29     0     0
    GDAS    14     9     1     0     0
    GDAS    14     9     8     0     0
    GDAS    14     9    15     0     0
    GDAS    14     9    22     0     0
    GDAS    14     9    29     0     0
     1 BACKWARD OMEGA   
    14     9     1     9   56.467   -2.973   100.0
     4 PRESSURE AIR_TEMP RAINFALL RELHUMID
     1     1    14     9     1     9     0     3     0.0   56.467   -2.973    100.0    974.1    285.2      0.0     79.3
     1     1    14     9     1     8     0     2    -1.0   56.503   -3.206    131.9    967.7    284.3      0.0     84.2
     1     1    14     9     1     7     0     1    -2.0   56.548   -3.459    175.0    958.0    283.3      0.0     88.6
     1     1    14     9     1     6     0     0    -3.0   56.607   -3.744    228.2    945.9    282.3      0.0     91.7
     1     1    14     9     1     5     0     1    -4.0   56.658   -4.078    277.3    934.0    281.6      0.0     93.7
     1     1    14     9     1     4     0     2    -5.0   56.681   -4.465    298.3    933.0    281.5      0.0     95.4
     1     1    14     9     1     3     0     3    -6.0   56.693   -4.888    280.3    938.5    281.7      0.1     95.9
     1     1    14     9     1     2     0     2    -7.0   56.693   -5.315    222.4    956.0    283.2      0.1     94.4
     1     1    14     9     1     1     0     1    -8.0   56.681   -5.716    141.6    979.2    284.7      0.2     94.3
     1     1    14     9     1     0     0     0    -9.0   56.670   -6.092     68.2    999.8    285.9      0.3     94.8
     1     1    14     8    31    23     0     1   -10.0   56.639   -6.466     30.1   1008.1    286.7      0.2     93.6
     1     1    14     8    31    22     0     2   -11.0   56.578   -6.900     19.9   1011.1    286.9      0.1     93.3
     1     1    14     8    31    21     0     3   -12.0   56.515   -7.418     19.9   1009.6    287.0      0.1     92.4
     1     1    14     8    31    20     0     2   -13.0   56.430   -7.945     19.7   1008.4    287.1      0.5     91.9
     1     1    14     8    31    19     0     1   -14.0   56.317   -8.469     18.9   1007.8    287.2      0.7     92.6
     1     1    14     8    31    18     0     0   -15.0   56.213   -9.029     21.1   1006.8    287.3      0.7     92.9
     1     1    14     8    31    17     0     1   -16.0   56.098   -9.595     24.5   1005.7    287.5      0.1     92.1
     1     1    14     8    31    16     0     2   -17.0   55.948  -10.146     26.2   1005.5    287.7      0.1     92.6
     1     1    14     8    31    15     0     3   -18.0   55.769  -10.720     27.2   1005.0    287.9      0.0     93.5
     1     1    14     8    31    14     0     2   -19.0   55.557  -11.289     26.8   1004.7    288.1      0.2     93.5
     1     1    14     8    31    13     0     1   -20.0   55.329  -11.855     25.7   1004.9    288.3      0.3     93.6
     1     1    14     8    31    12     0     0   -21.0   55.096  -12.451     26.4   1005.2    288.4      0.3     93.7
     1     1    14     8    31    11     0     1   -22.0   54.828  -13.003     27.7   1004.6    288.5      0.3     93.8
     1     1    14     8    31    10     0     2   -23.0   54.518  -13.470     26.4   1004.4    288.8      0.3     95.7
     1     1    14     8    31     9     0     3   -24.0   54.191  -13.906     22.0   1004.3    289.1      0.2     97.8
     1     1    14     8    31     8     0     2   -25.0   53.862  -14.301     17.5   1005.6    289.0      0.0     96.7
     1     1    14     8    31     7     0     1   -26.0   53.518  -14.619     14.0   1006.9    289.0      0.1     96.8
     1     1    14     8    31     6     0     0   -27.0   53.139  -14.849     11.2   1007.2    289.1      0.0     97.9
     1     1    14     8    31     5     0     1   -28.0   52.745  -15.021      8.9   1009.1    289.2      0.0     97.6
     1     1    14     8    31     4     0     2   -29.0   52.361  -15.161      7.2   1010.7    289.3      0.0     97.2
     1     1    14     8    31     3     0     3   -30.0   51.982  -15.258      5.5   1011.7    289.4      0.0     96.8
     1     1    14     8    31     2     0     2   -31.0   51.617  -15.331      4.1   1013.4    289.4      0.0     96.3
     1     1    14     8    31     1     0     1   -32.0   51.270  -15.399      3.2   1014.4    289.5      0.0     96.4
     1     1    14     8    31     0     0     0   -33.0   50.941  -15.461      2.5   1015.1    289.6      0.0     96.8
     1     1    14     8    30    23     0     1   -34.0   50.627  -15.522      1.9   1016.5    289.7      0.0     93.7
     1     1    14     8    30    22     0     2   -35.0   50.324  -15.586      1.4   1017.8    289.8      0.0     91.1
     1     1    14     8    30    21     0     3   -36.0   50.028  -15.646      1.2   1019.4    289.9      0.0     89.1
     1     1    14     8    30    20     0     2   -37.0   49.747  -15.704      1.2   1018.7    290.0      0.0     87.9
     1     1    14     8    30    19     0     1   -38.0   49.486  -15.763      1.1   1018.0    290.2      0.0     86.1
     1     1    14     8    30    18     0     0   -39.0   49.241  -15.818      1.1   1017.3    290.4      0.0     83.9
     1     1    14     8    30    17     0     1   -40.0   49.005  -15.872      1.1   1018.5    290.6      0.0     83.0
     1     1    14     8    30    16     0     2   -41.0   48.775  -15.929      1.1   1019.8    290.8      0.0     82.3
     1     1    14     8    30    15     0     3   -42.0   48.552  -15.981      1.1   1020.8    291.0      0.0     81.3
     1     1    14     8    30    14     0     2   -43.0   48.340  -16.024      1.1   1020.9    291.1      0.0     80.3
     1     1    14     8    30    13     0     1   -44.0   48.140  -16.060      1.1   1020.9    291.2      0.0     78.6
     1     1    14     8    30    12     0     0   -45.0   47.952  -16.090      1.1   1021.0    291.2      0.0     76.6
     1     1    14     8    30    11     0     1   -46.0   47.776  -16.119      1.1   1021.1    291.3      0.0     78.1
     1     1    14     8    30    10     0     2   -47.0   47.614  -16.154      1.1   1021.2    291.4      0.0     78.8
     1     1    14     8    30     9     0     3   -48.0   47.466  -16.199      1.1   1021.3    291.5      0.0     78.7
     1     1    14     8    30     8     0     2   -49.0   47.334  -16.254      1.2   1020.9    291.7      0.0     78.5
     1     1    14     8    30     7     0     1   -50.0   47.214  -16.316      1.5   1020.6    291.7      0.0     78.1
     1     1    14     8    30     6     0     0   -51.0   47.103  -16.387      1.9   1020.3    291.8      0.0     77.5
     1     1    14     8    30     5     0     1   -52.0   47.000  -16.466      2.4   1019.6    291.8      0.0     77.0
     1     1    14     8    30     4     0     2   -53.0   46.905  -16.548      2.7   1019.0    291.9      0.0     76.6
     1     1    14     8    30     3     0     3   -54.0   46.820  -16.633      2.8   1018.5    291.9      0.0     76.0
     1     1    14     8    30     2     0     2   -55.0   46.745  -16.720      2.9   1018.8    291.9      0.0     75.4
     1     1    14     8    30     1     0     1   -56.0   46.675  -16.806      3.1   1019.0    291.9      0.0     74.8
     1     1    14     8    30     0     0     0   -57.0   46.612  -16.895      3.4   1019.3    292.0      0.0     74.2
     1     1    14     8    29    23     0     1   -58.0   46.552  -16.987      3.7   1019.7    292.0      0.0     73.5
     1     1    14     8    29    22     0     2   -59.0   46.492  -17.083      3.9   1020.1    292.0      0.0     72.9
     1     1    14     8    29    21     0     3   -60.0   46.431  -17.183      4.0   1020.5    292.1      0.0     72.4
     1     1    14     8    29    20     0     2   -61.0   46.373  -17.288      4.0   1020.2    292.1      0.0     71.8
     1     1    14     8    29    19     0     1   -62.0   46.319  -17.399      4.0   1019.9    292.1      0.0     71.2
     1     1    14     8    29    18     0     0   -63.0   46.269  -17.516      4.0   1019.7    292.1      0.0     70.7
     1     1    14     8    29    17     0     1   -64.0   46.217  -17.638      4.0   1019.5    292.2      0.0     70.5
     1     1    14     8    29    16     0     2   -65.0   46.161  -17.763      4.0   1019.3    292.2      0.0     70.3
     1     1    14     8    29    15     0     3   -66.0   46.101  -17.892      4.0   1019.1    292.3      0.0     70.3
     1     1    14     8    29    14     0     2   -67.0   46.041  -18.019      4.0   1019.4    292.4      0.0     70.2
     1     1    14     8    29    13     0     1   -68.0   45.984  -18.139      4.0   1019.8    292.5      0.0     69.8
     1     1    14     8    29    12     0     0   -69.0   45.930  -18.254      4.0   1020.1    292.6      0.0     69.4
     1     1    14     8    29    11     0     1   -70.0   45.881  -18.372      4.0   1020.4    292.6      0.0     69.6
     1     1    14     8    29    10     0     2   -71.0   45.840  -18.506      4.0   1020.7    292.5      0.0     69.9
     1     1    14     8    29     9     0     3   -72.0   45.805  -18.656      4.0   1021.0    292.4      0.0     70.3
