     7     1
    GDAS    14     8    22     0     0
    GDAS    14     8    29     0     0
    GDAS    14     9     1     0     0
    GDAS    14     9     8     0     0
    GDAS    14     9    15     0     0
    GDAS    14     9    22     0     0
    GDAS    14     9    29     0     0
     1 BACKWARD OMEGA   
    14     9     1    20   56.467   -2.973   100.0
     4 PRESSURE AIR_TEMP RAINFALL RELHUMID
     1     1    14     9     1    20     0     2     0.0   56.467   -2.973    100.0    977.9    285.0      0.0     75.8
     1     1    14     9     1    19     0     1    -1.0   56.471   -3.160    104.1    975.3    285.9      0.0     74.6
     1     1    14     9     1    18     0     0    -2.0   56.478   -3.359    113.3    972.1    286.5      0.0     73.5
     1     1    14     9     1    17     0     1    -3.0   56.487   -3.578    123.8    968.2    286.4      0.0     73.2
     1     1    14     9     1    16     0     2    -4.0   56.497   -3.830    130.9    964.6    286.3      0.0     72.9
     1     1    14     9     1    15     0     3    -5.0   56.506   -4.117    131.5    962.9    286.2      0.0     73.3
     1     1    14     9     1    14     0     2    -6.0   56.503   -4.409    126.4    965.5    285.7      0.0     77.2
     1     1    14     9     1    13     0     1    -7.0   56.484   -4.679    118.7    968.2    285.5      0.0     79.5
     1     1    14     9     1    12     0     0    -8.0   56.454   -4.928    106.4    971.4    285.5      0.0     80.5
     1     1    14     9     1    11     0     1    -9.0   56.416   -5.170     90.2    978.7    285.6      0.0     81.0
     1     1    14     9     1    10     0     2   -10.0   56.370   -5.423     71.2    988.1    285.9      0.0     80.1
     1     1    14     9     1     9     0     3   -11.0   56.319   -5.689     50.2    997.7    286.3      0.0     77.8
     1     1    14     9     1     8     0     2   -12.0   56.271   -5.964     30.2   1006.7    286.5      0.0     77.1
     1     1    14     9     1     7     0     1   -13.0   56.233   -6.247     17.7   1011.7    286.5      0.0     76.9
     1     1    14     9     1     6     0     0   -14.0   56.198   -6.549     11.6   1013.5    286.5      0.0     75.7
     1     1    14     9     1     5     0     1   -15.0   56.157   -6.884      9.8   1015.6    286.9      0.0     77.7
     1     1    14     9     1     4     0     2   -16.0   56.114   -7.258     10.0   1016.2    287.0      0.0     79.0
     1     1    14     9     1     3     0     3   -17.0   56.076   -7.663     10.1   1015.0    287.1      0.0     77.4
     1     1    14     9     1     2     0     2   -18.0   56.037   -8.095     10.3   1013.9    287.1      0.0     78.2
     1     1    14     9     1     1     0     1   -19.0   55.991   -8.555     10.7   1013.8    287.2      0.0     78.0
     1     1    14     9     1     0     0     0   -20.0   55.939   -9.041     10.8   1014.1    287.2      0.0     74.2
     1     1    14     8    31    23     0     1   -21.0   55.881   -9.543     11.1   1013.3    287.3      0.0     75.8
     1     1    14     8    31    22     0     2   -22.0   55.819  -10.046     12.0   1012.3    287.4      0.0     76.2
     1     1    14     8    31    21     0     3   -23.0   55.762  -10.551     13.1   1011.6    287.6      0.0     74.6
     1     1    14     8    31    20     0     2   -24.0   55.714  -11.079     14.2   1010.6    287.8      0.0     75.1
     1     1    14     8    31    19     0     1   -25.0   55.671  -11.647     15.8   1009.6    287.8      0.0     77.4
     1     1    14     8    31    18     0     0   -26.0   55.627  -12.262     18.8   1008.3    287.9      0.0     78.5
     1     1    14     8    31    17     0     1   -27.0   55.581  -12.921     22.8   1007.2    287.9      0.0     78.7
     1     1    14     8    31    16     0     2   -28.0   55.538  -13.610     26.8   1006.0    287.9      0.0     78.2
     1     1    14     8    31    15     0     3   -29.0   55.500  -14.321     30.8   1004.9    287.8      0.0     76.9
     1     1    14     8    31    14     0     2   -30.0   55.443  -15.072     35.7   1003.7    287.8      0.0     79.1
     1     1    14     8    31    13     0     1   -31.0   55.374  -15.879     41.8   1002.4    287.7      0.0     81.3
     1     1    14     8    31    12     0     0   -32.0   55.327  -16.735     49.9   1000.9    287.5      0.1     80.8
     1     1    14     8    31    11     0     1   -33.0   55.247  -17.601     58.0    998.6    287.4      0.1     82.0
     1     1    14     8    31    10     0     2   -34.0   55.147  -18.482     67.7    996.0    287.4      0.1     83.6
     1     1    14     8    31     9     0     3   -35.0   55.079  -19.392     81.1    993.2    287.3      0.1     82.7
     1     1    14     8    31     8     0     2   -36.0   54.985  -20.299     89.8    990.9    287.1      0.1     83.0
     1     1    14     8    31     7     0     1   -37.0   54.870  -21.237     93.8    988.5    287.1      0.1     84.9
     1     1    14     8    31     6     0     0   -38.0   54.832  -22.225     97.0    987.5    286.8      0.2     84.8
     1     1    14     8    31     5     0     1   -39.0   54.796  -23.239     98.9    985.3    286.6      0.1     84.3
     1     1    14     8    31     4     0     2   -40.0   54.702  -24.304    100.2    983.4    286.5      0.1     86.8
     1     1    14     8    31     3     0     3   -41.0   54.725  -25.482    114.5    980.0    286.1      0.0     85.6
     1     1    14     8    31     2     0     2   -42.0   54.747  -26.645    126.8    976.5    286.1      0.1     86.4
     1     1    14     8    31     1     0     1   -43.0   54.727  -27.783    135.5    973.1    286.1      0.3     88.1
     1     1    14     8    31     0     0     0   -44.0   54.917  -29.013    148.4    969.5    285.8      0.5     86.3
     1     1    14     8    30    23     0     1   -45.0   55.249  -30.222    161.8    965.1    285.5      0.5     84.2
     1     1    14     8    30    22     0     2   -46.0   55.659  -31.274    177.5    960.7    284.8      0.9     85.7
     1     1    14     8    30    21     0     3   -47.0   56.353  -32.105    205.0    956.6    283.7      2.3     76.9
     1     1    14     8    30    20     0     2   -48.0   57.077  -32.694    216.7    955.5    283.1      2.3     84.1
     1     1    14     8    30    19     0     1   -49.0   57.755  -33.040    218.2    957.6    282.2      2.5     87.1
     1     1    14     8    30    18     0     0   -50.0   58.403  -33.088    250.0    957.4    281.4      2.5     90.7
     1     1    14     8    30    17     0     1   -51.0   58.935  -32.848    329.1    951.8    280.5      1.8     94.7
     1     1    14     8    30    16     0     2   -52.0   59.249  -32.378    388.4    943.1    280.0      2.6     97.7
     1     1    14     8    30    15     0     3   -53.0   59.392  -31.724    396.7    945.3    280.1      2.6     97.7
     1     1    14     8    30    14     0     2   -54.0   59.386  -30.922    343.0    954.6    281.3      0.0     94.3
     1     1    14     8    30    13     0     1   -55.0   59.259  -30.106    290.9    963.8    282.0      0.0     91.3
     1     1    14     8    30    12     0     0   -56.0   59.070  -29.339    257.9    970.4    282.1      0.0     90.2
     1     1    14     8    30    11     0     1   -57.0   58.837  -28.646    233.4    974.2    282.6      0.0     87.6
     1     1    14     8    30    10     0     2   -58.0   58.566  -28.076    221.1    977.3    282.7      0.1     86.5
     1     1    14     8    30     9     0     3   -59.0   58.285  -27.627    219.5    979.1    282.4      0.5     86.1
     1     1    14     8    30     8     0     2   -60.0   58.001  -27.272    227.2    979.0    282.4      0.0     85.6
     1     1    14     8    30     7     0     1   -61.0   57.702  -26.997    233.2    978.0    282.5      0.0     85.4
     1     1    14     8    30     6     0     0   -62.0   57.388  -26.802    231.2    979.6    282.4      0.0     84.6
     1     1    14     8    30     5     0     1   -63.0   57.072  -26.665    226.1    980.7    282.5      0.0     84.7
     1     1    14     8    30     4     0     2   -64.0   56.763  -26.589    220.7    982.0    282.7      0.0     84.4
     1     1    14     8    30     3     0     3   -65.0   56.466  -26.586    217.3    983.2    282.7      0.2     83.7
     1     1    14     8    30     2     0     2   -66.0   56.186  -26.629    215.7    983.8    282.7      0.0     82.8
     1     1    14     8    30     1     0     1   -67.0   55.925  -26.693    215.9    984.5    282.7      0.0     82.4
     1     1    14     8    30     0     0     0   -68.0   55.677  -26.785    219.3    984.8    282.7      0.0     81.6
     1     1    14     8    29    23     0     1   -69.0   55.439  -26.903    224.7    984.6    282.8      0.1     80.2
     1     1    14     8    29    22     0     2   -70.0   55.218  -27.045    231.2    984.5    282.8      0.1     79.3
     1     1    14     8    29    21     0     3   -71.0   55.018  -27.222    240.5    984.2    282.8      0.1     79.1
     1     1    14     8    29    20     0     2   -72.0   54.830  -27.425    249.7    982.5    282.8      0.0     76.8
