     7     1
    GDAS    14     8    22     0     0
    GDAS    14     8    29     0     0
    GDAS    14     9     1     0     0
    GDAS    14     9     8     0     0
    GDAS    14     9    15     0     0
    GDAS    14     9    22     0     0
    GDAS    14     9    29     0     0
     1 BACKWARD OMEGA   
    14     9    23     7   56.467   -2.973   100.0
     4 PRESSURE AIR_TEMP RAINFALL RELHUMID
     1     1    14     9    23     7     0     1     0.0   56.467   -2.973    100.0    973.3    282.8      0.0     89.4
     1     1    14     9    23     6     0     0    -1.0   56.487   -3.223    131.7    967.4    282.3      0.0     92.9
     1     1    14     9    23     5     0     1    -2.0   56.494   -3.503    164.6    960.7    282.1      0.0     93.4
     1     1    14     9    23     4     0     2    -3.0   56.475   -3.806    193.3    955.3    282.2      0.0     94.9
     1     1    14     9    23     3     0     3    -4.0   56.431   -4.122    210.2    954.1    282.4      0.0     96.8
     1     1    14     9    23     2     0     2    -5.0   56.376   -4.429    207.9    958.0    282.7      0.0     95.3
     1     1    14     9    23     1     0     1    -6.0   56.321   -4.714    180.3    963.6    283.1      0.2     95.6
     1     1    14     9    23     0     0     0    -7.0   56.267   -4.963    127.4    972.8    283.8      0.2     97.5
     1     1    14     9    22    23     0     1    -8.0   56.215   -5.176     78.3    986.8    284.7      0.0     92.2
     1     1    14     9    22    22     0     2    -9.0   56.166   -5.384     43.4    996.8    285.4      0.0     89.2
     1     1    14     9    22    21     0     3   -10.0   56.119   -5.604     22.4   1005.5    286.1      0.2     88.9
     1     1    14     9    22    20     0     2   -11.0   56.064   -5.847      8.5   1012.4    286.8      0.1     85.7
     1     1    14     9    22    19     0     1   -12.0   55.981   -6.096      2.7   1016.5    287.3      0.1     81.7
     1     1    14     9    22    18     0     0   -13.0   55.866   -6.351      0.0   1016.5    287.4      0.1     80.4
     1     1    14     9    22    17     0     1   -14.0   55.737   -6.604      0.0   1015.9    287.9      0.0     79.7
     1     1    14     9    22    16     0     2   -15.0   55.599   -6.838      0.0   1014.6    288.7      0.0     76.8
     1     1    14     9    22    15     0     3   -16.0   55.453   -7.043      0.4   1012.6    289.9      0.0     72.2
     1     1    14     9    22    14     0     2   -17.0   55.315   -7.219      1.4   1010.9    290.1      0.0     72.3
     1     1    14     9    22    13     0     1   -18.0   55.192   -7.371      2.9   1009.6    290.3      0.0     71.9
     1     1    14     9    22    12     0     0   -19.0   55.083   -7.484      4.7   1008.6    290.6      0.0     71.2
     1     1    14     9    22    11     0     1   -20.0   54.985   -7.566      6.8   1008.0    289.3      0.0     72.8
     1     1    14     9    22    10     0     2   -21.0   54.892   -7.637      9.1   1008.9    287.7      0.0     75.8
     1     1    14     9    22     9     0     3   -22.0   54.800   -7.706     11.6   1009.6    286.1      0.0     78.6
     1     1    14     9    22     8     0     2   -23.0   54.712   -7.782     14.2   1008.8    284.1      0.0     79.0
     1     1    14     9    22     7     0     1   -24.0   54.632   -7.871     16.1   1008.2    282.3      0.0     78.7
     1     1    14     9    22     6     0     0   -25.0   54.559   -7.974     16.8   1008.0    280.6      0.0     77.6
     1     1    14     9    22     5     0     1   -26.0   54.491   -8.083     16.4   1009.5    281.2      0.0     76.1
     1     1    14     9    22     4     0     2   -27.0   54.426   -8.188     15.7   1011.1    281.6      0.0     74.6
     1     1    14     9    22     3     0     3   -28.0   54.364   -8.289     15.1   1012.5    281.9      0.0     73.1
     1     1    14     9    22     2     0     2   -29.0   54.307   -8.390     14.6   1013.3    281.5      0.0     72.2
     1     1    14     9    22     1     0     1   -30.0   54.255   -8.497     14.2   1014.1    281.3      0.0     71.4
     1     1    14     9    22     0     0     0   -31.0   54.211   -8.612     13.8   1015.1    281.1      0.0     70.7
     1     1    14     9    21    23     0     1   -32.0   54.173   -8.715     13.6   1016.0    280.7      0.0     69.6
     1     1    14     9    21    22     0     2   -33.0   54.138   -8.782     13.2   1016.6    280.1      0.0     68.6
     1     1    14     9    21    21     0     3   -34.0   54.102   -8.812     12.5   1016.9    279.4      0.0     67.8
     1     1    14     9    21    20     0     2   -35.0   54.068   -8.820     11.7   1016.1    280.4      0.0     66.2
     1     1    14     9    21    19     0     1   -36.0   54.035   -8.817     10.8   1015.2    281.6      0.0     64.5
     1     1    14     9    21    18     0     0   -37.0   54.002   -8.802     10.0   1014.1    282.8      0.0     62.8
     1     1    14     9    21    17     0     1   -38.0   53.964   -8.776      9.3   1013.9    285.7      0.0     62.3
     1     1    14     9    21    16     0     2   -39.0   53.916   -8.739      8.8   1013.7    288.5      0.0     62.0
     1     1    14     9    21    15     0     3   -40.0   53.858   -8.694      8.4   1013.4    291.2      0.0     61.7
     1     1    14     9    21    14     0     2   -41.0   53.802   -8.638      8.1   1013.2    290.9      0.0     64.0
     1     1    14     9    21    13     0     1   -42.0   53.757   -8.567      7.8   1013.1    290.6      0.0     66.2
     1     1    14     9    21    12     0     0   -43.0   53.722   -8.480      7.4   1012.9    290.3      0.0     68.6
     1     1    14     9    21    11     0     1   -44.0   53.701   -8.387      7.1   1012.7    288.3      0.0     75.1
     1     1    14     9    21    10     0     2   -45.0   53.697   -8.297      7.0   1012.3    286.3      0.0     81.4
     1     1    14     9    21     9     0     3   -46.0   53.712   -8.209      7.1   1011.7    284.2      0.0     87.6
     1     1    14     9    21     8     0     2   -47.0   53.739   -8.121      7.3   1010.8    282.3      0.0     87.9
     1     1    14     9    21     7     0     1   -48.0   53.776   -8.028      7.9   1010.0    280.5      0.0     88.2
     1     1    14     9    21     6     0     0   -49.0   53.823   -7.932      8.8   1009.7    278.7      0.0     88.4
     1     1    14     9    21     5     0     1   -50.0   53.879   -7.844      9.9   1009.4    279.0      0.0     89.3
     1     1    14     9    21     4     0     2   -51.0   53.943   -7.772     10.8   1009.1    279.3      0.0     90.4
     1     1    14     9    21     3     0     3   -52.0   54.016   -7.719     11.4   1009.0    279.6      0.0     91.5
     1     1    14     9    21     2     0     2   -53.0   54.094   -7.674     12.1   1008.8    280.1      0.0     91.0
     1     1    14     9    21     1     0     1   -54.0   54.179   -7.630     13.1   1008.4    280.5      0.0     90.5
     1     1    14     9    21     0     0     0   -55.0   54.270   -7.586     14.3   1008.1    281.0      0.0     89.9
     1     1    14     9    20    23     0     1   -56.0   54.369   -7.542     14.7   1007.8    281.6      0.0     88.7
     1     1    14     9    20    22     0     2   -57.0   54.476   -7.501     13.7   1007.8    282.0      0.0     87.7
     1     1    14     9    20    21     0     3   -58.0   54.587   -7.465     11.5   1008.2    282.3      0.0     87.0
     1     1    14     9    20    20     0     2   -59.0   54.701   -7.438      8.4   1008.1    283.3      0.0     83.8
     1     1    14     9    20    19     0     1   -60.0   54.823   -7.416      4.1   1007.3    284.2      0.0     81.6
     1     1    14     9    20    18     0     0   -61.0   54.956   -7.394      0.0   1006.3    285.1      0.0     80.7
     1     1    14     9    20    17     0     1   -62.0   55.104   -7.382      0.0   1007.7    286.5      0.0     77.3
     1     1    14     9    20    16     0     2   -63.0   55.276   -7.391      0.0   1010.2    287.7      0.0     75.3
     1     1    14     9    20    15     0     3   -64.0   55.471   -7.419      0.0   1012.9    288.5      0.0     75.7
     1     1    14     9    20    14     0     2   -65.0   55.682   -7.460      0.0   1016.4    288.3      0.0     78.4
     1     1    14     9    20    13     0     1   -66.0   55.899   -7.514      0.0   1020.0    288.0      0.0     81.1
     1     1    14     9    20    12     0     0   -67.0   56.118   -7.588      0.0   1021.8    287.8      0.0     82.5
     1     1    14     9    20    11     0     1   -68.0   56.337   -7.673      0.0   1021.3    287.7      0.0     82.3
     1     1    14     9    20    10     0     2   -69.0   56.559   -7.770      0.1   1020.6    287.7      0.0     82.3
     1     1    14     9    20     9     0     3   -70.0   56.777   -7.890      0.1   1019.7    287.7      0.0     82.6
     1     1    14     9    20     8     0     2   -71.0   56.994   -8.035      0.0   1019.3    287.7      0.0     83.3
     1     1    14     9    20     7     0     1   -72.0   57.211   -8.207      0.0   1019.0    287.6      0.0     83.7
