     7     1
    GDAS    14     8    22     0     0
    GDAS    14     8    29     0     0
    GDAS    14     9     1     0     0
    GDAS    14     9     8     0     0
    GDAS    14     9    15     0     0
    GDAS    14     9    22     0     0
    GDAS    14     9    29     0     0
     1 BACKWARD OMEGA   
    14     9     7    21   56.467   -2.973   100.0
     4 PRESSURE AIR_TEMP RAINFALL RELHUMID
     1     1    14     9     7    21     0     3     0.0   56.467   -2.973    100.0    973.5    282.0      0.0     82.6
     1     1    14     9     7    20     0     2    -1.0   56.629   -3.362    198.6    954.6    281.3      0.1     83.5
     1     1    14     9     7    19     0     1    -2.0   56.827   -3.792    293.9    923.7    279.4      0.0     88.5
     1     1    14     9     7    18     0     0    -3.0   57.021   -4.197    317.0    913.5    278.4      0.0     92.0
     1     1    14     9     7    17     0     1    -4.0   57.193   -4.562    299.7    931.0    279.9      0.0     88.0
     1     1    14     9     7    16     0     2    -5.0   57.349   -4.905    264.9    939.9    280.6      0.0     86.7
     1     1    14     9     7    15     0     3    -6.0   57.500   -5.231    207.5    959.0    281.9      0.0     82.2
     1     1    14     9     7    14     0     2    -7.0   57.664   -5.520    147.7    981.3    283.3      0.0     78.9
     1     1    14     9     7    13     0     1    -8.0   57.840   -5.754    101.0    998.8    284.5      0.0     76.7
     1     1    14     9     7    12     0     0    -9.0   58.029   -5.940     73.0   1012.8    285.4      0.0     74.9
     1     1    14     9     7    11     0     1   -10.0   58.234   -6.107     58.9   1014.2    285.7      0.0     76.6
     1     1    14     9     7    10     0     2   -11.0   58.455   -6.281     53.3   1012.5    285.5      0.0     78.5
     1     1    14     9     7     9     0     3   -12.0   58.689   -6.453     51.8   1011.6    285.3      0.0     79.6
     1     1    14     9     7     8     0     2   -13.0   58.939   -6.622     53.1   1011.4    285.3      0.0     81.3
     1     1    14     9     7     7     0     1   -14.0   59.200   -6.783     56.3   1010.9    285.1      0.0     82.8
     1     1    14     9     7     6     0     0   -15.0   59.463   -6.927     61.0   1010.1    284.9      0.0     83.7
     1     1    14     9     7     5     0     1   -16.0   59.722   -7.057     65.9   1009.3    284.7      0.0     83.9
     1     1    14     9     7     4     0     2   -17.0   59.971   -7.179     69.0   1009.2    284.6      0.0     83.8
     1     1    14     9     7     3     0     3   -18.0   60.209   -7.306     69.9   1009.4    284.5      0.0     83.2
     1     1    14     9     7     2     0     2   -19.0   60.423   -7.438     70.2   1010.0    284.4      0.0     84.1
     1     1    14     9     7     1     0     1   -20.0   60.610   -7.576     71.5   1010.3    284.4      0.0     84.4
     1     1    14     9     7     0     0     0   -21.0   60.768   -7.727     75.2   1010.2    284.3      0.0     83.8
     1     1    14     9     6    23     0     1   -22.0   60.913   -7.868     82.1   1009.5    284.1      0.0     81.6
     1     1    14     9     6    22     0     2   -23.0   61.061   -7.972     92.3   1008.4    284.0      0.0     79.8
     1     1    14     9     6    21     0     3   -24.0   61.213   -8.031    105.3   1006.9    283.8      0.0     78.6
     1     1    14     9     6    20     0     2   -25.0   61.365   -8.077    118.9   1004.5    283.5      0.0     79.3
     1     1    14     9     6    19     0     1   -26.0   61.513   -8.139    131.4   1002.8    283.2      0.0     79.6
     1     1    14     9     6    18     0     0   -27.0   61.657   -8.223    143.7   1001.1    283.0      0.0     79.6
     1     1    14     9     6    17     0     1   -28.0   61.800   -8.320    155.6    999.3    282.8      0.0     79.6
     1     1    14     9     6    16     0     2   -29.0   61.944   -8.425    166.2    997.8    282.7      0.0     79.4
     1     1    14     9     6    15     0     3   -30.0   62.086   -8.540    174.9    996.6    282.6      0.0     79.1
     1     1    14     9     6    14     0     2   -31.0   62.220   -8.663    181.2    995.9    282.5      0.0     79.1
     1     1    14     9     6    13     0     1   -32.0   62.339   -8.782    185.1    995.5    282.4      0.0     78.9
     1     1    14     9     6    12     0     0   -33.0   62.444   -8.892    186.7    995.3    282.4      0.0     78.5
     1     1    14     9     6    11     0     1   -34.0   62.547   -8.971    187.0    995.4    282.3      0.0     78.3
     1     1    14     9     6    10     0     2   -35.0   62.662   -9.006    187.2    995.5    282.3      0.0     78.0
     1     1    14     9     6     9     0     3   -36.0   62.790   -9.001    187.3    995.6    282.2      0.0     77.3
     1     1    14     9     6     8     0     2   -37.0   62.933   -8.979    191.3    995.4    282.2      0.0     77.6
     1     1    14     9     6     7     0     1   -38.0   63.086   -8.961    204.7    993.8    282.2      0.0     77.9
     1     1    14     9     6     6     0     0   -39.0   63.250   -8.944    229.6    990.9    282.0      0.0     78.2
     1     1    14     9     6     5     0     1   -40.0   63.407   -8.920    258.4    986.8    281.7      0.0     79.9
     1     1    14     9     6     4     0     2   -41.0   63.548   -8.885    280.2    983.7    281.5      0.0     81.5
     1     1    14     9     6     3     0     3   -42.0   63.676   -8.839    292.2    981.9    281.4      0.0     82.8
     1     1    14     9     6     2     0     2   -43.0   63.799   -8.777    296.1    981.9    281.4      0.0     83.0
     1     1    14     9     6     1     0     1   -44.0   63.923   -8.690    295.2    982.0    281.4      0.0     83.0
     1     1    14     9     6     0     0     0   -45.0   64.050   -8.577    290.7    982.8    281.5      0.0     82.7
     1     1    14     9     5    23     0     1   -46.0   64.181   -8.426    286.9    983.7    281.5      0.0     83.4
     1     1    14     9     5    22     0     2   -47.0   64.319   -8.224    286.5    983.5    281.5      0.0     83.8
     1     1    14     9     5    21     0     3   -48.0   64.462   -7.964    287.2    983.2    281.5      0.0     83.9
     1     1    14     9     5    20     0     2   -49.0   64.617   -7.632    289.6    982.8    281.5      0.0     84.3
     1     1    14     9     5    19     0     1   -50.0   64.794   -7.216    295.6    981.7    281.6      0.0     84.0
     1     1    14     9     5    18     0     0   -51.0   64.994   -6.719    304.9    980.2    281.5      0.0     83.4
     1     1    14     9     5    17     0     1   -52.0   65.206   -6.191    316.5    978.6    281.4      0.0     84.3
     1     1    14     9     5    16     0     2   -53.0   65.424   -5.660    331.5    976.8    281.2      0.0     84.4
     1     1    14     9     5    15     0     3   -54.0   65.646   -5.125    353.5    974.5    281.0      0.0     84.2
     1     1    14     9     5    14     0     2   -55.0   65.864   -4.601    377.7    971.0    280.8      0.0     85.0
     1     1    14     9     5    13     0     1   -56.0   66.069   -4.114    397.7    969.1    280.5      0.0     84.5
     1     1    14     9     5    12     0     0   -57.0   66.264   -3.675    411.9    967.4    280.3      0.0     86.0
     1     1    14     9     5    11     0     1   -58.0   66.455   -3.268    418.6    966.7    280.3      0.0     88.9
     1     1    14     9     5    10     0     2   -59.0   66.640   -2.876    418.5    966.7    280.5      0.0     90.2
     1     1    14     9     5     9     0     3   -60.0   66.816   -2.510    414.6    967.4    280.8      0.0     89.9
     1     1    14     9     5     8     0     2   -61.0   66.976   -2.192    414.0    967.7    280.7      0.0     88.8
     1     1    14     9     5     7     0     1   -62.0   67.124   -1.934    421.1    966.6    280.5      0.0     89.1
     1     1    14     9     5     6     0     0   -63.0   67.268   -1.733    431.6    964.6    280.3      0.0     90.6
     1     1    14     9     5     5     0     1   -64.0   67.406   -1.610    441.8    963.3    280.3      0.0     91.2
     1     1    14     9     5     4     0     2   -65.0   67.532   -1.582    454.1    961.8    280.3      0.0     91.5
     1     1    14     9     5     3     0     3   -66.0   67.644   -1.638    471.4    959.7    280.2      0.0     91.5
     1     1    14     9     5     2     0     2   -67.0   67.742   -1.757    491.5    956.8    280.0      0.0     92.6
     1     1    14     9     5     1     0     1   -68.0   67.830   -1.916    511.5    954.5    279.8      0.0     93.8
     1     1    14     9     5     0     0     0   -69.0   67.909   -2.106    532.6    952.0    279.7      0.0     95.1
     1     1    14     9     4    23     0     1   -70.0   67.981   -2.328    552.1    949.2    279.4      0.0     95.8
     1     1    14     9     4    22     0     2   -71.0   68.047   -2.590    567.6    947.0    279.2      0.0     96.4
     1     1    14     9     4    21     0     3   -72.0   68.112   -2.894    580.4    945.3    279.0      0.0     96.9
