     7     1
    GDAS    14     8    22     0     0
    GDAS    14     8    29     0     0
    GDAS    14     9     1     0     0
    GDAS    14     9     8     0     0
    GDAS    14     9    15     0     0
    GDAS    14     9    22     0     0
    GDAS    14     9    29     0     0
     1 BACKWARD OMEGA   
    14     9    19    15   56.467   -2.973   100.0
     4 PRESSURE AIR_TEMP RAINFALL RELHUMID
     1     1    14     9    19    15     0     3     0.0   56.467   -2.973    100.0    971.4    287.4      0.0     81.2
     1     1    14     9    19    14     0     2    -1.0   56.454   -2.952     91.4    973.5    287.2      0.0     82.1
     1     1    14     9    19    13     0     1    -2.0   56.444   -2.919     85.6    975.3    287.0      0.0     83.3
     1     1    14     9    19    12     0     0    -3.0   56.437   -2.876     81.6    977.2    286.8      0.0     84.6
     1     1    14     9    19    11     0     1    -4.0   56.435   -2.824     77.9    979.1    286.4      0.0     87.6
     1     1    14     9    19    10     0     2    -5.0   56.437   -2.765     73.1    981.3    286.1      0.0     90.4
     1     1    14     9    19     9     0     3    -6.0   56.443   -2.699     67.4    983.9    285.8      0.0     93.0
     1     1    14     9    19     8     0     2    -7.0   56.451   -2.624     61.8    986.7    285.6      0.0     93.3
     1     1    14     9    19     7     0     1    -8.0   56.461   -2.540     57.0    989.5    285.4      0.0     93.6
     1     1    14     9    19     6     0     0    -9.0   56.472   -2.448     52.4    992.3    285.2      0.0     93.7
     1     1    14     9    19     5     0     1   -10.0   56.483   -2.350     47.5    995.5    285.5      0.0     94.4
     1     1    14     9    19     4     0     2   -11.0   56.492   -2.247     42.4    999.0    285.9      0.0     95.2
     1     1    14     9    19     3     0     3   -12.0   56.496   -2.140     37.5   1002.7    286.3      0.0     95.9
     1     1    14     9    19     2     0     2   -13.0   56.495   -2.022     32.4   1006.9    286.5      0.0     95.6
     1     1    14     9    19     1     0     1   -14.0   56.487   -1.888     27.4   1008.8    286.6      0.0     95.4
     1     1    14     9    19     0     0     0   -15.0   56.472   -1.733     23.2   1010.1    286.7      0.0     95.3
     1     1    14     9    18    23     0     1   -16.0   56.449   -1.554     20.5   1011.4    286.7      0.0     95.2
     1     1    14     9    18    22     0     2   -17.0   56.418   -1.345     19.2   1012.5    286.7      0.0     95.1
     1     1    14     9    18    21     0     3   -18.0   56.374   -1.098     19.2   1013.5    286.8      0.0     95.2
     1     1    14     9    18    20     0     2   -19.0   56.324   -0.824     20.2   1012.8    286.8      0.0     94.5
     1     1    14     9    18    19     0     1   -20.0   56.274   -0.549     21.8   1011.7    286.8      0.0     93.9
     1     1    14     9    18    18     0     0   -21.0   56.224   -0.279     24.1   1010.5    286.7      0.0     93.4
     1     1    14     9    18    17     0     1   -22.0   56.172   -0.015     26.5   1010.1    286.9      0.0     93.3
     1     1    14     9    18    16     0     2   -23.0   56.125    0.278     26.3   1009.9    287.2      0.0     92.7
     1     1    14     9    18    15     0     3   -24.0   56.093    0.623     24.5   1010.4    287.4      0.0     92.1
     1     1    14     9    18    14     0     2   -25.0   56.069    1.004     23.7   1011.0    287.5      0.0     91.0
     1     1    14     9    18    13     0     1   -26.0   56.040    1.410     23.7   1011.1    287.6      0.0     90.0
     1     1    14     9    18    12     0     0   -27.0   56.003    1.827     23.7   1011.3    287.7      0.0     88.8
     1     1    14     9    18    11     0     1   -28.0   55.972    2.264     23.7   1011.5    288.0      0.0     87.9
     1     1    14     9    18    10     0     2   -29.0   55.961    2.733     23.7   1011.8    288.2      0.0     86.5
     1     1    14     9    18     9     0     3   -30.0   55.966    3.232     23.7   1012.1    288.4      0.0     84.3
     1     1    14     9    18     8     0     2   -31.0   55.981    3.743     23.7   1012.3    288.6      0.0     83.2
     1     1    14     9    18     7     0     1   -32.0   56.005    4.253     23.5   1012.5    288.8      0.0     82.0
     1     1    14     9    18     6     0     0   -33.0   56.038    4.770     22.8   1012.8    289.0      0.0     80.4
     1     1    14     9    18     5     0     1   -34.0   56.072    5.301     21.8   1013.2    289.1      0.0     78.5
     1     1    14     9    18     4     0     2   -35.0   56.105    5.849     21.4   1013.4    289.2      0.0     76.0
     1     1    14     9    18     3     0     3   -36.0   56.139    6.404     21.6   1013.5    289.3      0.0     74.0
     1     1    14     9    18     2     0     2   -37.0   56.166    6.951     21.7   1013.7    289.4      0.0     72.2
     1     1    14     9    18     1     0     1   -38.0   56.179    7.470     23.1   1014.0    289.4      0.0     72.6
     1     1    14     9    18     0     0     0   -39.0   56.185    7.945     27.7   1013.7    289.4      0.0     71.2
     1     1    14     9    17    23     0     1   -40.0   56.187    8.369     36.5   1011.8    288.0      0.0     75.3
     1     1    14     9    17    22     0     2   -41.0   56.188    8.745     50.1   1009.0    287.0      0.0     78.4
     1     1    14     9    17    21     0     3   -42.0   56.186    9.099     67.5   1005.7    286.8      0.0     78.4
     1     1    14     9    17    20     0     2   -43.0   56.181    9.462     78.3   1004.1    287.7      0.0     75.6
     1     1    14     9    17    19     0     1   -44.0   56.180    9.820     71.3   1005.9    288.1      0.0     74.8
     1     1    14     9    17    18     0     0   -45.0   56.187   10.141     57.8   1010.1    288.2      0.0     73.5
     1     1    14     9    17    17     0     1   -46.0   56.196   10.436     47.8   1012.5    289.3      0.0     69.8
     1     1    14     9    17    16     0     2   -47.0   56.207   10.715     43.4   1013.8    289.8      0.0     68.7
     1     1    14     9    17    15     0     3   -48.0   56.229   10.971     43.3   1014.8    289.7      0.0     70.3
     1     1    14     9    17    14     0     2   -49.0   56.248   11.209     45.0   1015.1    289.7      0.0     71.8
     1     1    14     9    17    13     0     1   -50.0   56.244   11.435     45.9   1015.5    289.8      0.0     72.3
     1     1    14     9    17    12     0     0   -51.0   56.219   11.645     45.8   1016.2    290.0      0.0     72.3
     1     1    14     9    17    11     0     1   -52.0   56.183   11.857     44.9   1016.1    289.9      0.0     73.8
     1     1    14     9    17    10     0     2   -53.0   56.145   12.093     44.2   1015.3    290.0      0.0     76.8
     1     1    14     9    17     9     0     3   -54.0   56.108   12.352     46.0   1013.6    290.2      0.0     79.6
     1     1    14     9    17     8     0     2   -55.0   56.073   12.619     52.7   1011.2    289.4      0.0     81.8
     1     1    14     9    17     7     0     1   -56.0   56.043   12.884     68.2   1007.8    287.5      0.0     86.8
     1     1    14     9    17     6     0     0   -57.0   56.016   13.169     94.4   1003.2    285.5      0.0     94.2
     1     1    14     9    17     5     0     1   -58.0   55.996   13.496    113.0    999.9    285.6      0.0     93.1
     1     1    14     9    17     4     0     2   -59.0   55.998   13.839    101.3   1000.7    285.7      0.0     92.8
     1     1    14     9    17     3     0     3   -60.0   56.028   14.155     74.3   1006.3    285.6      0.0     91.8
     1     1    14     9    17     2     0     2   -61.0   56.064   14.447     53.8   1012.2    286.3      0.0     88.9
     1     1    14     9    17     1     0     1   -62.0   56.088   14.741     42.0   1015.3    287.3      0.0     86.0
     1     1    14     9    17     0     0     0   -63.0   56.100   15.055     35.1   1018.2    288.3      0.0     83.1
     1     1    14     9    16    23     0     1   -64.0   56.097   15.386     30.3   1018.9    288.6      0.0     80.3
     1     1    14     9    16    22     0     2   -65.0   56.079   15.729     26.1   1019.9    289.0      0.0     77.3
     1     1    14     9    16    21     0     3   -66.0   56.047   16.083     22.9   1020.7    289.5      0.0     74.1
     1     1    14     9    16    20     0     2   -67.0   56.009   16.456     21.1   1021.4    289.8      0.0     73.1
     1     1    14     9    16    19     0     1   -68.0   55.969   16.855     20.3   1021.5    289.8      0.0     72.6
     1     1    14     9    16    18     0     0   -69.0   55.931   17.276     20.3   1021.5    289.7      0.0     72.1
     1     1    14     9    16    17     0     1   -70.0   55.899   17.695     20.4   1021.2    289.7      0.0     71.6
     1     1    14     9    16    16     0     2   -71.0   55.872   18.086     20.6   1020.8    289.8      0.0     71.7
     1     1    14     9    16    15     0     3   -72.0   55.850   18.450     21.2   1020.5    289.9      0.0     71.3
