     7     1
    GDAS    14     8    22     0     0
    GDAS    14     8    29     0     0
    GDAS    14     9     1     0     0
    GDAS    14     9     8     0     0
    GDAS    14     9    15     0     0
    GDAS    14     9    22     0     0
    GDAS    14     9    29     0     0
     1 BACKWARD OMEGA   
    14     9    20    12   56.467   -2.973   100.0
     4 PRESSURE AIR_TEMP RAINFALL RELHUMID
     1     1    14     9    20    12     0     0     0.0   56.467   -2.973    100.0    976.7    285.6      0.4     77.9
     1     1    14     9    20    11     0     1    -1.0   56.540   -3.013    120.4    971.2    284.9      0.0     81.5
     1     1    14     9    20    10     0     2    -2.0   56.626   -3.061    146.9    964.7    284.1      0.0     85.2
     1     1    14     9    20     9     0     3    -3.0   56.725   -3.125    181.4    955.9    283.2      0.0     89.0
     1     1    14     9    20     8     0     2    -4.0   56.836   -3.204    224.2    945.4    282.3      0.3     91.6
     1     1    14     9    20     7     0     1    -5.0   56.965   -3.295    275.6    933.3    281.4      0.3     94.3
     1     1    14     9    20     6     0     0    -6.0   57.106   -3.400    334.5    927.8    280.9      0.3     95.8
     1     1    14     9    20     5     0     1    -7.0   57.247   -3.524    394.7    926.1    281.3      0.0     94.7
     1     1    14     9    20     4     0     2    -8.0   57.387   -3.680    458.8    923.7    281.6      0.0     93.9
     1     1    14     9    20     3     0     3    -9.0   57.526   -3.873    538.7    918.8    281.6      0.0     93.7
     1     1    14     9    20     2     0     2   -10.0   57.655   -4.094    641.0    911.2    281.1      0.0     94.9
     1     1    14     9    20     1     0     1   -11.0   57.773   -4.323    740.6    900.8    280.4      0.0     96.8
     1     1    14     9    20     0     0     0   -12.0   57.883   -4.555    817.8    893.3    280.0      0.0     97.6
     1     1    14     9    19    23     0     1   -13.0   57.986   -4.797    868.5    886.5    279.6      0.0     95.9
     1     1    14     9    19    22     0     2   -14.0   58.075   -5.049    887.3    884.7    279.6      0.0     94.4
     1     1    14     9    19    21     0     3   -15.0   58.156   -5.294    889.1    895.5    280.2      0.0     93.5
     1     1    14     9    19    20     0     2   -16.0   58.239   -5.532    887.4    903.8    280.7      0.0     93.9
     1     1    14     9    19    19     0     1   -17.0   58.332   -5.768    890.4    910.6    281.1      0.0     94.5
     1     1    14     9    19    18     0     0   -18.0   58.436   -5.999    907.0    913.9    281.2      0.0     95.4
     1     1    14     9    19    17     0     1   -19.0   58.535   -6.232    927.3    908.5    280.9      0.0     95.1
     1     1    14     9    19    16     0     2   -20.0   58.615   -6.471    942.4    905.7    280.9      0.0     94.3
     1     1    14     9    19    15     0     3   -21.0   58.682   -6.711    954.1    903.7    280.9      0.2     93.4
     1     1    14     9    19    14     0     2   -22.0   58.743   -6.933    974.4    902.3    280.8      0.0     93.0
     1     1    14     9    19    13     0     1   -23.0   58.793   -7.121   1010.2    898.2    280.6      0.0     92.9
     1     1    14     9    19    12     0     0   -24.0   58.832   -7.271   1056.1    893.5    280.4      0.0     92.5
     1     1    14     9    19    11     0     1   -25.0   58.867   -7.401   1098.8    888.0    280.3      0.0     93.3
     1     1    14     9    19    10     0     2   -26.0   58.905   -7.522   1125.1    885.2    280.3      0.0     93.8
     1     1    14     9    19     9     0     3   -27.0   58.949   -7.631   1132.3    884.5    280.4      0.0     94.3
     1     1    14     9    19     8     0     2   -28.0   58.998   -7.732   1124.4    885.8    280.5      0.0     94.9
     1     1    14     9    19     7     0     1   -29.0   59.053   -7.832   1108.3    887.7    280.6      0.0     95.6
     1     1    14     9    19     6     0     0   -30.0   59.113   -7.928   1087.6    889.9    280.7      0.0     96.4
     1     1    14     9    19     5     0     1   -31.0   59.168   -8.011   1071.0    892.4    280.9      0.0     93.3
     1     1    14     9    19     4     0     2   -32.0   59.210   -8.073   1064.2    893.1    281.1      0.0     90.0
     1     1    14     9    19     3     0     3   -33.0   59.237   -8.116   1065.1    892.8    281.2      0.0     86.8
     1     1    14     9    19     2     0     2   -34.0   59.258   -8.149   1074.5    892.3    281.2      0.0     87.8
     1     1    14     9    19     1     0     1   -35.0   59.284   -8.185   1095.2    890.4    281.0      0.0     88.6
     1     1    14     9    19     0     0     0   -36.0   59.311   -8.227   1128.3    887.2    280.9      0.0     89.2
     1     1    14     9    18    23     0     1   -37.0   59.332   -8.269   1157.8    882.5    280.9      0.0     88.9
     1     1    14     9    18    22     0     2   -38.0   59.345   -8.301   1166.5    881.6    281.0      0.0     88.9
     1     1    14     9    18    21     0     3   -39.0   59.353   -8.321   1153.7    883.0    281.2      0.0     88.9
     1     1    14     9    18    20     0     2   -40.0   59.356   -8.336   1135.8    886.4    281.5      0.0     88.2
     1     1    14     9    18    19     0     1   -41.0   59.355   -8.359   1128.3    887.0    281.6      0.0     87.4
     1     1    14     9    18    18     0     0   -42.0   59.349   -8.391   1130.7    886.5    281.6      0.0     86.4
     1     1    14     9    18    17     0     1   -43.0   59.332   -8.415   1140.8    885.2    281.6      0.0     84.5
     1     1    14     9    18    16     0     2   -44.0   59.297   -8.411   1157.5    883.4    281.5      0.0     82.4
     1     1    14     9    18    15     0     3   -45.0   59.244   -8.380   1182.5    880.7    281.4      0.0     79.9
     1     1    14     9    18    14     0     2   -46.0   59.188   -8.335   1211.4    877.2    281.1      0.0     80.5
     1     1    14     9    18    13     0     1   -47.0   59.144   -8.293   1237.3    874.6    280.9      0.0     81.3
     1     1    14     9    18    12     0     0   -48.0   59.110   -8.253   1258.9    872.6    280.7      0.0     82.2
     1     1    14     9    18    11     0     1   -49.0   59.072   -8.220   1278.1    870.5    280.7      0.0     83.1
     1     1    14     9    18    10     0     2   -50.0   59.019   -8.198   1297.6    868.2    280.7      0.0     83.5
     1     1    14     9    18     9     0     3   -51.0   58.950   -8.188   1316.8    865.8    280.7      0.0     83.6
     1     1    14     9    18     8     0     2   -52.0   58.876   -8.173   1330.6    863.9    280.6      0.0     83.4
     1     1    14     9    18     7     0     1   -53.0   58.806   -8.136   1335.1    863.6    280.7      0.0     83.4
     1     1    14     9    18     6     0     0   -54.0   58.741   -8.080   1332.0    864.1    280.7      0.0     83.5
     1     1    14     9    18     5     0     1   -55.0   58.678   -8.018   1335.7    865.3    280.8      0.0     80.9
     1     1    14     9    18     4     0     2   -56.0   58.613   -7.967   1358.6    862.8    280.8      0.0     77.3
     1     1    14     9    18     3     0     3   -57.0   58.544   -7.930   1397.4    858.6    280.6      0.0     73.2
     1     1    14     9    18     2     0     2   -58.0   58.470   -7.896   1430.6    853.2    280.4      0.0     72.5
     1     1    14     9    18     1     0     1   -59.0   58.391   -7.847   1441.3    852.1    280.3      0.0     72.6
     1     1    14     9    18     0     0     0   -60.0   58.308   -7.784   1435.1    852.7    280.4      0.0     73.0
     1     1    14     9    17    23     0     1   -61.0   58.228   -7.708   1434.8    854.6    280.5      0.0     72.0
     1     1    14     9    17    22     0     2   -62.0   58.157   -7.625   1459.3    852.0    280.4      0.0     69.9
     1     1    14     9    17    21     0     3   -63.0   58.096   -7.534   1507.9    846.8    280.2      0.0     67.5
     1     1    14     9    17    20     0     2   -64.0   58.041   -7.449   1564.3    838.2    279.7      0.0     67.4
     1     1    14     9    17    19     0     1   -65.0   57.988   -7.380   1611.8    832.5    279.3      0.0     68.4
     1     1    14     9    17    18     0     0   -66.0   57.938   -7.322   1648.8    828.1    279.0      0.0     70.0
     1     1    14     9    17    17     0     1   -67.0   57.887   -7.271   1684.0    825.7    278.7      0.0     70.7
     1     1    14     9    17    16     0     2   -68.0   57.834   -7.222   1728.7    821.5    278.3      0.0     71.8
     1     1    14     9    17    15     0     3   -69.0   57.778   -7.179   1783.9    816.3    277.9      0.0     73.5
     1     1    14     9    17    14     0     2   -70.0   57.716   -7.139   1838.7    810.1    277.4      0.0     75.3
     1     1    14     9    17    13     0     1   -71.0   57.645   -7.093   1881.0    805.9    277.1      0.0     75.8
     1     1    14     9    17    12     0     0   -72.0   57.568   -7.042   1908.6    803.4    276.9      0.0     76.7
