     7     1
    GDAS    14     8    22     0     0
    GDAS    14     8    29     0     0
    GDAS    14     9     1     0     0
    GDAS    14     9     8     0     0
    GDAS    14     9    15     0     0
    GDAS    14     9    22     0     0
    GDAS    14     9    29     0     0
     1 BACKWARD OMEGA   
    14     9     4    11   56.467   -2.973   100.0
     4 PRESSURE AIR_TEMP RAINFALL RELHUMID
     1     1    14     9     4    11     0     1     0.0   56.467   -2.973    100.0    977.9    288.9      0.0     83.1
     1     1    14     9     4    10     0     2    -1.0   56.366   -2.922     98.7    983.3    288.6      0.0     84.6
     1     1    14     9     4     9     0     3    -2.0   56.256   -2.879    110.7    986.2    288.2      0.0     85.8
     1     1    14     9     4     8     0     2    -3.0   56.131   -2.839    134.1    988.0    288.0      0.0     85.8
     1     1    14     9     4     7     0     1    -4.0   55.989   -2.798    168.1    988.2    287.9      0.0     85.2
     1     1    14     9     4     6     0     0    -5.0   55.828   -2.757    205.5    982.5    287.6      0.0     85.7
     1     1    14     9     4     5     0     1    -6.0   55.658   -2.712    239.2    978.2    287.5      0.0     85.0
     1     1    14     9     4     4     0     2    -7.0   55.488   -2.657    269.0    974.0    287.3      0.0     84.1
     1     1    14     9     4     3     0     3    -8.0   55.321   -2.588    293.0    969.5    287.1      0.0     83.2
     1     1    14     9     4     2     0     2    -9.0   55.158   -2.504    308.3    965.7    287.0      0.0     83.3
     1     1    14     9     4     1     0     1   -10.0   55.000   -2.404    313.1    962.6    286.9      0.0     84.1
     1     1    14     9     4     0     0     0   -11.0   54.844   -2.279    306.2    962.5    286.9      0.0     84.6
     1     1    14     9     3    23     0     1   -12.0   54.689   -2.115    281.1    962.8    286.8      0.0     84.6
     1     1    14     9     3    22     0     2   -13.0   54.543   -1.910    237.9    968.3    287.0      0.0     84.6
     1     1    14     9     3    21     0     3   -14.0   54.416   -1.675    200.1    979.6    287.6      0.0     83.2
     1     1    14     9     3    20     0     2   -15.0   54.306   -1.431    185.0    987.1    288.2      0.0     80.6
     1     1    14     9     3    19     0     1   -16.0   54.207   -1.195    193.4    990.7    288.8      0.0     77.4
     1     1    14     9     3    18     0     0   -17.0   54.117   -0.967    223.0    990.8    289.3      0.0     74.3
     1     1    14     9     3    17     0     1   -18.0   54.036   -0.746    267.9    984.9    289.0      0.0     74.0
     1     1    14     9     3    16     0     2   -19.0   53.968   -0.529    323.2    977.6    288.5      0.0     74.1
     1     1    14     9     3    15     0     3   -20.0   53.911   -0.314    387.6    970.0    288.0      0.0     74.8
     1     1    14     9     3    14     0     2   -21.0   53.854   -0.108    458.7    962.5    287.0      0.0     77.8
     1     1    14     9     3    13     0     1   -22.0   53.809    0.076    496.4    960.7    286.3      0.0     81.3
     1     1    14     9     3    12     0     0   -23.0   53.782    0.237    497.7    965.9    286.5      0.0     81.5
     1     1    14     9     3    11     0     1   -24.0   53.750    0.385    503.3    965.0    286.3      0.0     80.8
     1     1    14     9     3    10     0     2   -25.0   53.711    0.534    508.6    964.4    286.3      0.0     80.0
     1     1    14     9     3     9     0     3   -26.0   53.667    0.686    512.2    964.2    286.2      0.0     79.2
     1     1    14     9     3     8     0     2   -27.0   53.622    0.840    514.6    964.0    286.2      0.0     78.2
     1     1    14     9     3     7     0     1   -28.0   53.578    0.995    517.6    963.8    286.2      0.0     76.2
     1     1    14     9     3     6     0     0   -29.0   53.536    1.148    522.2    963.1    286.3      0.0     74.7
     1     1    14     9     3     5     0     1   -30.0   53.489    1.301    526.7    962.3    286.3      0.0     75.7
     1     1    14     9     3     4     0     2   -31.0   53.434    1.459    529.8    962.0    286.4      0.0     76.5
     1     1    14     9     3     3     0     3   -32.0   53.376    1.621    532.8    961.6    286.4      0.0     77.0
     1     1    14     9     3     2     0     2   -33.0   53.321    1.791    538.8    961.4    286.5      0.0     76.3
     1     1    14     9     3     1     0     1   -34.0   53.274    1.967    549.5    960.3    286.5      0.0     74.5
     1     1    14     9     3     0     0     0   -35.0   53.232    2.148    562.4    958.8    286.4      0.0     73.7
     1     1    14     9     2    23     0     1   -36.0   53.193    2.343    571.5    957.3    286.5      0.0     74.3
     1     1    14     9     2    22     0     2   -37.0   53.155    2.558    576.3    957.0    286.6      0.0     73.7
     1     1    14     9     2    21     0     3   -38.0   53.121    2.789    583.5    956.5    286.7      0.0     71.2
     1     1    14     9     2    20     0     2   -39.0   53.095    3.012    599.3    954.9    286.6      0.0     69.7
     1     1    14     9     2    19     0     1   -40.0   53.082    3.204    622.1    952.0    286.4      0.0     70.7
     1     1    14     9     2    18     0     0   -41.0   53.082    3.363    647.2    949.0    286.2      0.0     71.2
     1     1    14     9     2    17     0     1   -42.0   53.091    3.501    675.7    945.6    285.9      0.0     72.9
     1     1    14     9     2    16     0     2   -43.0   53.105    3.624    710.9    941.5    285.5      0.0     73.5
     1     1    14     9     2    15     0     3   -44.0   53.123    3.728    755.9    936.3    285.1      0.0     73.2
     1     1    14     9     2    14     0     2   -45.0   53.133    3.828    802.7    930.3    284.6      0.0     73.5
     1     1    14     9     2    13     0     1   -46.0   53.127    3.938    842.3    926.2    284.3      0.0     73.2
     1     1    14     9     2    12     0     0   -47.0   53.110    4.062    873.6    923.1    283.9      0.0     73.8
     1     1    14     9     2    11     0     1   -48.0   53.096    4.185    900.7    920.1    283.7      0.0     76.8
     1     1    14     9     2    10     0     2   -49.0   53.099    4.295    926.6    916.6    283.5      0.0     78.0
     1     1    14     9     2     9     0     3   -50.0   53.120    4.389    950.0    913.5    283.3      0.0     77.8
     1     1    14     9     2     8     0     2   -51.0   53.149    4.470    973.4    911.0    283.1      0.0     78.4
     1     1    14     9     2     7     0     1   -52.0   53.174    4.541    999.4    907.8    282.8      0.0     78.7
     1     1    14     9     2     6     0     0   -53.0   53.196    4.603   1027.0    904.4    282.6      0.0     78.7
     1     1    14     9     2     5     0     1   -54.0   53.220    4.656   1048.7    901.2    282.5      0.0     80.8
     1     1    14     9     2     4     0     2   -55.0   53.247    4.700   1058.4    900.2    282.5      0.0     83.1
     1     1    14     9     2     3     0     3   -56.0   53.277    4.733   1058.0    900.2    282.5      0.0     85.5
     1     1    14     9     2     2     0     2   -57.0   53.303    4.746   1055.8    901.1    282.7      0.0     84.4
     1     1    14     9     2     1     0     1   -58.0   53.320    4.729   1059.3    900.6    282.7      0.0     83.9
     1     1    14     9     2     0     0     0   -59.0   53.324    4.686   1068.6    899.5    282.7      0.0     83.8
     1     1    14     9     1    23     0     1   -60.0   53.315    4.617   1075.7    897.6    282.6      0.0     84.9
     1     1    14     9     1    22     0     2   -61.0   53.294    4.523   1068.6    898.0    282.6      0.0     86.5
     1     1    14     9     1    21     0     3   -62.0   53.255    4.405   1040.8    900.4    282.8      0.2     88.4
     1     1    14     9     1    20     0     2   -63.0   53.191    4.265   1009.3    905.9    283.1      0.0     87.5
     1     1    14     9     1    19     0     1   -64.0   53.100    4.101    996.7    907.2    283.3      0.0     86.9
     1     1    14     9     1    18     0     0   -65.0   52.983    3.914   1005.5    906.2    283.3      0.0     86.5
     1     1    14     9     1    17     0     1   -66.0   52.866    3.714   1023.6    902.7    283.1      0.0     85.7
     1     1    14     9     1    16     0     2   -67.0   52.761    3.512   1039.0    900.9    283.1      0.0     83.9
     1     1    14     9     1    15     0     3   -68.0   52.654    3.302   1049.4    899.6    283.0      0.0     81.2
     1     1    14     9     1    14     0     2   -69.0   52.534    3.085   1046.1    899.5    283.0      0.0     81.3
     1     1    14     9     1    13     0     1   -70.0   52.403    2.869   1032.2    902.3    283.2      0.0     80.7
     1     1    14     9     1    12     0     0   -71.0   52.266    2.657   1022.9    904.1    283.3      0.0     79.4
     1     1    14     9     1    11     0     1   -72.0   52.136    2.453   1018.9    903.8    283.3      0.0     77.2
