     7     1
    GDAS    14     8    22     0     0
    GDAS    14     8    29     0     0
    GDAS    14     9     1     0     0
    GDAS    14     9     8     0     0
    GDAS    14     9    15     0     0
    GDAS    14     9    22     0     0
    GDAS    14     9    29     0     0
     1 BACKWARD OMEGA   
    14     9    13     0   56.467   -2.973   100.0
     4 PRESSURE AIR_TEMP RAINFALL RELHUMID
     1     1    14     9    13     0     0     0     0.0   56.467   -2.973    100.0    984.0    286.0      0.0     90.7
     1     1    14     9    12    23     0     1    -1.0   56.440   -3.090    120.2    981.3    286.3      0.0     90.0
     1     1    14     9    12    22     0     2    -2.0   56.406   -3.194    140.2    979.6    286.7      0.0     89.0
     1     1    14     9    12    21     0     3    -3.0   56.366   -3.285    160.1    977.8    286.9      0.0     87.9
     1     1    14     9    12    20     0     2    -4.0   56.326   -3.360    174.2    976.2    287.0      0.0     87.1
     1     1    14     9    12    19     0     1    -5.0   56.293   -3.423    177.3    976.6    287.3      0.0     86.1
     1     1    14     9    12    18     0     0    -6.0   56.265   -3.475    170.9    978.0    287.6      0.0     84.9
     1     1    14     9    12    17     0     1    -7.0   56.240   -3.519    161.1    980.6    288.0      0.0     83.5
     1     1    14     9    12    16     0     2    -8.0   56.212   -3.554    153.8    982.4    288.3      0.0     82.2
     1     1    14     9    12    15     0     3    -9.0   56.181   -3.579    149.4    984.1    288.5      0.0     81.1
     1     1    14     9    12    14     0     2   -10.0   56.148   -3.598    147.2    986.0    287.9      0.0     82.4
     1     1    14     9    12    13     0     1   -11.0   56.117   -3.617    146.1    987.8    287.3      0.0     83.7
     1     1    14     9    12    12     0     0   -12.0   56.087   -3.635    145.4    989.5    286.7      0.0     85.0
     1     1    14     9    12    11     0     1   -13.0   56.063   -3.635    146.7    990.5    286.2      0.0     86.8
     1     1    14     9    12    10     0     2   -14.0   56.046   -3.598    152.2    990.3    285.7      0.0     88.7
     1     1    14     9    12     9     0     3   -15.0   56.034   -3.524    161.6    989.4    285.1      0.0     90.7
     1     1    14     9    12     8     0     2   -16.0   56.024   -3.430    171.7    988.0    284.7      0.0     91.3
     1     1    14     9    12     7     0     1   -17.0   56.017   -3.335    180.1    987.2    284.4      0.0     91.6
     1     1    14     9    12     6     0     0   -18.0   56.014   -3.241    187.3    986.4    284.1      0.0     91.7
     1     1    14     9    12     5     0     1   -19.0   56.009   -3.142    193.4    985.5    284.6      0.0     91.1
     1     1    14     9    12     4     0     2   -20.0   55.998   -3.027    197.5    985.1    285.1      0.0     90.5
     1     1    14     9    12     3     0     3   -21.0   55.978   -2.897    198.9    985.8    285.5      0.0     89.2
     1     1    14     9    12     2     0     2   -22.0   55.944   -2.767    198.6    987.4    285.9      0.0     87.1
     1     1    14     9    12     1     0     1   -23.0   55.898   -2.649    197.5    988.4    286.2      0.0     85.2
     1     1    14     9    12     0     0     0   -24.0   55.842   -2.541    195.6    989.2    286.4      0.0     83.6
     1     1    14     9    11    23     0     1   -25.0   55.776   -2.436    195.8    989.5    286.5      0.0     81.9
     1     1    14     9    11    22     0     2   -26.0   55.700   -2.328    201.0    988.3    286.5      0.0     80.1
     1     1    14     9    11    21     0     3   -27.0   55.616   -2.217    210.2    986.1    286.4      0.0     78.4
     1     1    14     9    11    20     0     2   -28.0   55.531   -2.109    215.4    983.1    286.5      0.0     77.6
     1     1    14     9    11    19     0     1   -29.0   55.451   -1.998    208.8    981.9    286.6      0.0     77.1
     1     1    14     9    11    18     0     0   -30.0   55.375   -1.875    192.2    984.4    286.8      0.0     76.4
     1     1    14     9    11    17     0     1   -31.0   55.305   -1.737    173.9    988.5    287.1      0.0     75.2
     1     1    14     9    11    16     0     2   -32.0   55.240   -1.589    161.3    992.1    287.2      0.0     74.3
     1     1    14     9    11    15     0     3   -33.0   55.181   -1.425    156.7    995.4    287.2      0.0     73.9
     1     1    14     9    11    14     0     2   -34.0   55.122   -1.254    162.5    998.6    286.7      0.0     75.8
     1     1    14     9    11    13     0     1   -35.0   55.059   -1.087    180.4   1000.8    286.1      0.0     77.6
     1     1    14     9    11    12     0     0   -36.0   54.995   -0.933    210.9    999.3    285.6      0.0     79.1
     1     1    14     9    11    11     0     1   -37.0   54.928   -0.799    245.1    993.6    285.1      0.0     81.6
     1     1    14     9    11    10     0     2   -38.0   54.857   -0.682    272.4    989.4    284.6      0.0     84.4
     1     1    14     9    11     9     0     3   -39.0   54.781   -0.577    290.8    986.1    284.2      0.0     87.6
     1     1    14     9    11     8     0     2   -40.0   54.707   -0.481    299.5    984.2    284.0      0.0     87.9
     1     1    14     9    11     7     0     1   -41.0   54.643   -0.393    299.3    983.7    283.9      0.0     88.4
     1     1    14     9    11     6     0     0   -42.0   54.586   -0.313    291.9    984.1    283.9      0.0     89.0
     1     1    14     9    11     5     0     1   -43.0   54.532   -0.234    283.6    985.4    284.1      0.0     88.5
     1     1    14     9    11     4     0     2   -44.0   54.477   -0.150    280.4    985.4    284.2      0.0     87.7
     1     1    14     9    11     3     0     3   -45.0   54.422   -0.058    281.8    984.7    284.3      0.0     86.8
     1     1    14     9    11     2     0     2   -46.0   54.390    0.048    283.3    988.4    284.6      0.0     84.7
     1     1    14     9    11     1     0     1   -47.0   54.377    0.173    281.4    989.0    284.6      0.0     84.4
     1     1    14     9    11     0     0     0   -48.0   54.357    0.313    278.7    989.6    284.7      0.0     84.2
     1     1    14     9    10    23     0     1   -49.0   54.349    0.470    278.1    989.9    284.8      0.0     81.9
     1     1    14     9    10    22     0     2   -50.0   54.368    0.647    282.2    989.4    284.9      0.0     79.8
     1     1    14     9    10    21     0     3   -51.0   54.418    0.840    291.8    988.1    284.8      0.0     78.2
     1     1    14     9    10    20     0     2   -52.0   54.487    1.025    307.5    986.2    284.7      0.0     78.7
     1     1    14     9    10    19     0     1   -53.0   54.559    1.181    326.9    983.6    284.5      0.0     79.0
     1     1    14     9    10    18     0     0   -54.0   54.630    1.310    347.7    981.1    284.3      0.0     79.3
     1     1    14     9    10    17     0     1   -55.0   54.705    1.421    368.0    978.6    283.9      0.0     80.0
     1     1    14     9    10    16     0     2   -56.0   54.788    1.527    385.7    976.7    283.6      0.0     80.7
     1     1    14     9    10    15     0     3   -57.0   54.878    1.625    400.7    975.0    283.3      0.0     81.5
     1     1    14     9    10    14     0     2   -58.0   54.974    1.714    415.1    973.9    283.2      0.0     82.5
     1     1    14     9    10    13     0     1   -59.0   55.074    1.790    431.4    972.2    282.9      0.0     83.8
     1     1    14     9    10    12     0     0   -60.0   55.179    1.853    448.6    970.1    282.7      0.0     84.9
     1     1    14     9    10    11     0     1   -61.0   55.287    1.905    466.7    967.7    282.5      0.0     85.9
     1     1    14     9    10    10     0     2   -62.0   55.395    1.947    486.5    965.1    282.2      0.0     86.8
     1     1    14     9    10     9     0     3   -63.0   55.503    1.978    509.1    962.3    282.0      0.0     87.7
     1     1    14     9    10     8     0     2   -64.0   55.613    2.001    534.0    959.2    281.7      0.0     88.8
     1     1    14     9    10     7     0     1   -65.0   55.730    2.019    560.5    956.1    281.3      0.0     90.2
     1     1    14     9    10     6     0     0   -66.0   55.854    2.035    589.1    952.9    281.0      0.0     92.0
     1     1    14     9    10     5     0     1   -67.0   55.986    2.040    617.1    949.3    280.9      0.0     92.7
     1     1    14     9    10     4     0     2   -68.0   56.125    2.029    640.8    946.3    280.8      0.0     91.0
     1     1    14     9    10     3     0     3   -69.0   56.274    2.000    658.6    943.9    280.9      0.0     88.3
     1     1    14     9    10     2     0     2   -70.0   56.433    1.964    674.1    942.5    280.9      0.0     87.0
     1     1    14     9    10     1     0     1   -71.0   56.603    1.930    692.1    940.5    280.8      0.0     86.3
     1     1    14     9    10     0     0     0   -72.0   56.787    1.899    715.0    938.0    280.6      0.0     86.6
