     7     1
    GDAS    14     8    22     0     0
    GDAS    14     8    29     0     0
    GDAS    14     9     1     0     0
    GDAS    14     9     8     0     0
    GDAS    14     9    15     0     0
    GDAS    14     9    22     0     0
    GDAS    14     9    29     0     0
     1 BACKWARD OMEGA   
    14     9    21    16   56.467   -2.973   100.0
     4 PRESSURE AIR_TEMP RAINFALL RELHUMID
     1     1    14     9    21    16     0     2     0.0   56.467   -2.973    100.0    983.3    284.8      0.0     70.3
     1     1    14     9    21    15     0     3    -1.0   56.505   -3.046    112.7    979.7    284.9      0.0     69.4
     1     1    14     9    21    14     0     2    -2.0   56.554   -3.129    127.0    975.7    284.2      0.0     71.4
     1     1    14     9    21    13     0     1    -3.0   56.615   -3.206    145.4    970.9    283.4      0.0     73.7
     1     1    14     9    21    12     0     0    -4.0   56.688   -3.279    172.1    964.1    282.4      0.0     76.8
     1     1    14     9    21    11     0     1    -5.0   56.777   -3.355    211.3    955.2    281.2      0.0     81.6
     1     1    14     9    21    10     0     2    -6.0   56.890   -3.442    267.8    943.6    279.8      0.0     87.1
     1     1    14     9    21     9     0     3    -7.0   57.032   -3.532    349.5    929.8    278.1      0.0     93.5
     1     1    14     9    21     8     0     2    -8.0   57.204   -3.628    443.8    924.0    277.8      0.0     94.0
     1     1    14     9    21     7     0     1    -9.0   57.397   -3.736    526.4    921.5    277.9      0.0     91.8
     1     1    14     9    21     6     0     0   -10.0   57.604   -3.859    598.6    921.8    278.0      0.0     91.6
     1     1    14     9    21     5     0     1   -11.0   57.821   -3.993    669.9    922.6    278.1      0.0     92.2
     1     1    14     9    21     4     0     2   -12.0   58.045   -4.130    743.2    920.8    278.0      0.0     94.9
     1     1    14     9    21     3     0     3   -13.0   58.271   -4.254    807.0    915.0    277.9      0.0     95.5
     1     1    14     9    21     2     0     2   -14.0   58.495   -4.371    850.5    912.8    277.7      0.0     96.6
     1     1    14     9    21     1     0     1   -15.0   58.711   -4.492    864.4    914.8    277.8      0.0     97.5
     1     1    14     9    21     0     0     0   -16.0   58.922   -4.614    844.4    921.4    278.1      0.0     98.5
     1     1    14     9    20    23     0     1   -17.0   59.142   -4.747    810.9    929.1    278.8      0.0     96.6
     1     1    14     9    20    22     0     2   -18.0   59.386   -4.893    790.6    931.6    279.1      0.0     94.9
     1     1    14     9    20    21     0     3   -19.0   59.659   -5.042    790.3    931.3    279.3      0.0     92.9
     1     1    14     9    20    20     0     2   -20.0   59.951   -5.193    810.4    928.4    279.2      0.0     91.1
     1     1    14     9    20    19     0     1   -21.0   60.256   -5.358    842.5    923.6    279.0      0.0     89.4
     1     1    14     9    20    18     0     0   -22.0   60.580   -5.542    878.7    919.0    278.8      0.0     87.8
     1     1    14     9    20    17     0     1   -23.0   60.918   -5.754    916.5    913.7    278.5      0.0     86.4
     1     1    14     9    20    16     0     2   -24.0   61.259   -6.015    960.3    908.6    278.2      0.0     86.2
     1     1    14     9    20    15     0     3   -25.0   61.603   -6.321   1021.5    900.7    277.6      0.0     86.4
     1     1    14     9    20    14     0     2   -26.0   61.952   -6.635   1107.4    889.8    277.1      0.0     87.1
     1     1    14     9    20    13     0     1   -27.0   62.310   -6.929   1197.2    877.1    276.6      0.0     85.5
     1     1    14     9    20    12     0     0   -28.0   62.684   -7.194   1253.4    870.3    276.4      0.0     83.3
     1     1    14     9    20    11     0     1   -29.0   63.067   -7.451   1270.1    869.7    276.3      0.0     84.3
     1     1    14     9    20    10     0     2   -30.0   63.452   -7.728   1279.4    870.4    276.4      0.0     83.0
     1     1    14     9    20     9     0     3   -31.0   63.856   -8.013   1307.5    867.1    276.3      0.0     75.6
     1     1    14     9    20     8     0     2   -32.0   64.269   -8.294   1351.3    860.8    275.9      0.3     78.5
     1     1    14     9    20     7     0     1   -33.0   64.674   -8.583   1394.7    854.6    275.5      0.3     78.6
     1     1    14     9    20     6     0     0   -34.0   65.076   -8.890   1425.7    850.1    275.2      0.3     75.3
     1     1    14     9    20     5     0     1   -35.0   65.455   -9.214   1446.5    848.6    275.0      0.2     79.5
     1     1    14     9    20     4     0     2   -36.0   65.793   -9.565   1466.1    846.7    274.9      0.0     79.4
     1     1    14     9    20     3     0     3   -37.0   66.087   -9.939   1491.1    844.5    275.0      0.0     73.9
     1     1    14     9    20     2     0     2   -38.0   66.338  -10.320   1513.4    840.4    274.6      0.3     76.7
     1     1    14     9    20     1     0     1   -39.0   66.553  -10.684   1526.8    839.5    274.4      0.0     76.9
     1     1    14     9    20     0     0     0   -40.0   66.738  -11.003   1544.5    838.0    274.2      0.0     73.8
     1     1    14     9    19    23     0     1   -41.0   66.899  -11.276   1570.5    835.0    274.1      0.0     73.7
     1     1    14     9    19    22     0     2   -42.0   67.042  -11.502   1601.6    831.5    273.9      0.0     72.9
     1     1    14     9    19    21     0     3   -43.0   67.168  -11.653   1634.4    827.9    273.7      0.0     73.0
     1     1    14     9    19    20     0     2   -44.0   67.287  -11.753   1659.4    824.4    273.5      0.0     72.0
     1     1    14     9    19    19     0     1   -45.0   67.407  -11.850   1670.7    823.2    273.5      0.0     70.4
     1     1    14     9    19    18     0     0   -46.0   67.530  -11.944   1670.8    823.2    273.5      0.0     68.1
     1     1    14     9    19    17     0     1   -47.0   67.654  -12.034   1667.7    824.3    273.6      0.0     67.3
     1     1    14     9    19    16     0     2   -48.0   67.778  -12.121   1670.2    824.3    273.5      0.0     66.2
     1     1    14     9    19    15     0     3   -49.0   67.902  -12.204   1682.5    823.4    273.5      0.0     64.4
     1     1    14     9    19    14     0     2   -50.0   68.022  -12.283   1703.3    821.1    273.2      0.0     65.6
     1     1    14     9    19    13     0     1   -51.0   68.131  -12.349   1728.2    818.5    272.9      0.0     67.0
     1     1    14     9    19    12     0     0   -52.0   68.230  -12.398   1755.6    815.9    272.6      0.0     68.4
     1     1    14     9    19    11     0     1   -53.0   68.318  -12.420   1785.8    813.1    272.4      0.0     66.6
     1     1    14     9    19    10     0     2   -54.0   68.390  -12.410   1819.0    810.1    272.3      0.0     64.9
     1     1    14     9    19     9     0     3   -55.0   68.449  -12.378   1856.2    806.8    272.1      0.0     63.5
     1     1    14     9    19     8     0     2   -56.0   68.503  -12.338   1893.5    802.5    271.9      0.0     63.6
     1     1    14     9    19     7     0     1   -57.0   68.561  -12.295   1926.4    799.1    271.8      0.0     63.1
     1     1    14     9    19     6     0     0   -58.0   68.624  -12.248   1954.2    796.2    271.6      0.0     62.3
     1     1    14     9    19     5     0     1   -59.0   68.686  -12.222   1981.5    794.4    271.6      0.0     64.4
     1     1    14     9    19     4     0     2   -60.0   68.741  -12.249   2013.4    791.6    271.5      0.0     67.4
     1     1    14     9    19     3     0     3   -61.0   68.789  -12.335   2050.9    788.4    271.3      0.0     71.2
     1     1    14     9    19     2     0     2   -62.0   68.827  -12.464   2091.5    784.5    271.0      0.0     72.3
     1     1    14     9    19     1     0     1   -63.0   68.854  -12.614   2133.2    780.8    270.8      0.0     73.7
     1     1    14     9    19     0     0     0   -64.0   68.873  -12.782   2176.8    777.0    270.5      0.0     75.2
     1     1    14     9    18    23     0     1   -65.0   68.884  -13.000   2222.7    772.8    270.4      0.0     76.9
     1     1    14     9    18    22     0     2   -66.0   68.889  -13.300   2268.6    768.3    270.3      0.0     78.8
     1     1    14     9    18    21     0     3   -67.0   68.880  -13.682   2313.9    764.2    270.2      0.0     81.1
     1     1    14     9    18    20     0     2   -68.0   68.855  -14.108   2357.5    759.7    269.9      0.0     81.6
     1     1    14     9    18    19     0     1   -69.0   68.814  -14.531   2394.6    756.1    269.6      0.0     82.1
     1     1    14     9    18    18     0     0   -70.0   68.755  -14.934   2420.9    753.5    269.3      0.0     82.6
     1     1    14     9    18    17     0     1   -71.0   68.679  -15.302   2428.9    752.3    269.2      0.0     85.0
     1     1    14     9    18    16     0     2   -72.0   68.587  -15.621   2407.1    753.8    269.3      0.0     87.3
