     7     1
    GDAS    14     8    22     0     0
    GDAS    14     8    29     0     0
    GDAS    14     9     1     0     0
    GDAS    14     9     8     0     0
    GDAS    14     9    15     0     0
    GDAS    14     9    22     0     0
    GDAS    14     9    29     0     0
     1 BACKWARD OMEGA   
    14     9    16    14   56.467   -2.973   100.0
     4 PRESSURE AIR_TEMP RAINFALL RELHUMID
     1     1    14     9    16    14     0     2     0.0   56.467   -2.973    100.0    974.8    286.5      0.0     88.6
     1     1    14     9    16    13     0     1    -1.0   56.402   -2.840     91.1    981.9    286.6      0.0     89.5
     1     1    14     9    16    12     0     0    -2.0   56.343   -2.723     88.8    986.6    286.5      0.0     90.6
     1     1    14     9    16    11     0     1    -3.0   56.285   -2.610     90.3    990.2    286.3      0.0     91.6
     1     1    14     9    16    10     0     2    -4.0   56.226   -2.489     94.2    993.4    286.1      0.0     92.6
     1     1    14     9    16     9     0     3    -5.0   56.165   -2.360    101.2    996.0    286.0      0.0     93.6
     1     1    14     9    16     8     0     2    -6.0   56.102   -2.230    108.9    997.3    286.0      0.0     94.4
     1     1    14     9    16     7     0     1    -7.0   56.041   -2.108    113.9    998.6    286.0      0.0     95.3
     1     1    14     9    16     6     0     0    -8.0   55.983   -1.995    115.1    999.1    286.0      0.0     96.3
     1     1    14     9    16     5     0     1    -9.0   55.925   -1.898    115.3    998.7    286.1      0.0     96.1
     1     1    14     9    16     4     0     2   -10.0   55.861   -1.819    117.6    997.6    286.3      0.0     95.8
     1     1    14     9    16     3     0     3   -11.0   55.794   -1.755    121.5    996.5    286.3      0.0     95.5
     1     1    14     9    16     2     0     2   -12.0   55.732   -1.686    122.2    995.6    286.4      0.3     95.6
     1     1    14     9    16     1     0     1   -13.0   55.681   -1.593    116.5    996.7    286.5      0.3     95.6
     1     1    14     9    16     0     0     0   -14.0   55.639   -1.480    107.2    998.8    286.6      0.0     95.4
     1     1    14     9    15    23     0     1   -15.0   55.600   -1.364     98.9   1001.4    286.7      0.0     94.8
     1     1    14     9    15    22     0     2   -16.0   55.559   -1.256     94.3   1003.3    286.9      0.0     94.2
     1     1    14     9    15    21     0     3   -17.0   55.515   -1.153     93.7   1004.7    287.0      0.0     93.7
     1     1    14     9    15    20     0     2   -18.0   55.473   -1.026     96.1   1006.0    287.1      0.0     94.0
     1     1    14     9    15    19     0     1   -19.0   55.446   -0.845     99.5   1005.6    287.1      0.0     94.7
     1     1    14     9    15    18     0     0   -20.0   55.439   -0.612    100.8   1005.2    287.0      0.0     95.4
     1     1    14     9    15    17     0     1   -21.0   55.452   -0.356    100.8   1005.4    287.0      0.0     96.1
     1     1    14     9    15    16     0     2   -22.0   55.486   -0.105    100.8   1005.5    287.0      0.0     96.8
     1     1    14     9    15    15     0     3   -23.0   55.508    0.199     94.5   1005.4    287.8      0.0     88.5
     1     1    14     9    15    14     0     2   -24.0   55.499    0.558     84.6   1008.2    287.8      0.0     88.6
     1     1    14     9    15    13     0     1   -25.0   55.480    0.946     78.2   1009.7    287.9      0.0     88.6
     1     1    14     9    15    12     0     0   -26.0   55.460    1.353     74.8   1010.9    288.0      0.0     89.2
     1     1    14     9    15    11     0     1   -27.0   55.448    1.775     72.1   1010.8    288.2      0.1     87.9
     1     1    14     9    15    10     0     2   -28.0   55.442    2.218     67.7   1011.2    288.3      0.1     86.3
     1     1    14     9    15     9     0     3   -29.0   55.447    2.688     62.2   1012.0    288.5      0.2     85.7
     1     1    14     9    15     8     0     2   -30.0   55.458    3.181     56.7   1013.0    288.7      0.0     86.4
     1     1    14     9    15     7     0     1   -31.0   55.464    3.682     51.5   1013.9    288.9      0.0     88.5
     1     1    14     9    15     6     0     0   -32.0   55.478    4.189     47.7   1014.5    289.1      0.0     91.1
     1     1    14     9    15     5     0     1   -33.0   55.497    4.716     42.9   1014.7    289.3      0.1     90.5
     1     1    14     9    15     4     0     2   -34.0   55.503    5.277     37.0   1015.6    289.5      0.3     89.9
     1     1    14     9    15     3     0     3   -35.0   55.492    5.869     33.4   1015.9    289.7      0.4     92.6
     1     1    14     9    15     2     0     2   -36.0   55.486    6.479     30.8   1016.7    289.8      0.0     92.1
     1     1    14     9    15     1     0     1   -37.0   55.493    7.092     27.7   1018.5    289.9      0.7     91.8
     1     1    14     9    15     0     0     0   -38.0   55.502    7.690     26.8   1019.9    290.0      0.0     92.5
     1     1    14     9    14    23     0     1   -39.0   55.518    8.246     29.8   1018.2    289.5      0.6     92.6
     1     1    14     9    14    22     0     2   -40.0   55.546    8.723     37.5   1015.1    288.7      0.0     93.5
     1     1    14     9    14    21     0     3   -41.0   55.579    9.147     48.0   1012.6    288.5      0.0     93.4
     1     1    14     9    14    20     0     2   -42.0   55.626    9.560     54.7   1012.3    288.9      0.2     91.9
     1     1    14     9    14    19     0     1   -43.0   55.695    9.966     50.6   1013.1    289.3      0.2     90.1
     1     1    14     9    14    18     0     0   -44.0   55.785   10.381     42.0   1015.7    289.7      0.2     86.5
     1     1    14     9    14    17     0     1   -45.0   55.890   10.827     36.6   1019.3    290.0      0.6     82.8
     1     1    14     9    14    16     0     2   -46.0   55.997   11.267     34.5   1020.5    290.2      0.6     79.6
     1     1    14     9    14    15     0     3   -47.0   56.089   11.661     33.0   1019.5    290.3      0.3     76.6
     1     1    14     9    14    14     0     2   -48.0   56.155   12.012     31.1   1019.2    290.3      0.0     76.2
     1     1    14     9    14    13     0     1   -49.0   56.203   12.339     32.3   1017.7    291.0      0.0     76.7
     1     1    14     9    14    12     0     0   -50.0   56.246   12.660     41.8   1014.7    291.8      0.0     76.8
     1     1    14     9    14    11     0     1   -51.0   56.292   13.012     65.6   1009.4    291.5      0.0     78.4
     1     1    14     9    14    10     0     2   -52.0   56.357   13.461     96.3   1002.0    289.6      0.0     82.0
     1     1    14     9    14     9     0     3   -53.0   56.447   13.990     88.7    999.2    288.5      0.0     84.8
     1     1    14     9    14     8     0     2   -54.0   56.555   14.490     74.9   1004.4    288.4      0.0     87.8
     1     1    14     9    14     7     0     1   -55.0   56.688   14.967     86.4    999.0    287.5      0.0     92.1
     1     1    14     9    14     6     0     0   -56.0   56.846   15.430     98.2    996.3    286.6      0.0     95.3
     1     1    14     9    14     5     0     1   -57.0   57.010   15.817     78.3   1000.5    286.5      0.0     95.1
     1     1    14     9    14     4     0     2   -58.0   57.153   16.108     51.7   1009.6    286.7      0.0     94.5
     1     1    14     9    14     3     0     3   -59.0   57.286   16.370     33.2   1015.1    287.1      0.0     92.7
     1     1    14     9    14     2     0     2   -60.0   57.418   16.657     22.9   1020.1    288.1      0.0     90.8
     1     1    14     9    14     1     0     1   -61.0   57.553   16.997     17.6   1025.9    289.2      0.0     88.9
     1     1    14     9    14     0     0     0   -62.0   57.686   17.380     15.2   1026.7    289.3      0.0     88.4
     1     1    14     9    13    23     0     1   -63.0   57.807   17.784     14.6   1026.7    289.3      0.0     89.0
     1     1    14     9    13    22     0     2   -64.0   57.925   18.199     15.0   1025.6    289.2      0.0     89.9
     1     1    14     9    13    21     0     3   -65.0   58.045   18.611     15.3   1024.7    289.1      0.0     90.3
     1     1    14     9    13    20     0     2   -66.0   58.169   19.007     14.9   1025.6    289.1      0.0     89.3
     1     1    14     9    13    19     0     1   -67.0   58.296   19.385     14.4   1026.2    289.3      0.0     87.6
     1     1    14     9    13    18     0     0   -68.0   58.427   19.748     14.3   1026.1    289.4      0.0     86.7
     1     1    14     9    13    17     0     1   -69.0   58.561   20.092     14.3   1025.8    289.3      0.0     86.9
     1     1    14     9    13    16     0     2   -70.0   58.697   20.415     14.8   1025.9    289.2      0.0     87.7
     1     1    14     9    13    15     0     3   -71.0   58.839   20.716     15.9   1025.9    289.1      0.0     89.6
     1     1    14     9    13    14     0     2   -72.0   58.983   21.009     17.5   1026.0    289.2      0.0     90.8
