     7     1
    GDAS    14     8    22     0     0
    GDAS    14     8    29     0     0
    GDAS    14     9     1     0     0
    GDAS    14     9     8     0     0
    GDAS    14     9    15     0     0
    GDAS    14     9    22     0     0
    GDAS    14     9    29     0     0
     1 BACKWARD OMEGA   
    14     9    15    23   56.467   -2.973   100.0
     4 PRESSURE AIR_TEMP RAINFALL RELHUMID
     1     1    14     9    15    23     0     1     0.0   56.467   -2.973    100.0    975.9    284.9      0.2     99.5
     1     1    14     9    15    22     0     2    -1.0   56.529   -2.807     54.1    986.5    285.3      0.5     99.4
     1     1    14     9    15    21     0     3    -2.0   56.601   -2.663     27.6    993.4    285.4      0.5     99.3
     1     1    14     9    15    20     0     2    -3.0   56.674   -2.498     12.1    998.5    285.6      0.5     99.0
     1     1    14     9    15    19     0     1    -4.0   56.735   -2.268      3.2   1006.2    286.0      0.5     98.5
     1     1    14     9    15    18     0     0    -5.0   56.786   -1.940      0.0   1016.4    286.5      0.5     97.6
     1     1    14     9    15    17     0     1    -6.0   56.835   -1.531      0.0   1017.3    286.6      0.3     97.1
     1     1    14     9    15    16     0     2    -7.0   56.887   -1.051      0.0   1018.9    286.6      0.2     96.6
     1     1    14     9    15    15     0     3    -8.0   56.937   -0.499      0.0   1020.2    286.7      0.2     97.1
     1     1    14     9    15    14     0     2    -9.0   56.987    0.071      0.0   1020.1    286.7      0.2     95.2
     1     1    14     9    15    13     0     1   -10.0   57.029    0.642      0.0   1020.0    287.0      0.2     95.0
     1     1    14     9    15    12     0     0   -11.0   57.056    1.215      0.0   1020.6    287.3      0.2     94.7
     1     1    14     9    15    11     0     1   -12.0   57.076    1.792      0.0   1022.1    287.5      0.0     94.1
     1     1    14     9    15    10     0     2   -13.0   57.099    2.390      0.0   1021.8    287.8      0.0     94.1
     1     1    14     9    15     9     0     3   -14.0   57.124    3.030      0.0   1021.1    288.0      0.0     94.3
     1     1    14     9    15     8     0     2   -15.0   57.155    3.699      0.0   1022.0    288.3      0.0     93.6
     1     1    14     9    15     7     0     1   -16.0   57.196    4.370      0.0   1022.9    288.5      0.0     92.9
     1     1    14     9    15     6     0     0   -17.0   57.247    5.041      0.0   1023.9    288.8      0.0     92.9
     1     1    14     9    15     5     0     1   -18.0   57.306    5.713      0.0   1024.2    289.1      0.0     90.5
     1     1    14     9    15     4     0     2   -19.0   57.365    6.370      0.5   1023.3    289.2      0.0     89.4
     1     1    14     9    15     3     0     3   -20.0   57.419    6.979      2.8   1021.4    289.1      0.0     90.0
     1     1    14     9    15     2     0     2   -21.0   57.477    7.530      5.3   1022.9    289.1      0.0     89.1
     1     1    14     9    15     1     0     1   -22.0   57.552    8.034      6.3   1025.2    289.3      0.0     88.9
     1     1    14     9    15     0     0     0   -23.0   57.632    8.518      6.1   1026.3    289.6      0.0     88.2
     1     1    14     9    14    23     0     1   -24.0   57.705    8.999      5.6   1026.3    289.9      0.0     86.0
     1     1    14     9    14    22     0     2   -25.0   57.764    9.465      5.1   1026.3    289.7      0.0     83.9
     1     1    14     9    14    21     0     3   -26.0   57.811    9.910      4.7   1026.6    289.6      0.0     83.5
     1     1    14     9    14    20     0     2   -27.0   57.854   10.346      4.5   1027.2    289.8      0.0     80.7
     1     1    14     9    14    19     0     1   -28.0   57.899   10.779      4.5   1027.6    289.9      0.0     78.9
     1     1    14     9    14    18     0     0   -29.0   57.945   11.181      5.0   1025.9    289.5      0.0     78.4
     1     1    14     9    14    17     0     1   -30.0   57.987   11.525      6.4   1022.3    289.0      0.0     77.0
     1     1    14     9    14    16     0     2   -31.0   58.020   11.825      8.8   1018.8    289.6      0.0     74.6
     1     1    14     9    14    15     0     3   -32.0   58.041   12.116     12.4   1015.2    290.9      0.0     71.8
     1     1    14     9    14    14     0     2   -33.0   58.059   12.410     19.7   1011.2    290.5      0.0     72.7
     1     1    14     9    14    13     0     1   -34.0   58.084   12.709     34.5   1006.7    289.7      0.0     74.2
     1     1    14     9    14    12     0     0   -35.0   58.116   13.030     60.9   1001.8    288.2      0.0     76.2
     1     1    14     9    14    11     0     1   -36.0   58.151   13.360     83.9    996.3    287.1      0.0     79.9
     1     1    14     9    14    10     0     2   -37.0   58.184   13.681     89.4    995.2    286.4      0.0     82.4
     1     1    14     9    14     9     0     3   -38.0   58.214   13.989     79.2    996.1    285.9      0.0     84.4
     1     1    14     9    14     8     0     2   -39.0   58.248   14.272     63.4    999.9    285.6      0.0     87.9
     1     1    14     9    14     7     0     1   -40.0   58.289   14.519     51.3   1001.9    285.0      0.0     91.7
     1     1    14     9    14     6     0     0   -41.0   58.337   14.733     42.1   1003.3    284.1      0.0     95.5
     1     1    14     9    14     5     0     1   -42.0   58.393   14.923     34.1   1004.4    283.8      0.0     95.1
     1     1    14     9    14     4     0     2   -43.0   58.458   15.096     25.7   1007.0    283.5      0.0     94.4
     1     1    14     9    14     3     0     3   -44.0   58.528   15.251     17.6   1010.8    283.1      0.0     93.1
     1     1    14     9    14     2     0     2   -45.0   58.597   15.390     11.9   1014.5    283.3      0.0     91.3
     1     1    14     9    14     1     0     1   -46.0   58.659   15.523      8.4   1016.5    283.5      0.0     89.7
     1     1    14     9    14     0     0     0   -47.0   58.717   15.655      6.5   1018.4    283.7      0.0     88.2
     1     1    14     9    13    23     0     1   -48.0   58.768   15.788      5.2   1019.5    284.0      0.0     87.6
     1     1    14     9    13    22     0     2   -49.0   58.808   15.921      4.2   1020.2    284.3      0.0     87.6
     1     1    14     9    13    21     0     3   -50.0   58.837   16.056      3.4   1020.5    284.7      0.0     88.0
     1     1    14     9    13    20     0     2   -51.0   58.864   16.198      2.6   1021.5    285.0      0.0     84.7
     1     1    14     9    13    19     0     1   -52.0   58.898   16.345      2.0   1022.2    285.2      0.0     82.1
     1     1    14     9    13    18     0     0   -53.0   58.935   16.498      1.4   1022.3    285.4      0.0     80.4
     1     1    14     9    13    17     0     1   -54.0   58.971   16.656      0.8   1022.2    287.3      0.0     77.4
     1     1    14     9    13    16     0     2   -55.0   59.006   16.819      0.0   1022.3    289.2      0.0     74.4
     1     1    14     9    13    15     0     3   -56.0   59.041   16.993      0.0   1022.9    291.2      0.0     71.3
     1     1    14     9    13    14     0     2   -57.0   59.081   17.175      0.0   1023.2    291.3      0.0     72.6
     1     1    14     9    13    13     0     1   -58.0   59.131   17.356      0.0   1023.5    291.5      0.0     73.8
     1     1    14     9    13    12     0     0   -59.0   59.191   17.533      0.0   1023.7    291.9      0.0     74.8
     1     1    14     9    13    11     0     1   -60.0   59.264   17.706      0.0   1023.7    291.4      0.0     77.7
     1     1    14     9    13    10     0     2   -61.0   59.353   17.876      0.0   1023.7    291.0      0.0     80.0
     1     1    14     9    13     9     0     3   -62.0   59.456   18.046      0.0   1024.0    290.5      0.0     81.9
     1     1    14     9    13     8     0     2   -63.0   59.561   18.208      0.0   1024.7    289.2      0.0     83.7
     1     1    14     9    13     7     0     1   -64.0   59.661   18.355      0.0   1025.1    288.2      0.0     85.4
     1     1    14     9    13     6     0     0   -65.0   59.757   18.491      0.0   1025.0    287.3      0.0     87.0
     1     1    14     9    13     5     0     1   -66.0   59.857   18.631      0.0   1024.8    287.0      0.0     84.5
     1     1    14     9    13     4     0     2   -67.0   59.975   18.795      0.0   1024.7    287.0      0.0     81.3
     1     1    14     9    13     3     0     3   -68.0   60.117   18.991      0.0   1024.9    287.6      0.0     77.1
     1     1    14     9    13     2     0     2   -69.0   60.274   19.219      0.0   1025.8    287.9      0.0     77.0
     1     1    14     9    13     1     0     1   -70.0   60.431   19.462      0.0   1026.4    288.2      0.0     76.6
     1     1    14     9    13     0     0     0   -71.0   60.591   19.717      0.2   1026.2    288.3      0.0     75.8
     1     1    14     9    12    23     0     1   -72.0   60.757   19.972      0.6   1025.7    288.3      0.0     75.2
