     7     1
    GDAS    14     8    22     0     0
    GDAS    14     8    29     0     0
    GDAS    14     9     1     0     0
    GDAS    14     9     8     0     0
    GDAS    14     9    15     0     0
    GDAS    14     9    22     0     0
    GDAS    14     9    29     0     0
     1 BACKWARD OMEGA   
    14     9    20    22   56.467   -2.973   100.0
     4 PRESSURE AIR_TEMP RAINFALL RELHUMID
     1     1    14     9    20    22     0     2     0.0   56.467   -2.973    100.0    979.5    283.0      0.0     84.6
     1     1    14     9    20    21     0     3    -1.0   56.607   -3.091    123.0    971.4    282.7      0.0     85.3
     1     1    14     9    20    20     0     2    -2.0   56.767   -3.238    176.3    957.7    282.3      0.0     85.8
     1     1    14     9    20    19     0     1    -3.0   56.965   -3.422    250.8    938.0    281.3      0.0     87.9
     1     1    14     9    20    18     0     0    -4.0   57.196   -3.643    317.1    932.4    281.0      0.0     89.7
     1     1    14     9    20    17     0     1    -5.0   57.420   -3.900    374.2    934.7    281.4      0.0     88.1
     1     1    14     9    20    16     0     2    -6.0   57.619   -4.197    439.3    933.9    281.4      0.0     88.7
     1     1    14     9    20    15     0     3    -7.0   57.798   -4.534    477.7    930.0    281.0      0.1     91.6
     1     1    14     9    20    14     0     2    -8.0   57.963   -4.889    447.1    931.3    280.6      0.1     95.8
     1     1    14     9    20    13     0     1    -9.0   58.121   -5.223    373.7    953.5    281.9      0.1     93.9
     1     1    14     9    20    12     0     0   -10.0   58.283   -5.538    310.6    975.6    283.4      0.1     90.5
     1     1    14     9    20    11     0     1   -11.0   58.452   -5.869    270.6    988.4    284.1      0.0     88.5
     1     1    14     9    20    10     0     2   -12.0   58.635   -6.238    247.2    991.3    284.2      0.0     88.0
     1     1    14     9    20     9     0     3   -13.0   58.841   -6.652    243.2    990.5    284.2      0.0     87.3
     1     1    14     9    20     8     0     2   -14.0   59.062   -7.103    253.5    988.7    284.0      0.0     87.9
     1     1    14     9    20     7     0     1   -15.0   59.283   -7.577    262.0    986.4    283.8      0.0     89.1
     1     1    14     9    20     6     0     0   -16.0   59.504   -8.081    264.5    985.9    283.7      0.0     89.5
     1     1    14     9    20     5     0     1   -17.0   59.717   -8.627    270.3    985.6    283.8      0.0     88.2
     1     1    14     9    20     4     0     2   -18.0   59.922   -9.212    282.2    983.4    283.6      0.0     89.2
     1     1    14     9    20     3     0     3   -19.0   60.138   -9.814    294.4    981.2    283.4      0.0     90.7
     1     1    14     9    20     2     0     2   -20.0   60.361  -10.427    301.9    979.7    283.4      0.0     89.9
     1     1    14     9    20     1     0     1   -21.0   60.577  -11.066    304.0    979.3    283.2      0.0     91.0
     1     1    14     9    20     0     0     0   -22.0   60.795  -11.753    303.1    979.4    283.2      0.0     93.0
     1     1    14     9    19    23     0     1   -23.0   61.021  -12.475    302.8    979.5    283.2      0.0     92.5
     1     1    14     9    19    22     0     2   -24.0   61.244  -13.206    304.0    979.0    283.1      0.0     92.3
     1     1    14     9    19    21     0     3   -25.0   61.457  -13.946    304.4    978.5    283.0      0.0     92.2
     1     1    14     9    19    20     0     2   -26.0   61.660  -14.694    302.8    978.4    283.0      0.0     92.1
     1     1    14     9    19    19     0     1   -27.0   61.852  -15.445    301.3    978.3    283.0      0.0     92.8
     1     1    14     9    19    18     0     0   -28.0   62.038  -16.195    301.5    977.7    283.0      0.0     93.4
     1     1    14     9    19    17     0     1   -29.0   62.222  -16.936    307.6    977.5    283.1      0.1     91.0
     1     1    14     9    19    16     0     2   -30.0   62.405  -17.639    318.7    975.0    282.9      0.0     90.1
     1     1    14     9    19    15     0     3   -31.0   62.590  -18.270    324.3    973.5    282.7      0.0     89.8
     1     1    14     9    19    14     0     2   -32.0   62.762  -18.832    320.1    974.0    282.7      0.1     90.7
     1     1    14     9    19    13     0     1   -33.0   62.911  -19.347    304.0    975.3    282.7      0.2     92.2
     1     1    14     9    19    12     0     0   -34.0   63.054  -19.825    268.4    976.8    282.7      0.7     93.3
     1     1    14     9    19    11     0     1   -35.0   63.167  -20.253    232.1    980.9    282.9      0.6     93.5
     1     1    14     9    19    10     0     2   -36.0   63.229  -20.602    212.1    981.9    283.0      0.9     93.8
     1     1    14     9    19     9     0     3   -37.0   63.249  -20.855    198.7    982.7    283.3      1.0     93.7
     1     1    14     9    19     8     0     2   -38.0   63.237  -21.049    183.9    984.6    283.3      1.0     94.6
     1     1    14     9    19     7     0     1   -39.0   63.202  -21.229    167.3    987.4    283.4      1.0     95.8
     1     1    14     9    19     6     0     0   -40.0   63.142  -21.393    153.1    990.1    283.5      1.0     97.4
     1     1    14     9    19     5     0     1   -41.0   63.060  -21.549    143.2    992.8    283.8      0.5     96.9
     1     1    14     9    19     4     0     2   -42.0   62.960  -21.710    136.7    994.3    284.0      0.5     96.4
     1     1    14     9    19     3     0     3   -43.0   62.842  -21.886    130.7    994.9    284.0      0.5     96.3
     1     1    14     9    19     2     0     2   -44.0   62.710  -22.100    124.0    996.0    284.0      0.0     95.3
     1     1    14     9    19     1     0     1   -45.0   62.564  -22.349    116.4    997.1    284.0      0.0     95.2
     1     1    14     9    19     0     0     0   -46.0   62.395  -22.605    107.9    998.3    284.1      0.4     96.2
     1     1    14     9    18    23     0     1   -47.0   62.225  -22.846    102.1    999.6    284.1      0.3     96.4
     1     1    14     9    18    22     0     2   -48.0   62.070  -23.017     99.7    999.8    284.1      0.3     96.3
     1     1    14     9    18    21     0     3   -49.0   61.916  -23.063     96.9   1000.1    284.2      0.3     95.5
     1     1    14     9    18    20     0     2   -50.0   61.774  -23.061     94.3   1000.7    284.2      0.0     94.7
     1     1    14     9    18    19     0     1   -51.0   61.651  -23.106     92.3   1001.0    284.2      0.0     93.8
     1     1    14     9    18    18     0     0   -52.0   61.540  -23.175     90.7   1001.2    284.2      0.0     92.8
     1     1    14     9    18    17     0     1   -53.0   61.428  -23.259     89.6   1001.0    284.3      0.0     92.5
     1     1    14     9    18    16     0     2   -54.0   61.306  -23.348     88.9   1000.8    284.3      0.0     92.2
     1     1    14     9    18    15     0     3   -55.0   61.169  -23.427     88.8   1000.4    284.4      0.0     91.8
     1     1    14     9    18    14     0     2   -56.0   61.024  -23.482     88.1   1000.6    284.4      0.0     92.2
     1     1    14     9    18    13     0     1   -57.0   60.886  -23.507     86.0   1001.3    284.4      0.0     92.3
     1     1    14     9    18    12     0     0   -58.0   60.762  -23.495     83.1   1002.1    284.4      0.0     92.2
     1     1    14     9    18    11     0     1   -59.0   60.653  -23.436     80.5   1002.4    284.4      0.1     91.6
     1     1    14     9    18    10     0     2   -60.0   60.554  -23.322     79.2   1002.4    284.5      0.1     91.3
     1     1    14     9    18     9     0     3   -61.0   60.458  -23.157     79.1   1002.1    284.5      0.0     91.1
     1     1    14     9    18     8     0     2   -62.0   60.361  -22.966     78.8   1002.2    284.6      0.0     90.8
     1     1    14     9    18     7     0     1   -63.0   60.262  -22.777     77.1   1002.5    284.7      0.0     90.7
     1     1    14     9    18     6     0     0   -64.0   60.156  -22.592     73.8   1003.1    284.8      0.0     90.8
     1     1    14     9    18     5     0     1   -65.0   60.029  -22.389     69.4   1003.5    284.8      0.0     91.5
     1     1    14     9    18     4     0     2   -66.0   59.869  -22.158     65.3   1004.0    284.9      0.0     91.0
     1     1    14     9    18     3     0     3   -67.0   59.678  -21.939     62.3   1004.2    285.1      0.0     89.5
     1     1    14     9    18     2     0     2   -68.0   59.477  -21.768     59.0   1004.8    285.3      0.1     89.0
     1     1    14     9    18     1     0     1   -69.0   59.282  -21.617     54.8   1005.7    285.4      0.2     89.8
     1     1    14     9    18     0     0     0   -70.0   59.092  -21.427     50.7   1006.4    285.5      0.0     90.6
     1     1    14     9    17    23     0     1   -71.0   58.913  -21.198     48.6   1007.7    285.6      0.2     88.8
     1     1    14     9    17    22     0     2   -72.0   58.750  -20.977     48.6   1008.8    285.7      0.2     87.0
