     7     1
    GDAS    14     8    22     0     0
    GDAS    14     8    29     0     0
    GDAS    14     9     1     0     0
    GDAS    14     9     8     0     0
    GDAS    14     9    15     0     0
    GDAS    14     9    22     0     0
    GDAS    14     9    29     0     0
     1 BACKWARD OMEGA   
    14     9    12    20   56.467   -2.973   100.0
     4 PRESSURE AIR_TEMP RAINFALL RELHUMID
     1     1    14     9    12    20     0     2     0.0   56.467   -2.973    100.0    983.6    286.8      0.0     85.9
     1     1    14     9    12    19     0     1    -1.0   56.418   -2.995    102.4    983.4    287.1      0.0     84.5
     1     1    14     9    12    18     0     0    -2.0   56.377   -2.985     92.9    985.9    287.4      0.0     82.7
     1     1    14     9    12    17     0     1    -3.0   56.338   -2.955     79.3    990.2    288.0      0.0     80.5
     1     1    14     9    12    16     0     2    -4.0   56.298   -2.918     69.9    993.1    288.6      0.0     78.6
     1     1    14     9    12    15     0     3    -5.0   56.259   -2.875     64.6    995.5    289.2      0.0     77.1
     1     1    14     9    12    14     0     2    -6.0   56.221   -2.833     61.4    998.2    288.7      0.0     78.0
     1     1    14     9    12    13     0     1    -7.0   56.188   -2.801     58.4   1000.7    288.3      0.0     79.1
     1     1    14     9    12    12     0     0    -8.0   56.161   -2.785     55.4   1002.7    287.9      0.0     80.2
     1     1    14     9    12    11     0     1    -9.0   56.136   -2.765     53.7   1003.8    287.4      0.0     83.5
     1     1    14     9    12    10     0     2   -10.0   56.103   -2.723     54.6   1005.0    286.7      0.0     86.9
     1     1    14     9    12     9     0     3   -11.0   56.061   -2.659     57.8   1006.2    286.1      0.0     90.6
     1     1    14     9    12     8     0     2   -12.0   56.014   -2.581     61.4   1007.3    285.5      0.0     91.2
     1     1    14     9    12     7     0     1   -13.0   55.968   -2.506     63.6   1007.7    285.2      0.0     91.5
     1     1    14     9    12     6     0     0   -14.0   55.921   -2.437     64.5   1007.7    284.8      0.0     91.7
     1     1    14     9    12     5     0     1   -15.0   55.869   -2.366     64.9   1007.5    285.0      0.0     90.0
     1     1    14     9    12     4     0     2   -16.0   55.807   -2.285     65.5   1007.2    285.0      0.0     88.1
     1     1    14     9    12     3     0     3   -17.0   55.734   -2.198     66.2   1006.5    284.9      0.0     86.2
     1     1    14     9    12     2     0     2   -18.0   55.654   -2.112     67.0   1005.4    284.7      0.0     85.3
     1     1    14     9    12     1     0     1   -19.0   55.570   -2.032     67.7   1003.7    284.4      0.0     84.8
     1     1    14     9    12     0     0     0   -20.0   55.482   -1.957     68.0   1002.4    284.3      0.0     84.6
     1     1    14     9    11    23     0     1   -21.0   55.393   -1.882     68.3   1001.7    284.4      0.0     83.2
     1     1    14     9    11    22     0     2   -22.0   55.304   -1.803     69.2   1001.3    284.6      0.0     81.9
     1     1    14     9    11    21     0     3   -23.0   55.218   -1.719     70.3   1001.3    284.8      0.0     80.4
     1     1    14     9    11    20     0     2   -24.0   55.137   -1.619     69.8   1002.1    285.5      0.0     78.8
     1     1    14     9    11    19     0     1   -25.0   55.065   -1.496     67.3   1004.7    286.1      0.0     77.1
     1     1    14     9    11    18     0     0   -26.0   54.997   -1.343     65.9   1008.5    286.7      0.0     75.2
     1     1    14     9    11    17     0     1   -27.0   54.933   -1.163     68.7   1011.8    287.1      0.0     73.6
     1     1    14     9    11    16     0     2   -28.0   54.873   -0.963     77.5   1013.6    287.2      0.0     72.7
     1     1    14     9    11    15     0     3   -29.0   54.822   -0.751     89.9   1010.6    287.4      0.0     71.8
     1     1    14     9    11    14     0     2   -30.0   54.777   -0.552    103.3   1009.2    287.3      0.0     72.6
     1     1    14     9    11    13     0     1   -31.0   54.733   -0.380    117.0   1007.8    287.2      0.0     73.4
     1     1    14     9    11    12     0     0   -32.0   54.690   -0.234    130.9   1006.3    286.9      0.0     74.4
     1     1    14     9    11    11     0     1   -33.0   54.643   -0.109    142.6   1004.1    286.3      0.0     77.9
     1     1    14     9    11    10     0     2   -34.0   54.608   -0.011    152.0   1002.5    285.9      0.0     81.8
     1     1    14     9    11     9     0     3   -35.0   54.572    0.084    158.2   1004.7    285.8      0.0     81.1
     1     1    14     9    11     8     0     2   -36.0   54.560    0.171    164.8   1003.5    285.7      0.0     81.6
     1     1    14     9    11     7     0     1   -37.0   54.556    0.260    171.1   1002.4    285.6      0.0     82.2
     1     1    14     9    11     6     0     0   -38.0   54.562    0.351    176.6   1001.5    285.4      0.0     82.6
     1     1    14     9    11     5     0     1   -39.0   54.575    0.446    181.6   1000.9    285.5      0.0     82.8
     1     1    14     9    11     4     0     2   -40.0   54.594    0.546    187.2   1000.1    285.5      0.0     83.2
     1     1    14     9    11     3     0     3   -41.0   54.620    0.650    193.9    999.2    285.4      0.0     83.8
     1     1    14     9    11     2     0     2   -42.0   54.646    0.765    201.1    998.3    285.3      0.0     84.1
     1     1    14     9    11     1     0     1   -43.0   54.668    0.896    207.8    997.7    285.3      0.0     84.4
     1     1    14     9    11     0     0     0   -44.0   54.688    1.045    214.2    997.0    285.3      0.0     84.8
     1     1    14     9    10    23     0     1   -45.0   54.720    1.207    220.4    996.3    285.3      0.0     82.5
     1     1    14     9    10    22     0     2   -46.0   54.780    1.376    226.9    995.5    285.3      0.0     80.5
     1     1    14     9    10    21     0     3   -47.0   54.869    1.548    233.7    994.7    285.3      0.0     78.9
     1     1    14     9    10    20     0     2   -48.0   54.973    1.707    241.0    994.0    285.3      0.0     78.8
     1     1    14     9    10    19     0     1   -49.0   55.077    1.842    249.5    993.2    285.2      0.0     78.8
     1     1    14     9    10    18     0     0   -50.0   55.181    1.953    259.7    992.1    285.1      0.0     79.2
     1     1    14     9    10    17     0     1   -51.0   55.290    2.044    270.0    990.7    284.9      0.0     80.1
     1     1    14     9    10    16     0     2   -52.0   55.410    2.116    279.0    989.5    284.7      0.0     80.9
     1     1    14     9    10    15     0     3   -53.0   55.540    2.168    287.2    988.5    284.5      0.0     81.6
     1     1    14     9    10    14     0     2   -54.0   55.674    2.204    294.0    987.6    284.4      0.0     82.3
     1     1    14     9    10    13     0     1   -55.0   55.810    2.229    298.2    987.2    284.3      0.0     82.9
     1     1    14     9    10    12     0     0   -56.0   55.949    2.245    299.2    987.2    284.2      0.0     83.4
     1     1    14     9    10    11     0     1   -57.0   56.088    2.250    300.9    987.2    284.2      0.0     83.7
     1     1    14     9    10    10     0     2   -58.0   56.225    2.238    307.7    986.1    284.0      0.0     84.5
     1     1    14     9    10     9     0     3   -59.0   56.360    2.208    319.4    984.4    283.7      0.0     85.8
     1     1    14     9    10     8     0     2   -60.0   56.496    2.166    332.3    982.3    283.5      0.0     87.1
     1     1    14     9    10     7     0     1   -61.0   56.635    2.117    342.2    981.0    283.3      0.0     88.5
     1     1    14     9    10     6     0     0   -62.0   56.777    2.063    348.3    980.1    283.1      0.0     90.2
     1     1    14     9    10     5     0     1   -63.0   56.925    1.996    351.0    979.8    283.2      0.0     89.7
     1     1    14     9    10     4     0     2   -64.0   57.084    1.916    352.7    979.5    283.3      0.0     88.1
     1     1    14     9    10     3     0     3   -65.0   57.251    1.824    355.0    979.1    283.3      0.0     86.2
     1     1    14     9    10     2     0     2   -66.0   57.422    1.726    359.5    978.8    283.3      0.0     85.8
     1     1    14     9    10     1     0     1   -67.0   57.594    1.629    367.9    977.9    283.2      0.0     86.1
     1     1    14     9    10     0     0     0   -68.0   57.768    1.532    381.1    976.5    283.1      0.0     87.1
     1     1    14     9     9    23     0     1   -69.0   57.947    1.417    397.6    974.4    283.0      0.0     87.0
     1     1    14     9     9    22     0     2   -70.0   58.130    1.270    414.4    972.4    282.9      0.0     86.7
     1     1    14     9     9    21     0     3   -71.0   58.314    1.094    429.9    970.6    282.9      0.0     86.7
     1     1    14     9     9    20     0     2   -72.0   58.489    0.895    445.8    968.6    282.7      0.0     86.0
