     7     1
    GDAS    14     8    22     0     0
    GDAS    14     8    29     0     0
    GDAS    14     9     1     0     0
    GDAS    14     9     8     0     0
    GDAS    14     9    15     0     0
    GDAS    14     9    22     0     0
    GDAS    14     9    29     0     0
     1 BACKWARD OMEGA   
    14     9    13     5   56.467   -2.973   100.0
     4 PRESSURE AIR_TEMP RAINFALL RELHUMID
     1     1    14     9    13     5     0     1     0.0   56.467   -2.973    100.0    984.8    285.2      0.0     95.7
     1     1    14     9    13     4     0     2    -1.0   56.457   -3.079    119.9    981.2    285.4      0.0     95.1
     1     1    14     9    13     3     0     3    -2.0   56.442   -3.198    140.0    978.1    285.7      0.0     94.3
     1     1    14     9    13     2     0     2    -3.0   56.423   -3.325    158.4    975.4    285.8      0.0     93.7
     1     1    14     9    13     1     0     1    -4.0   56.404   -3.455    173.8    973.3    285.9      0.0     93.4
     1     1    14     9    13     0     0     0    -5.0   56.385   -3.590    185.1    971.9    286.0      0.0     93.5
     1     1    14     9    12    23     0     1    -6.0   56.365   -3.721    194.1    971.0    286.2      0.0     92.6
     1     1    14     9    12    22     0     2    -7.0   56.342   -3.838    203.0    970.3    286.4      0.0     91.6
     1     1    14     9    12    21     0     3    -8.0   56.319   -3.940    212.1    969.7    286.6      0.0     90.7
     1     1    14     9    12    20     0     2    -9.0   56.300   -4.037    216.0    969.1    286.8      0.0     90.0
     1     1    14     9    12    19     0     1   -10.0   56.282   -4.138    210.0    970.4    287.0      0.0     88.8
     1     1    14     9    12    18     0     0   -11.0   56.264   -4.243    196.6    972.6    287.3      0.0     87.7
     1     1    14     9    12    17     0     1   -12.0   56.240   -4.340    181.6    975.6    287.5      0.0     86.4
     1     1    14     9    12    16     0     2   -13.0   56.205   -4.418    168.1    978.2    287.7      0.0     85.3
     1     1    14     9    12    15     0     3   -14.0   56.162   -4.475    155.0    981.2    287.9      0.0     84.5
     1     1    14     9    12    14     0     2   -15.0   56.113   -4.515    142.7    985.0    287.6      0.0     85.3
     1     1    14     9    12    13     0     1   -16.0   56.060   -4.539    132.1    988.3    287.3      0.0     86.1
     1     1    14     9    12    12     0     0   -17.0   56.005   -4.549    122.7    991.5    287.1      0.0     86.8
     1     1    14     9    12    11     0     1   -18.0   55.957   -4.532    117.4    992.8    286.8      0.0     87.6
     1     1    14     9    12    10     0     2   -19.0   55.928   -4.481    118.9    992.9    286.4      0.0     88.5
     1     1    14     9    12     9     0     3   -20.0   55.917   -4.396    126.1    992.5    285.9      0.0     89.6
     1     1    14     9    12     8     0     2   -21.0   55.919   -4.292    134.6    991.8    285.4      0.0     90.1
     1     1    14     9    12     7     0     1   -22.0   55.929   -4.182    139.8    991.6    284.9      0.0     90.8
     1     1    14     9    12     6     0     0   -23.0   55.950   -4.065    141.0    992.0    284.3      0.0     91.8
     1     1    14     9    12     5     0     1   -24.0   55.978   -3.944    140.0    992.6    284.9      0.0     91.3
     1     1    14     9    12     4     0     2   -25.0   56.001   -3.820    139.7    992.4    285.5      0.0     90.7
     1     1    14     9    12     3     0     3   -26.0   56.017   -3.692    140.2    991.3    286.1      0.0     90.1
     1     1    14     9    12     2     0     2   -27.0   56.023   -3.563    140.5    991.1    286.4      0.0     88.6
     1     1    14     9    12     1     0     1   -28.0   56.020   -3.437    140.1    991.5    286.7      0.0     87.1
     1     1    14     9    12     0     0     0   -29.0   56.010   -3.313    139.3    992.3    287.0      0.0     85.7
     1     1    14     9    11    23     0     1   -30.0   55.990   -3.185    140.9    992.7    287.1      0.0     84.7
     1     1    14     9    11    22     0     2   -31.0   55.960   -3.046    148.7    991.6    287.2      0.0     84.0
     1     1    14     9    11    21     0     3   -32.0   55.918   -2.899    163.8    990.6    287.4      0.0     82.3
     1     1    14     9    11    20     0     2   -33.0   55.868   -2.762    177.1    988.6    287.7      0.0     80.0
     1     1    14     9    11    19     0     1   -34.0   55.820   -2.644    179.7    988.7    288.0      0.0     78.2
     1     1    14     9    11    18     0     0   -35.0   55.774   -2.537    172.0    989.7    288.2      0.0     76.7
     1     1    14     9    11    17     0     1   -36.0   55.724   -2.427    158.7    991.9    288.2      0.0     75.6
     1     1    14     9    11    16     0     2   -37.0   55.668   -2.308    143.6    993.4    288.3      0.0     74.3
     1     1    14     9    11    15     0     3   -38.0   55.610   -2.178    126.2    994.5    288.5      0.0     72.9
     1     1    14     9    11    14     0     2   -39.0   55.550   -2.040    108.2    995.9    288.3      0.0     74.1
     1     1    14     9    11    13     0     1   -40.0   55.489   -1.904     92.6    998.7    288.3      0.0     75.7
     1     1    14     9    11    12     0     0   -41.0   55.425   -1.779     81.0   1001.7    288.3      0.0     77.2
     1     1    14     9    11    11     0     1   -42.0   55.359   -1.668     74.2   1003.4    287.8      0.0     80.5
     1     1    14     9    11    10     0     2   -43.0   55.289   -1.571     71.8   1004.1    287.2      0.0     83.9
     1     1    14     9    11     9     0     3   -44.0   55.215   -1.487     72.0   1004.6    286.6      0.0     87.4
     1     1    14     9    11     8     0     2   -45.0   55.139   -1.412     72.8   1005.1    286.0      0.0     88.7
     1     1    14     9    11     7     0     1   -46.0   55.065   -1.344     72.4   1006.0    285.6      0.0     89.9
     1     1    14     9    11     6     0     0   -47.0   54.995   -1.285     70.4   1007.0    285.2      0.0     91.1
     1     1    14     9    11     5     0     1   -48.0   54.924   -1.225     68.3   1008.5    285.4      0.0     90.2
     1     1    14     9    11     4     0     2   -49.0   54.851   -1.159     68.0   1009.7    285.4      0.0     89.2
     1     1    14     9    11     3     0     3   -50.0   54.776   -1.085     69.5   1010.8    285.5      0.0     88.1
     1     1    14     9    11     2     0     2   -51.0   54.699   -1.001     71.0   1011.8    285.6      0.0     87.6
     1     1    14     9    11     1     0     1   -52.0   54.620   -0.909     70.6   1011.1    285.4      0.0     87.5
     1     1    14     9    11     0     0     0   -53.0   54.540   -0.808     68.1   1010.7    285.4      0.0     87.4
     1     1    14     9    10    23     0     1   -54.0   54.464   -0.691     65.5   1010.7    285.4      0.0     85.1
     1     1    14     9    10    22     0     2   -55.0   54.399   -0.550     65.3   1010.2    285.5      0.0     82.9
     1     1    14     9    10    21     0     3   -56.0   54.342   -0.383     67.8   1009.4    285.7      0.0     80.6
     1     1    14     9    10    20     0     2   -57.0   54.290   -0.200     72.3   1008.1    286.4      0.0     77.9
     1     1    14     9    10    19     0     1   -58.0   54.240   -0.012     77.8   1006.7    287.1      0.0     74.9
     1     1    14     9    10    18     0     0   -59.0   54.204    0.170     79.4   1012.0    287.3      0.0     77.4
     1     1    14     9    10    17     0     1   -60.0   54.187    0.337     76.8   1012.9    287.4      0.0     75.9
     1     1    14     9    10    16     0     2   -61.0   54.187    0.491     74.9   1013.1    287.5      0.0     74.9
     1     1    14     9    10    15     0     3   -62.0   54.201    0.634     73.5   1013.2    287.5      0.0     74.2
     1     1    14     9    10    14     0     2   -63.0   54.220    0.765     73.9   1013.6    287.4      0.0     74.8
     1     1    14     9    10    13     0     1   -64.0   54.238    0.883     77.4   1013.3    287.3      0.0     75.3
     1     1    14     9    10    12     0     0   -65.0   54.253    0.990     84.3   1012.7    287.1      0.0     75.7
     1     1    14     9    10    11     0     1   -66.0   54.274    1.092     93.2   1011.3    287.0      0.0     75.8
     1     1    14     9    10    10     0     2   -67.0   54.308    1.193    102.1   1010.2    286.9      0.0     75.9
     1     1    14     9    10     9     0     3   -68.0   54.354    1.291    111.4   1009.0    286.6      0.0     76.0
     1     1    14     9    10     8     0     2   -69.0   54.410    1.381    120.9   1007.8    286.4      0.0     76.5
     1     1    14     9    10     7     0     1   -70.0   54.473    1.462    130.1   1006.7    286.2      0.0     77.0
     1     1    14     9    10     6     0     0   -71.0   54.544    1.537    139.3   1005.7    286.0      0.0     77.5
     1     1    14     9    10     5     0     1   -72.0   54.619    1.598    148.2   1004.4    285.9      0.0     77.6
