     7     1
    GDAS    14     8    22     0     0
    GDAS    14     8    29     0     0
    GDAS    14     9     1     0     0
    GDAS    14     9     8     0     0
    GDAS    14     9    15     0     0
    GDAS    14     9    22     0     0
    GDAS    14     9    29     0     0
     1 BACKWARD OMEGA   
    14     9     4    19   56.467   -2.973   100.0
     4 PRESSURE AIR_TEMP RAINFALL RELHUMID
     1     1    14     9     4    19     0     1     0.0   56.467   -2.973    100.0    976.2    288.5      0.0     86.5
     1     1    14     9     4    18     0     0    -1.0   56.376   -2.984    104.1    978.4    289.1      0.0     84.7
     1     1    14     9     4    17     0     1    -2.0   56.286   -2.980    109.1    981.1    289.5      0.0     82.3
     1     1    14     9     4    16     0     2    -3.0   56.194   -2.955    116.4    984.1    289.8      0.0     80.2
     1     1    14     9     4    15     0     3    -4.0   56.099   -2.903    128.7    986.9    289.9      0.0     78.5
     1     1    14     9     4    14     0     2    -5.0   56.004   -2.828    145.7    989.1    290.0      0.0     77.7
     1     1    14     9     4    13     0     1    -6.0   55.909   -2.739    158.6    987.6    289.8      0.0     77.5
     1     1    14     9     4    12     0     0    -7.0   55.813   -2.642    161.4    987.9    289.6      0.0     77.7
     1     1    14     9     4    11     0     1    -8.0   55.707   -2.543    162.0    988.5    289.3      0.0     78.6
     1     1    14     9     4    10     0     2    -9.0   55.584   -2.453    167.4    986.9    288.8      0.0     80.3
     1     1    14     9     4     9     0     3   -10.0   55.447   -2.372    179.4    983.9    288.1      0.0     82.8
     1     1    14     9     4     8     0     2   -11.0   55.303   -2.301    194.6    979.4    287.6      0.0     83.8
     1     1    14     9     4     7     0     1   -12.0   55.157   -2.235    209.7    975.1    287.1      0.0     85.0
     1     1    14     9     4     6     0     0   -13.0   55.009   -2.180    227.9    970.3    286.7      0.0     86.4
     1     1    14     9     4     5     0     1   -14.0   54.861   -2.118    243.5    966.9    286.5      0.0     85.6
     1     1    14     9     4     4     0     2   -15.0   54.720   -2.022    246.6    964.8    286.2      0.0     85.4
     1     1    14     9     4     3     0     3   -16.0   54.590   -1.893    237.4    967.9    286.2      0.0     85.7
     1     1    14     9     4     2     0     2   -17.0   54.472   -1.738    223.3    973.5    286.5      0.0     86.3
     1     1    14     9     4     1     0     1   -18.0   54.364   -1.567    210.9    978.9    286.8      0.0     86.1
     1     1    14     9     4     0     0     0   -19.0   54.262   -1.381    203.2    984.2    287.1      0.0     85.4
     1     1    14     9     3    23     0     1   -20.0   54.167   -1.174    207.9    988.7    287.4      0.0     84.4
     1     1    14     9     3    22     0     2   -21.0   54.079   -0.936    236.6    989.6    287.8      0.0     82.9
     1     1    14     9     3    21     0     3   -22.0   53.997   -0.667    290.0    982.8    287.9      0.0     81.0
     1     1    14     9     3    20     0     2   -23.0   53.918   -0.396    354.4    973.6    287.9      0.0     78.9
     1     1    14     9     3    19     0     1   -24.0   53.839   -0.145    417.9    966.7    287.7      0.0     78.6
     1     1    14     9     3    18     0     0   -25.0   53.774    0.077    450.0    965.7    287.0      0.0     80.8
     1     1    14     9     3    17     0     1   -26.0   53.732    0.295    445.9    970.1    287.3      0.0     80.8
     1     1    14     9     3    16     0     2   -27.0   53.710    0.524    441.6    971.0    287.4      0.0     80.5
     1     1    14     9     3    15     0     3   -28.0   53.701    0.759    441.1    971.5    287.4      0.0     80.5
     1     1    14     9     3    14     0     2   -29.0   53.696    0.983    447.7    971.7    287.3      0.0     81.0
     1     1    14     9     3    13     0     1   -30.0   53.685    1.186    456.3    970.5    287.2      0.0     81.1
     1     1    14     9     3    12     0     0   -31.0   53.665    1.372    461.5    970.3    287.2      0.0     81.3
     1     1    14     9     3    11     0     1   -32.0   53.637    1.553    463.1    970.2    287.2      0.0     80.9
     1     1    14     9     3    10     0     2   -33.0   53.604    1.747    462.2    970.6    287.2      0.0     80.6
     1     1    14     9     3     9     0     3   -34.0   53.567    1.957    460.6    970.9    287.2      0.0     80.6
     1     1    14     9     3     8     0     2   -35.0   53.532    2.174    461.3    971.0    287.3      0.0     80.0
     1     1    14     9     3     7     0     1   -36.0   53.501    2.381    464.2    970.2    287.3      0.0     79.2
     1     1    14     9     3     6     0     0   -37.0   53.472    2.581    465.5    969.7    287.3      0.0     78.4
     1     1    14     9     3     5     0     1   -38.0   53.439    2.779    464.6    969.9    287.3      0.0     80.0
     1     1    14     9     3     4     0     2   -39.0   53.399    2.982    463.3    970.1    287.4      0.0     82.4
     1     1    14     9     3     3     0     3   -40.0   53.352    3.188    463.9    970.0    287.4      0.0     84.0
     1     1    14     9     3     2     0     2   -41.0   53.307    3.403    465.0    969.7    287.5      0.0     82.9
     1     1    14     9     3     1     0     1   -42.0   53.268    3.639    464.3    969.9    287.7      0.0     81.7
     1     1    14     9     3     0     0     0   -43.0   53.237    3.907    462.2    970.3    287.9      0.0     80.5
     1     1    14     9     2    23     0     1   -44.0   53.214    4.195    463.5    970.7    287.9      0.0     80.4
     1     1    14     9     2    22     0     2   -45.0   53.200    4.482    472.4    969.4    287.9      0.0     79.4
     1     1    14     9     2    21     0     3   -46.0   53.196    4.763    485.9    967.6    288.1      0.0     77.6
     1     1    14     9     2    20     0     2   -47.0   53.204    5.036    501.9    965.6    287.9      0.0     79.1
     1     1    14     9     2    19     0     1   -48.0   53.228    5.295    517.7    963.3    287.8      0.0     79.6
     1     1    14     9     2    18     0     0   -49.0   53.266    5.548    528.7    961.8    287.8      0.0     77.9
     1     1    14     9     2    17     0     1   -50.0   53.322    5.789    529.4    960.9    287.9      0.0     77.2
     1     1    14     9     2    16     0     2   -51.0   53.399    6.015    518.5    961.9    288.0      0.0     76.7
     1     1    14     9     2    15     0     3   -52.0   53.489    6.233    506.1    964.0    288.1      0.0     76.2
     1     1    14     9     2    14     0     2   -53.0   53.571    6.451    502.8    964.9    287.9      0.0     76.4
     1     1    14     9     2    13     0     1   -54.0   53.636    6.674    506.9    964.2    287.6      0.0     77.0
     1     1    14     9     2    12     0     0   -55.0   53.685    6.902    512.9    963.3    287.3      0.0     77.6
     1     1    14     9     2    11     0     1   -56.0   53.726    7.139    521.5    962.1    286.9      0.0     80.2
     1     1    14     9     2    10     0     2   -57.0   53.764    7.384    534.6    959.7    286.5      0.0     82.3
     1     1    14     9     2     9     0     3   -58.0   53.798    7.639    548.4    957.3    286.3      0.0     82.1
     1     1    14     9     2     8     0     2   -59.0   53.826    7.910    559.5    955.5    286.2      0.0     81.1
     1     1    14     9     2     7     0     1   -60.0   53.850    8.206    569.8    954.3    286.1      0.1     81.8
     1     1    14     9     2     6     0     0   -61.0   53.871    8.538    584.7    952.7    285.9      0.0     81.3
     1     1    14     9     2     5     0     1   -62.0   53.888    8.910    606.2    950.1    285.9      0.0     80.3
     1     1    14     9     2     4     0     2   -63.0   53.908    9.319    631.1    945.9    285.6      0.0     81.5
     1     1    14     9     2     3     0     3   -64.0   53.943    9.770    660.4    940.9    285.3      0.0     83.0
     1     1    14     9     2     2     0     2   -65.0   53.988   10.265    700.0    935.6    285.1      0.0     83.9
     1     1    14     9     2     1     0     1   -66.0   54.034   10.787    740.8    929.9    284.8      0.0     84.6
     1     1    14     9     2     0     0     0   -67.0   54.085   11.325    784.7    926.3    284.6      0.0     85.2
     1     1    14     9     1    23     0     1   -68.0   54.132   11.836    829.9    920.1    284.2      0.2     85.2
     1     1    14     9     1    22     0     2   -69.0   54.164   12.289    861.3    917.5    283.9      0.2     86.2
     1     1    14     9     1    21     0     3   -70.0   54.185   12.695    876.2    917.0    283.8      0.2     87.5
     1     1    14     9     1    20     0     2   -71.0   54.195   13.078    883.6    918.0    283.9      1.1     86.8
     1     1    14     9     1    19     0     1   -72.0   54.189   13.446    887.9    916.7    283.9      1.1     86.6
