     7     1
    GDAS    14     8    22     0     0
    GDAS    14     8    29     0     0
    GDAS    14     9     1     0     0
    GDAS    14     9     8     0     0
    GDAS    14     9    15     0     0
    GDAS    14     9    22     0     0
    GDAS    14     9    29     0     0
     1 BACKWARD OMEGA   
    14     9    21    23   56.467   -2.973   100.0
     4 PRESSURE AIR_TEMP RAINFALL RELHUMID
     1     1    14     9    21    23     0     1     0.0   56.467   -2.973    100.0    983.0    283.1      0.0     80.3
     1     1    14     9    21    22     0     2    -1.0   56.452   -3.064     99.9    982.4    283.2      0.0     79.1
     1     1    14     9    21    21     0     3    -2.0   56.446   -3.171     99.3    981.8    283.3      0.0     77.8
     1     1    14     9    21    20     0     2    -3.0   56.448   -3.274     97.9    981.0    283.5      0.0     76.1
     1     1    14     9    21    19     0     1    -4.0   56.449   -3.353     95.7    980.6    283.8      0.0     74.4
     1     1    14     9    21    18     0     0    -5.0   56.450   -3.406     93.0    980.5    284.2      0.0     72.6
     1     1    14     9    21    17     0     1    -6.0   56.456   -3.455     89.1    980.3    284.5      0.0     71.1
     1     1    14     9    21    16     0     2    -7.0   56.471   -3.518     82.4    980.0    285.0      0.0     69.7
     1     1    14     9    21    15     0     3    -8.0   56.494   -3.597     71.6    979.7    285.6      0.0     68.1
     1     1    14     9    21    14     0     2    -9.0   56.522   -3.672     59.8    980.0    285.6      0.0     69.0
     1     1    14     9    21    13     0     1   -10.0   56.555   -3.729     51.2    979.1    285.5      0.0     70.3
     1     1    14     9    21    12     0     0   -11.0   56.591   -3.766     46.7    977.5    285.3      0.0     71.9
     1     1    14     9    21    11     0     1   -12.0   56.635   -3.794     44.9    975.0    284.2      0.0     75.5
     1     1    14     9    21    10     0     2   -13.0   56.690   -3.819     44.2    972.0    283.0      0.0     79.2
     1     1    14     9    21     9     0     3   -14.0   56.757   -3.841     44.5    968.4    281.7      0.0     83.0
     1     1    14     9    21     8     0     2   -15.0   56.834   -3.870     42.5    963.6    280.7      0.0     86.3
     1     1    14     9    21     7     0     1   -16.0   56.920   -3.916     34.0    959.0    280.0      0.0     90.1
     1     1    14     9    21     6     0     0   -17.0   57.011   -3.978     21.3    956.1    279.5      0.0     94.0
     1     1    14     9    21     5     0     1   -18.0   57.096   -4.049     12.0    963.2    279.6      0.0     94.2
     1     1    14     9    21     4     0     2   -19.0   57.175   -4.122      5.6    968.1    279.5      0.0     94.3
     1     1    14     9    21     3     0     3   -20.0   57.252   -4.197      0.3    972.4    279.4      0.0     94.5
     1     1    14     9    21     2     0     2   -21.0   57.322   -4.279      0.0    976.1    279.9      0.0     93.4
     1     1    14     9    21     1     0     1   -22.0   57.383   -4.374      0.0    979.1    280.4      0.0     92.7
     1     1    14     9    21     0     0     0   -23.0   57.436   -4.480      0.0    981.5    280.7      0.0     92.1
     1     1    14     9    20    23     0     1   -24.0   57.486   -4.593      0.0    982.8    280.9      0.0     91.9
     1     1    14     9    20    22     0     2   -25.0   57.533   -4.709      0.0    983.6    281.1      0.0     91.8
     1     1    14     9    20    21     0     3   -26.0   57.578   -4.827      0.0    983.7    281.3      0.0     92.0
     1     1    14     9    20    20     0     2   -27.0   57.626   -4.943      0.0    983.8    281.9      0.3     90.5
     1     1    14     9    20    19     0     1   -28.0   57.682   -5.055      0.0    985.9    282.8      0.2     89.0
     1     1    14     9    20    18     0     0   -29.0   57.752   -5.164      0.0    990.6    283.7      0.2     87.2
     1     1    14     9    20    17     0     1   -30.0   57.838   -5.291      0.0    996.2    284.9      0.1     85.5
     1     1    14     9    20    16     0     2   -31.0   57.942   -5.455      0.0   1003.4    285.8      0.1     84.1
     1     1    14     9    20    15     0     3   -32.0   58.070   -5.660      0.0   1012.0    286.2      0.0     82.6
     1     1    14     9    20    14     0     2   -33.0   58.219   -5.894      0.0   1019.7    286.3      0.0     83.7
     1     1    14     9    20    13     0     1   -34.0   58.378   -6.148      0.0   1021.3    286.5      0.0     84.6
     1     1    14     9    20    12     0     0   -35.0   58.540   -6.439      0.0   1019.6    286.7      0.0     85.1
     1     1    14     9    20    11     0     1   -36.0   58.707   -6.772      0.1   1018.4    286.6      0.0     85.2
     1     1    14     9    20    10     0     2   -37.0   58.884   -7.142      0.9   1018.9    286.4      0.0     84.7
     1     1    14     9    20     9     0     3   -38.0   59.071   -7.546      2.0   1019.5    286.2      0.0     84.0
     1     1    14     9    20     8     0     2   -39.0   59.256   -7.973      2.9   1018.8    286.1      0.0     85.9
     1     1    14     9    20     7     0     1   -40.0   59.432   -8.411      3.5   1017.8    286.0      0.0     86.4
     1     1    14     9    20     6     0     0   -41.0   59.606   -8.864      4.0   1016.2    285.9      0.0     85.9
     1     1    14     9    20     5     0     1   -42.0   59.771   -9.332      4.3   1016.2    286.0      0.0     86.0
     1     1    14     9    20     4     0     2   -43.0   59.929   -9.807      4.5   1015.8    286.0      0.0     86.4
     1     1    14     9    20     3     0     3   -44.0   60.095  -10.285      4.6   1015.5    285.9      0.0     87.1
     1     1    14     9    20     2     0     2   -45.0   60.265  -10.775      4.6   1016.3    286.1      0.0     87.0
     1     1    14     9    20     1     0     1   -46.0   60.428  -11.289      4.6   1015.9    286.1      0.0     87.7
     1     1    14     9    20     0     0     0   -47.0   60.594  -11.841      4.6   1014.9    286.2      0.0     88.4
     1     1    14     9    19    23     0     1   -48.0   60.769  -12.422      4.6   1014.9    286.1      0.0     88.1
     1     1    14     9    19    22     0     2   -49.0   60.939  -13.018      4.6   1014.7    286.0      0.0     89.2
     1     1    14     9    19    21     0     3   -50.0   61.095  -13.631      4.6   1013.3    285.8      0.0     88.9
     1     1    14     9    19    20     0     2   -51.0   61.240  -14.246      4.6   1013.6    285.7      0.0     89.0
     1     1    14     9    19    19     0     1   -52.0   61.377  -14.850      4.8   1013.7    285.6      0.0     90.1
     1     1    14     9    19    18     0     0   -53.0   61.507  -15.441      5.4   1012.9    285.5      0.0     91.3
     1     1    14     9    19    17     0     1   -54.0   61.626  -16.011      5.8   1012.6    285.4      0.1     90.6
     1     1    14     9    19    16     0     2   -55.0   61.735  -16.569      6.0   1012.6    285.2      0.1     91.1
     1     1    14     9    19    15     0     3   -56.0   61.841  -17.129      6.0   1012.2    284.9      0.1     91.9
     1     1    14     9    19    14     0     2   -57.0   61.943  -17.707      5.9   1012.5    284.9      0.4     92.2
     1     1    14     9    19    13     0     1   -58.0   62.032  -18.308      5.5   1012.5    285.0      0.7     92.2
     1     1    14     9    19    12     0     0   -59.0   62.108  -18.930      5.1   1012.8    285.0      0.6     92.8
     1     1    14     9    19    11     0     1   -60.0   62.173  -19.542      4.9   1012.0    284.9      0.0     92.6
     1     1    14     9    19    10     0     2   -61.0   62.216  -20.122      4.8   1011.4    284.9      0.0     93.1
     1     1    14     9    19     9     0     3   -62.0   62.233  -20.691      4.9   1011.9    284.9      0.0     94.5
     1     1    14     9    19     8     0     2   -63.0   62.237  -21.248      4.8   1011.5    284.9      1.3     94.2
     1     1    14     9    19     7     0     1   -64.0   62.234  -21.776      4.5   1010.7    284.7      1.0     94.3
     1     1    14     9    19     6     0     0   -65.0   62.220  -22.267      4.2   1010.0    284.6      0.9     95.4
     1     1    14     9    19     5     0     1   -66.0   62.198  -22.767      4.0   1010.2    284.6      0.1     95.1
     1     1    14     9    19     4     0     2   -67.0   62.170  -23.325      4.0   1010.3    284.6      0.1     94.4
     1     1    14     9    19     3     0     3   -68.0   62.125  -23.916      4.4   1010.4    284.3      0.0     95.2
     1     1    14     9    19     2     0     2   -69.0   62.065  -24.493      4.8   1010.6    284.3      0.9     96.1
     1     1    14     9    19     1     0     1   -70.0   62.009  -25.036      4.9   1010.8    284.4      1.1     95.7
     1     1    14     9    19     0     0     0   -71.0   61.956  -25.541      4.9   1011.1    284.3      0.6     94.7
     1     1    14     9    18    23     0     1   -72.0   61.906  -26.001      4.9   1011.2    284.1      0.6     94.7
