     7     1
    GDAS    14     8    22     0     0
    GDAS    14     8    29     0     0
    GDAS    14     9     1     0     0
    GDAS    14     9     8     0     0
    GDAS    14     9    15     0     0
    GDAS    14     9    22     0     0
    GDAS    14     9    29     0     0
     1 BACKWARD OMEGA   
    14     9     5    10   56.467   -2.973   100.0
     4 PRESSURE AIR_TEMP RAINFALL RELHUMID
     1     1    14     9     5    10     0     2     0.0   56.467   -2.973    100.0    974.4    286.9      0.0     91.0
     1     1    14     9     5     9     0     3    -1.0   56.496   -3.079    103.0    972.4    286.9      0.0     91.8
     1     1    14     9     5     8     0     2    -2.0   56.513   -3.194    114.7    969.2    286.2      0.0     93.1
     1     1    14     9     5     7     0     1    -3.0   56.516   -3.311    133.0    966.2    285.7      0.0     93.9
     1     1    14     9     5     6     0     0    -4.0   56.504   -3.434    157.4    962.4    285.4      0.0     94.0
     1     1    14     9     5     5     0     1    -5.0   56.483   -3.568    185.8    958.9    285.5      0.0     92.5
     1     1    14     9     5     4     0     2    -6.0   56.460   -3.718    217.9    955.5    285.6      0.0     91.2
     1     1    14     9     5     3     0     3    -7.0   56.435   -3.883    255.7    951.8    285.6      0.0     90.0
     1     1    14     9     5     2     0     2    -8.0   56.405   -4.058    294.9    947.5    285.6      0.0     88.9
     1     1    14     9     5     1     0     1    -9.0   56.370   -4.231    325.5    945.7    285.6      0.0     88.4
     1     1    14     9     5     0     0     0   -10.0   56.336   -4.399    343.7    945.6    285.8      0.0     88.1
     1     1    14     9     4    23     0     1   -11.0   56.291   -4.561    345.8    946.8    286.1      0.0     86.4
     1     1    14     9     4    22     0     2   -12.0   56.227   -4.710    326.1    950.8    286.7      0.0     84.3
     1     1    14     9     4    21     0     3   -13.0   56.139   -4.844    281.1    958.3    287.4      0.0     81.7
     1     1    14     9     4    20     0     2   -14.0   56.036   -4.965    219.2    968.7    288.1      0.0     79.7
     1     1    14     9     4    19     0     1   -15.0   55.927   -5.069    160.1    979.9    288.8      0.0     77.9
     1     1    14     9     4    18     0     0   -16.0   55.814   -5.153    117.2    987.7    289.3      0.0     76.8
     1     1    14     9     4    17     0     1   -17.0   55.696   -5.214     90.4    992.6    289.7      0.0     76.6
     1     1    14     9     4    16     0     2   -18.0   55.570   -5.252     75.5    995.9    290.1      0.0     76.5
     1     1    14     9     4    15     0     3   -19.0   55.434   -5.269     68.8    998.0    290.5      0.0     76.6
     1     1    14     9     4    14     0     2   -20.0   55.293   -5.258     70.2    999.6    290.2      0.0     79.3
     1     1    14     9     4    13     0     1   -21.0   55.149   -5.215     80.3    999.8    289.9      0.0     81.6
     1     1    14     9     4    12     0     0   -22.0   54.994   -5.147     99.7    999.6    289.7      0.0     83.7
     1     1    14     9     4    11     0     1   -23.0   54.833   -5.064    125.5    998.1    289.3      0.0     85.8
     1     1    14     9     4    10     0     2   -24.0   54.673   -4.981    150.5    996.3    289.0      0.0     87.0
     1     1    14     9     4     9     0     3   -25.0   54.512   -4.908    166.2    994.7    288.8      0.0     87.5
     1     1    14     9     4     8     0     2   -26.0   54.352   -4.850    169.6    995.6    289.0      0.0     86.0
     1     1    14     9     4     7     0     1   -27.0   54.195   -4.805    164.1    997.8    289.2      0.0     84.3
     1     1    14     9     4     6     0     0   -28.0   54.037   -4.776    152.6   1000.8    289.6      0.0     82.5
     1     1    14     9     4     5     0     1   -29.0   53.880   -4.726    141.6   1002.6    289.6      0.0     80.2
     1     1    14     9     4     4     0     2   -30.0   53.724   -4.610    136.8   1001.0    289.5      0.0     79.5
     1     1    14     9     4     3     0     3   -31.0   53.572   -4.434    142.1    996.9    289.3      0.0     80.0
     1     1    14     9     4     2     0     2   -32.0   53.435   -4.232    165.3    989.0    289.1      0.0     80.2
     1     1    14     9     4     1     0     1   -33.0   53.317   -4.033    212.6    977.2    288.9      0.0     80.4
     1     1    14     9     4     0     0     0   -34.0   53.206   -3.826    270.3    967.3    288.8      0.0     79.8
     1     1    14     9     3    23     0     1   -35.0   53.096   -3.602    309.5    961.6    288.6      0.0     79.7
     1     1    14     9     3    22     0     2   -36.0   52.991   -3.358    313.4    962.0    288.7      0.0     78.4
     1     1    14     9     3    21     0     3   -37.0   52.895   -3.090    267.8    970.1    289.4      0.0     75.6
     1     1    14     9     3    20     0     2   -38.0   52.823   -2.827    204.7    982.3    290.0      0.0     76.5
     1     1    14     9     3    19     0     1   -39.0   52.774   -2.599    169.0    986.6    290.4      0.0     75.6
     1     1    14     9     3    18     0     0   -40.0   52.739   -2.401    155.4    987.2    290.9      0.0     73.5
     1     1    14     9     3    17     0     1   -41.0   52.712   -2.210    153.0    987.1    291.1      0.0     71.4
     1     1    14     9     3    16     0     2   -42.0   52.691   -2.004    159.1    986.6    291.3      0.0     69.5
     1     1    14     9     3    15     0     3   -43.0   52.674   -1.782    166.3    986.3    291.3      0.0     67.5
     1     1    14     9     3    14     0     2   -44.0   52.658   -1.557    167.2    988.8    291.0      0.0     68.8
     1     1    14     9     3    13     0     1   -45.0   52.645   -1.345    163.6    991.4    290.8      0.0     69.6
     1     1    14     9     3    12     0     0   -46.0   52.633   -1.151    155.6    994.4    290.8      0.0     69.9
     1     1    14     9     3    11     0     1   -47.0   52.625   -0.968    144.2    997.4    290.1      0.0     73.5
     1     1    14     9     3    10     0     2   -48.0   52.620   -0.793    132.3    999.2    289.5      0.0     78.1
     1     1    14     9     3     9     0     3   -49.0   52.616   -0.628    122.5   1000.5    288.7      0.0     82.9
     1     1    14     9     3     8     0     2   -50.0   52.606   -0.471    115.9   1001.1    288.1      0.0     86.5
     1     1    14     9     3     7     0     1   -51.0   52.583   -0.320    113.5   1001.1    287.4      0.0     90.2
     1     1    14     9     3     6     0     0   -52.0   52.548   -0.173    115.1   1000.6    286.6      0.0     93.9
     1     1    14     9     3     5     0     1   -53.0   52.508   -0.021    117.7    999.7    286.6      0.0     93.8
     1     1    14     9     3     4     0     2   -54.0   52.478    0.141    117.2   1002.6    287.0      0.0     87.5
     1     1    14     9     3     3     0     3   -55.0   52.460    0.316    112.3   1004.0    287.2      0.0     86.6
     1     1    14     9     3     2     0     2   -56.0   52.443    0.504    106.3   1005.9    287.4      0.0     86.1
     1     1    14     9     3     1     0     1   -57.0   52.428    0.699    101.4   1007.4    287.7      0.0     84.8
     1     1    14     9     3     0     0     0   -58.0   52.413    0.899     96.9   1008.9    288.0      0.0     82.9
     1     1    14     9     2    23     0     1   -59.0   52.402    1.101     91.6   1010.1    288.2      0.0     82.5
     1     1    14     9     2    22     0     2   -60.0   52.396    1.312     84.9   1011.4    288.6      0.0     81.3
     1     1    14     9     2    21     0     3   -61.0   52.393    1.541     77.4   1012.9    289.0      0.0     78.4
     1     1    14     9     2    20     0     2   -62.0   52.400    1.786     70.8   1014.7    289.5      0.0     76.4
     1     1    14     9     2    19     0     1   -63.0   52.419    2.035     67.1   1016.0    289.8      0.0     75.5
     1     1    14     9     2    18     0     0   -64.0   52.451    2.278     67.3   1016.3    289.9      0.0     74.9
     1     1    14     9     2    17     0     1   -65.0   52.497    2.502     70.8   1015.5    289.9      0.0     75.8
     1     1    14     9     2    16     0     2   -66.0   52.550    2.704     76.0   1014.5    289.8      0.0     75.9
     1     1    14     9     2    15     0     3   -67.0   52.605    2.882     81.9   1013.4    289.8      0.0     75.3
     1     1    14     9     2    14     0     2   -68.0   52.647    3.043     87.7   1012.8    289.8      0.0     76.0
     1     1    14     9     2    13     0     1   -69.0   52.669    3.195     93.0   1012.3    289.8      0.0     77.2
     1     1    14     9     2    12     0     0   -70.0   52.676    3.333     98.0   1011.9    289.8      0.0     77.7
     1     1    14     9     2    11     0     1   -71.0   52.673    3.466    102.2   1010.7    289.6      0.0     78.4
     1     1    14     9     2    10     0     2   -72.0   52.666    3.596    104.9   1009.8    289.4      0.0     79.0
