     7     1
    GDAS    14     8    22     0     0
    GDAS    14     8    29     0     0
    GDAS    14     9     1     0     0
    GDAS    14     9     8     0     0
    GDAS    14     9    15     0     0
    GDAS    14     9    22     0     0
    GDAS    14     9    29     0     0
     1 BACKWARD OMEGA   
    14     9    23    16   56.467   -2.973   100.0
     4 PRESSURE AIR_TEMP RAINFALL RELHUMID
     1     1    14     9    23    16     0     2     0.0   56.467   -2.973    100.0    970.1    284.6      0.0     74.4
     1     1    14     9    23    15     0     3    -1.0   56.386   -3.179    117.3    969.4    284.8      0.0     71.7
     1     1    14     9    23    14     0     2    -2.0   56.316   -3.379    132.7    970.2    284.7      0.0     72.2
     1     1    14     9    23    13     0     1    -3.0   56.258   -3.571    148.8    970.5    284.6      0.0     72.7
     1     1    14     9    23    12     0     0    -4.0   56.213   -3.749    165.8    970.4    284.4      0.0     73.0
     1     1    14     9    23    11     0     1    -5.0   56.178   -3.925    188.2    969.6    283.6      0.0     76.2
     1     1    14     9    23    10     0     2    -6.0   56.150   -4.113    217.4    967.0    282.7      0.0     79.7
     1     1    14     9    23     9     0     3    -7.0   56.126   -4.307    246.2    964.1    282.0      0.0     82.5
     1     1    14     9    23     8     0     2    -8.0   56.110   -4.519    271.7    961.2    281.9      0.0     84.0
     1     1    14     9    23     7     0     1    -9.0   56.110   -4.754    298.1    957.6    281.6      0.0     84.5
     1     1    14     9    23     6     0     0   -10.0   56.126   -5.001    335.8    952.4    281.2      0.0     84.2
     1     1    14     9    23     5     0     1   -11.0   56.145   -5.269    366.0    951.3    281.5      0.0     86.7
     1     1    14     9    23     4     0     2   -12.0   56.155   -5.565    359.8    958.5    282.2      0.0     84.9
     1     1    14     9    23     3     0     3   -13.0   56.164   -5.895    325.7    970.2    283.2      0.0     78.9
     1     1    14     9    23     2     0     2   -14.0   56.175   -6.243    282.0    981.0    284.1      0.1     77.7
     1     1    14     9    23     1     0     1   -15.0   56.180   -6.597    249.1    987.9    284.8      0.0     76.0
     1     1    14     9    23     0     0     0   -16.0   56.182   -6.952    237.2    992.0    285.2      0.0     72.3
     1     1    14     9    22    23     0     1   -17.0   56.186   -7.321    240.2    991.1    285.1      0.1     74.5
     1     1    14     9    22    22     0     2   -18.0   56.199   -7.714    247.1    990.3    285.0      0.0     74.3
     1     1    14     9    22    21     0     3   -19.0   56.221   -8.127    255.2    989.6    285.0      0.0     72.1
     1     1    14     9    22    20     0     2   -20.0   56.240   -8.552    260.6    988.9    284.9      0.7     74.7
     1     1    14     9    22    19     0     1   -21.0   56.248   -8.986    260.8    989.1    285.0      1.1     74.1
     1     1    14     9    22    18     0     0   -22.0   56.247   -9.440    258.4    989.8    285.0      1.4     73.5
     1     1    14     9    22    17     0     1   -23.0   56.245   -9.900    258.9    990.1    284.9      0.2     72.8
     1     1    14     9    22    16     0     2   -24.0   56.247  -10.345    264.0    989.5    284.8      0.3     71.5
     1     1    14     9    22    15     0     3   -25.0   56.231  -10.793    269.9    988.6    284.6      0.0     69.2
     1     1    14     9    22    14     0     2   -26.0   56.204  -11.243    276.4    988.6    284.5      0.2     69.6
     1     1    14     9    22    13     0     1   -27.0   56.180  -11.677    284.6    987.7    284.4      0.0     69.4
     1     1    14     9    22    12     0     0   -28.0   56.153  -12.096    289.5    987.2    284.3      0.0     67.7
     1     1    14     9    22    11     0     1   -29.0   56.129  -12.508    296.2    987.3    284.3      0.0     68.7
     1     1    14     9    22    10     0     2   -30.0   56.115  -12.916    312.6    985.2    284.0      0.0     69.7
     1     1    14     9    22     9     0     3   -31.0   56.108  -13.321    337.7    982.1    283.6      0.0     70.9
     1     1    14     9    22     8     0     2   -32.0   56.101  -13.729    365.5    978.1    283.3      0.0     72.0
     1     1    14     9    22     7     0     1   -33.0   56.090  -14.144    391.1    975.1    283.0      0.0     72.0
     1     1    14     9    22     6     0     0   -34.0   56.075  -14.562    412.6    972.4    282.7      0.0     72.0
     1     1    14     9    22     5     0     1   -35.0   56.058  -14.998    430.1    970.9    282.7      0.0     72.1
     1     1    14     9    22     4     0     2   -36.0   56.042  -15.469    447.8    969.2    282.6      0.0     72.4
     1     1    14     9    22     3     0     3   -37.0   56.026  -15.968    468.5    966.9    282.4      0.0     71.7
     1     1    14     9    22     2     0     2   -38.0   56.009  -16.488    489.8    963.7    282.2      0.1     73.0
     1     1    14     9    22     1     0     1   -39.0   55.988  -17.026    510.7    961.2    282.0      0.0     72.3
     1     1    14     9    22     0     0     0   -40.0   55.970  -17.571    533.4    958.4    281.8      0.0     71.8
     1     1    14     9    21    23     0     1   -41.0   55.954  -18.114    559.1    955.3    281.6      0.0     73.6
     1     1    14     9    21    22     0     2   -42.0   55.940  -18.649    588.2    951.8    281.4      0.0     74.4
     1     1    14     9    21    21     0     3   -43.0   55.936  -19.174    617.5    948.1    281.2      0.0     73.6
     1     1    14     9    21    20     0     2   -44.0   55.934  -19.734    643.5    944.5    280.9      0.1     75.6
     1     1    14     9    21    19     0     1   -45.0   55.923  -20.373    670.0    941.2    280.6      0.2     75.7
     1     1    14     9    21    18     0     0   -46.0   55.909  -21.091    708.2    936.8    280.2      0.2     73.8
     1     1    14     9    21    17     0     1   -47.0   55.874  -21.856    760.3    929.1    279.4      0.0     79.1
     1     1    14     9    21    16     0     2   -48.0   55.819  -22.633    821.5    921.1    278.6      0.0     81.2
     1     1    14     9    21    15     0     3   -49.0   55.762  -23.406    872.0    914.9    278.0      0.0     80.2
     1     1    14     9    21    14     0     2   -50.0   55.696  -24.203    907.1    909.6    277.5      0.4     84.4
     1     1    14     9    21    13     0     1   -51.0   55.618  -25.046    937.6    905.5    277.0      0.9     86.0
     1     1    14     9    21    12     0     0   -52.0   55.540  -25.929    976.7    899.7    276.4      1.5     84.3
     1     1    14     9    21    11     0     1   -53.0   55.470  -26.840   1022.2    893.5    276.0      0.5     86.9
     1     1    14     9    21    10     0     2   -54.0   55.409  -27.762   1063.5    887.0    275.3      0.3     89.7
     1     1    14     9    21     9     0     3   -55.0   55.347  -28.699   1076.1    885.2    274.8      0.0     87.8
     1     1    14     9    21     8     0     2   -56.0   55.283  -29.671   1104.7    881.6    274.5      2.2     88.2
     1     1    14     9    21     7     0     1   -57.0   55.212  -30.653   1166.4    872.6    273.7      1.3     89.3
     1     1    14     9    21     6     0     0   -58.0   55.131  -31.631   1187.3    870.0    273.2      0.8     89.6
     1     1    14     9    21     5     0     1   -59.0   55.037  -32.618   1197.1    868.2    273.1      0.5     89.6
     1     1    14     9    21     4     0     2   -60.0   54.948  -33.594   1201.0    867.4    273.0      0.1     89.7
     1     1    14     9    21     3     0     3   -61.0   54.877  -34.569   1227.2    863.4    272.6      0.0     88.1
     1     1    14     9    21     2     0     2   -62.0   54.798  -35.539   1256.3    860.0    272.3      0.6     88.9
     1     1    14     9    21     1     0     1   -63.0   54.718  -36.492   1296.2    855.4    271.9      1.1     88.8
     1     1    14     9    21     0     0     0   -64.0   54.654  -37.447   1350.8    848.5    271.2      0.2     91.2
     1     1    14     9    20    23     0     1   -65.0   54.600  -38.418   1370.6    846.0    271.0      0.0     93.3
     1     1    14     9    20    22     0     2   -66.0   54.549  -39.421   1359.4    847.5    271.1      0.0     90.9
     1     1    14     9    20    21     0     3   -67.0   54.507  -40.448   1370.7    846.4    271.0      0.0     87.8
     1     1    14     9    20    20     0     2   -68.0   54.454  -41.485   1407.7    841.9    270.5      0.0     90.2
     1     1    14     9    20    19     0     1   -69.0   54.390  -42.536   1467.4    834.9    269.8      0.0     91.9
     1     1    14     9    20    18     0     0   -70.0   54.335  -43.616   1529.8    827.9    269.2      0.1     92.3
     1     1    14     9    20    17     0     1   -71.0   54.282  -44.725   1588.8    821.0    268.4      0.1     92.8
     1     1    14     9    20    16     0     2   -72.0   54.242  -45.873   1640.7    816.0    267.6      0.1     93.9
