     7     1
    GDAS    14     8    22     0     0
    GDAS    14     8    29     0     0
    GDAS    14     9     1     0     0
    GDAS    14     9     8     0     0
    GDAS    14     9    15     0     0
    GDAS    14     9    22     0     0
    GDAS    14     9    29     0     0
     1 BACKWARD OMEGA   
    14     9    14     4   56.467   -2.973   100.0
     4 PRESSURE AIR_TEMP RAINFALL RELHUMID
     1     1    14     9    14     4     0     2     0.0   56.467   -2.973    100.0    986.3    282.6      0.0     93.8
     1     1    14     9    14     3     0     3    -1.0   56.425   -2.850     87.0    992.6    283.1      0.0     92.7
     1     1    14     9    14     2     0     2    -2.0   56.382   -2.719     75.6    998.9    283.8      0.0     91.0
     1     1    14     9    14     1     0     1    -3.0   56.334   -2.575     65.7   1005.1    284.4      0.0     88.9
     1     1    14     9    14     0     0     0    -4.0   56.278   -2.421     57.5   1010.9    285.0      0.0     86.3
     1     1    14     9    13    23     0     1    -5.0   56.213   -2.255     50.7   1015.7    285.6      0.0     83.7
     1     1    14     9    13    22     0     2    -6.0   56.140   -2.078     45.3   1019.9    286.2      0.0     80.5
     1     1    14     9    13    21     0     3    -7.0   56.057   -1.887     41.9   1021.8    286.6      0.0     77.6
     1     1    14     9    13    20     0     2    -8.0   55.974   -1.686     40.4   1022.3    286.5      0.0     77.0
     1     1    14     9    13    19     0     1    -9.0   55.897   -1.486     39.5   1022.6    286.5      0.0     77.1
     1     1    14     9    13    18     0     0   -10.0   55.822   -1.292     39.2   1023.6    286.6      0.0     77.0
     1     1    14     9    13    17     0     1   -11.0   55.748   -1.106     40.7   1024.3    286.7      0.0     77.1
     1     1    14     9    13    16     0     2   -12.0   55.677   -0.925     45.1   1024.4    286.8      0.0     77.1
     1     1    14     9    13    15     0     3   -13.0   55.610   -0.742     52.0   1023.3    286.8      0.0     76.8
     1     1    14     9    13    14     0     2   -14.0   55.545   -0.568     60.1   1022.3    286.8      0.0     77.0
     1     1    14     9    13    13     0     1   -15.0   55.480   -0.413     68.7   1021.0    286.8      0.0     77.1
     1     1    14     9    13    12     0     0   -16.0   55.416   -0.280     78.0   1019.6    286.8      0.0     77.1
     1     1    14     9    13    11     0     1   -17.0   55.352   -0.170     87.6   1018.1    286.7      0.0     79.0
     1     1    14     9    13    10     0     2   -18.0   55.288   -0.087     96.9   1016.8    286.5      0.0     80.9
     1     1    14     9    13     9     0     3   -19.0   55.223   -0.032    105.7   1015.5    286.4      0.0     82.9
     1     1    14     9    13     8     0     2   -20.0   55.168    0.032    112.1   1014.8    286.5      0.0     88.3
     1     1    14     9    13     7     0     1   -21.0   55.122    0.124    115.9   1014.8    286.6      0.0     88.1
     1     1    14     9    13     6     0     0   -22.0   55.073    0.223    119.0   1014.7    286.6      0.0     88.1
     1     1    14     9    13     5     0     1   -23.0   55.031    0.320    120.6   1014.1    286.6      0.0     88.0
     1     1    14     9    13     4     0     2   -24.0   55.000    0.403    120.0   1013.8    286.6      0.0     87.8
     1     1    14     9    13     3     0     3   -25.0   54.980    0.473    117.7   1013.7    286.6      0.0     87.4
     1     1    14     9    13     2     0     2   -26.0   54.962    0.536    115.2   1013.8    286.7      0.0     86.8
     1     1    14     9    13     1     0     1   -27.0   54.937    0.602    113.6   1013.6    286.7      0.0     86.3
     1     1    14     9    13     0     0     0   -28.0   54.908    0.670    112.7   1013.3    286.8      0.0     85.8
     1     1    14     9    12    23     0     1   -29.0   54.881    0.755    113.3   1013.3    286.9      0.0     86.7
     1     1    14     9    12    22     0     2   -30.0   54.862    0.871    116.3   1013.1    287.0      0.0     87.5
     1     1    14     9    12    21     0     3   -31.0   54.854    1.017    121.7   1012.6    287.1      0.0     88.0
     1     1    14     9    12    20     0     2   -32.0   54.859    1.182    127.5   1011.8    287.1      0.0     88.6
     1     1    14     9    12    19     0     1   -33.0   54.878    1.354    131.2   1011.4    287.1      0.0     89.0
     1     1    14     9    12    18     0     0   -34.0   54.910    1.532    132.5   1011.3    287.1      0.0     89.4
     1     1    14     9    12    17     0     1   -35.0   54.951    1.708    132.8   1010.9    287.2      0.0     89.3
     1     1    14     9    12    16     0     2   -36.0   54.999    1.873    133.4   1010.4    287.2      0.0     88.8
     1     1    14     9    12    15     0     3   -37.0   55.053    2.022    133.6   1009.9    287.3      0.0     87.9
     1     1    14     9    12    14     0     2   -38.0   55.108    2.163    133.6   1010.1    287.2      0.0     88.1
     1     1    14     9    12    13     0     1   -39.0   55.161    2.302    133.6   1010.4    287.2      0.0     88.3
     1     1    14     9    12    12     0     0   -40.0   55.214    2.443    133.6   1010.6    287.2      0.0     88.3
     1     1    14     9    12    11     0     1   -41.0   55.270    2.592    134.7   1010.5    287.2      0.0     88.5
     1     1    14     9    12    10     0     2   -42.0   55.334    2.753    138.1   1010.2    287.3      0.0     88.7
     1     1    14     9    12     9     0     3   -43.0   55.407    2.920    143.8   1009.5    287.2      0.0     88.8
     1     1    14     9    12     8     0     2   -44.0   55.484    3.076    149.9   1008.3    287.1      0.0     89.2
     1     1    14     9    12     7     0     1   -45.0   55.561    3.211    153.8   1007.7    287.1      0.0     89.6
     1     1    14     9    12     6     0     0   -46.0   55.636    3.327    155.3   1007.5    287.1      0.0     90.0
     1     1    14     9    12     5     0     1   -47.0   55.707    3.437    155.5   1007.0    287.2      0.0     89.5
     1     1    14     9    12     4     0     2   -48.0   55.772    3.554    155.5   1006.5    287.3      0.0     89.1
     1     1    14     9    12     3     0     3   -49.0   55.829    3.679    155.3   1005.9    287.4      0.0     88.8
     1     1    14     9    12     2     0     2   -50.0   55.879    3.810    155.0   1006.4    287.4      0.0     88.2
     1     1    14     9    12     1     0     1   -51.0   55.924    3.947    154.8   1006.9    287.4      0.0     87.5
     1     1    14     9    12     0     0     0   -52.0   55.966    4.090    154.7   1007.4    287.5      0.0     86.9
     1     1    14     9    11    23     0     1   -53.0   56.014    4.235    154.7   1006.9    287.6      0.0     86.6
     1     1    14     9    11    22     0     2   -54.0   56.073    4.375    154.8   1006.4    287.7      0.0     85.9
     1     1    14     9    11    21     0     3   -55.0   56.142    4.509    155.0   1006.0    287.9      0.0     85.2
     1     1    14     9    11    20     0     2   -56.0   56.213    4.632    155.3   1005.8    288.0      0.0     84.5
     1     1    14     9    11    19     0     1   -57.0   56.282    4.741    155.7   1005.6    288.0      0.0     83.9
     1     1    14     9    11    18     0     0   -58.0   56.346    4.838    156.3   1005.4    288.1      0.0     83.3
     1     1    14     9    11    17     0     1   -59.0   56.403    4.941    155.7   1005.0    288.2      0.0     82.9
     1     1    14     9    11    16     0     2   -60.0   56.451    5.072    152.9   1005.1    288.3      0.0     82.5
     1     1    14     9    11    15     0     3   -61.0   56.493    5.234    148.5   1005.5    288.4      0.0     82.0
     1     1    14     9    11    14     0     2   -62.0   56.534    5.419    143.3   1006.4    288.5      0.0     81.6
     1     1    14     9    11    13     0     1   -63.0   56.579    5.621    138.2   1007.3    288.5      0.0     81.6
     1     1    14     9    11    12     0     0   -64.0   56.625    5.845    132.9   1008.2    288.6      0.0     82.0
     1     1    14     9    11    11     0     1   -65.0   56.676    6.087    128.7   1008.3    288.7      0.0     81.9
     1     1    14     9    11    10     0     2   -66.0   56.736    6.338    127.2   1007.8    288.6      0.0     82.0
     1     1    14     9    11     9     0     3   -67.0   56.806    6.595    127.7   1007.1    288.6      0.0     82.6
     1     1    14     9    11     8     0     2   -68.0   56.884    6.868    128.5   1006.7    288.6      0.0     82.3
     1     1    14     9    11     7     0     1   -69.0   56.965    7.160    130.0   1006.5    288.6      0.0     82.1
     1     1    14     9    11     6     0     0   -70.0   57.047    7.460    134.9   1005.6    288.5      0.0     82.1
     1     1    14     9    11     5     0     1   -71.0   57.131    7.755    144.0   1004.3    288.3      0.0     81.3
     1     1    14     9    11     4     0     2   -72.0   57.223    8.040    155.2   1002.2    288.2      0.0     80.5
