     7     1
    GDAS    14     8    22     0     0
    GDAS    14     8    29     0     0
    GDAS    14     9     1     0     0
    GDAS    14     9     8     0     0
    GDAS    14     9    15     0     0
    GDAS    14     9    22     0     0
    GDAS    14     9    29     0     0
     1 BACKWARD OMEGA   
    14     9    19     1   56.467   -2.973   100.0
     4 PRESSURE AIR_TEMP RAINFALL RELHUMID
     1     1    14     9    19     1     0     1     0.0   56.467   -2.973    100.0    972.4    284.8      0.0     98.1
     1     1    14     9    19     0     0     0    -1.0   56.435   -2.841     88.9    978.3    285.2      0.0     97.5
     1     1    14     9    18    23     0     1    -2.0   56.404   -2.697     77.6    984.6    285.6      0.0     97.0
     1     1    14     9    18    22     0     2    -3.0   56.374   -2.543     67.6    990.7    286.0      0.0     96.4
     1     1    14     9    18    21     0     3    -4.0   56.342   -2.380     59.9    996.5    286.3      0.0     95.9
     1     1    14     9    18    20     0     2    -5.0   56.310   -2.203     53.3   1001.4    286.6      0.0     95.2
     1     1    14     9    18    19     0     1    -6.0   56.279   -2.008     46.2   1006.5    286.7      0.0     94.5
     1     1    14     9    18    18     0     0    -7.0   56.246   -1.792     39.6   1007.7    286.8      0.0     94.1
     1     1    14     9    18    17     0     1    -8.0   56.210   -1.558     35.2   1008.2    286.9      0.0     93.2
     1     1    14     9    18    16     0     2    -9.0   56.166   -1.315     32.8   1008.6    287.0      0.0     92.8
     1     1    14     9    18    15     0     3   -10.0   56.111   -1.072     31.8   1009.2    287.1      0.0     92.9
     1     1    14     9    18    14     0     2   -11.0   56.041   -0.819     30.9   1009.7    287.1      0.0     93.0
     1     1    14     9    18    13     0     1   -12.0   55.959   -0.544     29.2   1010.1    287.1      0.0     92.7
     1     1    14     9    18    12     0     0   -13.0   55.867   -0.249     26.7   1010.7    287.1      0.0     92.4
     1     1    14     9    18    11     0     1   -14.0   55.781    0.110     25.5   1011.3    287.2      0.0     89.1
     1     1    14     9    18    10     0     2   -15.0   55.714    0.535     26.0   1011.3    287.5      0.0     88.7
     1     1    14     9    18     9     0     3   -16.0   55.662    0.980     26.1   1011.5    287.7      0.0     88.1
     1     1    14     9    18     8     0     2   -17.0   55.621    1.438     25.8   1011.4    287.8      0.0     87.1
     1     1    14     9    18     7     0     1   -18.0   55.588    1.900     24.8   1011.2    288.0      0.0     86.5
     1     1    14     9    18     6     0     0   -19.0   55.565    2.362     23.3   1011.6    288.2      0.0     86.1
     1     1    14     9    18     5     0     1   -20.0   55.554    2.833     22.3   1012.5    288.4      0.0     84.8
     1     1    14     9    18     4     0     2   -21.0   55.548    3.320     21.8   1012.7    288.6      0.0     83.2
     1     1    14     9    18     3     0     3   -22.0   55.543    3.823     21.7   1012.7    288.7      0.0     81.9
     1     1    14     9    18     2     0     2   -23.0   55.535    4.339     21.8   1012.9    289.1      0.0     80.5
     1     1    14     9    18     1     0     1   -24.0   55.520    4.868     22.1   1013.0    289.4      0.0     78.7
     1     1    14     9    18     0     0     0   -25.0   55.498    5.409     22.7   1013.1    289.5      0.0     76.8
     1     1    14     9    17    23     0     1   -26.0   55.472    5.957     22.8   1013.5    289.6      0.0     75.6
     1     1    14     9    17    22     0     2   -27.0   55.443    6.509     22.3   1014.2    289.7      0.0     73.5
     1     1    14     9    17    21     0     3   -28.0   55.412    7.064     22.2   1014.7    289.8      0.0     71.4
     1     1    14     9    17    20     0     2   -29.0   55.391    7.612     23.2   1014.3    290.0      0.0     68.6
     1     1    14     9    17    19     0     1   -30.0   55.390    8.133     26.2   1013.7    289.8      0.0     67.7
     1     1    14     9    17    18     0     0   -31.0   55.403    8.592     32.7   1011.3    289.1      0.0     68.9
     1     1    14     9    17    17     0     1   -32.0   55.417    8.987     43.2   1008.4    290.0      0.0     67.6
     1     1    14     9    17    16     0     2   -33.0   55.425    9.356     52.9   1007.7    291.1      0.0     65.1
     1     1    14     9    17    15     0     3   -34.0   55.429    9.721     55.3   1008.1    291.7      0.0     63.4
     1     1    14     9    17    14     0     2   -35.0   55.434   10.076     52.2   1010.2    291.3      0.0     67.3
     1     1    14     9    17    13     0     1   -36.0   55.439   10.421     49.3   1012.1    290.9      0.0     69.9
     1     1    14     9    17    12     0     0   -37.0   55.442   10.753     49.5   1013.4    290.5      0.0     72.5
     1     1    14     9    17    11     0     1   -38.0   55.441   11.078     51.1   1014.2    290.0      0.0     76.1
     1     1    14     9    17    10     0     2   -39.0   55.435   11.402     51.0   1014.0    290.0      0.0     78.5
     1     1    14     9    17     9     0     3   -40.0   55.417   11.723     48.6   1013.8    290.1      0.0     81.3
     1     1    14     9    17     8     0     2   -41.0   55.390   12.034     45.0   1013.8    289.9      0.0     82.1
     1     1    14     9    17     7     0     1   -42.0   55.358   12.337     42.5   1013.9    289.3      0.0     82.9
     1     1    14     9    17     6     0     0   -43.0   55.322   12.639     42.3   1013.5    288.6      0.0     83.9
     1     1    14     9    17     5     0     1   -44.0   55.283   12.955     44.3   1013.6    288.5      0.0     81.1
     1     1    14     9    17     4     0     2   -45.0   55.243   13.286     45.9   1014.3    288.6      0.0     78.0
     1     1    14     9    17     3     0     3   -46.0   55.204   13.608     43.6   1015.0    288.9      0.0     74.6
     1     1    14     9    17     2     0     2   -47.0   55.162   13.926     37.5   1015.9    289.2      0.0     72.0
     1     1    14     9    17     1     0     1   -48.0   55.107   14.257     30.8   1017.4    289.6      0.0     69.2
     1     1    14     9    17     0     0     0   -49.0   55.032   14.608     25.8   1018.2    290.0      0.0     66.0
     1     1    14     9    16    23     0     1   -50.0   54.941   14.974     23.1   1019.4    290.0      0.0     63.9
     1     1    14     9    16    22     0     2   -51.0   54.859   15.348     22.9   1019.7    289.7      0.0     63.1
     1     1    14     9    16    21     0     3   -52.0   54.792   15.730     24.6   1019.4    289.5      0.0     62.2
     1     1    14     9    16    20     0     2   -53.0   54.738   16.115     27.6   1017.9    289.5      0.0     61.9
     1     1    14     9    16    19     0     1   -54.0   54.699   16.499     31.9   1015.6    289.6      0.0     62.1
     1     1    14     9    16    18     0     0   -55.0   54.675   16.893     36.9   1013.1    289.6      0.0     62.2
     1     1    14     9    16    17     0     1   -56.0   54.661   17.273     40.9   1011.6    290.1      0.0     59.4
     1     1    14     9    16    16     0     2   -57.0   54.655   17.619     41.8   1011.1    290.6      0.0     56.9
     1     1    14     9    16    15     0     3   -58.0   54.650   17.936     39.6   1011.0    291.0      0.0     54.7
     1     1    14     9    16    14     0     2   -59.0   54.638   18.227     36.5   1013.3    291.2      0.0     54.5
     1     1    14     9    16    13     0     1   -60.0   54.611   18.493     34.4   1015.3    291.5      0.0     54.5
     1     1    14     9    16    12     0     0   -61.0   54.567   18.729     33.7   1016.9    292.0      0.0     54.8
     1     1    14     9    16    11     0     1   -62.0   54.511   18.948     34.5   1017.9    291.9      0.0     57.0
     1     1    14     9    16    10     0     2   -63.0   54.456   19.167     36.3   1016.9    291.5      0.0     58.4
     1     1    14     9    16     9     0     3   -64.0   54.400   19.391     38.0   1015.2    290.8      0.0     59.6
     1     1    14     9    16     8     0     2   -65.0   54.343   19.619     39.4   1013.1    289.2      0.0     62.4
     1     1    14     9    16     7     0     1   -66.0   54.283   19.852     40.6   1010.5    287.3      0.0     67.1
     1     1    14     9    16     6     0     0   -67.0   54.221   20.087     41.6   1008.2    285.1      0.0     73.6
     1     1    14     9    16     5     0     1   -68.0   54.161   20.310     43.2   1007.1    284.3      0.0     73.8
     1     1    14     9    16     4     0     2   -69.0   54.104   20.513     46.4   1006.1    283.4      0.0     74.6
     1     1    14     9    16     3     0     3   -70.0   54.048   20.701     51.7   1004.8    282.6      0.0     75.9
     1     1    14     9    16     2     0     2   -71.0   53.989   20.882     59.4   1003.1    282.8      0.0     74.7
     1     1    14     9    16     1     0     1   -72.0   53.926   21.072     68.9   1001.4    283.2      0.0     73.0
