     7     1
    GDAS    14     8    22     0     0
    GDAS    14     8    29     0     0
    GDAS    14     9     1     0     0
    GDAS    14     9     8     0     0
    GDAS    14     9    15     0     0
    GDAS    14     9    22     0     0
    GDAS    14     9    29     0     0
     1 BACKWARD OMEGA   
    14     9    14    11   56.467   -2.973   100.0
     4 PRESSURE AIR_TEMP RAINFALL RELHUMID
     1     1    14     9    14    11     0     1     0.0   56.467   -2.973    100.0    986.2    284.6      0.0     89.7
     1     1    14     9    14    10     0     2    -1.0   56.456   -2.811     67.8    995.5    284.9      0.0     90.1
     1     1    14     9    14     9     0     3    -2.0   56.445   -2.648     45.6   1002.4    285.1      0.0     90.6
     1     1    14     9    14     8     0     2    -3.0   56.436   -2.492     31.9   1008.4    285.0      0.0     91.0
     1     1    14     9    14     7     0     1    -4.0   56.429   -2.352     24.1   1013.4    285.0      0.0     91.1
     1     1    14     9    14     6     0     0    -5.0   56.426   -2.224     19.7   1017.8    285.1      0.0     90.7
     1     1    14     9    14     5     0     1    -6.0   56.420   -2.102     17.0   1021.8    285.6      0.0     89.6
     1     1    14     9    14     4     0     2    -7.0   56.408   -1.975     15.2   1025.1    286.1      0.0     88.6
     1     1    14     9    14     3     0     3    -8.0   56.387   -1.844     14.0   1025.7    286.1      0.0     88.3
     1     1    14     9    14     2     0     2    -9.0   56.360   -1.704     13.0   1026.2    286.3      0.0     86.8
     1     1    14     9    14     1     0     1   -10.0   56.328   -1.548     12.3   1026.8    286.4      0.0     85.2
     1     1    14     9    14     0     0     0   -11.0   56.291   -1.377     11.8   1027.4    286.6      0.0     83.5
     1     1    14     9    13    23     0     1   -12.0   56.251   -1.189     11.8   1028.1    286.7      0.0     81.6
     1     1    14     9    13    22     0     2   -13.0   56.208   -0.987     12.2   1028.8    286.7      0.0     79.3
     1     1    14     9    13    21     0     3   -14.0   56.156   -0.777     12.9   1028.9    286.7      0.0     77.0
     1     1    14     9    13    20     0     2   -15.0   56.095   -0.569     13.8   1029.0    286.7      0.0     77.2
     1     1    14     9    13    19     0     1   -16.0   56.025   -0.372     15.0   1029.1    286.8      0.0     77.1
     1     1    14     9    13    18     0     0   -17.0   55.949   -0.185     16.5   1029.1    286.8      0.0     77.1
     1     1    14     9    13    17     0     1   -18.0   55.869   -0.007     18.5   1027.9    286.8      0.0     77.3
     1     1    14     9    13    16     0     2   -19.0   55.835    0.157     19.9   1026.3    286.9      0.0     81.0
     1     1    14     9    13    15     0     3   -20.0   55.846    0.305     20.1   1025.3    287.0      0.0     82.0
     1     1    14     9    13    14     0     2   -21.0   55.858    0.441     20.3   1025.7    287.0      0.0     81.9
     1     1    14     9    13    13     0     1   -22.0   55.868    0.565     20.6   1026.0    287.0      0.0     82.1
     1     1    14     9    13    12     0     0   -23.0   55.875    0.676     20.9   1026.3    287.1      0.0     82.5
     1     1    14     9    13    11     0     1   -24.0   55.876    0.779     21.1   1026.2    287.2      0.0     85.0
     1     1    14     9    13    10     0     2   -25.0   55.867    0.883     21.6   1026.0    287.3      0.0     87.6
     1     1    14     9    13     9     0     3   -26.0   55.848    0.988     22.3   1025.8    287.4      0.0     90.3
     1     1    14     9    13     8     0     2   -27.0   55.824    1.096     23.1   1026.0    287.4      0.0     90.2
     1     1    14     9    13     7     0     1   -28.0   55.799    1.208     23.5   1026.3    287.4      0.0     90.1
     1     1    14     9    13     6     0     0   -29.0   55.772    1.326     23.7   1026.6    287.5      0.0     90.2
     1     1    14     9    13     5     0     1   -30.0   55.752    1.448     23.7   1026.3    287.5      0.0     89.7
     1     1    14     9    13     4     0     2   -31.0   55.744    1.572     23.7   1025.8    287.5      0.0     89.3
     1     1    14     9    13     3     0     3   -32.0   55.743    1.700     23.7   1025.3    287.6      0.0     88.8
     1     1    14     9    13     2     0     2   -33.0   55.747    1.828     23.7   1024.6    287.6      0.0     88.5
     1     1    14     9    13     1     0     1   -34.0   55.752    1.950     23.7   1024.0    287.7      0.0     88.2
     1     1    14     9    13     0     0     0   -35.0   55.759    2.068     23.7   1023.5    287.8      0.0     87.9
     1     1    14     9    12    23     0     1   -36.0   55.767    2.183     24.1   1023.6    287.9      0.0     88.0
     1     1    14     9    12    22     0     2   -37.0   55.775    2.299     25.1   1023.5    288.0      0.0     88.0
     1     1    14     9    12    21     0     3   -38.0   55.784    2.416     26.7   1023.4    288.1      0.0     88.0
     1     1    14     9    12    20     0     2   -39.0   55.799    2.539     28.2   1023.4    288.1      0.0     87.6
     1     1    14     9    12    19     0     1   -40.0   55.826    2.674     29.1   1023.5    288.1      0.0     87.3
     1     1    14     9    12    18     0     0   -41.0   55.864    2.818     29.4   1023.7    288.2      0.0     87.1
     1     1    14     9    12    17     0     1   -42.0   55.915    2.957     29.4   1023.0    288.3      0.0     86.5
     1     1    14     9    12    16     0     2   -43.0   55.979    3.074     29.4   1022.2    288.4      0.0     85.5
     1     1    14     9    12    15     0     3   -44.0   56.057    3.167     29.5   1021.5    288.4      0.0     84.2
     1     1    14     9    12    14     0     2   -45.0   56.137    3.244     29.6   1021.8    288.4      0.0     84.0
     1     1    14     9    12    13     0     1   -46.0   56.212    3.318     29.7   1022.1    288.3      0.0     83.8
     1     1    14     9    12    12     0     0   -47.0   56.282    3.388     29.7   1022.4    288.3      0.0     83.6
     1     1    14     9    12    11     0     1   -48.0   56.350    3.453     30.0   1022.4    288.3      0.0     83.8
     1     1    14     9    12    10     0     2   -49.0   56.418    3.506     30.9   1022.4    288.3      0.0     84.0
     1     1    14     9    12     9     0     3   -50.0   56.483    3.545     32.3   1022.2    288.2      0.0     84.3
     1     1    14     9    12     8     0     2   -51.0   56.547    3.573     34.1   1021.9    288.2      0.0     84.4
     1     1    14     9    12     7     0     1   -52.0   56.615    3.593     35.8   1021.7    288.2      0.0     84.5
     1     1    14     9    12     6     0     0   -53.0   56.685    3.605     37.7   1021.5    288.2      0.0     84.5
     1     1    14     9    12     5     0     1   -54.0   56.757    3.617     39.4   1021.3    288.2      0.0     84.1
     1     1    14     9    12     4     0     2   -55.0   56.830    3.632     40.6   1021.3    288.2      0.0     83.7
     1     1    14     9    12     3     0     3   -56.0   56.905    3.650     41.0   1021.6    288.2      0.0     83.3
     1     1    14     9    12     2     0     2   -57.0   56.978    3.673     41.0   1021.8    288.2      0.0     82.8
     1     1    14     9    12     1     0     1   -58.0   57.040    3.703     41.0   1021.8    288.2      0.0     82.5
     1     1    14     9    12     0     0     0   -59.0   57.093    3.741     41.0   1021.7    288.2      0.0     82.2
     1     1    14     9    11    23     0     1   -60.0   57.146    3.779     41.2   1021.7    288.2      0.0     81.9
     1     1    14     9    11    22     0     2   -61.0   57.209    3.809     41.7   1021.6    288.2      0.0     81.5
     1     1    14     9    11    21     0     3   -62.0   57.283    3.829     42.6   1021.5    288.2      0.0     81.0
     1     1    14     9    11    20     0     2   -63.0   57.357    3.832     43.6   1021.3    288.2      0.0     80.6
     1     1    14     9    11    19     0     1   -64.0   57.425    3.813     44.3   1021.1    288.2      0.0     80.3
     1     1    14     9    11    18     0     0   -65.0   57.484    3.773     44.5   1020.9    288.2      0.0     80.1
     1     1    14     9    11    17     0     1   -66.0   57.537    3.726     44.4   1019.9    288.1      0.0     80.2
     1     1    14     9    11    16     0     2   -67.0   57.585    3.686     44.1   1018.9    288.0      0.0     80.4
     1     1    14     9    11    15     0     3   -68.0   57.627    3.651     43.7   1017.8    288.0      0.0     80.7
     1     1    14     9    11    14     0     2   -69.0   57.665    3.630     43.4   1018.7    287.9      0.0     81.3
     1     1    14     9    11    13     0     1   -70.0   57.699    3.628     43.2   1019.6    287.9      0.0     81.9
     1     1    14     9    11    12     0     0   -71.0   57.729    3.648     43.1   1020.4    287.9      0.0     82.4
     1     1    14     9    11    11     0     1   -72.0   57.760    3.676     43.6   1020.2    287.9      0.0     84.4
