     7     1
    GDAS    14     8    22     0     0
    GDAS    14     8    29     0     0
    GDAS    14     9     1     0     0
    GDAS    14     9     8     0     0
    GDAS    14     9    15     0     0
    GDAS    14     9    22     0     0
    GDAS    14     9    29     0     0
     1 BACKWARD OMEGA   
    14     9     3    23   56.467   -2.973   100.0
     4 PRESSURE AIR_TEMP RAINFALL RELHUMID
     1     1    14     9     3    23     0     1     0.0   56.467   -2.973    100.0    979.3    286.2      0.0     89.7
     1     1    14     9     3    22     0     2    -1.0   56.335   -2.916    114.4    984.3    286.8      0.0     85.9
     1     1    14     9     3    21     0     3    -2.0   56.182   -2.830    137.9    988.5    287.6      0.0     80.9
     1     1    14     9     3    20     0     2    -3.0   56.013   -2.717    170.1    990.2    288.6      0.0     75.6
     1     1    14     9     3    19     0     1    -4.0   55.848   -2.598    200.1    986.0    288.7      0.0     73.5
     1     1    14     9     3    18     0     0    -5.0   55.692   -2.487    219.8    982.9    288.8      0.0     72.5
     1     1    14     9     3    17     0     1    -6.0   55.543   -2.380    225.0    980.3    288.5      0.0     72.7
     1     1    14     9     3    16     0     2    -7.0   55.403   -2.264    211.9    979.6    288.3      0.0     72.6
     1     1    14     9     3    15     0     3    -8.0   55.274   -2.132    182.0    980.4    288.4      0.0     71.7
     1     1    14     9     3    14     0     2    -9.0   55.156   -1.995    144.8    983.5    288.5      0.0     72.5
     1     1    14     9     3    13     0     1   -10.0   55.050   -1.873    115.6    988.9    288.8      0.0     72.2
     1     1    14     9     3    12     0     0   -11.0   54.951   -1.772     98.4    992.4    289.0      0.0     72.5
     1     1    14     9     3    11     0     1   -12.0   54.855   -1.688     90.2    995.1    288.2      0.0     76.1
     1     1    14     9     3    10     0     2   -13.0   54.764   -1.619     87.8    996.6    287.5      0.0     79.3
     1     1    14     9     3     9     0     3   -14.0   54.676   -1.564     89.0    997.4    286.8      0.0     82.4
     1     1    14     9     3     8     0     2   -15.0   54.591   -1.521     92.3    997.3    286.4      0.0     83.8
     1     1    14     9     3     7     0     1   -16.0   54.505   -1.488     96.3    996.9    286.0      0.0     85.1
     1     1    14     9     3     6     0     0   -17.0   54.418   -1.464    100.2    996.3    285.5      0.0     86.2
     1     1    14     9     3     5     0     1   -18.0   54.332   -1.438    102.5    996.0    285.1      0.0     86.1
     1     1    14     9     3     4     0     2   -19.0   54.247   -1.403    102.6    996.3    284.8      0.0     86.0
     1     1    14     9     3     3     0     3   -20.0   54.164   -1.360    101.0    997.1    284.3      0.0     85.8
     1     1    14     9     3     2     0     2   -21.0   54.085   -1.303     99.8    998.3    284.3      0.0     85.0
     1     1    14     9     3     1     0     1   -22.0   54.010   -1.222    101.9    999.7    284.4      0.0     83.8
     1     1    14     9     3     0     0     0   -23.0   53.940   -1.116    109.4   1001.5    284.9      0.0     82.7
     1     1    14     9     2    23     0     1   -24.0   53.869   -0.978    123.6   1002.4    286.0      0.0     80.7
     1     1    14     9     2    22     0     2   -25.0   53.797   -0.805    141.0   1000.0    286.8      0.0     78.5
     1     1    14     9     2    21     0     3   -26.0   53.724   -0.604    158.5    997.4    287.4      0.0     75.5
     1     1    14     9     2    20     0     2   -27.0   53.659   -0.397    175.5    995.0    287.9      0.0     73.1
     1     1    14     9     2    19     0     1   -28.0   53.608   -0.195    192.0    992.8    288.4      0.0     70.9
     1     1    14     9     2    18     0     0   -29.0   53.574   -0.015    197.7    990.8    288.7      0.0     69.2
     1     1    14     9     2    17     0     1   -30.0   53.556    0.158    201.6    996.5    287.6      0.0     76.5
     1     1    14     9     2    16     0     2   -31.0   53.556    0.306    192.3    998.9    287.8      0.0     76.9
     1     1    14     9     2    15     0     3   -32.0   53.572    0.443    182.6   1000.3    287.8      0.0     77.8
     1     1    14     9     2    14     0     2   -33.0   53.599    0.556    176.9   1002.0    287.6      0.0     81.0
     1     1    14     9     2    13     0     1   -34.0   53.630    0.638    177.3   1002.3    287.4      0.0     83.7
     1     1    14     9     2    12     0     0   -35.0   53.664    0.691    181.6   1002.1    287.2      0.0     86.1
     1     1    14     9     2    11     0     1   -36.0   53.709    0.725    188.2   1001.0    286.7      0.0     87.7
     1     1    14     9     2    10     0     2   -37.0   53.772    0.743    196.4    999.9    286.3      0.0     89.0
     1     1    14     9     2     9     0     3   -38.0   53.853    0.744    207.1    998.5    285.9      0.0     90.2
     1     1    14     9     2     8     0     2   -39.0   53.941    0.730    219.5    996.7    285.7      0.0     90.9
     1     1    14     9     2     7     0     1   -40.0   54.029    0.706    231.3    995.1    285.5      0.0     91.3
     1     1    14     9     2     6     0     0   -41.0   54.119    0.681    241.0    993.7    285.4      0.0     91.7
     1     1    14     9     2     5     0     1   -42.0   54.220    0.658    248.7    992.9    285.4      0.0     90.2
     1     1    14     9     2     4     0     2   -43.0   54.335    0.639    254.9    992.1    285.5      0.0     89.1
     1     1    14     9     2     3     0     3   -44.0   54.462    0.624    259.7    991.4    285.6      0.0     88.5
     1     1    14     9     2     2     0     2   -45.0   54.595    0.607    264.6    990.9    285.6      0.0     88.6
     1     1    14     9     2     1     0     1   -46.0   54.735    0.577    270.8    989.9    285.6      0.0     88.7
     1     1    14     9     2     0     0     0   -47.0   54.883    0.525    277.5    988.7    285.5      0.0     88.8
     1     1    14     9     1    23     0     1   -48.0   55.045    0.451    284.5    987.7    285.6      0.0     86.9
     1     1    14     9     1    22     0     2   -49.0   55.218    0.360    294.8    986.5    285.6      0.0     84.4
     1     1    14     9     1    21     0     3   -50.0   55.397    0.257    311.9    984.3    285.4      0.0     83.8
     1     1    14     9     1    20     0     2   -51.0   55.572    0.148    335.0    980.8    285.2      0.0     85.3
     1     1    14     9     1    19     0     1   -52.0   55.732    0.031    358.9    977.3    285.0      0.0     87.2
     1     1    14     9     1    18     0     0   -53.0   55.869   -0.118    382.8    974.7    285.2      0.0     76.2
     1     1    14     9     1    17     0     1   -54.0   55.989   -0.304    409.2    971.6    284.9      0.0     79.4
     1     1    14     9     1    16     0     2   -55.0   56.104   -0.503    442.3    967.8    284.7      0.0     81.2
     1     1    14     9     1    15     0     3   -56.0   56.211   -0.702    483.3    962.2    284.3      0.0     83.4
     1     1    14     9     1    14     0     2   -57.0   56.312   -0.898    528.1    956.5    283.9      0.0     86.2
     1     1    14     9     1    13     0     1   -58.0   56.405   -1.087    572.2    951.0    283.6      0.0     88.4
     1     1    14     9     1    12     0     0   -59.0   56.488   -1.266    609.8    946.0    283.2      0.0     90.1
     1     1    14     9     1    11     0     1   -60.0   56.564   -1.429    628.0    942.3    283.1      0.2     90.2
     1     1    14     9     1    10     0     2   -61.0   56.639   -1.569    620.4    942.8    283.1      0.0     89.7
     1     1    14     9     1     9     0     3   -62.0   56.719   -1.690    592.7    945.5    283.2      0.0     89.1
     1     1    14     9     1     8     0     2   -63.0   56.802   -1.809    550.6    950.1    283.7      0.0     87.9
     1     1    14     9     1     7     0     1   -64.0   56.889   -1.949    499.2    956.0    284.3      0.0     86.3
     1     1    14     9     1     6     0     0   -65.0   56.984   -2.118    455.9    957.5    284.6      0.0     85.3
     1     1    14     9     1     5     0     1   -66.0   57.054   -2.370    459.7    948.5    284.2      0.0     84.9
     1     1    14     9     1     4     0     2   -67.0   57.079   -2.736    537.8    923.6    283.2      0.0     85.9
     1     1    14     9     1     3     0     3   -68.0   57.077   -3.195    671.2    892.1    281.3      0.0     88.1
     1     1    14     9     1     2     0     2   -69.0   57.044   -3.735    786.1    864.7    279.1      0.3     94.4
     1     1    14     9     1     1     0     1   -70.0   56.974   -4.357    839.7    859.0    278.7      0.2     95.5
     1     1    14     9     1     0     0     0   -71.0   56.884   -4.999    843.7    872.2    279.5      0.1     96.4
     1     1    14     8    31    23     0     1   -72.0   56.784   -5.607    776.3    896.2    280.9      0.2     93.8
