     7     1
    GDAS    14     8    22     0     0
    GDAS    14     8    29     0     0
    GDAS    14     9     1     0     0
    GDAS    14     9     8     0     0
    GDAS    14     9    15     0     0
    GDAS    14     9    22     0     0
    GDAS    14     9    29     0     0
     1 BACKWARD OMEGA   
    14     9     7    15   56.467   -2.973   100.0
     4 PRESSURE AIR_TEMP RAINFALL RELHUMID
     1     1    14     9     7    15     0     3     0.0   56.467   -2.973    100.0    972.0    285.3      0.0     70.0
     1     1    14     9     7    14     0     2    -1.0   56.590   -3.350    178.6    955.4    283.8      0.0     74.2
     1     1    14     9     7    13     0     1    -2.0   56.745   -3.718    231.1    935.9    281.8      0.2     80.0
     1     1    14     9     7    12     0     0    -3.0   56.922   -4.049    228.0    924.3    280.4      0.3     84.6
     1     1    14     9     7    11     0     1    -4.0   57.102   -4.339    200.6    936.2    281.0      0.1     86.9
     1     1    14     9     7    10     0     2    -5.0   57.273   -4.603    175.5    947.3    281.2      0.0     89.6
     1     1    14     9     7     9     0     3    -6.0   57.424   -4.844    135.9    955.9    281.3      0.0     92.5
     1     1    14     9     7     8     0     2    -7.0   57.558   -5.061     77.0    968.2    282.0      0.0     92.9
     1     1    14     9     7     7     0     1    -8.0   57.687   -5.243     37.5    986.8    283.3      0.0     91.6
     1     1    14     9     7     6     0     0    -9.0   57.839   -5.408      9.4    995.8    283.9      0.0     91.4
     1     1    14     9     7     5     0     1   -10.0   58.009   -5.535      0.0   1002.9    284.6      0.0     89.7
     1     1    14     9     7     4     0     2   -11.0   58.196   -5.620      0.0   1007.8    285.1      0.0     88.0
     1     1    14     9     7     3     0     3   -12.0   58.400   -5.668      0.0   1010.9    285.4      0.0     86.6
     1     1    14     9     7     2     0     2   -13.0   58.626   -5.696      0.0   1012.9    285.7      0.1     85.8
     1     1    14     9     7     1     0     1   -14.0   58.880   -5.705      0.0   1014.6    285.9      0.0     85.9
     1     1    14     9     7     0     0     0   -15.0   59.153   -5.682      0.0   1015.3    285.9      0.0     86.7
     1     1    14     9     6    23     0     1   -16.0   59.432   -5.648      0.0   1015.3    285.9      0.0     84.8
     1     1    14     9     6    22     0     2   -17.0   59.716   -5.610      0.0   1015.5    285.9      0.0     84.1
     1     1    14     9     6    21     0     3   -18.0   60.001   -5.544      0.0   1016.1    285.9      0.0     85.0
     1     1    14     9     6    20     0     2   -19.0   60.279   -5.456      0.0   1015.6    285.7      0.0     85.3
     1     1    14     9     6    19     0     1   -20.0   60.537   -5.360      0.0   1015.4    285.6      0.0     85.4
     1     1    14     9     6    18     0     0   -21.0   60.772   -5.245      0.0   1015.6    285.4      0.0     85.2
     1     1    14     9     6    17     0     1   -22.0   60.985   -5.110      0.0   1015.3    285.4      0.0     85.3
     1     1    14     9     6    16     0     2   -23.0   61.184   -4.975      0.1   1014.6    285.4      0.0     85.9
     1     1    14     9     6    15     0     3   -24.0   61.367   -4.855      0.3   1014.5    285.4      0.0     86.0
     1     1    14     9     6    14     0     2   -25.0   61.525   -4.749      0.5   1015.3    285.3      0.0     85.7
     1     1    14     9     6    13     0     1   -26.0   61.654   -4.647      0.6   1015.9    285.2      0.0     85.0
     1     1    14     9     6    12     0     0   -27.0   61.761   -4.541      0.6   1016.4    285.2      0.0     84.0
     1     1    14     9     6    11     0     1   -28.0   61.854   -4.404      0.6   1016.1    285.2      0.0     83.3
     1     1    14     9     6    10     0     2   -29.0   61.937   -4.210      0.6   1015.8    285.3      0.0     82.5
     1     1    14     9     6     9     0     3   -30.0   62.005   -3.948      0.6   1015.3    285.4      0.0     82.0
     1     1    14     9     6     8     0     2   -31.0   62.059   -3.646      0.6   1014.3    285.3      0.1     82.3
     1     1    14     9     6     7     0     1   -32.0   62.098   -3.342      0.4   1013.4    285.4      0.0     82.4
     1     1    14     9     6     6     0     0   -33.0   62.120   -3.037      0.3   1012.6    285.5      0.1     82.3
     1     1    14     9     6     5     0     1   -34.0   62.123   -2.722      0.5   1012.7    285.6      0.1     82.4
     1     1    14     9     6     4     0     2   -35.0   62.104   -2.394      0.9   1012.8    285.6      0.0     82.1
     1     1    14     9     6     3     0     3   -36.0   62.060   -2.069      1.1   1012.9    285.7      0.0     81.4
     1     1    14     9     6     2     0     2   -37.0   62.000   -1.759      1.1   1013.1    285.8      0.0     80.4
     1     1    14     9     6     1     0     1   -38.0   61.934   -1.486      0.9   1013.2    285.9      0.0     80.1
     1     1    14     9     6     0     0     0   -39.0   61.861   -1.262      0.6   1013.4    286.1      0.0     80.0
     1     1    14     9     5    23     0     1   -40.0   61.769   -1.082      0.5   1013.6    286.1      0.0     79.1
     1     1    14     9     5    22     0     2   -41.0   61.644   -0.941      0.5   1013.7    286.1      0.0     78.3
     1     1    14     9     5    21     0     3   -42.0   61.478   -0.837      0.5   1013.9    286.1      0.0     77.6
     1     1    14     9     5    20     0     2   -43.0   61.286   -0.765      0.5   1013.9    286.2      0.0     77.5
     1     1    14     9     5    19     0     1   -44.0   61.092   -0.711      0.5   1013.9    286.4      0.0     77.0
     1     1    14     9     5    18     0     0   -45.0   60.909   -0.668      0.5   1013.8    286.4      0.0     76.5
     1     1    14     9     5    17     0     1   -46.0   60.745   -0.674      0.6   1013.8    286.4      0.0     76.1
     1     1    14     9     5    16     0     2   -47.0   60.603   -0.759      1.1   1013.8    286.4      0.0     75.1
     1     1    14     9     5    15     0     3   -48.0   60.482   -0.908      1.7   1013.8    286.4      0.0     73.5
     1     1    14     9     5    14     0     2   -49.0   60.378   -1.102      2.4   1014.6    286.4      0.1     74.7
     1     1    14     9     5    13     0     1   -50.0   60.285   -1.328      2.7   1015.4    286.4      0.3     75.9
     1     1    14     9     5    12     0     0   -51.0   60.200   -1.588      2.6   1016.1    286.3      0.0     76.2
     1     1    14     9     5    11     0     1   -52.0   60.124   -1.888      2.4   1016.1    286.2      0.0     76.9
     1     1    14     9     5    10     0     2   -53.0   60.061   -2.230      2.2   1015.9    286.2      0.0     76.9
     1     1    14     9     5     9     0     3   -54.0   60.014   -2.607      2.1   1014.8    286.3      0.0     75.6
     1     1    14     9     5     8     0     2   -55.0   59.971   -3.003      2.1   1013.4    286.2      0.4     76.1
     1     1    14     9     5     7     0     1   -56.0   59.922   -3.416      2.0   1013.5    286.1      0.7     77.3
     1     1    14     9     5     6     0     0   -57.0   59.874   -3.854      1.7   1013.7    286.0      0.5     77.0
     1     1    14     9     5     5     0     1   -58.0   59.833   -4.318      1.2   1013.8    285.9      0.6     79.6
     1     1    14     9     5     4     0     2   -59.0   59.803   -4.807      1.1   1013.8    285.8      0.0     80.3
     1     1    14     9     5     3     0     3   -60.0   59.786   -5.321      1.4   1013.9    285.8      0.0     79.6
     1     1    14     9     5     2     0     2   -61.0   59.774   -5.837      1.5   1013.9    285.7      0.5     81.4
     1     1    14     9     5     1     0     1   -62.0   59.768   -6.344      1.4   1013.9    285.6      0.7     82.9
     1     1    14     9     5     0     0     0   -63.0   59.782   -6.859      1.3   1013.8    285.6      0.0     82.8
     1     1    14     9     4    23     0     1   -64.0   59.801   -7.379      1.5   1013.6    285.7      0.0     83.3
     1     1    14     9     4    22     0     2   -65.0   59.809   -7.888      2.3   1013.7    285.8      0.0     82.8
     1     1    14     9     4    21     0     3   -66.0   59.803   -8.386      3.1   1013.8    285.9      0.0     82.5
     1     1    14     9     4    20     0     2   -67.0   59.787   -8.874      3.8   1013.8    285.9      0.4     83.9
     1     1    14     9     4    19     0     1   -68.0   59.774   -9.355      4.5   1013.8    286.0      0.5     85.2
     1     1    14     9     4    18     0     0   -69.0   59.769   -9.829      5.3   1013.7    286.1      0.0     85.5
     1     1    14     9     4    17     0     1   -70.0   59.761  -10.287      6.0   1013.0    286.1      0.0     85.9
     1     1    14     9     4    16     0     2   -71.0   59.755  -10.720      6.5   1012.3    286.2      0.0     86.4
     1     1    14     9     4    15     0     3   -72.0   59.761  -11.127      6.6   1011.5    286.2      0.0     86.5
