     7     1
    GDAS    14     8    22     0     0
    GDAS    14     8    29     0     0
    GDAS    14     9     1     0     0
    GDAS    14     9     8     0     0
    GDAS    14     9    15     0     0
    GDAS    14     9    22     0     0
    GDAS    14     9    29     0     0
     1 BACKWARD OMEGA   
    14     9    16    13   56.467   -2.973   100.0
     4 PRESSURE AIR_TEMP RAINFALL RELHUMID
     1     1    14     9    16    13     0     1     0.0   56.467   -2.973    100.0    974.9    286.3      0.0     90.2
     1     1    14     9    16    12     0     0    -1.0   56.405   -2.857     94.3    981.1    286.4      0.0     91.1
     1     1    14     9    16    11     0     1    -2.0   56.347   -2.744     93.2    985.4    286.1      0.0     92.1
     1     1    14     9    16    10     0     2    -3.0   56.289   -2.623     94.7    989.4    286.0      0.0     93.0
     1     1    14     9    16     9     0     3    -4.0   56.230   -2.494     99.3    992.8    285.8      0.0     93.9
     1     1    14     9    16     8     0     2    -5.0   56.170   -2.363    104.6    995.1    285.9      0.0     94.6
     1     1    14     9    16     7     0     1    -6.0   56.112   -2.239    107.6    997.2    285.9      0.0     95.4
     1     1    14     9    16     6     0     0    -7.0   56.057   -2.124    107.5    998.9    285.9      0.0     96.3
     1     1    14     9    16     5     0     1    -8.0   56.002   -2.025    108.1   1000.4    286.2      0.0     96.1
     1     1    14     9    16     4     0     2    -9.0   55.940   -1.947    112.1    999.1    286.3      0.0     95.9
     1     1    14     9    16     3     0     3   -10.0   55.874   -1.886    118.1    997.3    286.3      0.0     95.7
     1     1    14     9    16     2     0     2   -11.0   55.814   -1.817    120.6    995.9    286.4      0.3     95.9
     1     1    14     9    16     1     0     1   -12.0   55.768   -1.723    115.5    996.7    286.4      0.3     96.0
     1     1    14     9    16     0     0     0   -13.0   55.732   -1.607    105.4    998.7    286.5      0.4     95.8
     1     1    14     9    15    23     0     1   -14.0   55.700   -1.488     95.0   1001.3    286.7      0.0     95.3
     1     1    14     9    15    22     0     2   -15.0   55.668   -1.377     87.0   1003.4    286.8      0.0     94.6
     1     1    14     9    15    21     0     3   -16.0   55.633   -1.273     82.1   1005.2    286.9      0.0     94.0
     1     1    14     9    15    20     0     2   -17.0   55.599   -1.140     79.3   1006.7    287.0      0.0     94.3
     1     1    14     9    15    19     0     1   -18.0   55.572   -0.947     79.6   1008.4    287.0      0.0     94.7
     1     1    14     9    15    18     0     0   -19.0   55.560   -0.694     80.5   1007.8    287.0      0.0     95.6
     1     1    14     9    15    17     0     1   -20.0   55.568   -0.414     80.5   1007.9    287.0      0.0     96.3
     1     1    14     9    15    16     0     2   -21.0   55.596   -0.137     80.5   1008.0    287.0      0.0     97.1
     1     1    14     9    15    15     0     3   -22.0   55.620    0.198     75.0   1007.8    287.6      0.0     89.9
     1     1    14     9    15    14     0     2   -23.0   55.620    0.596     66.4   1010.7    287.6      0.5     90.1
     1     1    14     9    15    13     0     1   -24.0   55.606    1.021     60.9   1012.3    287.7      0.5     90.2
     1     1    14     9    15    12     0     0   -25.0   55.590    1.462     58.0   1013.5    287.8      0.6     90.7
     1     1    14     9    15    11     0     1   -26.0   55.583    1.922     55.5   1013.5    288.0      1.5     89.5
     1     1    14     9    15    10     0     2   -27.0   55.585    2.411     52.3   1013.8    288.2      1.5     88.9
     1     1    14     9    15     9     0     3   -28.0   55.602    2.935     49.6   1014.1    288.4      1.6     89.1
     1     1    14     9    15     8     0     2   -29.0   55.623    3.486     46.5   1014.3    288.6      0.0     89.6
     1     1    14     9    15     7     0     1   -30.0   55.638    4.040     42.9   1014.9    288.9      0.0     91.3
     1     1    14     9    15     6     0     0   -31.0   55.666    4.591     38.6   1015.2    289.1      0.0     93.0
     1     1    14     9    15     5     0     1   -32.0   55.704    5.157     32.9   1016.1    289.3      0.3     91.9
     1     1    14     9    15     4     0     2   -33.0   55.732    5.758     28.0   1017.2    289.6      0.3     92.1
     1     1    14     9    15     3     0     3   -34.0   55.755    6.392     25.4   1016.9    289.7      0.3     92.2
     1     1    14     9    15     2     0     2   -35.0   55.780    7.042     23.5   1018.1    289.7      0.3     90.7
     1     1    14     9    15     1     0     1   -36.0   55.804    7.655     24.6   1020.0    289.8      0.0     91.6
     1     1    14     9    15     0     0     0   -37.0   55.817    8.192     31.1   1018.6    289.4      0.0     92.9
     1     1    14     9    14    23     0     1   -38.0   55.832    8.653     42.0   1015.0    288.4      0.0     93.5
     1     1    14     9    14    22     0     2   -39.0   55.860    9.067     56.4   1011.3    287.9      0.0     93.4
     1     1    14     9    14    21     0     3   -40.0   55.895    9.494     66.3   1009.9    288.4      0.0     91.4
     1     1    14     9    14    20     0     2   -41.0   55.946    9.920     60.1   1011.4    288.9      0.2     89.5
     1     1    14     9    14    19     0     1   -42.0   56.020   10.333     48.5   1015.3    289.4      0.2     86.0
     1     1    14     9    14    18     0     0   -43.0   56.114   10.798     40.8   1018.9    289.9      0.1     80.9
     1     1    14     9    14    17     0     1   -44.0   56.210   11.283     37.7   1020.5    290.1      0.6     78.8
     1     1    14     9    14    16     0     2   -45.0   56.290   11.719     36.5   1019.9    290.2      0.3     76.5
     1     1    14     9    14    15     0     3   -46.0   56.348   12.106     37.0   1018.3    290.5      0.3     73.9
     1     1    14     9    14    14     0     2   -47.0   56.393   12.466     43.3   1015.2    291.1      0.0     74.4
     1     1    14     9    14    13     0     1   -48.0   56.434   12.820     61.8   1010.6    291.6      0.0     74.5
     1     1    14     9    14    12     0     0   -49.0   56.476   13.201     92.7   1003.9    291.2      0.0     75.5
     1     1    14     9    14    11     0     1   -50.0   56.535   13.644    113.9    998.5    289.6      0.0     79.2
     1     1    14     9    14    10     0     2   -51.0   56.615   14.143    107.7    997.2    288.7      0.0     82.3
     1     1    14     9    14     9     0     3   -52.0   56.713   14.662    107.3    996.9    288.3      0.0     85.9
     1     1    14     9    14     8     0     2   -53.0   56.832   15.188    125.5    992.2    287.3      0.0     90.7
     1     1    14     9    14     7     0     1   -54.0   56.976   15.679    118.0    994.0    286.7      0.0     93.2
     1     1    14     9    14     6     0     0   -55.0   57.128   16.064     81.0   1005.0    286.8      0.0     94.9
     1     1    14     9    14     5     0     1   -56.0   57.269   16.378     52.1   1014.3    287.5      0.0     93.6
     1     1    14     9    14     4     0     2   -57.0   57.404   16.705     37.3   1019.4    288.2      0.0     91.3
     1     1    14     9    14     3     0     3   -58.0   57.545   17.066     29.9   1024.1    289.1      0.0     88.5
     1     1    14     9    14     2     0     2   -59.0   57.680   17.456     26.6   1024.9    289.2      0.0     88.1
     1     1    14     9    14     1     0     1   -60.0   57.799   17.865     25.7   1025.5    289.2      0.0     87.3
     1     1    14     9    14     0     0     0   -61.0   57.904   18.286     26.2   1025.7    289.2      0.0     86.1
     1     1    14     9    13    23     0     1   -62.0   58.008   18.705     26.1   1025.0    289.2      0.0     86.6
     1     1    14     9    13    22     0     2   -63.0   58.116   19.117     25.0   1024.5    289.2      0.0     86.3
     1     1    14     9    13    21     0     3   -64.0   58.227   19.524     24.1   1024.3    289.2      0.0     84.3
     1     1    14     9    13    20     0     2   -65.0   58.343   19.925     23.7   1024.6    289.4      0.0     83.0
     1     1    14     9    13    19     0     1   -66.0   58.461   20.308     23.9   1024.6    289.4      0.0     82.7
     1     1    14     9    13    18     0     0   -67.0   58.583   20.672     24.5   1024.3    289.3      0.0     82.2
     1     1    14     9    13    17     0     1   -68.0   58.712   21.018     26.0   1024.2    289.2      0.0     82.8
     1     1    14     9    13    16     0     2   -69.0   58.845   21.341     28.4   1024.0    289.1      0.0     83.9
     1     1    14     9    13    15     0     3   -70.0   58.987   21.645     31.4   1023.8    289.1      0.0     85.4
     1     1    14     9    13    14     0     2   -71.0   59.122   21.926     34.7   1023.7    289.0      0.0     83.4
     1     1    14     9    13    13     0     1   -72.0   59.235   22.177     37.6   1023.6    289.1      0.0     81.5
