     7     1
    GDAS    14     8    22     0     0
    GDAS    14     8    29     0     0
    GDAS    14     9     1     0     0
    GDAS    14     9     8     0     0
    GDAS    14     9    15     0     0
    GDAS    14     9    22     0     0
    GDAS    14     9    29     0     0
     1 BACKWARD OMEGA   
    14     9     1    19   56.467   -2.973   100.0
     4 PRESSURE AIR_TEMP RAINFALL RELHUMID
     1     1    14     9     1    19     0     1     0.0   56.467   -2.973    100.0    977.5    286.0      0.0     73.0
     1     1    14     9     1    18     0     0    -1.0   56.475   -3.158    105.3    974.6    286.8      0.0     71.7
     1     1    14     9     1    17     0     1    -2.0   56.486   -3.359    111.6    971.3    286.8      0.0     71.3
     1     1    14     9     1    16     0     2    -3.0   56.499   -3.583    114.7    968.2    286.8      0.0     70.8
     1     1    14     9     1    15     0     3    -4.0   56.513   -3.842    113.2    965.0    286.7      0.0     70.1
     1     1    14     9     1    14     0     2    -5.0   56.523   -4.125    111.5    964.6    286.1      0.0     73.1
     1     1    14     9     1    13     0     1    -6.0   56.520   -4.400    111.4    966.0    285.6      0.0     76.4
     1     1    14     9     1    12     0     0    -7.0   56.503   -4.656    108.0    968.3    285.4      0.0     78.3
     1     1    14     9     1    11     0     1    -8.0   56.476   -4.902     98.6    970.9    285.2      0.0     80.3
     1     1    14     9     1    10     0     2    -9.0   56.442   -5.150     83.6    977.8    285.3      0.0     80.3
     1     1    14     9     1     9     0     3   -10.0   56.401   -5.409     64.7    987.4    285.7      0.0     78.8
     1     1    14     9     1     8     0     2   -11.0   56.362   -5.673     43.3    997.1    285.9      0.0     79.8
     1     1    14     9     1     7     0     1   -12.0   56.333   -5.938     23.6   1006.3    286.1      0.0     78.1
     1     1    14     9     1     6     0     0   -13.0   56.311   -6.212     10.7   1011.0    286.1      0.0     76.8
     1     1    14     9     1     5     0     1   -14.0   56.286   -6.512      5.0   1012.7    286.5      0.0     79.0
     1     1    14     9     1     4     0     2   -15.0   56.252   -6.860      2.6   1015.3    286.9      0.0     80.2
     1     1    14     9     1     3     0     3   -16.0   56.216   -7.259      2.2   1016.0    287.1      0.0     80.1
     1     1    14     9     1     2     0     2   -17.0   56.180   -7.692      2.3   1014.6    287.1      0.0     80.4
     1     1    14     9     1     1     0     1   -18.0   56.135   -8.152      2.7   1014.0    287.1      0.0     81.0
     1     1    14     9     1     0     0     0   -19.0   56.085   -8.641      3.3   1014.0    287.1      0.0     78.4
     1     1    14     8    31    23     0     1   -20.0   56.031   -9.147      3.7   1013.1    287.2      0.0     77.5
     1     1    14     8    31    22     0     2   -21.0   55.974   -9.656      4.3   1012.3    287.3      0.0     77.9
     1     1    14     8    31    21     0     3   -22.0   55.918  -10.162      5.1   1011.6    287.5      0.0     77.0
     1     1    14     8    31    20     0     2   -23.0   55.867  -10.683      5.9   1010.7    287.7      0.0     77.0
     1     1    14     8    31    19     0     1   -24.0   55.822  -11.240      6.6   1009.9    287.8      0.0     78.5
     1     1    14     8    31    18     0     0   -25.0   55.781  -11.839      7.7   1009.1    287.9      0.0     79.9
     1     1    14     8    31    17     0     1   -26.0   55.734  -12.480      9.1   1008.8    287.9      0.0     80.7
     1     1    14     8    31    16     0     2   -27.0   55.688  -13.149     10.5   1008.3    288.0      0.0     79.8
     1     1    14     8    31    15     0     3   -28.0   55.653  -13.837     12.1   1007.5    288.0      0.0     79.1
     1     1    14     8    31    14     0     2   -29.0   55.593  -14.543     13.9   1006.4    288.0      0.1     81.1
     1     1    14     8    31    13     0     1   -30.0   55.507  -15.289     16.6   1005.4    287.9      0.1     83.8
     1     1    14     8    31    12     0     0   -31.0   55.441  -16.088     20.8   1004.2    287.8      0.0     84.6
     1     1    14     8    31    11     0     1   -32.0   55.347  -16.887     24.9   1002.0    287.8      0.1     84.3
     1     1    14     8    31    10     0     2   -33.0   55.193  -17.670     27.8   1000.4    287.8      0.1     86.8
     1     1    14     8    31     9     0     3   -34.0   55.073  -18.500     34.8    998.3    287.8      0.1     87.9
     1     1    14     8    31     8     0     2   -35.0   54.940  -19.325     43.0    996.9    287.7      0.1     86.4
     1     1    14     8    31     7     0     1   -36.0   54.729  -20.118     45.6    995.7    287.7      0.2     88.7
     1     1    14     8    31     6     0     0   -37.0   54.519  -20.945     44.5    993.4    287.7      0.2     91.2
     1     1    14     8    31     5     0     1   -38.0   54.333  -21.780     45.0    993.8    287.6      0.0     88.4
     1     1    14     8    31     4     0     2   -39.0   54.079  -22.581     46.7    992.6    287.3      0.1     89.3
     1     1    14     8    31     3     0     3   -40.0   53.754  -23.408     43.9    992.3    287.2      0.1     91.9
     1     1    14     8    31     2     0     2   -41.0   53.455  -24.273     41.1    992.4    287.2      0.0     89.7
     1     1    14     8    31     1     0     1   -42.0   53.134  -25.097     42.5    991.8    287.1      0.0     89.7
     1     1    14     8    31     0     0     0   -43.0   52.750  -25.956     40.0    991.7    287.2      0.0     89.6
     1     1    14     8    30    23     0     1   -44.0   52.372  -26.871     35.9    992.3    287.2      0.0     86.0
     1     1    14     8    30    22     0     2   -45.0   52.012  -27.796     35.0    991.6    287.2      0.0     84.5
     1     1    14     8    30    21     0     3   -46.0   51.674  -28.807     36.5    990.9    287.3      0.0     85.4
     1     1    14     8    30    20     0     2   -47.0   51.396  -29.861     41.2    990.6    287.3      0.0     80.6
     1     1    14     8    30    19     0     1   -48.0   51.125  -30.901     47.3    989.3    287.4      0.0     78.0
     1     1    14     8    30    18     0     0   -49.0   50.922  -32.115     50.1    988.0    287.4      0.0     76.3
     1     1    14     8    30    17     0     1   -50.0   50.879  -33.442     52.5    985.2    287.3      0.0     76.2
     1     1    14     8    30    16     0     2   -51.0   50.911  -34.786     55.5    981.7    286.9      0.1     78.2
     1     1    14     8    30    15     0     3   -52.0   51.209  -36.211     61.0    981.4    285.9      0.4     76.6
     1     1    14     8    30    14     0     2   -53.0   51.673  -37.289     57.8    979.7    285.8      1.1     79.9
     1     1    14     8    30    13     0     1   -54.0   52.330  -37.946     50.4    980.0    284.8      2.5     76.8
     1     1    14     8    30    12     0     0   -55.0   53.105  -38.209     45.9    981.1    284.7      5.1     75.6
     1     1    14     8    30    11     0     1   -56.0   53.778  -38.168     40.5    983.8    284.4      2.6     80.2
     1     1    14     8    30    10     0     2   -57.0   54.315  -37.945     38.6    986.2    284.2      2.6     82.2
     1     1    14     8    30     9     0     3   -58.0   54.743  -37.581     40.2    988.0    284.1      1.1     83.5
     1     1    14     8    30     8     0     2   -59.0   55.062  -37.173     44.3    990.4    283.9      0.0     83.2
     1     1    14     8    30     7     0     1   -60.0   55.270  -36.819     49.8    991.3    283.9      0.0     81.0
     1     1    14     8    30     6     0     0   -61.0   55.384  -36.540     54.5    992.6    284.0      0.0     78.9
     1     1    14     8    30     5     0     1   -62.0   55.426  -36.335     58.2    992.4    283.9      0.2     77.8
     1     1    14     8    30     4     0     2   -63.0   55.407  -36.205     60.7    992.5    283.8      0.2     77.3
     1     1    14     8    30     3     0     3   -64.0   55.328  -36.140     62.4    992.9    283.5      0.2     77.2
     1     1    14     8    30     2     0     2   -65.0   55.206  -36.132     63.5    993.9    283.5      0.0     77.5
     1     1    14     8    30     1     0     1   -66.0   55.066  -36.181     63.0    995.0    283.7      0.0     76.9
     1     1    14     8    30     0     0     0   -67.0   54.917  -36.281     60.7    996.3    283.8      0.0     75.4
     1     1    14     8    29    23     0     1   -68.0   54.775  -36.403     58.7    997.4    284.0      0.1     74.7
     1     1    14     8    29    22     0     2   -69.0   54.645  -36.526     58.9    998.0    284.1      0.1     74.7
     1     1    14     8    29    21     0     3   -70.0   54.516  -36.660     62.2    998.3    284.2      0.1     75.1
     1     1    14     8    29    20     0     2   -71.0   54.386  -36.814     67.8    997.5    284.1      0.0     75.3
     1     1    14     8    29    19     0     1   -72.0   54.255  -36.998     73.0    996.9    284.2      0.0     74.3
