     7     1
    GDAS    14     8    22     0     0
    GDAS    14     8    29     0     0
    GDAS    14     9     1     0     0
    GDAS    14     9     8     0     0
    GDAS    14     9    15     0     0
    GDAS    14     9    22     0     0
    GDAS    14     9    29     0     0
     1 BACKWARD OMEGA   
    14     9    14    20   56.467   -2.973   100.0
     4 PRESSURE AIR_TEMP RAINFALL RELHUMID
     1     1    14     9    14    20     0     2     0.0   56.467   -2.973    100.0    984.6    284.0      0.0     97.0
     1     1    14     9    14    19     0     1    -1.0   56.492   -2.728     55.6    997.7    284.9      0.0     94.4
     1     1    14     9    14    18     0     0    -2.0   56.518   -2.492     28.6   1008.0    285.3      0.0     92.4
     1     1    14     9    14    17     0     1    -3.0   56.547   -2.255     14.7   1016.2    286.0      0.0     89.9
     1     1    14     9    14    16     0     2    -4.0   56.578   -2.014      9.1   1024.3    286.5      0.0     88.8
     1     1    14     9    14    15     0     3    -5.0   56.609   -1.767      7.5   1025.0    286.7      0.0     87.4
     1     1    14     9    14    14     0     2    -6.0   56.638   -1.520      6.7   1025.8    286.7      0.0     88.2
     1     1    14     9    14    13     0     1    -7.0   56.664   -1.274      6.3   1027.0    286.7      0.0     89.4
     1     1    14     9    14    12     0     0    -8.0   56.684   -1.018      6.2   1028.7    286.6      0.0     91.0
     1     1    14     9    14    11     0     1    -9.0   56.700   -0.762      6.3   1028.2    286.6      0.0     91.8
     1     1    14     9    14    10     0     2   -10.0   56.713   -0.521      6.5   1027.7    286.7      0.0     92.6
     1     1    14     9    14     9     0     3   -11.0   56.725   -0.297      6.7   1027.0    286.8      0.0     93.4
     1     1    14     9    14     8     0     2   -12.0   56.735   -0.085      6.8   1027.4    286.7      0.0     92.1
     1     1    14     9    14     7     0     1   -13.0   56.757    0.143      6.8   1027.7    286.8      0.0     93.7
     1     1    14     9    14     6     0     0   -14.0   56.791    0.391      6.8   1028.0    286.9      0.0     94.0
     1     1    14     9    14     5     0     1   -15.0   56.826    0.635      6.8   1028.2    287.0      0.0     93.3
     1     1    14     9    14     4     0     2   -16.0   56.862    0.873      6.8   1028.4    287.1      0.0     92.9
     1     1    14     9    14     3     0     3   -17.0   56.901    1.102      6.7   1028.6    287.1      0.0     92.4
     1     1    14     9    14     2     0     2   -18.0   56.941    1.327      6.7   1028.6    287.2      0.0     91.9
     1     1    14     9    14     1     0     1   -19.0   56.978    1.556      6.7   1028.7    287.4      0.0     91.6
     1     1    14     9    14     0     0     0   -20.0   57.010    1.787      6.7   1028.8    287.5      0.0     91.6
     1     1    14     9    13    23     0     1   -21.0   57.048    2.017      6.7   1029.0    287.6      0.0     90.7
     1     1    14     9    13    22     0     2   -22.0   57.101    2.241      6.7   1029.3    287.8      0.0     89.5
     1     1    14     9    13    21     0     3   -23.0   57.164    2.455      6.7   1029.5    287.9      0.0     88.9
     1     1    14     9    13    20     0     2   -24.0   57.228    2.653      6.7   1029.8    288.0      0.0     88.2
     1     1    14     9    13    19     0     1   -25.0   57.290    2.834      6.7   1030.1    288.1      0.0     88.1
     1     1    14     9    13    18     0     0   -26.0   57.350    3.001      6.7   1030.4    288.2      0.0     88.5
     1     1    14     9    13    17     0     1   -27.0   57.416    3.162      6.7   1029.8    288.2      0.0     88.2
     1     1    14     9    13    16     0     2   -28.0   57.494    3.324      6.8   1029.4    288.2      0.0     87.6
     1     1    14     9    13    15     0     3   -29.0   57.584    3.485      6.9   1029.2    288.3      0.0     87.0
     1     1    14     9    13    14     0     2   -30.0   57.675    3.633      7.1   1029.4    288.3      0.0     86.1
     1     1    14     9    13    13     0     1   -31.0   57.762    3.758      7.1   1029.2    288.3      0.0     85.6
     1     1    14     9    13    12     0     0   -32.0   57.843    3.864      7.1   1028.6    288.3      0.0     85.4
     1     1    14     9    13    11     0     1   -33.0   57.922    3.973      7.1   1028.1    288.4      0.0     86.5
     1     1    14     9    13    10     0     2   -34.0   58.002    4.108      7.1   1027.9    288.5      0.0     87.4
     1     1    14     9    13     9     0     3   -35.0   58.081    4.268      7.1   1027.8    288.5      0.0     87.6
     1     1    14     9    13     8     0     2   -36.0   58.167    4.433      7.2   1028.2    288.5      0.0     86.3
     1     1    14     9    13     7     0     1   -37.0   58.266    4.582      7.1   1028.6    288.5      0.0     85.5
     1     1    14     9    13     6     0     0   -38.0   58.377    4.716      7.0   1029.0    288.5      0.0     85.0
     1     1    14     9    13     5     0     1   -39.0   58.488    4.821      6.8   1028.2    288.5      0.0     83.8
     1     1    14     9    13     4     0     2   -40.0   58.582    4.893      6.7   1027.6    288.5      0.0     83.1
     1     1    14     9    13     3     0     3   -41.0   58.657    4.936      6.5   1027.1    288.5      0.0     82.9
     1     1    14     9    13     2     0     2   -42.0   58.716    4.955      6.4   1027.7    288.5      0.0     81.9
     1     1    14     9    13     1     0     1   -43.0   58.765    4.952      6.3   1028.2    288.5      0.0     81.1
     1     1    14     9    13     0     0     0   -44.0   58.802    4.928      6.2   1028.7    288.6      0.0     80.4
     1     1    14     9    12    23     0     1   -45.0   58.838    4.896      6.1   1028.9    288.5      0.0     79.2
     1     1    14     9    12    22     0     2   -46.0   58.881    4.873      6.1   1028.9    288.5      0.0     78.0
     1     1    14     9    12    21     0     3   -47.0   58.930    4.859      6.2   1029.0    288.5      0.0     76.8
     1     1    14     9    12    20     0     2   -48.0   58.984    4.836      6.3   1028.3    288.4      0.0     77.2
     1     1    14     9    12    19     0     1   -49.0   59.042    4.785      6.3   1027.6    288.4      0.0     77.5
     1     1    14     9    12    18     0     0   -50.0   59.104    4.707      6.4   1027.0    288.3      0.0     77.8
     1     1    14     9    12    17     0     1   -51.0   59.170    4.604      6.6   1026.9    288.3      0.0     76.7
     1     1    14     9    12    16     0     2   -52.0   59.237    4.480      7.1   1026.4    288.3      0.0     75.6
     1     1    14     9    12    15     0     3   -53.0   59.306    4.339      7.8   1025.4    288.3      0.0     74.6
     1     1    14     9    12    14     0     2   -54.0   59.367    4.206      8.7   1025.1    288.1      0.0     75.2
     1     1    14     9    12    13     0     1   -55.0   59.416    4.100      9.4   1024.8    288.0      0.0     75.8
     1     1    14     9    12    12     0     0   -56.0   59.454    4.021     10.3   1024.6    288.0      0.0     76.4
     1     1    14     9    12    11     0     1   -57.0   59.490    3.963     11.2   1024.6    288.0      0.0     77.8
     1     1    14     9    12    10     0     2   -58.0   59.530    3.917     12.1   1024.7    288.0      0.0     79.2
     1     1    14     9    12     9     0     3   -59.0   59.574    3.881     13.0   1024.8    288.0      0.0     80.5
     1     1    14     9    12     8     0     2   -60.0   59.622    3.854     13.9   1024.6    287.9      0.0     80.7
     1     1    14     9    12     7     0     1   -61.0   59.671    3.831     15.1   1024.3    287.8      0.0     81.0
     1     1    14     9    12     6     0     0   -62.0   59.721    3.814     16.6   1024.0    287.7      0.0     81.3
     1     1    14     9    12     5     0     1   -63.0   59.768    3.791     18.3   1023.2    287.7      0.0     81.9
     1     1    14     9    12     4     0     2   -64.0   59.805    3.747     20.0   1022.3    287.6      0.0     82.7
     1     1    14     9    12     3     0     3   -65.0   59.831    3.681     21.7   1021.4    287.5      0.0     83.7
     1     1    14     9    12     2     0     2   -66.0   59.849    3.597     22.9   1022.0    287.5      0.0     83.4
     1     1    14     9    12     1     0     1   -67.0   59.860    3.501     23.5   1022.8    287.5      0.0     82.9
     1     1    14     9    12     0     0     0   -68.0   59.863    3.389     23.7   1023.7    287.5      0.0     82.3
     1     1    14     9    11    23     0     1   -69.0   59.855    3.266     23.6   1022.7    287.5      0.0     81.5
     1     1    14     9    11    22     0     2   -70.0   59.833    3.144     23.6   1021.8    287.5      0.0     80.4
     1     1    14     9    11    21     0     3   -71.0   59.798    3.026     23.9   1020.9    287.6      0.0     79.0
     1     1    14     9    11    20     0     2   -72.0   59.757    2.906     24.1   1021.0    287.5      0.0     79.0
