     7     1
    GDAS    14     8    22     0     0
    GDAS    14     8    29     0     0
    GDAS    14     9     1     0     0
    GDAS    14     9     8     0     0
    GDAS    14     9    15     0     0
    GDAS    14     9    22     0     0
    GDAS    14     9    29     0     0
     1 BACKWARD OMEGA   
    14     9     4    20   56.467   -2.973   100.0
     4 PRESSURE AIR_TEMP RAINFALL RELHUMID
     1     1    14     9     4    20     0     2     0.0   56.467   -2.973    100.0    976.3    288.2      0.0     86.6
     1     1    14     9     4    19     0     1    -1.0   56.378   -2.994    106.1    978.0    288.8      0.0     85.0
     1     1    14     9     4    18     0     0    -2.0   56.292   -3.004    113.0    979.9    289.4      0.0     83.1
     1     1    14     9     4    17     0     1    -3.0   56.208   -3.001    121.1    982.2    289.7      0.0     81.1
     1     1    14     9     4    16     0     2    -4.0   56.122   -2.976    132.4    984.6    289.9      0.0     79.3
     1     1    14     9     4    15     0     3    -5.0   56.032   -2.926    150.2    986.4    290.0      0.0     77.9
     1     1    14     9     4    14     0     2    -6.0   55.939   -2.858    168.8    985.1    289.8      0.0     77.4
     1     1    14     9     4    13     0     1    -7.0   55.846   -2.781    178.5    984.4    289.7      0.0     77.3
     1     1    14     9     4    12     0     0    -8.0   55.754   -2.696    178.5    985.1    289.6      0.0     77.5
     1     1    14     9     4    11     0     1    -9.0   55.653   -2.607    177.1    985.9    289.2      0.0     78.5
     1     1    14     9     4    10     0     2   -10.0   55.535   -2.526    181.6    984.5    288.7      0.0     80.4
     1     1    14     9     4     9     0     3   -11.0   55.404   -2.455    193.3    981.8    288.0      0.0     82.9
     1     1    14     9     4     8     0     2   -12.0   55.264   -2.389    208.7    977.6    287.6      0.0     83.9
     1     1    14     9     4     7     0     1   -13.0   55.121   -2.329    224.2    973.6    287.2      0.0     85.0
     1     1    14     9     4     6     0     0   -14.0   54.974   -2.278    242.7    969.5    286.8      0.0     86.1
     1     1    14     9     4     5     0     1   -15.0   54.827   -2.215    258.3    966.7    286.6      0.0     85.2
     1     1    14     9     4     4     0     2   -16.0   54.685   -2.117    262.2    964.6    286.4      0.0     85.0
     1     1    14     9     4     3     0     3   -17.0   54.553   -1.983    251.7    963.8    286.1      0.0     85.7
     1     1    14     9     4     2     0     2   -18.0   54.434   -1.824    234.2    970.1    286.4      0.0     86.5
     1     1    14     9     4     1     0     1   -19.0   54.326   -1.649    218.1    976.0    286.6      0.0     86.5
     1     1    14     9     4     0     0     0   -20.0   54.225   -1.461    206.5    981.7    287.0      0.0     85.9
     1     1    14     9     3    23     0     1   -21.0   54.132   -1.252    206.4    986.8    287.3      0.0     85.0
     1     1    14     9     3    22     0     2   -22.0   54.045   -1.014    231.1    989.8    287.8      0.0     83.4
     1     1    14     9     3    21     0     3   -23.0   53.966   -0.743    282.6    983.6    288.0      0.0     81.4
     1     1    14     9     3    20     0     2   -24.0   53.889   -0.468    343.8    974.8    287.9      0.0     79.2
     1     1    14     9     3    19     0     1   -25.0   53.813   -0.213    404.2    968.1    287.8      0.0     78.8
     1     1    14     9     3    18     0     0   -26.0   53.748    0.014    433.8    967.6    287.1      0.0     81.2
     1     1    14     9     3    17     0     1   -27.0   53.706    0.236    427.5    972.2    287.5      0.0     81.0
     1     1    14     9     3    16     0     2   -28.0   53.685    0.470    420.7    973.3    287.6      0.0     80.7
     1     1    14     9     3    15     0     3   -29.0   53.678    0.708    417.0    974.1    287.6      0.0     80.5
     1     1    14     9     3    14     0     2   -30.0   53.677    0.936    420.2    974.8    287.5      0.0     81.1
     1     1    14     9     3    13     0     1   -31.0   53.670    1.142    427.2    974.2    287.4      0.0     81.3
     1     1    14     9     3    12     0     0   -32.0   53.656    1.328    432.3    974.0    287.4      0.0     81.4
     1     1    14     9     3    11     0     1   -33.0   53.632    1.510    434.1    973.8    287.3      0.0     81.1
     1     1    14     9     3    10     0     2   -34.0   53.602    1.704    433.8    974.1    287.3      0.0     80.9
     1     1    14     9     3     9     0     3   -35.0   53.569    1.916    433.2    974.4    287.4      0.0     80.8
     1     1    14     9     3     8     0     2   -36.0   53.538    2.133    435.1    974.2    287.4      0.0     80.3
     1     1    14     9     3     7     0     1   -37.0   53.510    2.342    439.2    973.3    287.4      0.0     79.4
     1     1    14     9     3     6     0     0   -38.0   53.485    2.541    442.1    972.6    287.4      0.0     78.6
     1     1    14     9     3     5     0     1   -39.0   53.456    2.739    442.5    972.5    287.4      0.0     79.9
     1     1    14     9     3     4     0     2   -40.0   53.418    2.941    442.0    972.7    287.5      0.0     82.1
     1     1    14     9     3     3     0     3   -41.0   53.373    3.147    442.9    972.6    287.5      0.0     83.9
     1     1    14     9     3     2     0     2   -42.0   53.329    3.363    444.2    972.3    287.6      0.0     82.8
     1     1    14     9     3     1     0     1   -43.0   53.291    3.599    443.9    972.5    287.7      0.0     81.5
     1     1    14     9     3     0     0     0   -44.0   53.261    3.867    442.4    972.8    287.9      0.0     80.0
     1     1    14     9     2    23     0     1   -45.0   53.240    4.156    443.8    973.1    288.0      0.0     80.1
     1     1    14     9     2    22     0     2   -46.0   53.229    4.445    452.1    971.9    288.0      0.0     79.1
     1     1    14     9     2    21     0     3   -47.0   53.228    4.731    465.1    970.1    288.1      0.0     77.1
     1     1    14     9     2    20     0     2   -48.0   53.240    5.008    480.7    968.1    288.0      0.0     78.4
     1     1    14     9     2    19     0     1   -49.0   53.267    5.270    496.3    965.8    287.9      0.0     79.1
     1     1    14     9     2    18     0     0   -50.0   53.308    5.523    507.5    964.3    287.9      0.0     77.5
     1     1    14     9     2    17     0     1   -51.0   53.366    5.764    510.1    963.2    287.9      0.0     76.6
     1     1    14     9     2    16     0     2   -52.0   53.443    5.991    502.7    963.9    288.0      0.0     76.1
     1     1    14     9     2    15     0     3   -53.0   53.532    6.211    495.3    965.3    288.1      0.0     75.9
     1     1    14     9     2    14     0     2   -54.0   53.613    6.431    496.9    965.6    287.8      0.0     76.3
     1     1    14     9     2    13     0     1   -55.0   53.675    6.656    505.4    964.4    287.5      0.0     77.0
     1     1    14     9     2    12     0     0   -56.0   53.722    6.888    515.7    963.0    287.2      0.0     77.6
     1     1    14     9     2    11     0     1   -57.0   53.761    7.128    527.6    961.4    286.8      0.0     79.9
     1     1    14     9     2    10     0     2   -58.0   53.797    7.376    542.7    958.8    286.5      0.0     81.9
     1     1    14     9     2     9     0     3   -59.0   53.828    7.634    557.4    956.3    286.3      0.0     81.4
     1     1    14     9     2     8     0     2   -60.0   53.853    7.906    568.8    954.6    286.2      0.0     80.4
     1     1    14     9     2     7     0     1   -61.0   53.875    8.204    579.2    953.4    286.0      0.1     81.2
     1     1    14     9     2     6     0     0   -62.0   53.892    8.538    594.2    951.8    285.9      0.0     80.8
     1     1    14     9     2     5     0     1   -63.0   53.907    8.911    615.8    949.2    285.8      0.0     79.8
     1     1    14     9     2     4     0     2   -64.0   53.924    9.324    641.3    944.8    285.6      0.0     81.1
     1     1    14     9     2     3     0     3   -65.0   53.958    9.777    671.9    939.6    285.3      0.0     82.7
     1     1    14     9     2     2     0     2   -66.0   54.002   10.275    713.0    934.1    285.0      0.0     83.5
     1     1    14     9     2     1     0     1   -67.0   54.048   10.797    754.5    928.4    284.8      0.0     84.1
     1     1    14     9     2     0     0     0   -68.0   54.099   11.331    798.5    924.8    284.5      0.0     84.7
     1     1    14     9     1    23     0     1   -69.0   54.147   11.839    843.8    918.7    284.1      0.2     84.6
     1     1    14     9     1    22     0     2   -70.0   54.179   12.290    875.6    916.1    283.9      0.2     85.6
     1     1    14     9     1    21     0     3   -71.0   54.200   12.696    891.1    915.3    283.7      0.2     87.0
     1     1    14     9     1    20     0     2   -72.0   54.210   13.079    898.9    916.3    283.8      1.1     86.2
