     7     1
    GDAS    14     8    22     0     0
    GDAS    14     8    29     0     0
    GDAS    14     9     1     0     0
    GDAS    14     9     8     0     0
    GDAS    14     9    15     0     0
    GDAS    14     9    22     0     0
    GDAS    14     9    29     0     0
     1 BACKWARD OMEGA   
    14     9     6    16   56.467   -2.973   100.0
     4 PRESSURE AIR_TEMP RAINFALL RELHUMID
     1     1    14     9     6    16     0     2     0.0   56.467   -2.973    100.0    970.6    285.1      0.0     71.7
     1     1    14     9     6    15     0     3    -1.0   56.499   -3.209    131.7    964.1    285.1      0.0     69.6
     1     1    14     9     6    14     0     2    -2.0   56.528   -3.452    153.3    958.1    284.3      0.0     73.2
     1     1    14     9     6    13     0     1    -3.0   56.555   -3.701    159.8    954.1    283.8      0.0     76.0
     1     1    14     9     6    12     0     0    -4.0   56.579   -3.951    150.3    952.0    283.5      0.0     77.8
     1     1    14     9     6    11     0     1    -5.0   56.596   -4.186    134.5    955.3    283.2      0.0     80.8
     1     1    14     9     6    10     0     2    -6.0   56.603   -4.394    122.9    958.2    282.7      0.0     84.1
     1     1    14     9     6     9     0     3    -7.0   56.599   -4.580    116.9    960.6    282.1      0.0     87.5
     1     1    14     9     6     8     0     2    -8.0   56.593   -4.739    117.4    962.2    281.3      0.0     89.7
     1     1    14     9     6     7     0     1    -9.0   56.590   -4.866    125.9    962.4    280.6      0.0     91.7
     1     1    14     9     6     6     0     0   -10.0   56.591   -4.964    144.6    961.2    279.9      0.0     93.4
     1     1    14     9     6     5     0     1   -11.0   56.608   -5.054    169.8    958.8    280.2      0.0     92.8
     1     1    14     9     6     4     0     2   -12.0   56.652   -5.158    192.0    958.1    280.6      0.0     91.8
     1     1    14     9     6     3     0     3   -13.0   56.723   -5.276    208.5    958.6    280.9      0.0     90.5
     1     1    14     9     6     2     0     2   -14.0   56.811   -5.399    218.0    960.0    281.2      0.0     89.2
     1     1    14     9     6     1     0     1   -15.0   56.904   -5.514    219.8    962.4    281.4      0.0     88.1
     1     1    14     9     6     0     0     0   -16.0   57.002   -5.620    215.2    965.6    281.7      0.0     87.2
     1     1    14     9     5    23     0     1   -17.0   57.106   -5.729    210.0    972.5    282.3      0.0     85.9
     1     1    14     9     5    22     0     2   -18.0   57.217   -5.856    210.7    979.2    282.8      0.0     84.6
     1     1    14     9     5    21     0     3   -19.0   57.338   -6.002    221.7    985.7    283.2      0.0     83.3
     1     1    14     9     5    20     0     2   -20.0   57.469   -6.178    235.3    985.2    283.3      0.0     82.4
     1     1    14     9     5    19     0     1   -21.0   57.611   -6.388    242.4    985.7    283.4      0.0     81.5
     1     1    14     9     5    18     0     0   -22.0   57.773   -6.633    246.9    985.0    283.3      0.0     80.6
     1     1    14     9     5    17     0     1   -23.0   57.954   -6.924    245.3    981.7    283.1      0.0     79.7
     1     1    14     9     5    16     0     2   -24.0   58.146   -7.267    238.1    984.6    283.3      0.0     79.5
     1     1    14     9     5    15     0     3   -25.0   58.357   -7.659    235.0    988.4    283.6      0.0     79.7
     1     1    14     9     5    14     0     2   -26.0   58.587   -8.093    236.7    989.8    283.5      0.0     79.9
     1     1    14     9     5    13     0     1   -27.0   58.837   -8.550    239.2    989.5    283.3      0.0     79.3
     1     1    14     9     5    12     0     0   -28.0   59.122   -9.017    244.6    989.3    283.1      0.0     78.8
     1     1    14     9     5    11     0     1   -29.0   59.430   -9.513    251.0    987.7    283.0      0.0     81.2
     1     1    14     9     5    10     0     2   -30.0   59.753  -10.068    256.6    987.2    283.0      0.0     81.7
     1     1    14     9     5     9     0     3   -31.0   60.115  -10.659    267.0    986.3    282.7      0.0     82.0
     1     1    14     9     5     8     0     2   -32.0   60.520  -11.191    279.9    983.9    282.3      0.2     83.7
     1     1    14     9     5     7     0     1   -33.0   60.961  -11.649    294.1    981.8    281.7      0.0     85.8
     1     1    14     9     5     6     0     0   -34.0   61.430  -12.012    314.9    979.3    281.2      0.0     86.6
     1     1    14     9     5     5     0     1   -35.0   61.930  -12.250    340.4    974.9    280.6      0.5     89.0
     1     1    14     9     5     4     0     2   -36.0   62.441  -12.370    363.4    971.9    280.1      0.5     90.4
     1     1    14     9     5     3     0     3   -37.0   62.947  -12.337    383.9    969.2    279.5      0.7     92.8
     1     1    14     9     5     2     0     2   -38.0   63.436  -12.172    400.5    967.0    279.3      1.3     93.0
     1     1    14     9     5     1     0     1   -39.0   63.881  -11.949    414.2    966.2    279.0      0.7     93.1
     1     1    14     9     5     0     0     0   -40.0   64.279  -11.696    427.4    964.8    278.7      0.7     94.1
     1     1    14     9     4    23     0     1   -41.0   64.626  -11.440    437.3    963.2    278.6      0.0     94.2
     1     1    14     9     4    22     0     2   -42.0   64.921  -11.205    444.7    962.6    278.6      0.0     93.5
     1     1    14     9     4    21     0     3   -43.0   65.176  -10.991    453.8    961.3    278.6      0.0     93.5
     1     1    14     9     4    20     0     2   -44.0   65.406  -10.798    460.6    959.7    278.4      0.0     94.4
     1     1    14     9     4    19     0     1   -45.0   65.624  -10.649    463.0    959.6    278.3      0.0     94.6
     1     1    14     9     4    18     0     0   -46.0   65.835  -10.572    467.2    959.3    278.1      0.0     94.5
     1     1    14     9     4    17     0     1   -47.0   66.030  -10.569    481.1    958.3    277.9      0.0     93.5
     1     1    14     9     4    16     0     2   -48.0   66.193  -10.619    503.9    954.9    277.7      0.0     93.5
     1     1    14     9     4    15     0     3   -49.0   66.332  -10.708    527.8    951.8    277.4      0.0     93.5
     1     1    14     9     4    14     0     2   -50.0   66.462  -10.847    550.5    949.0    277.3      0.0     94.4
     1     1    14     9     4    13     0     1   -51.0   66.595  -11.041    573.2    946.3    277.0      0.0     95.4
     1     1    14     9     4    12     0     0   -52.0   66.721  -11.293    597.2    943.4    276.8      0.0     96.5
     1     1    14     9     4    11     0     1   -53.0   66.838  -11.585    619.0    940.6    276.5      0.0     97.4
     1     1    14     9     4    10     0     2   -54.0   66.944  -11.899    632.6    938.9    276.2      0.0     97.9
     1     1    14     9     4     9     0     3   -55.0   67.047  -12.231    638.4    938.4    276.2      0.0     97.4
     1     1    14     9     4     8     0     2   -56.0   67.161  -12.597    645.7    937.6    276.2      0.0     96.4
     1     1    14     9     4     7     0     1   -57.0   67.301  -13.008    662.4    934.8    276.1      0.0     95.5
     1     1    14     9     4     6     0     0   -58.0   67.464  -13.458    686.1    930.8    275.9      0.0     94.7
     1     1    14     9     4     5     0     1   -59.0   67.646  -13.945    710.4    927.0    275.7      0.0     93.7
     1     1    14     9     4     4     0     2   -60.0   67.846  -14.454    736.1    923.9    275.4      0.0     94.1
     1     1    14     9     4     3     0     3   -61.0   68.079  -14.961    769.9    919.7    274.9      0.0     96.5
     1     1    14     9     4     2     0     2   -62.0   68.343  -15.472    799.1    914.2    274.9      0.0     94.8
     1     1    14     9     4     1     0     1   -63.0   68.639  -16.004    820.1    912.2    274.9      0.6     93.9
     1     1    14     9     4     0     0     0   -64.0   68.969  -16.564    840.8    909.1    275.0      0.7     93.4
     1     1    14     9     3    23     0     1   -65.0   69.334  -17.122    852.5    906.2    275.1      0.3     93.0
     1     1    14     9     3    22     0     2   -66.0   69.743  -17.602    865.6    905.5    275.3      0.2     93.9
     1     1    14     9     3    21     0     3   -67.0   70.200  -17.956    902.0    901.3    275.7      0.2     94.8
     1     1    14     9     3    20     0     2   -68.0   70.692  -18.180    952.4    892.6    275.8      0.3     92.7
     1     1    14     9     3    19     0     1   -69.0   71.204  -18.273    992.9    886.0    275.6      0.3     94.3
     1     1    14     9     3    18     0     0   -70.0   71.734  -18.194   1011.9    882.9    275.2      0.7     97.5
     1     1    14     9     3    17     0     1   -71.0   72.273  -17.926   1012.8    882.7    275.2      0.5     96.3
     1     1    14     9     3    16     0     2   -72.0   72.810  -17.458   1002.6    883.8    275.4      0.5     95.1
