     7     1
    GDAS    14     8    22     0     0
    GDAS    14     8    29     0     0
    GDAS    14     9     1     0     0
    GDAS    14     9     8     0     0
    GDAS    14     9    15     0     0
    GDAS    14     9    22     0     0
    GDAS    14     9    29     0     0
     1 BACKWARD OMEGA   
    14     9     5    21   56.467   -2.973   100.0
     4 PRESSURE AIR_TEMP RAINFALL RELHUMID
     1     1    14     9     5    21     0     3     0.0   56.467   -2.973    100.0    974.1    282.8      0.3     95.5
     1     1    14     9     5    20     0     2    -1.0   56.537   -2.883     79.9    977.2    283.1      0.5     95.0
     1     1    14     9     5    19     0     1    -2.0   56.605   -2.784     62.2    981.1    283.8      0.6     94.9
     1     1    14     9     5    18     0     0    -3.0   56.675   -2.667     47.4    985.2    284.7      0.7     95.1
     1     1    14     9     5    17     0     1    -4.0   56.755   -2.552     36.3    988.9    285.1      0.3     94.5
     1     1    14     9     5    16     0     2    -5.0   56.846   -2.456     28.2    992.0    285.5      0.6     94.6
     1     1    14     9     5    15     0     3    -6.0   56.949   -2.367     22.3    995.1    285.8      0.6     95.8
     1     1    14     9     5    14     0     2    -7.0   57.054   -2.285     18.3    999.6    286.1      0.0     94.6
     1     1    14     9     5    13     0     1    -8.0   57.149   -2.221     15.9   1003.9    286.3      0.0     93.0
     1     1    14     9     5    12     0     0    -9.0   57.235   -2.182     14.3   1006.4    286.4      0.0     92.1
     1     1    14     9     5    11     0     1   -10.0   57.316   -2.175     13.4   1008.0    286.5      0.0     91.1
     1     1    14     9     5    10     0     2   -11.0   57.394   -2.200     13.2   1008.4    286.5      0.0     90.7
     1     1    14     9     5     9     0     3   -12.0   57.473   -2.256     13.6   1008.2    286.6      0.0     91.1
     1     1    14     9     5     8     0     2   -13.0   57.544   -2.336     14.0   1007.3    286.3      0.0     91.0
     1     1    14     9     5     7     0     1   -14.0   57.598   -2.434     14.0   1006.5    286.1      0.0     90.7
     1     1    14     9     5     6     0     0   -15.0   57.632   -2.548     13.7   1005.3    285.8      0.0     90.3
     1     1    14     9     5     5     0     1   -16.0   57.643   -2.685     13.4   1003.4    285.7      0.0     88.6
     1     1    14     9     5     4     0     2   -17.0   57.630   -2.854     13.8    999.9    285.6      0.0     87.1
     1     1    14     9     5     3     0     3   -18.0   57.601   -3.055     15.8    994.8    285.4      0.0     86.4
     1     1    14     9     5     2     0     2   -19.0   57.559   -3.253     23.4    988.9    285.4      0.0     87.8
     1     1    14     9     5     1     0     1   -20.0   57.507   -3.425     38.6    981.8    285.5      0.0     88.7
     1     1    14     9     5     0     0     0   -21.0   57.443   -3.582     62.0    973.8    285.6      0.0     89.4
     1     1    14     9     4    23     0     1   -22.0   57.366   -3.726     92.1    963.8    285.8      0.0     90.0
     1     1    14     9     4    22     0     2   -23.0   57.274   -3.855    125.9    953.4    285.9      0.0     90.5
     1     1    14     9     4    21     0     3   -24.0   57.165   -3.970    161.4    941.7    285.7      0.0     91.0
     1     1    14     9     4    20     0     2   -25.0   57.042   -4.090    185.3    932.3    285.5      0.0     91.1
     1     1    14     9     4    19     0     1   -26.0   56.918   -4.227    187.9    936.4    286.1      0.0     88.5
     1     1    14     9     4    18     0     0   -27.0   56.804   -4.373    175.0    945.5    287.0      0.0     84.6
     1     1    14     9     4    17     0     1   -28.0   56.692   -4.517    154.3    954.6    287.7      0.0     81.9
     1     1    14     9     4    16     0     2   -29.0   56.577   -4.649    129.1    962.9    288.5      0.0     79.2
     1     1    14     9     4    15     0     3   -30.0   56.458   -4.768    100.4    970.7    289.3      0.0     76.6
     1     1    14     9     4    14     0     2   -31.0   56.342   -4.860     75.3    978.9    290.0      0.0     76.9
     1     1    14     9     4    13     0     1   -32.0   56.235   -4.906     58.6    985.2    290.3      0.0     79.3
     1     1    14     9     4    12     0     0   -33.0   56.139   -4.906     49.1    989.5    290.4      0.0     83.4
     1     1    14     9     4    11     0     1   -34.0   56.059   -4.868     43.2    991.9    289.4      0.0     86.8
     1     1    14     9     4    10     0     2   -35.0   55.995   -4.806     38.7    994.1    288.4      0.0     89.6
     1     1    14     9     4     9     0     3   -36.0   55.942   -4.728     36.1    995.1    287.6      0.0     91.5
     1     1    14     9     4     8     0     2   -37.0   55.894   -4.644     34.6    996.2    287.1      0.0     90.5
     1     1    14     9     4     7     0     1   -38.0   55.845   -4.564     31.9    997.3    286.6      0.0     89.9
     1     1    14     9     4     6     0     0   -39.0   55.799   -4.484     27.3    998.6    286.1      0.0     89.8
     1     1    14     9     4     5     0     1   -40.0   55.751   -4.405     22.3   1000.3    285.8      0.0     89.0
     1     1    14     9     4     4     0     2   -41.0   55.702   -4.325     18.7   1001.6    285.5      0.0     88.2
     1     1    14     9     4     3     0     3   -42.0   55.653   -4.243     16.1   1002.7    285.2      0.0     87.4
     1     1    14     9     4     2     0     2   -43.0   55.605   -4.163     13.2   1003.4    284.8      0.0     86.5
     1     1    14     9     4     1     0     1   -44.0   55.560   -4.089      9.6   1004.6    284.1      0.0     85.5
     1     1    14     9     4     0     0     0   -45.0   55.517   -4.019      5.4   1004.8    283.6      0.0     84.4
     1     1    14     9     3    23     0     1   -46.0   55.475   -3.948      0.5   1004.8    283.8      0.0     82.3
     1     1    14     9     3    22     0     2   -47.0   55.430   -3.869      0.0   1004.9    284.1      0.0     80.0
     1     1    14     9     3    21     0     3   -48.0   55.382   -3.783      0.0   1005.1    284.4      0.0     77.7
     1     1    14     9     3    20     0     2   -49.0   55.331   -3.697      0.0   1005.4    285.8      0.0     75.7
     1     1    14     9     3    19     0     1   -50.0   55.277   -3.621      0.0   1005.8    287.3      0.0     73.3
     1     1    14     9     3    18     0     0   -51.0   55.221   -3.556      0.0   1006.1    288.7      0.0     70.6
     1     1    14     9     3    17     0     1   -52.0   55.158   -3.506      0.0   1005.9    289.7      0.0     68.9
     1     1    14     9     3    16     0     2   -53.0   55.084   -3.474      0.0   1005.5    290.7      0.0     67.2
     1     1    14     9     3    15     0     3   -54.0   55.001   -3.461      0.0   1005.0    291.7      0.0     65.4
     1     1    14     9     3    14     0     2   -55.0   54.912   -3.452      0.0   1007.0    291.4      0.0     65.9
     1     1    14     9     3    13     0     1   -56.0   54.821   -3.430      0.0   1009.0    291.2      0.0     66.3
     1     1    14     9     3    12     0     0   -57.0   54.727   -3.398      0.0   1011.1    291.0      0.0     66.3
     1     1    14     9     3    11     0     1   -58.0   54.632   -3.350      0.0   1012.8    290.2      0.0     68.4
     1     1    14     9     3    10     0     2   -59.0   54.542   -3.283      0.0   1014.3    289.5      0.0     70.7
     1     1    14     9     3     9     0     3   -60.0   54.459   -3.196      0.0   1015.8    288.9      0.0     73.2
     1     1    14     9     3     8     0     2   -61.0   54.382   -3.097      0.0   1016.9    288.4      0.0     73.2
     1     1    14     9     3     7     0     1   -62.0   54.307   -2.995      0.0   1017.9    288.0      0.0     73.4
     1     1    14     9     3     6     0     0   -63.0   54.233   -2.891      0.0   1015.9    287.3      0.0     75.1
     1     1    14     9     3     5     0     1   -64.0   54.162   -2.787      0.0   1013.6    286.8      0.0     75.3
     1     1    14     9     3     4     0     2   -65.0   54.095   -2.683      0.0   1011.2    286.3      0.0     75.9
     1     1    14     9     3     3     0     3   -66.0   54.034   -2.580      0.0   1008.5    285.6      0.0     76.7
     1     1    14     9     3     2     0     2   -67.0   53.980   -2.481      0.0   1005.6    285.0      0.0     78.2
     1     1    14     9     3     1     0     1   -68.0   53.933   -2.384      0.0   1002.7    284.5      0.0     80.1
     1     1    14     9     3     0     0     0   -69.0   53.890   -2.286      0.0   1000.0    284.0      0.0     81.9
     1     1    14     9     2    23     0     1   -70.0   53.853   -2.187      0.0    997.2    284.4      0.0     81.1
     1     1    14     9     2    22     0     2   -71.0   53.821   -2.086      0.0    994.8    284.9      0.0     80.0
     1     1    14     9     2    21     0     3   -72.0   53.792   -1.979      0.0    993.5    285.7      0.0     78.2
