     7     1
    GDAS    14     8    22     0     0
    GDAS    14     8    29     0     0
    GDAS    14     9     1     0     0
    GDAS    14     9     8     0     0
    GDAS    14     9    15     0     0
    GDAS    14     9    22     0     0
    GDAS    14     9    29     0     0
     1 BACKWARD OMEGA   
    14     9     9    16   56.467   -2.973   100.0
     4 PRESSURE AIR_TEMP RAINFALL RELHUMID
     1     1    14     9     9    16     0     2     0.0   56.467   -2.973    100.0    977.8    286.5      0.0     70.4
     1     1    14     9     9    15     0     3    -1.0   56.444   -3.041     74.2    980.5    287.0      0.0     68.0
     1     1    14     9     9    14     0     2    -2.0   56.426   -3.125     53.1    983.5    287.3      0.0     68.3
     1     1    14     9     9    13     0     1    -3.0   56.414   -3.201     37.6    984.9    287.6      0.0     69.1
     1     1    14     9     9    12     0     0    -4.0   56.407   -3.266     27.0    985.8    288.0      0.0     69.9
     1     1    14     9     9    11     0     1    -5.0   56.401   -3.328     19.8    986.4    287.4      0.0     73.7
     1     1    14     9     9    10     0     2    -6.0   56.394   -3.393     14.9    987.0    286.8      0.0     77.5
     1     1    14     9     9     9     0     3    -7.0   56.384   -3.458     11.6    987.4    286.2      0.0     81.3
     1     1    14     9     9     8     0     2    -8.0   56.375   -3.526      9.4    987.5    284.4      0.0     83.0
     1     1    14     9     9     7     0     1    -9.0   56.370   -3.597      7.7    987.2    282.5      0.0     84.8
     1     1    14     9     9     6     0     0   -10.0   56.370   -3.672      6.3    986.7    280.5      0.0     86.8
     1     1    14     9     9     5     0     1   -11.0   56.370   -3.746      4.7    986.2    280.6      0.0     86.0
     1     1    14     9     9     4     0     2   -12.0   56.367   -3.817      2.4    985.9    280.8      0.0     85.2
     1     1    14     9     9     3     0     3   -13.0   56.361   -3.885      0.0    985.8    280.9      0.0     84.4
     1     1    14     9     9     2     0     2   -14.0   56.354   -3.948      0.0    986.3    280.8      0.0     82.9
     1     1    14     9     9     1     0     1   -15.0   56.347   -4.006      0.0    986.9    280.6      0.0     81.4
     1     1    14     9     9     0     0     0   -16.0   56.341   -4.057      0.0    987.8    280.5      0.0     79.9
     1     1    14     9     8    23     0     1   -17.0   56.338   -4.106      0.0    987.6    280.6      0.0     79.3
     1     1    14     9     8    22     0     2   -18.0   56.342   -4.159      0.0    987.1    280.6      0.0     78.8
     1     1    14     9     8    21     0     3   -19.0   56.351   -4.215      0.0    986.4    280.7      0.0     78.4
     1     1    14     9     8    20     0     2   -20.0   56.362   -4.273      0.0    986.1    282.0      0.0     77.6
     1     1    14     9     8    19     0     1   -21.0   56.374   -4.328      0.0    985.9    283.3      0.0     76.7
     1     1    14     9     8    18     0     0   -22.0   56.386   -4.382      0.0    985.7    284.5      0.0     75.6
     1     1    14     9     8    17     0     1   -23.0   56.405   -4.440      0.0    985.0    285.2      0.0     74.6
     1     1    14     9     8    16     0     2   -24.0   56.439   -4.508      0.0    983.9    285.8      0.0     73.7
     1     1    14     9     8    15     0     3   -25.0   56.487   -4.586      0.0    982.3    286.3      0.0     72.9
     1     1    14     9     8    14     0     2   -26.0   56.536   -4.670      0.0    981.2    286.3      0.0     73.4
     1     1    14     9     8    13     0     1   -27.0   56.576   -4.755      0.0    980.7    286.3      0.0     73.8
     1     1    14     9     8    12     0     0   -28.0   56.605   -4.839      0.0    980.7    286.4      0.0     74.1
     1     1    14     9     8    11     0     1   -29.0   56.631   -4.915      0.0    980.1    285.5      0.0     78.4
     1     1    14     9     8    10     0     2   -30.0   56.658   -4.976      0.0    979.3    284.6      0.0     82.6
     1     1    14     9     8     9     0     3   -31.0   56.688   -5.024      0.1    978.8    283.8      0.0     86.6
     1     1    14     9     8     8     0     2   -32.0   56.723   -5.067      0.5    979.8    283.0      0.0     89.2
     1     1    14     9     8     7     0     1   -33.0   56.765   -5.112      0.9    980.8    282.3      0.0     91.7
     1     1    14     9     8     6     0     0   -34.0   56.814   -5.160      1.0    981.8    281.8      0.0     94.1
     1     1    14     9     8     5     0     1   -35.0   56.866   -5.213      1.0    982.2    282.0      0.0     93.9
     1     1    14     9     8     4     0     2   -36.0   56.919   -5.276      0.8    983.0    282.3      0.0     93.6
     1     1    14     9     8     3     0     3   -37.0   56.973   -5.346      0.5    984.1    282.6      0.0     93.4
     1     1    14     9     8     2     0     2   -38.0   57.035   -5.423      0.0    986.7    282.4      0.0     92.1
     1     1    14     9     8     1     0     1   -39.0   57.117   -5.510      0.0    990.9    282.5      0.0     90.6
     1     1    14     9     8     0     0     0   -40.0   57.223   -5.614      0.0    995.8    282.9      0.0     89.2
     1     1    14     9     7    23     0     1   -41.0   57.346   -5.731      0.0   1002.1    283.8      0.0     87.1
     1     1    14     9     7    22     0     2   -42.0   57.476   -5.857      0.0   1009.0    284.7      0.0     85.3
     1     1    14     9     7    21     0     3   -43.0   57.614   -5.989      0.0   1016.4    285.6      0.0     83.8
     1     1    14     9     7    20     0     2   -44.0   57.764   -6.131      0.0   1017.6    286.0      0.0     82.7
     1     1    14     9     7    19     0     1   -45.0   57.931   -6.283      0.0   1017.4    286.2      0.0     82.1
     1     1    14     9     7    18     0     0   -46.0   58.114   -6.447      0.0   1015.5    286.1      0.0     81.4
     1     1    14     9     7    17     0     1   -47.0   58.310   -6.637      0.0   1014.5    286.2      0.0     80.7
     1     1    14     9     7    16     0     2   -48.0   58.509   -6.865      0.0   1014.7    286.3      0.0     80.6
     1     1    14     9     7    15     0     3   -49.0   58.704   -7.134      0.0   1016.9    286.3      0.0     81.4
     1     1    14     9     7    14     0     2   -50.0   58.896   -7.404      0.1   1018.0    286.2      0.0     82.2
     1     1    14     9     7    13     0     1   -51.0   59.088   -7.635      0.4   1018.1    286.2      0.0     82.7
     1     1    14     9     7    12     0     0   -52.0   59.276   -7.824      0.6   1017.7    286.1      0.0     83.2
     1     1    14     9     7    11     0     1   -53.0   59.456   -7.988      0.7   1017.5    286.0      0.0     83.9
     1     1    14     9     7    10     0     2   -54.0   59.628   -8.143      1.0   1017.4    285.8      0.0     84.5
     1     1    14     9     7     9     0     3   -55.0   59.798   -8.285      1.4   1017.2    285.8      0.0     84.9
     1     1    14     9     7     8     0     2   -56.0   59.967   -8.411      1.8   1018.0    285.8      0.0     85.7
     1     1    14     9     7     7     0     1   -57.0   60.131   -8.524      2.1   1018.7    285.8      0.0     86.4
     1     1    14     9     7     6     0     0   -58.0   60.286   -8.627      2.2   1019.5    285.7      0.0     87.1
     1     1    14     9     7     5     0     1   -59.0   60.432   -8.736      2.3   1019.6    285.6      0.0     87.0
     1     1    14     9     7     4     0     2   -60.0   60.565   -8.872      2.4   1019.6    285.5      0.0     87.2
     1     1    14     9     7     3     0     3   -61.0   60.682   -9.036      2.4   1019.7    285.3      0.0     87.5
     1     1    14     9     7     2     0     2   -62.0   60.780   -9.216      2.5   1019.5    285.4      0.0     87.1
     1     1    14     9     7     1     0     1   -63.0   60.852   -9.394      2.9   1019.4    285.4      0.0     86.9
     1     1    14     9     7     0     0     0   -64.0   60.897   -9.564      3.4   1019.2    285.4      0.0     87.0
     1     1    14     9     6    23     0     1   -65.0   60.932   -9.709      3.8   1019.5    285.4      0.0     87.0
     1     1    14     9     6    22     0     2   -66.0   60.972   -9.821      4.1   1019.7    285.4      0.0     87.1
     1     1    14     9     6    21     0     3   -67.0   61.017   -9.901      4.3   1020.0    285.4      0.0     87.2
     1     1    14     9     6    20     0     2   -68.0   61.067   -9.984      4.5   1018.8    285.3      0.0     86.5
     1     1    14     9     6    19     0     1   -69.0   61.125  -10.103      5.1   1017.6    285.3      0.0     85.9
     1     1    14     9     6    18     0     0   -70.0   61.190  -10.260      5.9   1016.4    285.3      0.0     85.7
     1     1    14     9     6    17     0     1   -71.0   61.253  -10.444      6.7   1016.6    285.3      0.0     85.0
     1     1    14     9     6    16     0     2   -72.0   61.306  -10.645      7.1   1016.9    285.3      0.0     83.9
