     7     1
    GDAS    14     8    22     0     0
    GDAS    14     8    29     0     0
    GDAS    14     9     1     0     0
    GDAS    14     9     8     0     0
    GDAS    14     9    15     0     0
    GDAS    14     9    22     0     0
    GDAS    14     9    29     0     0
     1 BACKWARD OMEGA   
    14     9    15    12   56.467   -2.973   100.0
     4 PRESSURE AIR_TEMP RAINFALL RELHUMID
     1     1    14     9    15    12     0     0     0.0   56.467   -2.973    100.0    979.6    284.5      0.3     98.3
     1     1    14     9    15    11     0     1    -1.0   56.595   -2.813     54.5    988.1    284.8      0.0     97.9
     1     1    14     9    15    10     0     2    -2.0   56.719   -2.666     30.1    993.1    285.1      0.0     97.4
     1     1    14     9    15     9     0     3    -3.0   56.845   -2.517     18.1    997.9    285.3      0.0     96.5
     1     1    14     9    15     8     0     2    -4.0   56.972   -2.357     11.8   1004.5    285.3      0.0     95.9
     1     1    14     9    15     7     0     1    -5.0   57.097   -2.166      8.1   1015.4    285.6      0.0     94.1
     1     1    14     9    15     6     0     0    -6.0   57.218   -1.927      5.3   1023.8    286.0      0.0     91.4
     1     1    14     9    15     5     0     1    -7.0   57.331   -1.638      3.1   1024.3    286.2      0.0     88.0
     1     1    14     9    15     4     0     2    -8.0   57.433   -1.309      1.8   1024.7    286.4      0.0     84.7
     1     1    14     9    15     3     0     3    -9.0   57.525   -0.953      1.5   1025.0    286.5      0.0     81.4
     1     1    14     9    15     2     0     2   -10.0   57.603   -0.592      1.5   1025.7    286.5      0.0     80.7
     1     1    14     9    15     1     0     1   -11.0   57.665   -0.241      1.5   1026.1    286.5      0.0     80.2
     1     1    14     9    15     0     0     0   -12.0   57.732    0.109      1.4   1026.3    286.6      0.0     78.3
     1     1    14     9    14    23     0     1   -13.0   57.809    0.456      1.4   1026.7    286.8      0.0     77.9
     1     1    14     9    14    22     0     2   -14.0   57.886    0.782      1.6   1027.0    286.9      0.0     76.3
     1     1    14     9    14    21     0     3   -15.0   57.964    1.085      2.0   1027.4    286.9      0.0     74.2
     1     1    14     9    14    20     0     2   -16.0   58.043    1.370      2.4   1027.6    287.1      0.0     75.2
     1     1    14     9    14    19     0     1   -17.0   58.123    1.643      2.6   1027.9    287.3      0.0     75.8
     1     1    14     9    14    18     0     0   -18.0   58.201    1.897      2.7   1028.2    287.4      0.0     76.1
     1     1    14     9    14    17     0     1   -19.0   58.286    2.129      2.8   1028.4    287.3      0.0     77.7
     1     1    14     9    14    16     0     2   -20.0   58.382    2.335      3.0   1028.7    287.3      0.0     79.4
     1     1    14     9    14    15     0     3   -21.0   58.486    2.511      3.5   1029.0    287.4      0.0     81.0
     1     1    14     9    14    14     0     2   -22.0   58.589    2.657      4.1   1029.3    287.4      0.0     81.7
     1     1    14     9    14    13     0     1   -23.0   58.684    2.779      4.6   1029.7    287.4      0.0     82.6
     1     1    14     9    14    12     0     0   -24.0   58.771    2.881      5.0   1030.0    287.4      0.0     83.4
     1     1    14     9    14    11     0     1   -25.0   58.857    2.974      5.2   1030.2    287.6      0.0     84.2
     1     1    14     9    14    10     0     2   -26.0   58.944    3.067      5.4   1030.5    287.7      0.0     84.5
     1     1    14     9    14     9     0     3   -27.0   59.034    3.160      5.5   1030.9    287.8      0.0     84.9
     1     1    14     9    14     8     0     2   -28.0   59.124    3.252      5.6   1029.9    287.7      0.0     85.1
     1     1    14     9    14     7     0     1   -29.0   59.216    3.337      5.9   1028.9    287.7      0.0     85.4
     1     1    14     9    14     6     0     0   -30.0   59.308    3.416      6.3   1028.0    287.7      0.0     85.7
     1     1    14     9    14     5     0     1   -31.0   59.404    3.477      6.9   1028.2    287.7      0.0     84.1
     1     1    14     9    14     4     0     2   -32.0   59.504    3.506      7.5   1028.4    287.7      0.0     82.3
     1     1    14     9    14     3     0     3   -33.0   59.608    3.504      8.1   1028.6    287.7      0.0     80.4
     1     1    14     9    14     2     0     2   -34.0   59.702    3.484      8.8   1029.1    287.7      0.0     79.9
     1     1    14     9    14     1     0     1   -35.0   59.774    3.463      9.3   1029.3    287.7      0.0     79.3
     1     1    14     9    14     0     0     0   -36.0   59.828    3.443      9.6   1029.5    287.7      0.0     78.8
     1     1    14     9    13    23     0     1   -37.0   59.869    3.418      9.9   1029.4    287.7      0.0     79.0
     1     1    14     9    13    22     0     2   -38.0   59.904    3.379     10.1   1029.4    287.7      0.0     79.4
     1     1    14     9    13    21     0     3   -39.0   59.931    3.329     10.4   1029.4    287.7      0.0     79.7
     1     1    14     9    13    20     0     2   -40.0   59.950    3.269     10.6   1029.7    287.6      0.0     80.0
     1     1    14     9    13    19     0     1   -41.0   59.960    3.199     10.7   1030.0    287.5      0.0     80.3
     1     1    14     9    13    18     0     0   -42.0   59.959    3.119     10.6   1030.3    287.4      0.0     80.6
     1     1    14     9    13    17     0     1   -43.0   59.943    3.025     10.4   1030.5    287.3      0.0     80.6
     1     1    14     9    13    16     0     2   -44.0   59.908    2.916     10.3   1030.7    287.3      0.0     80.5
     1     1    14     9    13    15     0     3   -45.0   59.856    2.795     10.3   1030.8    287.4      0.0     80.1
     1     1    14     9    13    14     0     2   -46.0   59.791    2.672     10.5   1031.2    287.4      0.0     80.6
     1     1    14     9    13    13     0     1   -47.0   59.718    2.560     10.9   1031.4    287.4      0.0     80.9
     1     1    14     9    13    12     0     0   -48.0   59.638    2.458     11.4   1031.7    287.4      0.0     81.1
     1     1    14     9    13    11     0     1   -49.0   59.550    2.373     12.0   1030.2    287.3      0.0     81.2
     1     1    14     9    13    10     0     2   -50.0   59.455    2.312     12.5   1028.7    287.2      0.0     81.4
     1     1    14     9    13     9     0     3   -51.0   59.353    2.275     12.9   1027.3    287.1      0.0     81.9
     1     1    14     9    13     8     0     2   -52.0   59.254    2.253     13.2   1027.6    287.1      0.0     81.7
     1     1    14     9    13     7     0     1   -53.0   59.165    2.236     13.5   1027.9    287.2      0.0     81.4
     1     1    14     9    13     6     0     0   -54.0   59.084    2.222     13.6   1028.2    287.2      0.0     81.1
     1     1    14     9    13     5     0     1   -55.0   59.005    2.203     13.8   1028.0    287.2      0.0     80.0
     1     1    14     9    13     4     0     2   -56.0   58.924    2.173     14.3   1027.7    287.1      0.0     79.2
     1     1    14     9    13     3     0     3   -57.0   58.841    2.128     15.3   1027.3    287.1      0.0     78.5
     1     1    14     9    13     2     0     2   -58.0   58.759    2.078     16.6   1027.4    287.1      0.0     78.2
     1     1    14     9    13     1     0     1   -59.0   58.681    2.028     17.9   1027.6    287.0      0.0     77.7
     1     1    14     9    13     0     0     0   -60.0   58.606    1.979     19.2   1027.7    287.0      0.0     77.2
     1     1    14     9    12    23     0     1   -61.0   58.534    1.932     20.3   1026.3    287.1      0.0     77.6
     1     1    14     9    12    22     0     2   -62.0   58.464    1.887     21.4   1025.1    287.2      0.0     78.1
     1     1    14     9    12    21     0     3   -63.0   58.396    1.843     22.4   1023.9    287.2      0.0     78.7
     1     1    14     9    12    20     0     2   -64.0   58.334    1.799     23.3   1024.0    287.2      0.0     78.6
     1     1    14     9    12    19     0     1   -65.0   58.280    1.753     23.9   1024.2    287.2      0.0     78.4
     1     1    14     9    12    18     0     0   -66.0   58.237    1.707     24.1   1024.4    287.2      0.0     78.1
     1     1    14     9    12    17     0     1   -67.0   58.195    1.657     24.3   1023.6    287.1      0.0     78.9
     1     1    14     9    12    16     0     2   -68.0   58.149    1.595     24.9   1022.7    287.0      0.0     79.9
     1     1    14     9    12    15     0     3   -69.0   58.096    1.521     25.9   1021.8    287.0      0.0     81.1
     1     1    14     9    12    14     0     2   -70.0   58.040    1.445     27.0   1022.9    287.0      0.0     81.2
     1     1    14     9    12    13     0     1   -71.0   57.985    1.377     27.6   1024.1    287.0      0.0     81.2
     1     1    14     9    12    12     0     0   -72.0   57.933    1.314     27.9   1025.4    286.9      0.0     81.2
