     7     1
    GDAS    14     8    22     0     0
    GDAS    14     8    29     0     0
    GDAS    14     9     1     0     0
    GDAS    14     9     8     0     0
    GDAS    14     9    15     0     0
    GDAS    14     9    22     0     0
    GDAS    14     9    29     0     0
     1 BACKWARD OMEGA   
    14     9    14     3   56.467   -2.973   100.0
     4 PRESSURE AIR_TEMP RAINFALL RELHUMID
     1     1    14     9    14     3     0     3     0.0   56.467   -2.973    100.0    986.3    282.7      0.0     93.5
     1     1    14     9    14     2     0     2    -1.0   56.421   -2.844     87.5    993.0    283.4      0.0     92.0
     1     1    14     9    14     1     0     1    -2.0   56.371   -2.701     76.3    999.7    284.0      0.0     90.0
     1     1    14     9    14     0     0     0    -3.0   56.315   -2.546     66.9   1006.1    284.6      0.0     87.5
     1     1    14     9    13    23     0     1    -4.0   56.252   -2.381     58.6   1011.9    285.3      0.0     85.0
     1     1    14     9    13    22     0     2    -5.0   56.183   -2.205     51.6   1017.0    286.0      0.0     82.0
     1     1    14     9    13    21     0     3    -6.0   56.102   -2.018     47.0   1020.8    286.5      0.0     78.3
     1     1    14     9    13    20     0     2    -7.0   56.015   -1.819     44.8   1021.9    286.6      0.0     76.9
     1     1    14     9    13    19     0     1    -8.0   55.933   -1.618     43.8   1021.8    286.5      0.0     76.9
     1     1    14     9    13    18     0     0    -9.0   55.855   -1.422     43.1   1022.5    286.6      0.0     76.8
     1     1    14     9    13    17     0     1   -10.0   55.780   -1.233     43.3   1023.0    286.7      0.0     76.8
     1     1    14     9    13    16     0     2   -11.0   55.708   -1.050     46.4   1023.8    286.8      0.0     77.0
     1     1    14     9    13    15     0     3   -12.0   55.638   -0.869     52.8   1023.2    286.8      0.0     76.9
     1     1    14     9    13    14     0     2   -13.0   55.571   -0.697     61.0   1022.1    286.8      0.0     77.1
     1     1    14     9    13    13     0     1   -14.0   55.505   -0.544     69.7   1020.8    286.8      0.0     77.2
     1     1    14     9    13    12     0     0   -15.0   55.439   -0.411     79.1   1019.5    286.8      0.0     77.2
     1     1    14     9    13    11     0     1   -16.0   55.373   -0.303     88.7   1018.0    286.6      0.0     79.1
     1     1    14     9    13    10     0     2   -17.0   55.308   -0.221     97.9   1016.7    286.5      0.0     81.0
     1     1    14     9    13     9     0     3   -18.0   55.242   -0.167    106.6   1015.4    286.4      0.0     83.0
     1     1    14     9    13     8     0     2   -19.0   55.177   -0.127    114.0   1014.7    286.4      0.0     82.6
     1     1    14     9    13     7     0     1   -20.0   55.112   -0.090    118.8   1014.3    286.4      0.0     82.4
     1     1    14     9    13     6     0     0   -21.0   55.049   -0.056    120.4   1014.3    286.4      0.0     82.1
     1     1    14     9    13     5     0     1   -22.0   54.989   -0.036    120.4   1014.1    286.4      0.0     82.1
     1     1    14     9    13     4     0     2   -23.0   54.933   -0.040    121.2   1013.3    286.3      0.0     82.4
     1     1    14     9    13     3     0     3   -24.0   54.881   -0.065    123.5   1012.2    286.2      0.0     82.7
     1     1    14     9    13     2     0     2   -25.0   54.827   -0.099    126.8   1011.6    286.2      0.0     82.6
     1     1    14     9    13     1     0     1   -26.0   54.765   -0.127    130.4   1010.8    286.2      0.0     82.6
     1     1    14     9    13     0     0     0   -27.0   54.698   -0.147    133.7   1010.0    286.2      0.0     82.5
     1     1    14     9    12    23     0     1   -28.0   54.626   -0.137    140.7   1008.7    286.2      0.0     83.3
     1     1    14     9    12    22     0     2   -29.0   54.553   -0.077    156.6   1005.8    286.3      0.0     83.8
     1     1    14     9    12    21     0     3   -30.0   54.500    0.040    167.3   1005.5    286.6      0.0     87.1
     1     1    14     9    12    20     0     2   -31.0   54.475    0.199    168.4   1006.7    286.7      0.0     87.5
     1     1    14     9    12    19     0     1   -32.0   54.464    0.371    170.5   1006.3    286.8      0.0     87.9
     1     1    14     9    12    18     0     0   -33.0   54.467    0.553    172.8   1005.9    286.8      0.0     88.3
     1     1    14     9    12    17     0     1   -34.0   54.483    0.733    175.6   1005.4    286.7      0.0     88.9
     1     1    14     9    12    16     0     2   -35.0   54.511    0.901    180.2   1004.5    286.6      0.0     89.8
     1     1    14     9    12    15     0     3   -36.0   54.548    1.058    187.0   1003.4    286.5      0.0     90.6
     1     1    14     9    12    14     0     2   -37.0   54.587    1.207    193.5   1002.6    286.5      0.0     90.6
     1     1    14     9    12    13     0     1   -38.0   54.625    1.355    197.0   1002.6    286.5      0.0     90.7
     1     1    14     9    12    12     0     0   -39.0   54.661    1.502    198.1   1002.8    286.5      0.0     90.9
     1     1    14     9    12    11     0     1   -40.0   54.699    1.663    199.1   1002.6    286.5      0.0     90.6
     1     1    14     9    12    10     0     2   -41.0   54.745    1.849    202.6   1002.0    286.6      0.0     90.5
     1     1    14     9    12     9     0     3   -42.0   54.798    2.063    209.8   1001.1    286.6      0.0     90.7
     1     1    14     9    12     8     0     2   -43.0   54.859    2.275    217.9    999.7    286.5      0.0     91.2
     1     1    14     9    12     7     0     1   -44.0   54.923    2.459    223.1    999.1    286.5      0.0     91.8
     1     1    14     9    12     6     0     0   -45.0   54.986    2.618    224.9    998.8    286.4      0.0     92.4
     1     1    14     9    12     5     0     1   -46.0   55.044    2.765    224.9    998.5    286.6      0.0     91.7
     1     1    14     9    12     4     0     2   -47.0   55.094    2.911    225.0    998.0    286.7      0.0     91.1
     1     1    14     9    12     3     0     3   -48.0   55.134    3.058    225.0    997.5    286.8      0.0     90.5
     1     1    14     9    12     2     0     2   -49.0   55.166    3.209    225.0    997.8    286.8      0.0     89.8
     1     1    14     9    12     1     0     1   -50.0   55.195    3.366    224.9    998.0    286.9      0.0     89.2
     1     1    14     9    12     0     0     0   -51.0   55.220    3.531    224.8    998.2    286.9      0.0     88.6
     1     1    14     9    11    23     0     1   -52.0   55.250    3.703    225.2    997.9    287.1      0.0     87.7
     1     1    14     9    11    22     0     2   -53.0   55.296    3.886    226.2    997.6    287.2      0.0     86.7
     1     1    14     9    11    21     0     3   -54.0   55.358    4.075    228.0    997.2    287.4      0.0     85.8
     1     1    14     9    11    20     0     2   -55.0   55.431    4.259    230.5    996.7    287.4      0.0     85.6
     1     1    14     9    11    19     0     1   -56.0   55.509    4.428    233.2    996.3    287.4      0.0     85.4
     1     1    14     9    11    18     0     0   -57.0   55.589    4.586    235.7    995.9    287.4      0.0     85.1
     1     1    14     9    11    17     0     1   -58.0   55.666    4.744    236.4    995.3    287.5      0.0     84.7
     1     1    14     9    11    16     0     2   -59.0   55.736    4.919    233.8    995.2    287.6      0.0     84.1
     1     1    14     9    11    15     0     3   -60.0   55.797    5.118    228.3    995.5    287.8      0.0     83.4
     1     1    14     9    11    14     0     2   -61.0   55.855    5.334    222.3    996.4    287.8      0.0     82.9
     1     1    14     9    11    13     0     1   -62.0   55.916    5.559    216.8    997.1    287.8      0.0     82.7
     1     1    14     9    11    12     0     0   -63.0   55.978    5.797    210.4    997.8    287.8      0.0     82.9
     1     1    14     9    11    11     0     1   -64.0   56.041    6.048    204.9    998.4    287.9      0.0     82.5
     1     1    14     9    11    10     0     2   -65.0   56.113    6.308    204.6    998.2    287.9      0.0     82.7
     1     1    14     9    11     9     0     3   -66.0   56.194    6.578    210.0    997.1    287.7      0.0     83.8
     1     1    14     9    11     8     0     2   -67.0   56.282    6.863    217.9    995.8    287.5      0.0     83.7
     1     1    14     9    11     7     0     1   -68.0   56.377    7.164    226.6    994.7    287.4      0.0     83.7
     1     1    14     9    11     6     0     0   -69.0   56.475    7.477    238.3    993.4    287.2      0.0     84.4
     1     1    14     9    11     5     0     1   -70.0   56.575    7.798    255.0    991.5    287.1      0.0     84.4
     1     1    14     9    11     4     0     2   -71.0   56.679    8.122    275.3    988.6    287.0      0.0     84.0
     1     1    14     9    11     3     0     3   -72.0   56.786    8.453    296.9    985.3    286.9      0.0     83.8
