     7     1
    GDAS    14     8    22     0     0
    GDAS    14     8    29     0     0
    GDAS    14     9     1     0     0
    GDAS    14     9     8     0     0
    GDAS    14     9    15     0     0
    GDAS    14     9    22     0     0
    GDAS    14     9    29     0     0
     1 BACKWARD OMEGA   
    14     9     8    21   56.467   -2.973   100.0
     4 PRESSURE AIR_TEMP RAINFALL RELHUMID
     1     1    14     9     8    21     0     3     0.0   56.467   -2.973    100.0    977.6    284.3      0.0     77.7
     1     1    14     9     8    20     0     2    -1.0   56.476   -3.046    109.6    975.2    284.4      0.0     77.4
     1     1    14     9     8    19     0     1    -2.0   56.494   -3.121    122.1    972.5    284.5      0.0     77.3
     1     1    14     9     8    18     0     0    -3.0   56.524   -3.198    136.9    969.2    284.6      0.0     77.3
     1     1    14     9     8    17     0     1    -4.0   56.572   -3.286    153.0    964.2    284.4      0.0     76.4
     1     1    14     9     8    16     0     2    -5.0   56.649   -3.396    170.4    957.8    284.1      0.0     75.9
     1     1    14     9     8    15     0     3    -6.0   56.754   -3.528    192.9    949.3    283.5      0.0     75.7
     1     1    14     9     8    14     0     2    -7.0   56.872   -3.684    218.0    938.5    282.3      0.0     78.8
     1     1    14     9     8    13     0     1    -8.0   56.987   -3.862    232.4    928.0    281.1      0.0     81.8
     1     1    14     9     8    12     0     0    -9.0   57.091   -4.061    232.9    930.8    281.0      0.0     82.7
     1     1    14     9     8    11     0     1   -10.0   57.187   -4.260    234.7    938.4    281.0      0.0     85.6
     1     1    14     9     8    10     0     2   -11.0   57.281   -4.446    246.6    941.8    280.8      0.0     89.1
     1     1    14     9     8     9     0     3   -12.0   57.373   -4.621    259.8    943.8    280.5      0.0     92.3
     1     1    14     9     8     8     0     2   -13.0   57.472   -4.786    261.1    945.3    280.5      0.0     94.1
     1     1    14     9     8     7     0     1   -14.0   57.581   -4.943    235.8    949.6    280.7      0.0     95.7
     1     1    14     9     8     6     0     0   -15.0   57.697   -5.090    187.0    960.5    281.3      0.0     96.0
     1     1    14     9     8     5     0     1   -16.0   57.820   -5.242    128.5    975.9    282.5      0.0     94.2
     1     1    14     9     8     4     0     2   -17.0   57.953   -5.406     76.7    990.4    283.7      0.0     92.3
     1     1    14     9     8     3     0     3   -18.0   58.103   -5.581     42.8   1002.9    284.9      0.0     89.9
     1     1    14     9     8     2     0     2   -19.0   58.277   -5.769     25.8   1012.0    285.7      0.0     87.7
     1     1    14     9     8     1     0     1   -20.0   58.474   -5.975     18.6   1017.8    286.2      0.0     86.6
     1     1    14     9     8     0     0     0   -21.0   58.686   -6.203     16.0   1017.7    286.2      0.0     86.6
     1     1    14     9     7    23     0     1   -22.0   58.905   -6.447     15.6   1017.4    286.2      0.0     86.4
     1     1    14     9     7    22     0     2   -23.0   59.125   -6.693     16.3   1016.9    286.1      0.0     86.9
     1     1    14     9     7    21     0     3   -24.0   59.343   -6.928     17.3   1016.3    285.9      0.0     88.3
     1     1    14     9     7    20     0     2   -25.0   59.560   -7.159     18.3   1015.8    285.7      0.0     88.5
     1     1    14     9     7    19     0     1   -26.0   59.777   -7.403     19.1   1015.4    285.6      0.0     88.5
     1     1    14     9     7    18     0     0   -27.0   59.993   -7.674     20.1   1015.0    285.6      0.0     88.6
     1     1    14     9     7    17     0     1   -28.0   60.197   -7.977     21.1   1015.5    285.6      0.0     89.3
     1     1    14     9     7    16     0     2   -29.0   60.379   -8.303     22.5   1016.0    285.5      0.0     89.9
     1     1    14     9     7    15     0     3   -30.0   60.542   -8.646     24.2   1016.5    285.4      0.0     90.7
     1     1    14     9     7    14     0     2   -31.0   60.685   -8.989     26.0   1015.9    285.3      0.0     91.7
     1     1    14     9     7    13     0     1   -32.0   60.807   -9.323     27.0   1015.4    285.2      0.0     92.5
     1     1    14     9     7    12     0     0   -33.0   60.911   -9.653     27.2   1015.1    285.2      0.0     93.4
     1     1    14     9     7    11     0     1   -34.0   61.007   -9.980     27.5   1015.0    285.2      0.0     91.4
     1     1    14     9     7    10     0     2   -35.0   61.098  -10.309     28.3   1014.7    285.3      0.0     88.8
     1     1    14     9     7     9     0     3   -36.0   61.182  -10.641     29.7   1014.5    285.3      0.0     86.6
     1     1    14     9     7     8     0     2   -37.0   61.258  -10.982     31.3   1014.9    285.2      0.0     87.1
     1     1    14     9     7     7     0     1   -38.0   61.327  -11.333     32.6   1015.3    285.2      0.0     87.3
     1     1    14     9     7     6     0     0   -39.0   61.386  -11.697     33.4   1015.9    285.2      0.0     86.7
     1     1    14     9     7     5     0     1   -40.0   61.433  -12.080     33.3   1015.9    285.2      0.0     86.6
     1     1    14     9     7     4     0     2   -41.0   61.466  -12.487     32.9   1016.1    285.3      0.0     86.1
     1     1    14     9     7     3     0     3   -42.0   61.480  -12.917     32.6   1016.2    285.3      0.0     84.7
     1     1    14     9     7     2     0     2   -43.0   61.478  -13.355     32.5   1016.1    285.3      0.0     85.2
     1     1    14     9     7     1     0     1   -44.0   61.463  -13.782     32.5   1016.0    285.4      0.0     85.1
     1     1    14     9     7     0     0     0   -45.0   61.436  -14.205     32.5   1015.9    285.4      0.0     84.5
     1     1    14     9     6    23     0     1   -46.0   61.406  -14.623     32.5   1016.1    285.5      0.0     84.1
     1     1    14     9     6    22     0     2   -47.0   61.380  -15.034     32.5   1016.3    285.5      0.0     83.6
     1     1    14     9     6    21     0     3   -48.0   61.359  -15.429     32.5   1016.5    285.5      0.0     83.8
     1     1    14     9     6    20     0     2   -49.0   61.337  -15.819     32.6   1016.2    285.5      0.0     83.8
     1     1    14     9     6    19     0     1   -50.0   61.312  -16.214     32.7   1015.9    285.5      0.0     83.8
     1     1    14     9     6    18     0     0   -51.0   61.282  -16.610     32.7   1015.6    285.4      0.0     83.7
     1     1    14     9     6    17     0     1   -52.0   61.249  -17.006     33.1   1015.2    285.4      0.0     83.4
     1     1    14     9     6    16     0     2   -53.0   61.211  -17.406     34.4   1014.5    285.4      0.0     83.7
     1     1    14     9     6    15     0     3   -54.0   61.168  -17.814     36.7   1013.7    285.3      0.0     83.8
     1     1    14     9     6    14     0     2   -55.0   61.110  -18.219     39.2   1013.5    285.3      0.0     84.7
     1     1    14     9     6    13     0     1   -56.0   61.031  -18.603     40.9   1013.5    285.2      0.0     85.3
     1     1    14     9     6    12     0     0   -57.0   60.937  -18.963     41.5   1013.7    285.1      0.0     85.9
     1     1    14     9     6    11     0     1   -58.0   60.833  -19.299     41.5   1014.4    285.1      0.0     86.9
     1     1    14     9     6    10     0     2   -59.0   60.724  -19.615     41.5   1014.8    285.2      0.0     87.7
     1     1    14     9     6     9     0     3   -60.0   60.609  -19.919     41.5   1015.0    285.3      0.0     88.1
     1     1    14     9     6     8     0     2   -61.0   60.493  -20.221     41.5   1014.6    285.3      0.0     87.4
     1     1    14     9     6     7     0     1   -62.0   60.381  -20.529     41.5   1014.5    285.3      0.0     86.8
     1     1    14     9     6     6     0     0   -63.0   60.276  -20.845     41.5   1014.5    285.3      0.0     86.2
     1     1    14     9     6     5     0     1   -64.0   60.164  -21.167     41.5   1014.9    285.2      0.0     85.5
     1     1    14     9     6     4     0     2   -65.0   60.026  -21.491     41.5   1014.8    285.2      0.0     85.1
     1     1    14     9     6     3     0     3   -66.0   59.861  -21.812     41.5   1014.0    285.3      0.0     85.2
     1     1    14     9     6     2     0     2   -67.0   59.684  -22.113     42.0   1014.9    285.3      0.0     85.8
     1     1    14     9     6     1     0     1   -68.0   59.512  -22.384     43.1   1015.5    285.4      0.0     85.9
     1     1    14     9     6     0     0     0   -69.0   59.346  -22.628     43.9   1015.9    285.3      0.0     85.3
     1     1    14     9     5    23     0     1   -70.0   59.189  -22.857     44.4   1016.2    285.4      0.0     85.2
     1     1    14     9     5    22     0     2   -71.0   59.043  -23.085     44.5   1016.8    285.5      0.0     85.5
     1     1    14     9     5    21     0     3   -72.0   58.909  -23.317     44.5   1017.1    285.6      0.0     86.5
