     7     1
    GDAS    14     8    22     0     0
    GDAS    14     8    29     0     0
    GDAS    14     9     1     0     0
    GDAS    14     9     8     0     0
    GDAS    14     9    15     0     0
    GDAS    14     9    22     0     0
    GDAS    14     9    29     0     0
     1 BACKWARD OMEGA   
    14     9    14    14   56.467   -2.973   100.0
     4 PRESSURE AIR_TEMP RAINFALL RELHUMID
     1     1    14     9    14    14     0     2     0.0   56.467   -2.973    100.0    985.2    285.3      0.0     87.1
     1     1    14     9    14    13     0     1    -1.0   56.467   -2.775     57.4    998.2    285.9      0.0     87.7
     1     1    14     9    14    12     0     0    -2.0   56.473   -2.606     33.0   1006.5    286.3      0.0     89.2
     1     1    14     9    14    11     0     1    -3.0   56.480   -2.447     20.2   1011.5    286.3      0.0     90.0
     1     1    14     9    14    10     0     2    -4.0   56.485   -2.285     13.6   1016.5    286.3      0.0     90.3
     1     1    14     9    14     9     0     3    -5.0   56.490   -2.121     10.2   1021.2    286.3      0.0     90.1
     1     1    14     9    14     8     0     2    -6.0   56.495   -1.962      8.6   1025.4    286.3      0.0     90.0
     1     1    14     9    14     7     0     1    -7.0   56.502   -1.809      7.6   1026.0    286.3      0.0     90.1
     1     1    14     9    14     6     0     0    -8.0   56.511   -1.660      6.9   1026.7    286.2      0.0     90.0
     1     1    14     9    14     5     0     1    -9.0   56.517   -1.510      6.3   1027.2    286.3      0.0     89.7
     1     1    14     9    14     4     0     2   -10.0   56.517   -1.355      5.8   1027.7    286.4      0.0     89.4
     1     1    14     9    14     3     0     3   -11.0   56.515   -1.198      5.4   1028.2    286.4      0.0     89.2
     1     1    14     9    14     2     0     2   -12.0   56.509   -1.031      5.2   1028.6    286.6      0.0     87.5
     1     1    14     9    14     1     0     1   -13.0   56.497   -0.852      5.2   1028.7    286.6      0.0     85.5
     1     1    14     9    14     0     0     0   -14.0   56.477   -0.664      5.4   1028.8    286.7      0.0     83.5
     1     1    14     9    13    23     0     1   -15.0   56.446   -0.470      5.7   1029.0    286.7      0.0     81.4
     1     1    14     9    13    22     0     2   -16.0   56.403   -0.272      6.0   1029.2    286.7      0.0     79.2
     1     1    14     9    13    21     0     3   -17.0   56.349   -0.070      6.4   1029.5    286.7      0.0     77.0
     1     1    14     9    13    20     0     2   -18.0   56.330    0.133      6.8   1029.8    287.0      0.0     79.0
     1     1    14     9    13    19     0     1   -19.0   56.351    0.329      7.2   1030.1    287.0      0.0     78.9
     1     1    14     9    13    18     0     0   -20.0   56.372    0.510      7.6   1030.4    287.1      0.0     77.8
     1     1    14     9    13    17     0     1   -21.0   56.396    0.678      8.0   1029.8    287.2      0.0     78.2
     1     1    14     9    13    16     0     2   -22.0   56.427    0.835      8.2   1029.2    287.2      0.0     78.0
     1     1    14     9    13    15     0     3   -23.0   56.466    0.985      8.5   1028.8    287.3      0.0     77.2
     1     1    14     9    13    14     0     2   -24.0   56.507    1.123      8.8   1028.7    287.4      0.0     78.3
     1     1    14     9    13    13     0     1   -25.0   56.542    1.242      9.2   1028.4    287.4      0.0     78.9
     1     1    14     9    13    12     0     0   -26.0   56.570    1.342      9.7   1028.1    287.4      0.0     79.0
     1     1    14     9    13    11     0     1   -27.0   56.591    1.430     10.3   1028.0    287.4      0.0     80.7
     1     1    14     9    13    10     0     2   -28.0   56.606    1.512     11.1   1027.7    287.4      0.0     82.1
     1     1    14     9    13     9     0     3   -29.0   56.616    1.589     12.0   1027.4    287.4      0.0     83.3
     1     1    14     9    13     8     0     2   -30.0   56.621    1.666     12.9   1027.6    287.5      0.0     83.2
     1     1    14     9    13     7     0     1   -31.0   56.621    1.746     13.5   1027.9    287.5      0.0     83.2
     1     1    14     9    13     6     0     0   -32.0   56.616    1.829     13.6   1028.2    287.6      0.0     83.2
     1     1    14     9    13     5     0     1   -33.0   56.612    1.918     13.8   1028.0    287.6      0.0     83.1
     1     1    14     9    13     4     0     2   -34.0   56.615    2.012     14.2   1027.7    287.6      0.0     83.0
     1     1    14     9    13     3     0     3   -35.0   56.626    2.111     14.9   1027.4    287.6      0.0     83.1
     1     1    14     9    13     2     0     2   -36.0   56.640    2.207     15.7   1027.1    287.6      0.0     82.8
     1     1    14     9    13     1     0     1   -37.0   56.653    2.294     16.6   1026.9    287.7      0.0     82.5
     1     1    14     9    13     0     0     0   -38.0   56.664    2.373     17.5   1026.8    287.7      0.0     82.2
     1     1    14     9    12    23     0     1   -39.0   56.672    2.441     18.4   1025.9    287.7      0.0     82.3
     1     1    14     9    12    22     0     2   -40.0   56.676    2.495     19.4   1025.1    287.7      0.0     82.4
     1     1    14     9    12    21     0     3   -41.0   56.676    2.538     20.3   1024.2    287.8      0.0     82.4
     1     1    14     9    12    20     0     2   -42.0   56.678    2.578     21.2   1024.3    287.8      0.0     82.1
     1     1    14     9    12    19     0     1   -43.0   56.691    2.624     21.6   1024.5    287.8      0.0     81.8
     1     1    14     9    12    18     0     0   -44.0   56.712    2.673     21.8   1024.7    287.8      0.0     81.5
     1     1    14     9    12    17     0     1   -45.0   56.743    2.713     21.9   1024.8    287.8      0.0     81.4
     1     1    14     9    12    16     0     2   -46.0   56.782    2.731     22.4   1024.9    287.9      0.0     81.3
     1     1    14     9    12    15     0     3   -47.0   56.826    2.728     23.1   1025.0    287.9      0.0     81.2
     1     1    14     9    12    14     0     2   -48.0   56.868    2.714     24.0   1025.2    287.8      0.0     80.8
     1     1    14     9    12    13     0     1   -49.0   56.906    2.701     24.5   1025.4    287.7      0.0     80.4
     1     1    14     9    12    12     0     0   -50.0   56.940    2.688     24.7   1025.7    287.6      0.0     80.0
     1     1    14     9    12    11     0     1   -51.0   56.965    2.675     24.9   1024.9    287.6      0.0     80.6
     1     1    14     9    12    10     0     2   -52.0   56.980    2.658     25.7   1023.9    287.6      0.0     81.2
     1     1    14     9    12     9     0     3   -53.0   56.982    2.639     26.9   1022.8    287.6      0.0     81.8
     1     1    14     9    12     8     0     2   -54.0   56.984    2.621     28.6   1022.6    287.6      0.0     82.0
     1     1    14     9    12     7     0     1   -55.0   56.994    2.603     30.5   1022.3    287.5      0.0     82.0
     1     1    14     9    12     6     0     0   -56.0   57.012    2.584     32.9   1022.0    287.5      0.0     82.0
     1     1    14     9    12     5     0     1   -57.0   57.037    2.571     35.1   1022.0    287.5      0.0     82.3
     1     1    14     9    12     4     0     2   -58.0   57.068    2.571     36.5   1022.1    287.5      0.0     82.5
     1     1    14     9    12     3     0     3   -59.0   57.104    2.582     37.1   1022.4    287.6      0.0     82.7
     1     1    14     9    12     2     0     2   -60.0   57.136    2.598     37.3   1022.3    287.5      0.0     82.4
     1     1    14     9    12     1     0     1   -61.0   57.158    2.612     37.5   1022.2    287.5      0.0     82.2
     1     1    14     9    12     0     0     0   -62.0   57.169    2.625     37.6   1022.1    287.4      0.0     81.9
     1     1    14     9    11    23     0     1   -63.0   57.180    2.643     38.0   1022.1    287.5      0.0     81.1
     1     1    14     9    11    22     0     2   -64.0   57.203    2.670     39.3   1021.9    287.6      0.0     80.2
     1     1    14     9    11    21     0     3   -65.0   57.239    2.703     41.5   1021.7    287.7      0.0     79.4
     1     1    14     9    11    20     0     2   -66.0   57.280    2.728     43.9   1021.2    287.7      0.0     79.6
     1     1    14     9    11    19     0     1   -67.0   57.320    2.732     45.3   1021.0    287.6      0.0     79.9
     1     1    14     9    11    18     0     0   -68.0   57.357    2.713     45.8   1020.8    287.6      0.0     80.2
     1     1    14     9    11    17     0     1   -69.0   57.390    2.686     45.9   1019.8    287.6      0.0     80.3
     1     1    14     9    11    16     0     2   -70.0   57.420    2.662     46.4   1018.7    287.6      0.0     80.5
     1     1    14     9    11    15     0     3   -71.0   57.447    2.640     47.3   1017.6    287.5      0.0     80.7
     1     1    14     9    11    14     0     2   -72.0   57.469    2.630     48.1   1018.3    287.5      0.0     81.4
