     7     1
    GDAS    14     8    22     0     0
    GDAS    14     8    29     0     0
    GDAS    14     9     1     0     0
    GDAS    14     9     8     0     0
    GDAS    14     9    15     0     0
    GDAS    14     9    22     0     0
    GDAS    14     9    29     0     0
     1 BACKWARD OMEGA   
    14     9     5     9   56.467   -2.973   100.0
     4 PRESSURE AIR_TEMP RAINFALL RELHUMID
     1     1    14     9     5     9     0     3     0.0   56.467   -2.973    100.0    974.4    287.1      0.0     91.6
     1     1    14     9     5     8     0     2    -1.0   56.483   -3.088    110.3    971.6    286.4      0.0     92.9
     1     1    14     9     5     7     0     1    -2.0   56.486   -3.207    127.3    968.7    285.9      0.0     93.9
     1     1    14     9     5     6     0     0    -3.0   56.475   -3.331    150.8    965.4    285.6      0.0     94.2
     1     1    14     9     5     5     0     1    -4.0   56.455   -3.464    178.0    961.9    285.7      0.0     92.6
     1     1    14     9     5     4     0     2    -5.0   56.434   -3.611    208.1    958.6    285.8      0.0     91.2
     1     1    14     9     5     3     0     3    -6.0   56.411   -3.773    243.3    955.0    285.8      0.0     89.9
     1     1    14     9     5     2     0     2    -7.0   56.383   -3.943    281.1    950.7    285.9      0.0     89.0
     1     1    14     9     5     1     0     1    -8.0   56.350   -4.112    314.0    948.0    285.9      0.0     88.2
     1     1    14     9     5     0     0     0    -9.0   56.315   -4.277    336.6    947.1    286.0      0.0     87.8
     1     1    14     9     4    23     0     1   -10.0   56.272   -4.437    344.1    947.8    286.3      0.0     86.1
     1     1    14     9     4    22     0     2   -11.0   56.209   -4.587    331.4    951.2    286.8      0.0     84.0
     1     1    14     9     4    21     0     3   -12.0   56.124   -4.724    294.9    957.7    287.5      0.0     81.5
     1     1    14     9     4    20     0     2   -13.0   56.025   -4.849    240.6    967.4    288.3      0.0     79.6
     1     1    14     9     4    19     0     1   -14.0   55.914   -4.961    182.4    975.7    288.7      0.0     77.7
     1     1    14     9     4    18     0     0   -15.0   55.794   -5.052    135.0    984.4    289.4      0.0     76.5
     1     1    14     9     4    17     0     1   -16.0   55.669   -5.117    103.7    990.4    289.7      0.0     76.6
     1     1    14     9     4    16     0     2   -17.0   55.537   -5.157     86.2    994.2    290.0      0.0     76.6
     1     1    14     9     4    15     0     3   -18.0   55.396   -5.175     78.6    996.7    290.3      0.0     76.9
     1     1    14     9     4    14     0     2   -19.0   55.250   -5.163     80.7    998.6    290.1      0.0     79.8
     1     1    14     9     4    13     0     1   -20.0   55.098   -5.117     93.7    999.0    289.8      0.0     82.3
     1     1    14     9     4    12     0     0   -21.0   54.938   -5.044    116.8    998.6    289.5      0.0     84.7
     1     1    14     9     4    11     0     1   -22.0   54.776   -4.958    143.5    996.5    289.2      0.0     86.1
     1     1    14     9     4    10     0     2   -23.0   54.617   -4.877    162.4    994.2    288.9      0.0     86.8
     1     1    14     9     4     9     0     3   -24.0   54.456   -4.804    168.7    994.6    288.8      0.0     87.3
     1     1    14     9     4     8     0     2   -25.0   54.295   -4.739    164.9    996.7    289.0      0.0     85.9
     1     1    14     9     4     7     0     1   -26.0   54.134   -4.682    154.8    999.7    289.2      0.0     84.3
     1     1    14     9     4     6     0     0   -27.0   53.969   -4.633    141.6   1002.6    289.6      0.0     82.9
     1     1    14     9     4     5     0     1   -28.0   53.807   -4.558    132.1   1002.2    289.3      0.0     81.5
     1     1    14     9     4     4     0     2   -29.0   53.653   -4.420    132.5    998.9    289.1      0.0     81.3
     1     1    14     9     4     3     0     3   -30.0   53.507   -4.232    148.4    992.6    289.0      0.0     82.1
     1     1    14     9     4     2     0     2   -31.0   53.378   -4.026    188.8    981.4    288.7      0.0     82.3
     1     1    14     9     4     1     0     1   -32.0   53.260   -3.818    241.0    972.0    288.6      0.0     81.6
     1     1    14     9     4     0     0     0   -33.0   53.146   -3.595    277.2    966.6    288.6      0.0     81.1
     1     1    14     9     3    23     0     1   -34.0   53.037   -3.349    278.8    966.8    288.7      0.0     80.5
     1     1    14     9     3    22     0     2   -35.0   52.937   -3.082    232.0    974.7    289.3      0.0     78.7
     1     1    14     9     3    21     0     3   -36.0   52.865   -2.818    170.5    986.2    289.8      0.0     78.2
     1     1    14     9     3    20     0     2   -37.0   52.821   -2.576    135.4    990.8    290.1      0.0     77.9
     1     1    14     9     3    19     0     1   -38.0   52.791   -2.361    125.4    990.6    290.6      0.0     76.1
     1     1    14     9     3    18     0     0   -39.0   52.769   -2.167    127.9    989.8    291.1      0.0     73.5
     1     1    14     9     3    17     0     1   -40.0   52.751   -1.973    137.4    989.0    291.2      0.0     71.4
     1     1    14     9     3    16     0     2   -41.0   52.737   -1.760    146.5    988.9    291.3      0.0     69.3
     1     1    14     9     3    15     0     3   -42.0   52.725   -1.529    147.8    990.6    291.5      0.0     66.4
     1     1    14     9     3    14     0     2   -43.0   52.716   -1.296    141.8    994.0    291.4      0.0     67.1
     1     1    14     9     3    13     0     1   -44.0   52.709   -1.078    130.0    997.8    291.5      0.0     67.4
     1     1    14     9     3    12     0     0   -45.0   52.702   -0.883    115.5   1000.8    291.9      0.0     68.3
     1     1    14     9     3    11     0     1   -46.0   52.696   -0.708    102.3   1002.8    291.3      0.0     73.1
     1     1    14     9     3    10     0     2   -47.0   52.690   -0.545     91.8   1004.3    290.5      0.0     77.9
     1     1    14     9     3     9     0     3   -48.0   52.686   -0.394     83.7   1005.5    289.5      0.0     82.8
     1     1    14     9     3     8     0     2   -49.0   52.677   -0.253     78.3   1006.2    288.8      0.0     86.5
     1     1    14     9     3     7     0     1   -50.0   52.658   -0.120     76.1   1006.2    287.8      0.0     90.2
     1     1    14     9     3     6     0     0   -51.0   52.637    0.003     76.1   1009.1    286.6      0.0     87.1
     1     1    14     9     3     5     0     1   -52.0   52.618    0.124     76.0   1009.2    286.7      0.0     87.1
     1     1    14     9     3     4     0     2   -53.0   52.601    0.259     74.0   1009.8    286.8      0.0     86.8
     1     1    14     9     3     3     0     3   -54.0   52.585    0.407     70.3   1010.8    286.9      0.0     86.0
     1     1    14     9     3     2     0     2   -55.0   52.569    0.566     66.4   1012.2    287.2      0.0     85.5
     1     1    14     9     3     1     0     1   -56.0   52.553    0.732     63.7   1013.1    287.5      0.0     84.4
     1     1    14     9     3     0     0     0   -57.0   52.538    0.905     61.9   1014.0    287.8      0.0     82.8
     1     1    14     9     2    23     0     1   -58.0   52.524    1.082     59.9   1014.6    288.1      0.0     82.6
     1     1    14     9     2    22     0     2   -59.0   52.514    1.270     56.8   1015.4    288.4      0.0     81.9
     1     1    14     9     2    21     0     3   -60.0   52.509    1.476     52.8   1016.3    288.8      0.0     79.6
     1     1    14     9     2    20     0     2   -61.0   52.512    1.697     49.0   1017.2    289.4      0.0     77.9
     1     1    14     9     2    19     0     1   -62.0   52.526    1.923     46.6   1018.2    289.7      0.0     77.0
     1     1    14     9     2    18     0     0   -63.0   52.551    2.145     46.3   1018.8    289.8      0.0     76.7
     1     1    14     9     2    17     0     1   -64.0   52.589    2.352     47.7   1018.4    289.9      0.0     77.9
     1     1    14     9     2    16     0     2   -65.0   52.637    2.540     50.2   1018.0    289.9      0.0     78.4
     1     1    14     9     2    15     0     3   -66.0   52.690    2.706     53.2   1017.5    289.9      0.0     78.2
     1     1    14     9     2    14     0     2   -67.0   52.731    2.859     55.9   1017.3    289.9      0.0     78.4
     1     1    14     9     2    13     0     1   -68.0   52.748    3.004     58.2   1017.1    289.9      0.0     78.8
     1     1    14     9     2    12     0     0   -69.0   52.746    3.141     60.3   1016.9    289.9      0.0     79.7
     1     1    14     9     2    11     0     1   -70.0   52.739    3.271     61.8   1015.8    289.8      0.0     80.6
     1     1    14     9     2    10     0     2   -71.0   52.730    3.397     62.4   1015.0    289.7      0.0     81.3
     1     1    14     9     2     9     0     3   -72.0   52.716    3.522     62.0   1014.2    289.6      0.0     81.9
