     7     1
    GDAS    14     8    22     0     0
    GDAS    14     8    29     0     0
    GDAS    14     9     1     0     0
    GDAS    14     9     8     0     0
    GDAS    14     9    15     0     0
    GDAS    14     9    22     0     0
    GDAS    14     9    29     0     0
     1 BACKWARD OMEGA   
    14     9     7    12   56.467   -2.973   100.0
     4 PRESSURE AIR_TEMP RAINFALL RELHUMID
     1     1    14     9     7    12     0     0     0.0   56.467   -2.973    100.0    972.9    285.0      0.0     71.8
     1     1    14     9     7    11     0     1    -1.0   56.619   -3.263    183.9    956.1    282.9      0.1     79.8
     1     1    14     9     7    10     0     2    -2.0   56.820   -3.582    262.5    931.3    280.3      0.2     89.5
     1     1    14     9     7     9     0     3    -3.0   57.070   -3.907    277.5    916.5    278.7      0.2     97.2
     1     1    14     9     7     8     0     2    -4.0   57.317   -4.226    265.9    937.1    280.0      0.0     95.4
     1     1    14     9     7     7     0     1    -5.0   57.551   -4.536    255.3    945.2    280.5      0.0     96.3
     1     1    14     9     7     6     0     0    -6.0   57.786   -4.831    189.0    953.2    280.9      0.0     97.8
     1     1    14     9     7     5     0     1    -7.0   57.992   -5.060     90.3    974.0    282.1      0.0     95.7
     1     1    14     9     7     4     0     2    -8.0   58.170   -5.200     36.3    994.9    283.6      0.0     91.5
     1     1    14     9     7     3     0     3    -9.0   58.354   -5.282     17.2   1001.4    284.3      0.0     89.0
     1     1    14     9     7     2     0     2   -10.0   58.557   -5.330     11.2   1006.5    284.8      0.6     87.1
     1     1    14     9     7     1     0     1   -11.0   58.791   -5.349      8.5   1011.3    285.4      0.4     86.1
     1     1    14     9     7     0     0     0   -12.0   59.059   -5.321      7.7   1015.3    285.9      0.3     86.2
     1     1    14     9     6    23     0     1   -13.0   59.343   -5.269      7.6   1014.9    285.9      0.3     83.1
     1     1    14     9     6    22     0     2   -14.0   59.628   -5.214      7.3   1015.0    285.9      0.0     82.3
     1     1    14     9     6    21     0     3   -15.0   59.921   -5.130      7.0   1015.8    285.9      0.0     84.1
     1     1    14     9     6    20     0     2   -16.0   60.212   -5.021      6.9   1015.1    285.8      0.0     84.6
     1     1    14     9     6    19     0     1   -17.0   60.479   -4.900      6.9   1014.8    285.6      0.0     84.2
     1     1    14     9     6    18     0     0   -18.0   60.719   -4.756      7.0   1015.1    285.5      0.0     84.0
     1     1    14     9     6    17     0     1   -19.0   60.941   -4.586      7.3   1015.0    285.6      0.0     84.2
     1     1    14     9     6    16     0     2   -20.0   61.148   -4.406      7.5   1014.5    285.5      0.1     84.4
     1     1    14     9     6    15     0     3   -21.0   61.336   -4.233      7.2   1014.4    285.4      0.1     84.0
     1     1    14     9     6    14     0     2   -22.0   61.496   -4.070      6.7   1015.1    285.4      0.0     83.3
     1     1    14     9     6    13     0     1   -23.0   61.629   -3.906      6.5   1015.5    285.4      0.0     82.4
     1     1    14     9     6    12     0     0   -24.0   61.744   -3.734      6.4   1015.6    285.4      0.0     81.8
     1     1    14     9     6    11     0     1   -25.0   61.846   -3.530      6.4   1015.0    285.4      0.0     81.2
     1     1    14     9     6    10     0     2   -26.0   61.937   -3.274      6.4   1014.9    285.4      0.0     80.9
     1     1    14     9     6     9     0     3   -27.0   62.018   -2.959      6.4   1015.3    285.4      0.0     81.1
     1     1    14     9     6     8     0     2   -28.0   62.083   -2.630      6.4   1014.3    285.6      0.0     81.5
     1     1    14     9     6     7     0     1   -29.0   62.129   -2.319      6.4   1013.5    285.7      0.0     81.4
     1     1    14     9     6     6     0     0   -30.0   62.163   -2.019      6.4   1012.7    285.7      0.0     81.0
     1     1    14     9     6     5     0     1   -31.0   62.180   -1.733      6.4   1012.8    285.8      0.0     81.3
     1     1    14     9     6     4     0     2   -32.0   62.173   -1.465      6.2   1012.9    285.8      0.0     81.2
     1     1    14     9     6     3     0     3   -33.0   62.146   -1.209      6.2   1012.9    285.9      0.0     80.8
     1     1    14     9     6     2     0     2   -34.0   62.109   -0.970      6.2   1013.1    286.0      0.0     80.1
     1     1    14     9     6     1     0     1   -35.0   62.064   -0.751      6.2   1013.2    286.1      0.0     79.6
     1     1    14     9     6     0     0     0   -36.0   62.007   -0.546      6.2   1013.4    286.1      0.0     79.0
     1     1    14     9     5    23     0     1   -37.0   61.929   -0.360      6.2   1013.6    286.1      0.0     78.3
     1     1    14     9     5    22     0     2   -38.0   61.816   -0.204      6.2   1013.7    286.0      0.0     77.7
     1     1    14     9     5    21     0     3   -39.0   61.664   -0.084      6.2   1013.9    286.0      0.0     77.0
     1     1    14     9     5    20     0     2   -40.0   61.516   -0.040      6.2   1013.9    286.1      0.0     77.1
     1     1    14     9     5    19     0     1   -41.0   61.367   -0.013      6.1   1013.9    286.2      0.0     76.9
     1     1    14     9     5    18     0     0   -42.0   61.225    0.008      6.0   1013.9    286.4      0.0     77.1
     1     1    14     9     5    17     0     1   -43.0   61.122   -0.022      5.7   1013.8    286.4      0.0     75.5
     1     1    14     9     5    16     0     2   -44.0   60.965   -0.065      6.1   1013.8    286.4      0.0     74.7
     1     1    14     9     5    15     0     3   -45.0   60.827   -0.174      6.8   1013.8    286.4      0.0     73.8
     1     1    14     9     5    14     0     2   -46.0   60.711   -0.338      7.5   1014.7    286.4      0.3     74.3
     1     1    14     9     5    13     0     1   -47.0   60.615   -0.535      8.0   1015.6    286.5      0.0     75.1
     1     1    14     9     5    12     0     0   -48.0   60.537   -0.760      8.1   1016.5    286.5      0.0     75.9
     1     1    14     9     5    11     0     1   -49.0   60.472   -1.020      8.2   1015.4    286.5      0.2     78.2
     1     1    14     9     5    10     0     2   -50.0   60.411   -1.325      8.4   1014.7    286.3      0.3     79.3
     1     1    14     9     5     9     0     3   -51.0   60.358   -1.679      8.7   1015.0    286.3      0.0     78.9
     1     1    14     9     5     8     0     2   -52.0   60.308   -2.063      9.0   1014.9    286.2      0.8     80.0
     1     1    14     9     5     7     0     1   -53.0   60.250   -2.460      9.1   1013.7    286.2      0.9     81.1
     1     1    14     9     5     6     0     0   -54.0   60.187   -2.872      9.1   1013.2    286.1      1.0     80.9
     1     1    14     9     5     5     0     1   -55.0   60.122   -3.305      9.0   1013.1    286.0      0.8     84.0
     1     1    14     9     5     4     0     2   -56.0   60.067   -3.763      8.5   1013.1    285.9      0.6     85.9
     1     1    14     9     5     3     0     3   -57.0   60.036   -4.254      7.8   1013.1    285.8      0.7     86.1
     1     1    14     9     5     2     0     2   -58.0   60.014   -4.756      7.3   1013.0    285.9      2.0     86.9
     1     1    14     9     5     1     0     1   -59.0   59.995   -5.240      6.8   1013.0    285.8      2.0     89.1
     1     1    14     9     5     0     0     0   -60.0   59.987   -5.714      6.3   1013.0    285.7      0.9     90.3
     1     1    14     9     4    23     0     1   -61.0   59.981   -6.194      5.9   1013.0    285.6      0.6     90.0
     1     1    14     9     4    22     0     2   -62.0   59.968   -6.677      6.0   1013.1    285.7      0.0     90.9
     1     1    14     9     4    21     0     3   -63.0   59.955   -7.148      6.6   1013.1    285.8      0.0     91.8
     1     1    14     9     4    20     0     2   -64.0   59.932   -7.609      7.4   1013.4    285.8      1.0     91.2
     1     1    14     9     4    19     0     1   -65.0   59.899   -8.065      8.2   1013.6    285.7      1.1     92.6
     1     1    14     9     4    18     0     0   -66.0   59.874   -8.516      9.0   1013.7    285.8      0.6     94.2
     1     1    14     9     4    17     0     1   -67.0   59.850   -8.964      9.7   1012.8    285.9      0.5     93.8
     1     1    14     9     4    16     0     2   -68.0   59.812   -9.396     10.1   1012.0    285.9      0.5     93.9
     1     1    14     9     4    15     0     3   -69.0   59.772   -9.797     10.3   1011.4    286.1      0.0     95.2
     1     1    14     9     4    14     0     2   -70.0   59.727  -10.157     10.2   1011.5    286.1      2.9     94.7
     1     1    14     9     4    13     0     1   -71.0   59.671  -10.481      9.9   1011.7    286.2      2.9     94.7
     1     1    14     9     4    12     0     0   -72.0   59.617  -10.782      9.8   1011.8    286.3      1.6     95.8
