     7     1
    GDAS    14     8    22     0     0
    GDAS    14     8    29     0     0
    GDAS    14     9     1     0     0
    GDAS    14     9     8     0     0
    GDAS    14     9    15     0     0
    GDAS    14     9    22     0     0
    GDAS    14     9    29     0     0
     1 BACKWARD OMEGA   
    14     9     3     8   56.467   -2.973   100.0
     4 PRESSURE AIR_TEMP RAINFALL RELHUMID
     1     1    14     9     3     8     0     2     0.0   56.467   -2.973    100.0    980.1    285.8      0.0     86.9
     1     1    14     9     3     7     0     1    -1.0   56.381   -2.974    112.2    982.1    285.3      0.0     87.7
     1     1    14     9     3     6     0     0    -2.0   56.300   -2.991    133.0    982.3    284.9      0.0     88.4
     1     1    14     9     3     5     0     1    -3.0   56.218   -3.009    158.3    981.3    285.1      0.0     85.9
     1     1    14     9     3     4     0     2    -4.0   56.130   -3.008    183.4    981.2    285.5      0.0     83.4
     1     1    14     9     3     3     0     3    -5.0   56.033   -2.975    208.3    981.9    285.8      0.0     80.9
     1     1    14     9     3     2     0     2    -6.0   55.935   -2.922    230.0    981.0    286.0      0.0     79.6
     1     1    14     9     3     1     0     1    -7.0   55.843   -2.872    247.3    979.7    286.1      0.0     78.9
     1     1    14     9     3     0     0     0    -8.0   55.756   -2.823    261.3    978.5    286.2      0.0     78.4
     1     1    14     9     2    23     0     1    -9.0   55.668   -2.784    272.2    976.9    286.3      0.0     77.7
     1     1    14     9     2    22     0     2   -10.0   55.574   -2.758    277.9    975.8    286.4      0.0     76.9
     1     1    14     9     2    21     0     3   -11.0   55.476   -2.736    276.5    975.4    286.6      0.0     76.0
     1     1    14     9     2    20     0     2   -12.0   55.383   -2.708    267.3    975.8    286.9      0.0     75.1
     1     1    14     9     2    19     0     1   -13.0   55.302   -2.665    250.0    976.9    287.2      0.0     73.8
     1     1    14     9     2    18     0     0   -14.0   55.235   -2.604    223.8    978.6    287.7      0.0     72.2
     1     1    14     9     2    17     0     1   -15.0   55.180   -2.531    190.1    981.4    288.0      0.0     70.6
     1     1    14     9     2    16     0     2   -16.0   55.138   -2.451    151.7    985.1    288.6      0.0     68.1
     1     1    14     9     2    15     0     3   -17.0   55.109   -2.366    112.4    988.6    289.4      0.0     65.0
     1     1    14     9     2    14     0     2   -18.0   55.089   -2.283     81.1    992.2    290.2      0.0     64.2
     1     1    14     9     2    13     0     1   -19.0   55.073   -2.215     60.7    994.0    291.1      0.0     63.5
     1     1    14     9     2    12     0     0   -20.0   55.061   -2.165     47.6    994.4    292.0      0.0     63.1
     1     1    14     9     2    11     0     1   -21.0   55.053   -2.127     39.0    994.7    291.1      0.0     66.7
     1     1    14     9     2    10     0     2   -22.0   55.048   -2.095     33.4    995.0    290.1      0.0     70.3
     1     1    14     9     2     9     0     3   -23.0   55.047   -2.070     30.2    995.3    288.9      0.0     74.1
     1     1    14     9     2     8     0     2   -24.0   55.051   -2.058     28.6    995.2    286.4      0.0     76.6
     1     1    14     9     2     7     0     1   -25.0   55.065   -2.067     27.8    995.5    284.0      0.0     79.1
     1     1    14     9     2     6     0     0   -26.0   55.089   -2.094     27.7    996.1    281.6      0.0     81.4
     1     1    14     9     2     5     0     1   -27.0   55.116   -2.138     28.2    997.2    281.5      0.0     81.9
     1     1    14     9     2     4     0     2   -28.0   55.144   -2.191     29.1    998.2    281.4      0.0     82.5
     1     1    14     9     2     3     0     3   -29.0   55.173   -2.255     30.4    999.2    281.3      0.0     83.0
     1     1    14     9     2     2     0     2   -30.0   55.206   -2.330     32.2    999.7    282.0      0.0     83.1
     1     1    14     9     2     1     0     1   -31.0   55.248   -2.418     34.0   1000.4    282.6      0.0     83.2
     1     1    14     9     2     0     0     0   -32.0   55.298   -2.520     35.3   1001.2    283.2      0.0     83.4
     1     1    14     9     1    23     0     1   -33.0   55.351   -2.636     35.3   1001.9    283.7      0.0     82.0
     1     1    14     9     1    22     0     2   -34.0   55.400   -2.766     33.8   1002.7    284.1      0.0     81.4
     1     1    14     9     1    21     0     3   -35.0   55.442   -2.916     31.0   1003.2    284.5      0.0     81.6
     1     1    14     9     1    20     0     2   -36.0   55.479   -3.080     28.5   1003.2    285.5      0.0     79.2
     1     1    14     9     1    19     0     1   -37.0   55.513   -3.248     29.0   1002.6    286.5      0.0     76.1
     1     1    14     9     1    18     0     0   -38.0   55.546   -3.426     34.8   1001.2    287.6      0.0     73.1
     1     1    14     9     1    17     0     1   -39.0   55.583   -3.627     46.0    999.6    288.1      0.0     71.3
     1     1    14     9     1    16     0     2   -40.0   55.625   -3.859     61.7    997.9    288.1      0.0     69.7
     1     1    14     9     1    15     0     3   -41.0   55.667   -4.123     79.1    994.7    287.9      0.0     69.7
     1     1    14     9     1    14     0     2   -42.0   55.704   -4.393     93.1    992.2    287.2      0.0     73.6
     1     1    14     9     1    13     0     1   -43.0   55.734   -4.649    102.2    989.8    286.6      0.0     76.4
     1     1    14     9     1    12     0     0   -44.0   55.757   -4.887    103.4    988.1    286.3      0.0     78.2
     1     1    14     9     1    11     0     1   -45.0   55.772   -5.121     99.4    989.6    286.0      0.0     78.7
     1     1    14     9     1    10     0     2   -46.0   55.778   -5.372     95.6    993.2    286.0      0.0     78.1
     1     1    14     9     1     9     0     3   -47.0   55.774   -5.645     93.6    996.5    286.1      0.0     76.5
     1     1    14     9     1     8     0     2   -48.0   55.771   -5.942     89.2   1000.2    286.1      0.0     77.3
     1     1    14     9     1     7     0     1   -49.0   55.774   -6.263     81.9   1002.5    286.1      0.0     78.2
     1     1    14     9     1     6     0     0   -50.0   55.775   -6.600     78.9   1003.9    286.1      0.0     78.5
     1     1    14     9     1     5     0     1   -51.0   55.763   -6.954     83.2   1003.9    286.1      0.0     81.0
     1     1    14     9     1     4     0     2   -52.0   55.741   -7.337     87.5   1002.0    286.1      0.0     82.1
     1     1    14     9     1     3     0     3   -53.0   55.719   -7.749     82.5   1001.7    286.2      0.0     80.5
     1     1    14     9     1     2     0     2   -54.0   55.692   -8.187     72.1   1003.4    286.4      0.0     81.0
     1     1    14     9     1     1     0     1   -55.0   55.657   -8.652     62.9   1007.0    286.8      0.0     79.5
     1     1    14     9     1     0     0     0   -56.0   55.614   -9.147     57.7   1009.7    287.2      0.0     75.7
     1     1    14     8    31    23     0     1   -57.0   55.564   -9.660     56.8   1008.8    287.3      0.0     76.4
     1     1    14     8    31    22     0     2   -58.0   55.511  -10.175     59.5   1007.8    287.3      0.0     76.9
     1     1    14     8    31    21     0     3   -59.0   55.462  -10.696     63.3   1006.7    287.4      0.0     75.6
     1     1    14     8    31    20     0     2   -60.0   55.421  -11.245     67.2   1005.5    287.5      0.0     76.0
     1     1    14     8    31    19     0     1   -61.0   55.386  -11.840     73.8   1003.9    287.5      0.0     77.3
     1     1    14     8    31    18     0     0   -62.0   55.348  -12.487     84.0   1001.7    287.3      0.0     78.2
     1     1    14     8    31    17     0     1   -63.0   55.308  -13.185     95.7    999.3    287.3      0.0     78.4
     1     1    14     8    31    16     0     2   -64.0   55.274  -13.919    105.4    997.4    287.2      0.0     77.8
     1     1    14     8    31    15     0     3   -65.0   55.242  -14.684    114.1    996.1    287.1      0.0     75.8
     1     1    14     8    31    14     0     2   -66.0   55.191  -15.506    122.4    994.2    287.0      0.0     78.9
     1     1    14     8    31    13     0     1   -67.0   55.142  -16.386    129.8    992.7    286.8      0.0     80.8
     1     1    14     8    31    12     0     0   -68.0   55.105  -17.301    140.6    990.8    286.5      0.1     79.8
     1     1    14     8    31    11     0     1   -69.0   55.037  -18.238    151.2    988.1    286.5      0.1     81.6
     1     1    14     8    31    10     0     2   -70.0   54.965  -19.201    165.4    985.3    286.4      0.1     81.9
     1     1    14     8    31     9     0     3   -71.0   54.920  -20.177    180.4    982.4    286.3      0.0     79.3
     1     1    14     8    31     8     0     2   -72.0   54.870  -21.191    189.6    979.6    286.1      0.1     80.7
