     7     1
    GDAS    14     8    22     0     0
    GDAS    14     8    29     0     0
    GDAS    14     9     1     0     0
    GDAS    14     9     8     0     0
    GDAS    14     9    15     0     0
    GDAS    14     9    22     0     0
    GDAS    14     9    29     0     0
     1 BACKWARD OMEGA   
    14     9    23     5   56.467   -2.973   100.0
     4 PRESSURE AIR_TEMP RAINFALL RELHUMID
     1     1    14     9    23     5     0     1     0.0   56.467   -2.973    100.0    973.6    283.0      0.0     92.2
     1     1    14     9    23     4     0     2    -1.0   56.442   -3.253    140.9    968.4    283.1      0.0     92.5
     1     1    14     9    23     3     0     3    -2.0   56.387   -3.570    182.6    962.8    283.2      0.0     94.1
     1     1    14     9    23     2     0     2    -3.0   56.305   -3.908    211.9    960.9    283.2      0.0     93.4
     1     1    14     9    23     1     0     1    -4.0   56.210   -4.240    217.2    964.4    283.5      0.0     92.0
     1     1    14     9    23     0     0     0    -5.0   56.109   -4.556    190.0    970.5    283.9      0.2     92.8
     1     1    14     9    22    23     0     1    -6.0   56.014   -4.829    136.3    980.2    284.5      0.0     91.2
     1     1    14     9    22    22     0     2    -7.0   55.925   -5.051     84.5    989.6    285.1      0.0     87.4
     1     1    14     9    22    21     0     3    -8.0   55.841   -5.244     49.6    998.9    285.6      0.0     84.4
     1     1    14     9    22    20     0     2    -9.0   55.762   -5.432     31.1   1004.3    286.0      0.0     81.4
     1     1    14     9    22    19     0     1   -10.0   55.682   -5.615     22.0   1008.0    286.5      0.1     77.7
     1     1    14     9    22    18     0     0   -11.0   55.588   -5.783     18.5   1010.3    286.9      0.1     73.2
     1     1    14     9    22    17     0     1   -12.0   55.486   -5.928     18.5   1011.1    287.7      0.0     71.2
     1     1    14     9    22    16     0     2   -13.0   55.385   -6.050     21.4   1010.5    288.4      0.0     69.7
     1     1    14     9    22    15     0     3   -14.0   55.285   -6.149     27.2   1009.0    289.1      0.0     68.1
     1     1    14     9    22    14     0     2   -15.0   55.189   -6.242     35.5   1007.5    289.0      0.0     67.6
     1     1    14     9    22    13     0     1   -16.0   55.100   -6.337     46.1   1006.0    288.7      0.0     66.9
     1     1    14     9    22    12     0     0   -17.0   55.018   -6.428     59.2   1004.2    288.3      0.0     65.9
     1     1    14     9    22    11     0     1   -18.0   54.939   -6.524     76.0   1001.9    287.1      0.0     70.1
     1     1    14     9    22    10     0     2   -19.0   54.859   -6.636     98.9    999.1    285.7      0.0     74.3
     1     1    14     9    22     9     0     3   -20.0   54.775   -6.767    129.6    995.7    284.2      0.0     77.7
     1     1    14     9    22     8     0     2   -21.0   54.687   -6.922    163.5    990.2    283.7      0.0     78.0
     1     1    14     9    22     7     0     1   -22.0   54.596   -7.106    191.8    985.9    283.5      0.0     77.9
     1     1    14     9    22     6     0     0   -23.0   54.503   -7.316    209.8    983.6    283.6      0.0     76.9
     1     1    14     9    22     5     0     1   -24.0   54.411   -7.536    217.6    983.3    284.0      0.0     75.3
     1     1    14     9    22     4     0     2   -25.0   54.323   -7.753    219.1    983.5    284.3      0.0     73.7
     1     1    14     9    22     3     0     3   -26.0   54.238   -7.963    216.9    984.2    284.7      0.0     71.9
     1     1    14     9    22     2     0     2   -27.0   54.154   -8.166    212.9    986.3    285.0      0.0     71.3
     1     1    14     9    22     1     0     1   -28.0   54.072   -8.364    207.9    988.8    285.2      0.0     71.1
     1     1    14     9    22     0     0     0   -29.0   53.997   -8.563    204.9    990.7    285.4      0.0     70.7
     1     1    14     9    21    23     0     1   -30.0   53.929   -8.738    205.4    992.1    285.7      0.0     69.7
     1     1    14     9    21    22     0     2   -31.0   53.864   -8.857    205.9    992.7    286.1      0.0     68.8
     1     1    14     9    21    21     0     3   -32.0   53.800   -8.926    203.0    993.5    286.6      0.0     67.9
     1     1    14     9    21    20     0     2   -33.0   53.738   -8.964    196.6    994.4    286.9      0.0     66.2
     1     1    14     9    21    19     0     1   -34.0   53.678   -8.988    187.8    995.4    287.3      0.0     64.6
     1     1    14     9    21    18     0     0   -35.0   53.621   -8.998    176.7    996.6    287.7      0.0     63.2
     1     1    14     9    21    17     0     1   -36.0   53.563   -8.994    168.3    998.1    288.0      0.0     62.4
     1     1    14     9    21    16     0     2   -37.0   53.498   -8.973    166.9    998.0    288.2      0.0     62.0
     1     1    14     9    21    15     0     3   -38.0   53.426   -8.935    172.4    996.9    288.4      0.0     61.9
     1     1    14     9    21    14     0     2   -39.0   53.357   -8.878    181.9    995.1    287.5      0.0     64.8
     1     1    14     9    21    13     0     1   -40.0   53.298   -8.796    192.2    993.5    286.7      0.0     67.8
     1     1    14     9    21    12     0     0   -41.0   53.249   -8.690    202.9    991.6    285.9      0.0     71.0
     1     1    14     9    21    11     0     1   -42.0   53.217   -8.562    214.9    989.5    284.6      0.0     75.8
     1     1    14     9    21    10     0     2   -43.0   53.209   -8.411    227.8    986.8    283.5      0.0     79.2
     1     1    14     9    21     9     0     3   -44.0   53.228   -8.238    238.6    984.2    282.4      0.0     81.1
     1     1    14     9    21     8     0     2   -45.0   53.264   -8.052    245.4    981.5    282.3      0.0     81.4
     1     1    14     9    21     7     0     1   -46.0   53.311   -7.866    253.3    980.3    282.2      0.0     82.3
     1     1    14     9    21     6     0     0   -47.0   53.372   -7.676    269.4    978.3    282.2      0.0     82.3
     1     1    14     9    21     5     0     1   -48.0   53.451   -7.488    294.0    974.7    282.4      0.0     81.9
     1     1    14     9    21     4     0     2   -49.0   53.552   -7.303    323.9    970.7    282.5      0.0     81.3
     1     1    14     9    21     3     0     3   -50.0   53.677   -7.116    357.0    966.5    282.5      0.0     80.6
     1     1    14     9    21     2     0     2   -51.0   53.829   -6.921    391.4    963.3    282.7      0.0     79.6
     1     1    14     9    21     1     0     1   -52.0   54.009   -6.714    421.9    961.2    282.9      0.0     79.4
     1     1    14     9    21     0     0     0   -53.0   54.215   -6.517    438.3    959.7    282.9      0.0     80.0
     1     1    14     9    20    23     0     1   -54.0   54.449   -6.361    439.9    960.2    282.9      0.0     81.6
     1     1    14     9    20    22     0     2   -55.0   54.715   -6.260    427.7    961.0    282.9      0.0     82.8
     1     1    14     9    20    21     0     3   -56.0   55.014   -6.217    392.3    963.6    283.1      0.0     83.7
     1     1    14     9    20    20     0     2   -57.0   55.326   -6.221    360.4    973.0    283.6      0.0     82.5
     1     1    14     9    20    19     0     1   -58.0   55.650   -6.243    359.3    975.7    283.8      0.0     81.2
     1     1    14     9    20    18     0     0   -59.0   55.996   -6.270    388.6    975.5    283.8      0.0     80.2
     1     1    14     9    20    17     0     1   -60.0   56.329   -6.308    437.3    967.0    283.2      0.0     83.4
     1     1    14     9    20    16     0     2   -61.0   56.624   -6.370    487.9    958.8    282.6      0.0     85.9
     1     1    14     9    20    15     0     3   -62.0   56.904   -6.454    532.4    952.2    282.2      0.0     87.9
     1     1    14     9    20    14     0     2   -63.0   57.171   -6.557    561.7    949.5    281.7      0.1     90.1
     1     1    14     9    20    13     0     1   -64.0   57.421   -6.685    573.1    949.3    281.5      0.1     91.5
     1     1    14     9    20    12     0     0   -65.0   57.665   -6.850    577.0    949.0    281.3      0.1     92.5
     1     1    14     9    20    11     0     1   -66.0   57.915   -7.070    585.1    946.2    281.1      0.0     93.3
     1     1    14     9    20    10     0     2   -67.0   58.176   -7.358    597.7    946.2    281.1      0.0     93.8
     1     1    14     9    20     9     0     3   -68.0   58.448   -7.716    607.7    947.1    281.2      0.0     93.6
     1     1    14     9    20     8     0     2   -69.0   58.729   -8.135    612.7    947.2    281.2      0.0     92.1
     1     1    14     9    20     7     0     1   -70.0   59.009   -8.594    621.1    946.6    281.2      0.0     91.7
     1     1    14     9    20     6     0     0   -71.0   59.283   -9.081    641.4    943.8    280.8      0.0     93.8
     1     1    14     9    20     5     0     1   -72.0   59.543   -9.597    673.0    939.6    280.6      0.0     92.7
