     7     1
    GDAS    14     8    22     0     0
    GDAS    14     8    29     0     0
    GDAS    14     9     1     0     0
    GDAS    14     9     8     0     0
    GDAS    14     9    15     0     0
    GDAS    14     9    22     0     0
    GDAS    14     9    29     0     0
     1 BACKWARD OMEGA   
    14     9     6    15   56.467   -2.973   100.0
     4 PRESSURE AIR_TEMP RAINFALL RELHUMID
     1     1    14     9     6    15     0     3     0.0   56.467   -2.973    100.0    970.8    285.6      0.0     68.3
     1     1    14     9     6    14     0     2    -1.0   56.488   -3.190    128.8    965.7    285.0      0.0     71.5
     1     1    14     9     6    13     0     1    -2.0   56.506   -3.418    150.7    960.3    284.3      0.0     74.7
     1     1    14     9     6    12     0     0    -3.0   56.520   -3.649    160.3    956.6    283.8      0.0     77.2
     1     1    14     9     6    11     0     1    -4.0   56.530   -3.876    157.9    954.5    283.1      0.0     80.3
     1     1    14     9     6    10     0     2    -5.0   56.533   -4.086    149.2    955.5    282.6      0.0     83.6
     1     1    14     9     6     9     0     3    -6.0   56.529   -4.274    141.8    958.5    282.1      0.0     87.0
     1     1    14     9     6     8     0     2    -7.0   56.523   -4.432    140.4    960.1    281.4      0.0     89.0
     1     1    14     9     6     7     0     1    -8.0   56.520   -4.558    146.4    960.3    280.6      0.0     90.9
     1     1    14     9     6     6     0     0    -9.0   56.522   -4.653    161.4    958.9    280.0      0.0     92.5
     1     1    14     9     6     5     0     1   -10.0   56.536   -4.738    182.3    955.9    280.2      0.0     92.5
     1     1    14     9     6     4     0     2   -11.0   56.570   -4.834    203.9    953.0    280.4      0.0     92.7
     1     1    14     9     6     3     0     3   -12.0   56.622   -4.944    224.7    950.1    280.5      0.0     93.0
     1     1    14     9     6     2     0     2   -13.0   56.687   -5.058    241.9    948.9    280.6      0.0     91.8
     1     1    14     9     6     1     0     1   -14.0   56.757   -5.163    251.7    949.7    280.9      0.0     90.5
     1     1    14     9     6     0     0     0   -15.0   56.832   -5.260    252.1    951.4    281.1      0.0     89.5
     1     1    14     9     5    23     0     1   -16.0   56.914   -5.350    246.8    954.1    281.4      0.0     87.8
     1     1    14     9     5    22     0     2   -17.0   57.007   -5.434    241.3    956.7    281.7      0.0     86.6
     1     1    14     9     5    21     0     3   -18.0   57.108   -5.523    237.5    962.2    282.2      0.0     85.6
     1     1    14     9     5    20     0     2   -19.0   57.215   -5.637    233.3    968.1    282.7      0.0     84.3
     1     1    14     9     5    19     0     1   -20.0   57.329   -5.780    227.7    975.9    283.2      0.0     82.9
     1     1    14     9     5    18     0     0   -21.0   57.454   -5.949    224.8    984.6    283.8      0.0     81.5
     1     1    14     9     5    17     0     1   -22.0   57.590   -6.153    222.7    988.0    284.0      0.0     78.9
     1     1    14     9     5    16     0     2   -23.0   57.730   -6.397    215.3    988.9    284.1      0.0     77.5
     1     1    14     9     5    15     0     3   -24.0   57.875   -6.680    200.9    989.0    284.2      0.0     77.0
     1     1    14     9     5    14     0     2   -25.0   58.023   -7.001    185.4    988.3    284.1      0.0     77.6
     1     1    14     9     5    13     0     1   -26.0   58.171   -7.349    176.8    993.2    284.3      0.0     77.9
     1     1    14     9     5    12     0     0   -27.0   58.324   -7.709    173.7    995.9    284.4      0.0     78.4
     1     1    14     9     5    11     0     1   -28.0   58.480   -8.092    172.7    997.6    284.4      0.0     77.6
     1     1    14     9     5    10     0     2   -29.0   58.638   -8.510    172.7    997.3    284.4      0.0     77.9
     1     1    14     9     5     9     0     3   -30.0   58.806   -8.961    171.6    997.2    284.6      0.0     79.7
     1     1    14     9     5     8     0     2   -31.0   58.994   -9.433    170.2    997.3    284.4      0.0     79.5
     1     1    14     9     5     7     0     1   -32.0   59.195   -9.930    170.9    996.7    284.3      0.0     79.8
     1     1    14     9     5     6     0     0   -33.0   59.406  -10.445    174.7    995.9    284.2      0.0     80.4
     1     1    14     9     5     5     0     1   -34.0   59.623  -10.967    181.5    995.0    284.1      0.0     80.0
     1     1    14     9     5     4     0     2   -35.0   59.838  -11.504    188.1    993.7    283.9      0.0     81.1
     1     1    14     9     5     3     0     3   -36.0   60.060  -12.059    189.1    993.3    283.8      0.0     83.8
     1     1    14     9     5     2     0     2   -37.0   60.313  -12.586    187.8    993.7    283.7      0.0     82.0
     1     1    14     9     5     1     0     1   -38.0   60.593  -13.070    188.0    993.3    283.6      0.0     82.0
     1     1    14     9     5     0     0     0   -39.0   60.882  -13.538    188.6    992.7    283.6      0.0     84.0
     1     1    14     9     4    23     0     1   -40.0   61.175  -13.940    191.1    992.5    283.4      0.0     84.7
     1     1    14     9     4    22     0     2   -41.0   61.472  -14.217    193.8    991.2    283.1      0.0     85.7
     1     1    14     9     4    21     0     3   -42.0   61.780  -14.358    189.3    990.5    283.1      0.3     87.4
     1     1    14     9     4    20     0     2   -43.0   62.090  -14.388    180.5    991.8    283.1      0.0     87.1
     1     1    14     9     4    19     0     1   -44.0   62.376  -14.349    175.9    992.2    282.9      0.0     87.3
     1     1    14     9     4    18     0     0   -45.0   62.641  -14.227    174.3    991.5    282.7      0.0     89.0
     1     1    14     9     4    17     0     1   -46.0   62.902  -13.959    172.8    991.6    282.8      0.0     89.8
     1     1    14     9     4    16     0     2   -47.0   63.156  -13.555    172.0    991.7    282.8      0.0     91.0
     1     1    14     9     4    15     0     3   -48.0   63.378  -13.104    173.7    991.9    282.8      0.0     91.3
     1     1    14     9     4    14     0     2   -49.0   63.557  -12.684    176.9    991.4    282.7      0.0     91.5
     1     1    14     9     4    13     0     1   -50.0   63.697  -12.339    175.7    991.4    282.7      0.0     90.5
     1     1    14     9     4    12     0     0   -51.0   63.805  -12.058    166.4    992.7    282.8      0.0     88.5
     1     1    14     9     4    11     0     1   -52.0   63.871  -11.809    157.3    995.3    282.9      0.0     87.5
     1     1    14     9     4    10     0     2   -53.0   63.880  -11.570    155.6    995.7    282.9      0.0     87.1
     1     1    14     9     4     9     0     3   -54.0   63.836  -11.338    158.9    995.1    282.9      0.0     86.7
     1     1    14     9     4     8     0     2   -55.0   63.756  -11.124    160.1    994.1    282.8      0.0     88.0
     1     1    14     9     4     7     0     1   -56.0   63.657  -10.939    156.6    994.5    282.9      0.0     89.5
     1     1    14     9     4     6     0     0   -57.0   63.545  -10.765    152.5    995.3    282.9      0.0     90.7
     1     1    14     9     4     5     0     1   -58.0   63.417  -10.619    150.3    995.6    283.2      0.0     90.6
     1     1    14     9     4     4     0     2   -59.0   63.266  -10.528    150.9    995.9    283.3      0.0     90.1
     1     1    14     9     4     3     0     3   -60.0   63.093  -10.500    158.1    995.4    283.4      0.5     88.9
     1     1    14     9     4     2     0     2   -61.0   62.900  -10.549    167.1    993.5    283.5      0.0     87.9
     1     1    14     9     4     1     0     1   -62.0   62.699  -10.678    168.3    993.3    283.6      0.0     88.2
     1     1    14     9     4     0     0     0   -63.0   62.505  -10.861    163.7    994.5    283.9      0.0     88.8
     1     1    14     9     3    23     0     1   -64.0   62.327  -11.049    162.8    995.2    284.1      0.0     88.9
     1     1    14     9     3    22     0     2   -65.0   62.168  -11.228    170.9    993.8    284.2      0.0     88.0
     1     1    14     9     3    21     0     3   -66.0   62.025  -11.418    187.6    991.6    284.3      0.0     86.2
     1     1    14     9     3    20     0     2   -67.0   61.880  -11.626    204.0    988.3    284.2      0.0     86.0
     1     1    14     9     3    19     0     1   -68.0   61.725  -11.845    210.7    987.4    284.2      0.0     86.5
     1     1    14     9     3    18     0     0   -69.0   61.577  -12.060    212.2    987.3    284.3      0.0     87.1
     1     1    14     9     3    17     0     1   -70.0   61.439  -12.279    214.0    987.3    284.3      0.0     87.3
     1     1    14     9     3    16     0     2   -71.0   61.309  -12.513    217.7    986.7    284.3      0.0     86.7
     1     1    14     9     3    15     0     3   -72.0   61.192  -12.759    222.8    985.9    284.3      0.0     85.1
