     7     1
    GDAS    14     8    22     0     0
    GDAS    14     8    29     0     0
    GDAS    14     9     1     0     0
    GDAS    14     9     8     0     0
    GDAS    14     9    15     0     0
    GDAS    14     9    22     0     0
    GDAS    14     9    29     0     0
     1 BACKWARD OMEGA   
    14     9     4    23   56.467   -2.973   100.0
     4 PRESSURE AIR_TEMP RAINFALL RELHUMID
     1     1    14     9     4    23     0     1     0.0   56.467   -2.973    100.0    975.6    287.5      0.0     88.8
     1     1    14     9     4    22     0     2    -1.0   56.401   -3.035    112.4    975.9    288.0      0.0     87.0
     1     1    14     9     4    21     0     3    -2.0   56.324   -3.082    124.8    977.3    288.6      0.0     84.4
     1     1    14     9     4    20     0     2    -3.0   56.243   -3.119    137.8    978.6    289.1      0.0     82.7
     1     1    14     9     4    19     0     1    -4.0   56.165   -3.152    150.5    979.7    289.6      0.0     81.0
     1     1    14     9     4    18     0     0    -5.0   56.091   -3.185    162.9    980.8    290.0      0.0     79.2
     1     1    14     9     4    17     0     1    -6.0   56.017   -3.210    177.0    982.1    290.1      0.0     78.1
     1     1    14     9     4    16     0     2    -7.0   55.938   -3.222    192.6    980.6    290.0      0.0     77.7
     1     1    14     9     4    15     0     3    -8.0   55.851   -3.223    206.0    979.0    289.8      0.0     77.2
     1     1    14     9     4    14     0     2    -9.0   55.762   -3.214    212.2    978.3    289.7      0.0     77.6
     1     1    14     9     4    13     0     1   -10.0   55.678   -3.195    209.9    979.2    289.7      0.0     78.0
     1     1    14     9     4    12     0     0   -11.0   55.599   -3.166    201.6    980.7    289.7      0.0     78.1
     1     1    14     9     4    11     0     1   -12.0   55.517   -3.133    195.3    982.2    289.4      0.0     79.5
     1     1    14     9     4    10     0     2   -13.0   55.420   -3.103    196.2    982.2    288.9      0.0     81.6
     1     1    14     9     4     9     0     3   -14.0   55.309   -3.072    204.3    981.3    288.3      0.0     84.3
     1     1    14     9     4     8     0     2   -15.0   55.186   -3.038    216.8    979.6    288.0      0.0     84.8
     1     1    14     9     4     7     0     1   -16.0   55.057   -3.004    231.5    978.1    287.9      0.0     84.9
     1     1    14     9     4     6     0     0   -17.0   54.919   -2.966    246.5    977.1    287.7      0.0     85.1
     1     1    14     9     4     5     0     1   -18.0   54.777   -2.906    259.5    977.1    287.7      0.0     84.3
     1     1    14     9     4     4     0     2   -19.0   54.638   -2.806    269.6    976.0    287.6      0.0     83.6
     1     1    14     9     4     3     0     3   -20.0   54.502   -2.663    274.5    974.0    287.4      0.0     83.2
     1     1    14     9     4     2     0     2   -21.0   54.370   -2.488    269.7    971.8    287.2      0.0     83.9
     1     1    14     9     4     1     0     1   -22.0   54.244   -2.292    252.4    970.0    287.0      0.0     85.3
     1     1    14     9     4     0     0     0   -23.0   54.132   -2.087    222.2    968.1    286.6      0.0     87.2
     1     1    14     9     3    23     0     1   -24.0   54.037   -1.872    185.1    973.2    286.8      0.0     87.4
     1     1    14     9     3    22     0     2   -25.0   53.957   -1.642    157.1    983.5    287.5      0.0     86.4
     1     1    14     9     3    21     0     3   -26.0   53.887   -1.386    150.1    991.0    288.1      0.0     85.2
     1     1    14     9     3    20     0     2   -27.0   53.824   -1.116    165.3    994.5    288.8      0.0     81.5
     1     1    14     9     3    19     0     1   -28.0   53.767   -0.852    193.9    992.5    289.3      0.0     78.1
     1     1    14     9     3    18     0     0   -29.0   53.712   -0.600    225.9    988.3    289.5      0.0     75.9
     1     1    14     9     3    17     0     1   -30.0   53.662   -0.356    257.8    984.9    289.4      0.0     74.4
     1     1    14     9     3    16     0     2   -31.0   53.620   -0.115    290.0    980.8    289.2      0.0     73.1
     1     1    14     9     3    15     0     3   -32.0   53.604    0.134    293.9    983.2    288.4      0.0     79.4
     1     1    14     9     3    14     0     2   -33.0   53.611    0.375    272.9    991.0    288.7      0.0     80.1
     1     1    14     9     3    13     0     1   -34.0   53.615    0.587    259.7    993.2    288.6      0.0     81.4
     1     1    14     9     3    12     0     0   -35.0   53.611    0.772    250.5    994.8    288.6      0.0     82.6
     1     1    14     9     3    11     0     1   -36.0   53.603    0.945    243.6    995.9    288.4      0.0     83.7
     1     1    14     9     3    10     0     2   -37.0   53.592    1.120    238.0    996.6    288.2      0.0     84.2
     1     1    14     9     3     9     0     3   -38.0   53.580    1.303    233.5    997.3    288.0      0.0     84.3
     1     1    14     9     3     8     0     2   -39.0   53.567    1.491    231.9    997.4    288.1      0.0     83.9
     1     1    14     9     3     7     0     1   -40.0   53.557    1.677    234.0    997.0    288.1      0.0     83.9
     1     1    14     9     3     6     0     0   -41.0   53.553    1.857    239.1    996.3    288.1      0.0     84.2
     1     1    14     9     3     5     0     1   -42.0   53.548    2.037    244.6    995.4    288.0      0.0     85.0
     1     1    14     9     3     4     0     2   -43.0   53.532    2.222    247.8    994.9    288.1      0.0     85.3
     1     1    14     9     3     3     0     3   -44.0   53.506    2.412    248.7    994.7    288.1      0.0     86.0
     1     1    14     9     3     2     0     2   -45.0   53.478    2.611    248.8    995.1    288.2      0.0     85.9
     1     1    14     9     3     1     0     1   -46.0   53.456    2.822    250.0    995.1    288.2      0.0     86.5
     1     1    14     9     3     0     0     0   -47.0   53.442    3.051    252.2    995.1    288.3      0.0     87.4
     1     1    14     9     2    23     0     1   -48.0   53.434    3.301    255.5    994.6    288.4      0.0     84.9
     1     1    14     9     2    22     0     2   -49.0   53.433    3.572    260.5    994.1    288.4      0.0     84.4
     1     1    14     9     2    21     0     3   -50.0   53.444    3.853    268.6    993.3    288.3      0.0     86.1
     1     1    14     9     2    20     0     2   -51.0   53.469    4.125    279.1    991.7    288.3      0.0     85.7
     1     1    14     9     2    19     0     1   -52.0   53.510    4.377    290.8    990.1    288.2      0.0     85.0
     1     1    14     9     2    18     0     0   -53.0   53.565    4.610    304.0    988.4    288.1      0.0     86.4
     1     1    14     9     2    17     0     1   -54.0   53.635    4.824    317.3    986.3    288.0      0.0     87.1
     1     1    14     9     2    16     0     2   -55.0   53.719    5.023    329.1    984.6    287.8      0.0     89.8
     1     1    14     9     2    15     0     3   -56.0   53.812    5.213    341.8    983.1    287.6      0.0     90.2
     1     1    14     9     2    14     0     2   -57.0   53.898    5.407    358.3    981.5    287.5      0.0     88.6
     1     1    14     9     2    13     0     1   -58.0   53.969    5.610    378.6    979.4    287.2      0.0     89.5
     1     1    14     9     2    12     0     0   -59.0   54.027    5.818    400.6    977.0    286.9      0.0     93.3
     1     1    14     9     2    11     0     1   -60.0   54.081    6.024    420.2    974.1    286.7      0.0     94.6
     1     1    14     9     2    10     0     2   -61.0   54.139    6.228    434.4    972.0    286.6      0.0     93.4
     1     1    14     9     2     9     0     3   -62.0   54.192    6.435    442.9    970.5    286.5      0.0     93.5
     1     1    14     9     2     8     0     2   -63.0   54.242    6.647    447.5    969.8    286.4      0.2     93.1
     1     1    14     9     2     7     0     1   -64.0   54.294    6.867    448.8    969.1    286.4      0.3     94.3
     1     1    14     9     2     6     0     0   -65.0   54.344    7.102    445.3    969.3    286.3      0.3     95.6
     1     1    14     9     2     5     0     1   -66.0   54.385    7.357    441.0    970.0    286.4      0.1     92.7
     1     1    14     9     2     4     0     2   -67.0   54.408    7.640    440.4    970.0    286.5      0.1     90.7
     1     1    14     9     2     3     0     3   -68.0   54.406    7.962    446.3    969.2    286.6      0.2     89.8
     1     1    14     9     2     2     0     2   -69.0   54.402    8.315    454.0    966.7    286.5      0.0     89.8
     1     1    14     9     2     1     0     1   -70.0   54.410    8.705    462.8    965.3    286.4      0.1     89.6
     1     1    14     9     2     0     0     0   -71.0   54.411    9.161    482.3    962.7    286.3      0.2     89.8
     1     1    14     9     1    23     0     1   -72.0   54.405    9.626    508.4    958.1    286.0      0.0     90.7
