     7     1
    GDAS    14     8    22     0     0
    GDAS    14     8    29     0     0
    GDAS    14     9     1     0     0
    GDAS    14     9     8     0     0
    GDAS    14     9    15     0     0
    GDAS    14     9    22     0     0
    GDAS    14     9    29     0     0
     1 BACKWARD OMEGA   
    14     9    11    13   56.467   -2.973   100.0
     4 PRESSURE AIR_TEMP RAINFALL RELHUMID
     1     1    14     9    11    13     0     1     0.0   56.467   -2.973    100.0    980.6    288.5      0.0     81.8
     1     1    14     9    11    12     0     0    -1.0   56.419   -2.932     88.8    985.4    288.3      0.0     82.7
     1     1    14     9    11    11     0     1    -2.0   56.370   -2.898     84.4    987.8    287.4      0.0     84.1
     1     1    14     9    11    10     0     2    -3.0   56.321   -2.876     86.7    989.0    286.5      0.0     85.6
     1     1    14     9    11     9     0     3    -4.0   56.274   -2.868     95.1    989.2    285.5      0.0     87.2
     1     1    14     9    11     8     0     2    -5.0   56.226   -2.871    108.3    988.8    284.8      0.0     88.3
     1     1    14     9    11     7     0     1    -6.0   56.177   -2.882    124.2    988.2    284.3      0.0     89.0
     1     1    14     9    11     6     0     0    -7.0   56.127   -2.897    140.9    987.3    283.9      0.0     89.6
     1     1    14     9    11     5     0     1    -8.0   56.068   -2.900    157.4    986.8    284.4      0.0     88.7
     1     1    14     9    11     4     0     2    -9.0   55.992   -2.871    173.7    987.1    284.9      0.0     87.8
     1     1    14     9    11     3     0     3   -10.0   55.894   -2.811    191.9    985.3    285.3      0.0     86.7
     1     1    14     9    11     2     0     2   -11.0   55.779   -2.736    213.2    982.8    285.5      0.0     85.3
     1     1    14     9    11     1     0     1   -12.0   55.652   -2.655    236.9    979.8    285.6      0.0     84.2
     1     1    14     9    11     0     0     0   -13.0   55.514   -2.569    262.2    976.2    285.7      0.0     83.7
     1     1    14     9    10    23     0     1   -14.0   55.376   -2.464    286.2    971.3    285.6      0.0     83.5
     1     1    14     9    10    22     0     2   -15.0   55.249   -2.329    304.6    966.7    285.3      0.0     84.1
     1     1    14     9    10    21     0     3   -16.0   55.132   -2.163    312.6    962.4    284.9      0.0     85.5
     1     1    14     9    10    20     0     2   -17.0   55.027   -1.984    302.2    959.9    284.7      0.0     87.3
     1     1    14     9    10    19     0     1   -18.0   54.936   -1.792    278.1    967.8    285.2      0.0     84.1
     1     1    14     9    10    18     0     0   -19.0   54.858   -1.581    254.8    976.1    285.9      0.0     80.5
     1     1    14     9    10    17     0     1   -20.0   54.791   -1.360    241.2    983.2    286.3      0.0     76.4
     1     1    14     9    10    16     0     2   -21.0   54.732   -1.139    242.4    988.7    286.5      0.0     73.3
     1     1    14     9    10    15     0     3   -22.0   54.681   -0.921    257.9    990.0    286.4      0.0     71.2
     1     1    14     9    10    14     0     2   -23.0   54.634   -0.720    276.4    986.5    286.2      0.0     71.9
     1     1    14     9    10    13     0     1   -24.0   54.587   -0.546    288.2    984.7    286.2      0.0     72.5
     1     1    14     9    10    12     0     0   -25.0   54.537   -0.394    291.7    983.9    286.3      0.0     72.8
     1     1    14     9    10    11     0     1   -26.0   54.486   -0.250    289.0    984.0    286.2      0.0     74.0
     1     1    14     9    10    10     0     2   -27.0   54.438   -0.098    283.5    984.2    286.0      0.0     75.3
     1     1    14     9    10     9     0     3   -28.0   54.404    0.047    279.9    989.4    285.5      0.0     75.7
     1     1    14     9    10     8     0     2   -29.0   54.389    0.173    279.2    989.2    285.4      0.0     76.2
     1     1    14     9    10     7     0     1   -30.0   54.380    0.282    278.4    989.1    285.3      0.0     76.7
     1     1    14     9    10     6     0     0   -31.0   54.377    0.376    276.4    989.2    285.2      0.0     77.3
     1     1    14     9    10     5     0     1   -32.0   54.376    0.458    272.8    989.6    285.3      0.0     77.1
     1     1    14     9    10     4     0     2   -33.0   54.374    0.527    267.5    990.2    285.5      0.0     77.0
     1     1    14     9    10     3     0     3   -34.0   54.369    0.584    259.9    990.9    285.6      0.0     76.9
     1     1    14     9    10     2     0     2   -35.0   54.361    0.635    251.2    992.1    285.7      0.0     77.0
     1     1    14     9    10     1     0     1   -36.0   54.352    0.683    242.8    993.1    285.8      0.0     77.0
     1     1    14     9    10     0     0     0   -37.0   54.340    0.730    234.8    994.0    285.9      0.0     77.0
     1     1    14     9     9    23     0     1   -38.0   54.329    0.770    228.3    994.9    286.0      0.0     77.2
     1     1    14     9     9    22     0     2   -39.0   54.325    0.799    224.2    995.3    286.0      0.0     77.4
     1     1    14     9     9    21     0     3   -40.0   54.329    0.819    222.4    995.5    286.0      0.0     77.5
     1     1    14     9     9    20     0     2   -41.0   54.335    0.829    223.7    995.3    285.9      0.0     77.6
     1     1    14     9     9    19     0     1   -42.0   54.339    0.828    228.7    994.5    285.9      0.0     77.6
     1     1    14     9     9    18     0     0   -43.0   54.339    0.817    237.5    993.4    285.8      0.0     77.6
     1     1    14     9     9    17     0     1   -44.0   54.334    0.786    250.4    991.9    285.6      0.0     77.6
     1     1    14     9     9    16     0     2   -45.0   54.323    0.727    267.1    989.9    285.4      0.0     77.4
     1     1    14     9     9    15     0     3   -46.0   54.302    0.643    286.7    987.1    285.3      0.0     77.1
     1     1    14     9     9    14     0     2   -47.0   54.277    0.545    304.6    984.7    285.1      0.0     77.6
     1     1    14     9     9    13     0     1   -48.0   54.256    0.442    318.0    983.4    285.0      0.0     78.1
     1     1    14     9     9    12     0     0   -49.0   54.238    0.334    327.8    982.6    284.9      0.0     78.5
     1     1    14     9     9    11     0     1   -50.0   54.223    0.222    338.9    981.7    284.7      0.0     77.9
     1     1    14     9     9    10     0     2   -51.0   54.214    0.105    357.8    979.8    284.3      0.0     77.9
     1     1    14     9     9     9     0     3   -52.0   54.183    0.017    368.3    976.4    283.8      0.0     78.2
     1     1    14     9     9     8     0     2   -53.0   54.156   -0.076    382.7    967.2    283.1      0.0     81.9
     1     1    14     9     9     7     0     1   -54.0   54.104   -0.136    369.8    970.3    283.2      0.0     81.7
     1     1    14     9     9     6     0     0   -55.0   54.054   -0.198    352.2    971.8    283.1      0.0     82.0
     1     1    14     9     9     5     0     1   -56.0   54.001   -0.249    331.7    973.9    283.3      0.0     82.1
     1     1    14     9     9     4     0     2   -57.0   53.939   -0.278    310.1    976.5    283.5      0.0     81.9
     1     1    14     9     9     3     0     3   -58.0   53.870   -0.284    288.5    979.1    283.7      0.0     81.6
     1     1    14     9     9     2     0     2   -59.0   53.798   -0.254    267.8    982.0    284.1      0.0     80.4
     1     1    14     9     9     1     0     1   -60.0   53.726   -0.177    248.3    984.2    284.4      0.0     79.5
     1     1    14     9     9     0     0     0   -61.0   53.655   -0.055    229.6    986.3    284.7      0.0     78.6
     1     1    14     9     8    23     0     1   -62.0   53.640    0.065    224.1    994.5    284.9      0.0     78.5
     1     1    14     9     8    22     0     2   -63.0   53.702    0.144    238.1    992.1    284.8      0.0     78.7
     1     1    14     9     8    21     0     3   -64.0   53.801    0.196    262.7    989.9    284.6      0.0     79.7
     1     1    14     9     8    20     0     2   -65.0   53.921    0.217    296.9    985.5    284.3      0.0     80.8
     1     1    14     9     8    19     0     1   -66.0   54.046    0.212    334.5    980.8    284.0      0.0     82.5
     1     1    14     9     8    18     0     0   -67.0   54.173    0.183    372.7    976.2    283.6      0.0     84.0
     1     1    14     9     8    17     0     1   -68.0   54.308    0.126    408.8    971.6    283.3      0.0     84.0
     1     1    14     9     8    16     0     2   -69.0   54.457    0.041    444.7    967.6    283.1      0.0     84.9
     1     1    14     9     8    15     0     3   -70.0   54.586   -0.008    480.4    959.6    283.9      0.0     76.5
     1     1    14     9     8    14     0     2   -71.0   54.686   -0.021    514.5    956.8    283.1      0.0     80.0
     1     1    14     9     8    13     0     1   -72.0   54.796   -0.074    551.4    953.3    282.3      0.0     83.9
