     7     1
    GDAS    14     8    22     0     0
    GDAS    14     8    29     0     0
    GDAS    14     9     1     0     0
    GDAS    14     9     8     0     0
    GDAS    14     9    15     0     0
    GDAS    14     9    22     0     0
    GDAS    14     9    29     0     0
     1 BACKWARD OMEGA   
    14     9     2    23   56.467   -2.973   100.0
     4 PRESSURE AIR_TEMP RAINFALL RELHUMID
     1     1    14     9     2    23     0     1     0.0   56.467   -2.973    100.0    980.3    284.8      0.0     82.3
     1     1    14     9     2    22     0     2    -1.0   56.392   -3.003    118.2    980.3    285.5      0.0     80.7
     1     1    14     9     2    21     0     3    -2.0   56.315   -3.045    135.2    981.3    286.1      0.0     78.7
     1     1    14     9     2    20     0     2    -3.0   56.241   -3.092    151.6    981.6    286.6      0.0     76.7
     1     1    14     9     2    19     0     1    -4.0   56.174   -3.139    168.9    981.7    286.9      0.0     75.4
     1     1    14     9     2    18     0     0    -5.0   56.113   -3.190    190.2    981.3    287.0      0.0     74.8
     1     1    14     9     2    17     0     1    -6.0   56.055   -3.254    216.5    980.3    286.7      0.0     75.2
     1     1    14     9     2    16     0     2    -7.0   55.998   -3.339    247.2    979.0    286.3      0.0     76.1
     1     1    14     9     2    15     0     3    -8.0   55.946   -3.441    277.4    974.9    285.8      0.0     77.6
     1     1    14     9     2    14     0     2    -9.0   55.902   -3.552    304.4    972.1    285.2      0.0     79.4
     1     1    14     9     2    13     0     1   -10.0   55.868   -3.672    330.7    969.2    284.5      0.0     81.5
     1     1    14     9     2    12     0     0   -11.0   55.845   -3.800    355.7    966.6    283.9      0.0     83.8
     1     1    14     9     2    11     0     1   -12.0   55.831   -3.937    379.0    963.8    283.4      0.0     85.7
     1     1    14     9     2    10     0     2   -13.0   55.825   -4.080    401.6    960.9    283.0      0.0     87.5
     1     1    14     9     2     9     0     3   -14.0   55.823   -4.229    426.9    957.6    282.6      0.0     89.2
     1     1    14     9     2     8     0     2   -15.0   55.823   -4.388    453.1    953.1    282.1      0.0     90.1
     1     1    14     9     2     7     0     1   -16.0   55.826   -4.563    476.5    949.2    281.7      0.0     91.1
     1     1    14     9     2     6     0     0   -17.0   55.833   -4.757    495.8    945.8    281.3      0.0     92.5
     1     1    14     9     2     5     0     1   -18.0   55.842   -4.957    517.8    943.0    281.6      0.0     92.7
     1     1    14     9     2     4     0     2   -19.0   55.850   -5.151    547.3    941.1    282.1      0.0     92.0
     1     1    14     9     2     3     0     3   -20.0   55.851   -5.343    576.3    940.4    282.7      0.0     91.0
     1     1    14     9     2     2     0     2   -21.0   55.845   -5.547    597.5    940.7    282.7      0.0     90.9
     1     1    14     9     2     1     0     1   -22.0   55.832   -5.770    605.0    943.0    282.8      0.0     90.5
     1     1    14     9     2     0     0     0   -23.0   55.811   -6.011    597.5    947.0    283.1      0.0     89.7
     1     1    14     9     1    23     0     1   -24.0   55.788   -6.287    584.4    949.6    283.4      0.0     89.9
     1     1    14     9     1    22     0     2   -25.0   55.762   -6.622    576.2    950.9    283.7      0.0     89.3
     1     1    14     9     1    21     0     3   -26.0   55.729   -7.018    575.1    951.3    283.8      0.0     88.0
     1     1    14     9     1    20     0     2   -27.0   55.681   -7.471    580.9    949.4    283.7      0.0     88.7
     1     1    14     9     1    19     0     1   -28.0   55.611   -7.970    593.4    946.6    283.6      0.0     89.2
     1     1    14     9     1    18     0     0   -29.0   55.519   -8.498    613.4    946.1    283.6      0.0     89.2
     1     1    14     9     1    17     0     1   -30.0   55.410   -9.029    630.1    946.7    283.6      0.0     88.5
     1     1    14     9     1    16     0     2   -31.0   55.295   -9.550    635.3    946.3    283.7      0.0     89.3
     1     1    14     9     1    15     0     3   -32.0   55.184  -10.070    636.8    946.5    283.8      0.0     89.5
     1     1    14     9     1    14     0     2   -33.0   55.078  -10.588    639.1    946.0    283.6      0.0     90.0
     1     1    14     9     1    13     0     1   -34.0   54.974  -11.101    645.2    945.4    283.5      0.0     90.2
     1     1    14     9     1    12     0     0   -35.0   54.874  -11.610    658.2    943.6    283.4      0.0     90.8
     1     1    14     9     1    11     0     1   -36.0   54.785  -12.121    675.4    941.0    283.2      0.0     90.7
     1     1    14     9     1    10     0     2   -37.0   54.709  -12.643    692.1    938.4    283.0      0.0     90.7
     1     1    14     9     1     9     0     3   -38.0   54.644  -13.184    703.8    936.6    282.9      0.0     90.6
     1     1    14     9     1     8     0     2   -39.0   54.585  -13.753    711.0    935.5    282.8      0.0     90.9
     1     1    14     9     1     7     0     1   -40.0   54.526  -14.355    715.7    934.5    282.7      0.0     91.1
     1     1    14     9     1     6     0     0   -41.0   54.460  -14.993    714.8    933.8    282.7      0.0     91.9
     1     1    14     9     1     5     0     1   -42.0   54.388  -15.670    712.5    934.8    282.6      0.0     91.5
     1     1    14     9     1     4     0     2   -43.0   54.308  -16.381    719.5    934.3    282.4      0.0     91.1
     1     1    14     9     1     3     0     3   -44.0   54.217  -17.111    744.2    931.9    282.1      0.0     90.8
     1     1    14     9     1     2     0     2   -45.0   54.114  -17.844    783.0    926.5    281.8      0.0     91.9
     1     1    14     9     1     1     0     1   -46.0   54.001  -18.573    826.7    921.6    281.4      0.0     93.5
     1     1    14     9     1     0     0     0   -47.0   53.878  -19.297    868.3    916.5    280.9      0.0     96.7
     1     1    14     8    31    23     0     1   -48.0   53.758  -20.019    897.5    912.4    280.6      0.0     95.0
     1     1    14     8    31    22     0     2   -49.0   53.656  -20.750    918.6    910.7    280.4      0.0     91.6
     1     1    14     8    31    21     0     3   -50.0   53.572  -21.497    932.9    907.9    280.2      0.0     87.7
     1     1    14     8    31    20     0     2   -51.0   53.497  -22.275    937.8    907.7    280.3      0.0     84.5
     1     1    14     8    31    19     0     1   -52.0   53.428  -23.087    946.5    906.3    280.3      0.0     82.1
     1     1    14     8    31    18     0     0   -53.0   53.358  -23.925    962.7    904.0    280.2      0.0     80.6
     1     1    14     8    31    17     0     1   -54.0   53.291  -24.785    990.2    900.8    280.2      0.0     75.2
     1     1    14     8    31    16     0     2   -55.0   53.239  -25.671   1022.6    896.6    280.0      0.0     70.8
     1     1    14     8    31    15     0     3   -56.0   53.213  -26.590   1029.8    895.2    279.9      0.0     67.4
     1     1    14     8    31    14     0     2   -57.0   53.204  -27.540   1017.6    897.1    280.0      0.0     67.7
     1     1    14     8    31    13     0     1   -58.0   53.185  -28.514   1038.1    894.5    279.8      0.0     68.4
     1     1    14     8    31    12     0     0   -59.0   53.164  -29.496   1088.0    888.3    279.4      0.0     67.6
     1     1    14     8    31    11     0     1   -60.0   53.144  -30.464   1131.2    883.1    279.0      0.0     67.0
     1     1    14     8    31    10     0     2   -61.0   53.114  -31.409   1162.2    879.9    278.6      0.0     69.5
     1     1    14     8    31     9     0     3   -62.0   53.099  -32.340   1200.5    875.1    278.3      0.0     67.0
     1     1    14     8    31     8     0     2   -63.0   53.115  -33.245   1232.2    871.0    278.2      0.0     64.7
     1     1    14     8    31     7     0     1   -64.0   53.138  -34.138   1264.9    866.8    277.9      0.0     64.8
     1     1    14     8    31     6     0     0   -65.0   53.171  -35.050   1284.1    863.9    277.7      0.0     64.2
     1     1    14     8    31     5     0     1   -66.0   53.244  -35.947   1290.0    863.0    277.8      0.0     58.8
     1     1    14     8    31     4     0     2   -67.0   53.326  -36.802   1296.3    861.8    277.3      0.0     68.2
     1     1    14     8    31     3     0     3   -68.0   53.394  -37.634   1305.6    860.7    276.8      0.0     70.5
     1     1    14     8    31     2     0     2   -69.0   53.497  -38.452   1333.2    857.1    277.0      0.0     61.6
     1     1    14     8    31     1     0     1   -70.0   53.621  -39.247   1371.2    852.6    276.5      0.0     68.0
     1     1    14     8    31     0     0     0   -71.0   53.734  -40.002   1410.7    848.1    275.7      0.0     76.6
     1     1    14     8    30    23     0     1   -72.0   53.880  -40.739   1450.8    843.5    276.1      0.0     58.6
