     7     1
    GDAS    14     8    22     0     0
    GDAS    14     8    29     0     0
    GDAS    14     9     1     0     0
    GDAS    14     9     8     0     0
    GDAS    14     9    15     0     0
    GDAS    14     9    22     0     0
    GDAS    14     9    29     0     0
     1 BACKWARD OMEGA   
    14     9     8    17   56.467   -2.973   100.0
     4 PRESSURE AIR_TEMP RAINFALL RELHUMID
     1     1    14     9     8    17     0     1     0.0   56.467   -2.973    100.0    976.9    285.3      0.0     73.2
     1     1    14     9     8    16     0     2    -1.0   56.534   -3.077    114.0    971.7    285.3      0.0     72.2
     1     1    14     9     8    15     0     3    -2.0   56.631   -3.204    133.4    965.2    285.0      0.0     71.5
     1     1    14     9     8    14     0     2    -3.0   56.745   -3.357    163.2    955.6    283.9      0.0     74.2
     1     1    14     9     8    13     0     1    -4.0   56.858   -3.535    197.9    943.6    282.5      0.0     77.6
     1     1    14     9     8    12     0     0    -5.0   56.970   -3.737    223.1    931.8    281.3      0.0     81.1
     1     1    14     9     8    11     0     1    -6.0   57.080   -3.947    236.8    929.7    280.6      0.0     85.3
     1     1    14     9     8    10     0     2    -7.0   57.190   -4.149    255.8    934.6    280.4      0.0     88.6
     1     1    14     9     8     9     0     3    -8.0   57.300   -4.341    286.2    937.0    280.1      0.0     92.1
     1     1    14     9     8     8     0     2    -9.0   57.424   -4.526    314.6    937.4    280.0      0.0     94.1
     1     1    14     9     8     7     0     1   -10.0   57.567   -4.706    322.6    939.8    280.1      0.0     95.6
     1     1    14     9     8     6     0     0   -11.0   57.722   -4.883    295.1    944.5    280.3      0.0     96.9
     1     1    14     9     8     5     0     1   -12.0   57.880   -5.074    224.6    956.8    281.2      0.0     97.0
     1     1    14     9     8     4     0     2   -13.0   58.038   -5.279    142.6    979.7    282.9      0.0     93.7
     1     1    14     9     8     3     0     3   -14.0   58.206   -5.489     86.0    997.6    284.4      0.0     90.3
     1     1    14     9     8     2     0     2   -15.0   58.395   -5.705     56.7   1008.2    285.3      0.0     87.8
     1     1    14     9     8     1     0     1   -16.0   58.604   -5.932     44.1   1014.2    285.8      0.0     86.7
     1     1    14     9     8     0     0     0   -17.0   58.829   -6.179     40.0   1014.9    285.9      0.0     86.6
     1     1    14     9     7    23     0     1   -18.0   59.060   -6.439     40.0   1014.5    285.9      0.0     86.6
     1     1    14     9     7    22     0     2   -19.0   59.287   -6.695     41.7   1013.8    285.7      0.0     87.5
     1     1    14     9     7    21     0     3   -20.0   59.509   -6.936     43.5   1013.2    285.6      0.0     89.0
     1     1    14     9     7    20     0     2   -21.0   59.730   -7.174     45.1   1012.8    285.4      0.0     89.1
     1     1    14     9     7    19     0     1   -22.0   59.950   -7.429     46.5   1012.4    285.4      0.0     89.0
     1     1    14     9     7    18     0     0   -23.0   60.168   -7.714     48.4   1012.0    285.4      0.0     89.5
     1     1    14     9     7    17     0     1   -24.0   60.371   -8.034     51.0   1012.3    285.3      0.0     90.1
     1     1    14     9     7    16     0     2   -25.0   60.550   -8.379     54.1   1012.6    285.2      0.0     90.6
     1     1    14     9     7    15     0     3   -26.0   60.711   -8.743     58.1   1012.7    285.1      0.0     91.3
     1     1    14     9     7    14     0     2   -27.0   60.852   -9.114     62.0   1011.6    284.9      0.0     92.1
     1     1    14     9     7    13     0     1   -28.0   60.971   -9.482     64.0   1011.1    284.8      0.0     92.8
     1     1    14     9     7    12     0     0   -29.0   61.071   -9.849     64.5   1010.9    284.8      0.0     93.5
     1     1    14     9     7    11     0     1   -30.0   61.158  -10.218     65.0   1010.9    284.9      0.0     91.0
     1     1    14     9     7    10     0     2   -31.0   61.238  -10.590     66.7   1010.6    284.9      0.0     88.5
     1     1    14     9     7     9     0     3   -32.0   61.309  -10.969     69.7   1010.2    284.9      0.0     86.6
     1     1    14     9     7     8     0     2   -33.0   61.370  -11.358     73.1   1010.0    284.9      0.0     86.9
     1     1    14     9     7     7     0     1   -34.0   61.421  -11.758     75.6   1010.1    284.9      0.0     86.5
     1     1    14     9     7     6     0     0   -35.0   61.462  -12.178     76.5   1010.3    284.9      0.0     85.8
     1     1    14     9     7     5     0     1   -36.0   61.489  -12.618     76.3   1010.5    284.9      0.0     85.5
     1     1    14     9     7     4     0     2   -37.0   61.497  -13.081     76.1   1010.6    285.0      0.0     84.4
     1     1    14     9     7     3     0     3   -38.0   61.485  -13.555     76.1   1010.6    284.9      0.0     83.6
     1     1    14     9     7     2     0     2   -39.0   61.457  -14.024     76.1   1010.6    285.0      0.0     83.5
     1     1    14     9     7     1     0     1   -40.0   61.417  -14.480     76.1   1010.5    285.0      0.0     83.4
     1     1    14     9     7     0     0     0   -41.0   61.364  -14.928     76.1   1010.7    285.0      0.0     82.1
     1     1    14     9     6    23     0     1   -42.0   61.306  -15.361     76.1   1010.9    285.1      0.0     82.7
     1     1    14     9     6    22     0     2   -43.0   61.254  -15.768     76.1   1011.1    285.1      0.0     82.7
     1     1    14     9     6    21     0     3   -44.0   61.204  -16.140     76.1   1011.3    285.2      0.0     81.9
     1     1    14     9     6    20     0     2   -45.0   61.152  -16.493     76.1   1011.0    285.2      0.0     81.9
     1     1    14     9     6    19     0     1   -46.0   61.098  -16.840     76.1   1010.9    285.1      0.0     81.4
     1     1    14     9     6    18     0     0   -47.0   61.042  -17.177     76.1   1010.8    285.1      0.0     80.7
     1     1    14     9     6    17     0     1   -48.0   60.986  -17.513     77.2   1010.4    285.1      0.0     81.1
     1     1    14     9     6    16     0     2   -49.0   60.928  -17.864     80.7   1009.6    285.0      0.0     81.8
     1     1    14     9     6    15     0     3   -50.0   60.866  -18.237     87.0   1008.6    285.0      0.0     82.5
     1     1    14     9     6    14     0     2   -51.0   60.794  -18.611     93.7   1007.8    284.8      0.0     84.0
     1     1    14     9     6    13     0     1   -52.0   60.707  -18.964     97.9   1007.5    284.7      0.0     84.8
     1     1    14     9     6    12     0     0   -53.0   60.606  -19.297     99.3   1007.5    284.6      0.0     85.7
     1     1    14     9     6    11     0     1   -54.0   60.494  -19.613     99.3   1007.9    284.7      0.0     86.3
     1     1    14     9     6    10     0     2   -55.0   60.375  -19.915     99.3   1008.0    284.8      0.0     86.4
     1     1    14     9     6     9     0     3   -56.0   60.246  -20.205     99.3   1008.0    284.9      0.0     86.1
     1     1    14     9     6     8     0     2   -57.0   60.117  -20.490     99.3   1007.8    284.9      0.0     85.3
     1     1    14     9     6     7     0     1   -58.0   59.996  -20.779     99.3   1007.8    284.9      0.0     84.4
     1     1    14     9     6     6     0     0   -59.0   59.884  -21.072     99.3   1007.8    284.9      0.0     84.5
     1     1    14     9     6     5     0     1   -60.0   59.762  -21.375     99.3   1007.8    284.8      0.0     85.1
     1     1    14     9     6     4     0     2   -61.0   59.614  -21.679     99.3   1007.7    284.8      0.0     85.1
     1     1    14     9     6     3     0     3   -62.0   59.442  -21.977     99.3   1007.7    284.8      0.0     84.3
     1     1    14     9     6     2     0     2   -63.0   59.264  -22.254     99.7   1008.4    284.9      0.0     84.5
     1     1    14     9     6     1     0     1   -64.0   59.095  -22.504    100.3   1008.8    284.9      0.0     84.1
     1     1    14     9     6     0     0     0   -65.0   58.934  -22.728    100.4   1009.3    284.8      0.0     83.7
     1     1    14     9     5    23     0     1   -66.0   58.784  -22.941    100.4   1009.5    285.0      0.0     84.6
     1     1    14     9     5    22     0     2   -67.0   58.646  -23.159    100.3   1009.7    285.1      0.0     85.5
     1     1    14     9     5    21     0     3   -68.0   58.518  -23.386    100.3   1009.9    285.3      0.0     85.7
     1     1    14     9     5    20     0     2   -69.0   58.393  -23.623    100.6   1009.8    285.3      0.0     85.5
     1     1    14     9     5    19     0     1   -70.0   58.267  -23.870    101.4   1009.7    285.3      0.0     84.8
     1     1    14     9     5    18     0     0   -71.0   58.146  -24.128    102.6   1009.4    285.2      0.0     84.4
     1     1    14     9     5    17     0     1   -72.0   58.021  -24.387    104.6   1009.4    285.2      0.0     83.9
