     7     1
    GDAS    14     8    22     0     0
    GDAS    14     8    29     0     0
    GDAS    14     9     1     0     0
    GDAS    14     9     8     0     0
    GDAS    14     9    15     0     0
    GDAS    14     9    22     0     0
    GDAS    14     9    29     0     0
     1 BACKWARD OMEGA   
    14     9    21    15   56.467   -2.973   100.0
     4 PRESSURE AIR_TEMP RAINFALL RELHUMID
     1     1    14     9    21    15     0     3     0.0   56.467   -2.973    100.0    983.4    285.1      0.0     69.0
     1     1    14     9    21    14     0     2    -1.0   56.516   -3.052    116.3    979.0    284.4      0.0     71.0
     1     1    14     9    21    13     0     1    -2.0   56.578   -3.126    137.0    974.1    283.6      0.0     73.2
     1     1    14     9    21    12     0     0    -3.0   56.651   -3.198    165.9    967.3    282.6      0.0     76.3
     1     1    14     9    21    11     0     1    -4.0   56.743   -3.276    208.5    958.0    281.4      0.0     81.1
     1     1    14     9    21    10     0     2    -5.0   56.859   -3.367    269.8    945.9    280.0      0.0     86.6
     1     1    14     9    21     9     0     3    -6.0   57.007   -3.466    359.9    928.8    278.1      0.0     93.8
     1     1    14     9    21     8     0     2    -7.0   57.187   -3.569    466.3    921.3    277.7      0.0     93.6
     1     1    14     9    21     7     0     1    -8.0   57.389   -3.681    558.2    918.3    277.7      0.0     91.5
     1     1    14     9    21     6     0     0    -9.0   57.606   -3.804    635.5    918.5    277.8      0.0     91.3
     1     1    14     9    21     5     0     1   -10.0   57.830   -3.939    707.9    919.4    277.9      0.0     92.4
     1     1    14     9    21     4     0     2   -11.0   58.059   -4.078    780.9    917.7    277.7      0.0     95.4
     1     1    14     9    21     3     0     3   -12.0   58.289   -4.207    844.8    911.9    277.7      0.0     95.9
     1     1    14     9    21     2     0     2   -13.0   58.515   -4.325    888.6    909.3    277.6      0.0     96.0
     1     1    14     9    21     1     0     1   -14.0   58.735   -4.445    902.3    911.1    277.7      0.0     96.5
     1     1    14     9    21     0     0     0   -15.0   58.950   -4.566    880.0    918.0    277.9      0.0     98.1
     1     1    14     9    20    23     0     1   -16.0   59.172   -4.697    843.7    925.7    278.6      0.0     96.6
     1     1    14     9    20    22     0     2   -17.0   59.421   -4.841    823.2    927.9    278.9      0.0     94.6
     1     1    14     9    20    21     0     3   -18.0   59.698   -4.989    823.9    927.6    279.1      0.0     92.4
     1     1    14     9    20    20     0     2   -19.0   59.994   -5.140    846.0    924.5    279.0      0.0     90.5
     1     1    14     9    20    19     0     1   -20.0   60.303   -5.307    880.0    919.4    278.8      0.0     89.0
     1     1    14     9    20    18     0     0   -21.0   60.633   -5.493    917.0    914.5    278.7      0.0     86.6
     1     1    14     9    20    17     0     1   -22.0   60.977   -5.710    955.1    909.1    278.4      0.0     85.1
     1     1    14     9    20    16     0     2   -23.0   61.322   -5.975   1000.2    904.1    278.0      0.0     85.5
     1     1    14     9    20    15     0     3   -24.0   61.671   -6.283   1064.1    896.0    277.4      0.0     85.5
     1     1    14     9    20    14     0     2   -25.0   62.025   -6.595   1151.4    885.0    276.9      0.0     86.0
     1     1    14     9    20    13     0     1   -26.0   62.387   -6.890   1237.3    872.5    276.5      0.0     84.3
     1     1    14     9    20    12     0     0   -27.0   62.766   -7.156   1285.7    866.9    276.2      0.0     82.2
     1     1    14     9    20    11     0     1   -28.0   63.152   -7.414   1300.2    866.9    276.2      0.0     83.9
     1     1    14     9    20    10     0     2   -29.0   63.541   -7.695   1312.9    866.7    276.2      0.0     82.0
     1     1    14     9    20     9     0     3   -30.0   63.949   -7.983   1346.0    863.0    276.1      0.0     74.1
     1     1    14     9    20     8     0     2   -31.0   64.364   -8.268   1394.4    856.0    275.6      0.3     78.3
     1     1    14     9    20     7     0     1   -32.0   64.771   -8.565   1439.5    849.8    275.3      0.3     77.9
     1     1    14     9    20     6     0     0   -33.0   65.172   -8.878   1469.3    845.5    274.9      0.3     75.7
     1     1    14     9    20     5     0     1   -34.0   65.547   -9.209   1487.7    844.4    274.8      0.0     79.4
     1     1    14     9    20     4     0     2   -35.0   65.881   -9.571   1506.1    842.6    274.7      0.0     79.1
     1     1    14     9    20     3     0     3   -36.0   66.170   -9.957   1530.1    840.2    274.7      0.0     74.2
     1     1    14     9    20     2     0     2   -37.0   66.415  -10.346   1550.3    836.4    274.3      0.3     77.1
     1     1    14     9    20     1     0     1   -38.0   66.624  -10.718   1561.7    835.8    274.2      0.0     76.9
     1     1    14     9    20     0     0     0   -39.0   66.805  -11.049   1578.7    834.4    274.1      0.0     73.4
     1     1    14     9    19    23     0     1   -40.0   66.964  -11.337   1604.4    831.4    273.9      0.0     73.2
     1     1    14     9    19    22     0     2   -41.0   67.105  -11.574   1634.5    828.1    273.7      0.0     73.2
     1     1    14     9    19    21     0     3   -42.0   67.229  -11.727   1665.2    824.7    273.4      0.0     73.0
     1     1    14     9    19    20     0     2   -43.0   67.346  -11.830   1688.0    821.5    273.3      0.0     71.6
     1     1    14     9    19    19     0     1   -44.0   67.465  -11.932   1697.4    820.5    273.3      0.0     69.6
     1     1    14     9    19    18     0     0   -45.0   67.588  -12.035   1695.7    820.7    273.4      0.0     67.4
     1     1    14     9    19    17     0     1   -46.0   67.711  -12.137   1691.4    821.9    273.4      0.0     67.0
     1     1    14     9    19    16     0     2   -47.0   67.833  -12.235   1694.1    822.0    273.4      0.0     65.8
     1     1    14     9    19    15     0     3   -48.0   67.955  -12.329   1708.6    820.8    273.4      0.0     64.0
     1     1    14     9    19    14     0     2   -49.0   68.071  -12.416   1732.1    818.1    273.1      0.0     65.5
     1     1    14     9    19    13     0     1   -50.0   68.176  -12.488   1759.1    815.5    272.7      0.0     67.0
     1     1    14     9    19    12     0     0   -51.0   68.272  -12.544   1788.9    812.6    272.4      0.0     68.4
     1     1    14     9    19    11     0     1   -52.0   68.357  -12.577   1821.2    809.6    272.2      0.0     66.3
     1     1    14     9    19    10     0     2   -53.0   68.428  -12.581   1855.9    806.5    272.1      0.0     64.3
     1     1    14     9    19     9     0     3   -54.0   68.486  -12.566   1893.5    802.9    271.9      0.0     63.4
     1     1    14     9    19     8     0     2   -55.0   68.539  -12.543   1930.6    798.7    271.7      0.0     63.5
     1     1    14     9    19     7     0     1   -56.0   68.595  -12.518   1963.1    795.4    271.6      0.0     63.1
     1     1    14     9    19     6     0     0   -57.0   68.657  -12.491   1990.4    792.6    271.4      0.0     62.3
     1     1    14     9    19     5     0     1   -58.0   68.717  -12.484   2017.2    790.8    271.4      0.0     64.4
     1     1    14     9    19     4     0     2   -59.0   68.769  -12.529   2048.9    788.1    271.3      0.0     67.5
     1     1    14     9    19     3     0     3   -60.0   68.812  -12.633   2086.5    784.9    271.2      0.0     71.4
     1     1    14     9    19     2     0     2   -61.0   68.845  -12.779   2127.8    781.0    270.9      0.0     72.5
     1     1    14     9    19     1     0     1   -62.0   68.869  -12.944   2170.6    777.2    270.6      0.0     73.9
     1     1    14     9    19     0     0     0   -63.0   68.886  -13.126   2214.8    773.2    270.3      0.0     75.5
     1     1    14     9    18    23     0     1   -64.0   68.896  -13.356   2258.7    769.2    270.2      0.0     77.2
     1     1    14     9    18    22     0     2   -65.0   68.895  -13.668   2301.3    765.2    270.1      0.0     79.3
     1     1    14     9    18    21     0     3   -66.0   68.880  -14.058   2345.2    761.2    270.0      0.0     81.8
     1     1    14     9    18    20     0     2   -67.0   68.847  -14.482   2387.3    756.7    269.7      0.0     82.4
     1     1    14     9    18    19     0     1   -68.0   68.798  -14.892   2420.8    753.5    269.4      0.0     82.9
     1     1    14     9    18    18     0     0   -69.0   68.731  -15.279   2441.2    751.4    269.2      0.0     83.4
     1     1    14     9    18    17     0     1   -70.0   68.648  -15.632   2439.6    751.0    269.2      0.0     85.8
     1     1    14     9    18    16     0     2   -71.0   68.549  -15.932   2403.2    753.9    269.3      0.0     88.1
     1     1    14     9    18    15     0     3   -72.0   68.434  -16.165   2327.1    761.4    269.7      0.5     90.6
