     7     1
    GDAS    14     8    22     0     0
    GDAS    14     8    29     0     0
    GDAS    14     9     1     0     0
    GDAS    14     9     8     0     0
    GDAS    14     9    15     0     0
    GDAS    14     9    22     0     0
    GDAS    14     9    29     0     0
     1 BACKWARD OMEGA   
    14     9    14     0   56.467   -2.973   100.0
     4 PRESSURE AIR_TEMP RAINFALL RELHUMID
     1     1    14     9    14     0     0     0     0.0   56.467   -2.973    100.0    987.1    283.6      0.0     92.1
     1     1    14     9    13    23     0     1    -1.0   56.408   -2.810     85.3    994.8    284.4      0.0     90.0
     1     1    14     9    13    22     0     2    -2.0   56.351   -2.640     69.0   1002.9    285.1      0.0     87.5
     1     1    14     9    13    21     0     3    -3.0   56.291   -2.464     54.7   1010.5    285.7      0.0     84.6
     1     1    14     9    13    20     0     2    -4.0   56.224   -2.283     45.3   1016.1    286.2      0.0     81.6
     1     1    14     9    13    19     0     1    -5.0   56.149   -2.094     40.7   1020.4    286.5      0.0     78.9
     1     1    14     9    13    18     0     0    -6.0   56.066   -1.896     39.4   1022.6    286.5      0.0     77.0
     1     1    14     9    13    17     0     1    -7.0   55.982   -1.694     39.9   1022.7    286.6      0.0     76.4
     1     1    14     9    13    16     0     2    -8.0   55.903   -1.499     40.8   1021.9    286.7      0.0     76.4
     1     1    14     9    13    15     0     3    -9.0   55.827   -1.312     41.9   1021.7    286.8      0.0     76.4
     1     1    14     9    13    14     0     2   -10.0   55.752   -1.144     44.5   1022.4    286.8      0.0     77.3
     1     1    14     9    13    13     0     1   -11.0   55.676   -1.000     49.2   1023.4    286.8      0.0     77.9
     1     1    14     9    13    12     0     0   -12.0   55.600   -0.876     55.1   1022.8    286.8      0.0     78.0
     1     1    14     9    13    11     0     1   -13.0   55.525   -0.775     60.8   1021.7    286.7      0.0     79.8
     1     1    14     9    13    10     0     2   -14.0   55.451   -0.698     66.2   1020.7    286.7      0.0     81.6
     1     1    14     9    13     9     0     3   -15.0   55.377   -0.648     71.1   1019.9    286.6      0.0     83.5
     1     1    14     9    13     8     0     2   -16.0   55.304   -0.611     75.2   1019.5    286.6      0.0     83.1
     1     1    14     9    13     7     0     1   -17.0   55.232   -0.577     77.7   1019.4    286.6      0.0     82.8
     1     1    14     9    13     6     0     0   -18.0   55.160   -0.545     78.4   1019.5    286.6      0.0     82.5
     1     1    14     9    13     5     0     1   -19.0   55.092   -0.527     78.1   1019.3    286.7      0.0     82.2
     1     1    14     9    13     4     0     2   -20.0   55.030   -0.534     78.0   1019.1    286.7      0.0     82.1
     1     1    14     9    13     3     0     3   -21.0   54.974   -0.567     78.2   1018.6    286.6      0.0     82.2
     1     1    14     9    13     2     0     2   -22.0   54.917   -0.611     78.9   1018.3    286.5      0.0     82.1
     1     1    14     9    13     1     0     1   -23.0   54.852   -0.651     80.2   1017.9    286.3      0.0     82.1
     1     1    14     9    13     0     0     0   -24.0   54.782   -0.685     81.6   1017.3    286.2      0.0     82.1
     1     1    14     9    12    23     0     1   -25.0   54.707   -0.689     85.4   1015.8    286.1      0.0     82.9
     1     1    14     9    12    22     0     2   -26.0   54.630   -0.643     94.9   1013.4    286.1      0.0     83.7
     1     1    14     9    12    21     0     3   -27.0   54.552   -0.547    112.0   1010.3    286.3      0.0     84.3
     1     1    14     9    12    20     0     2   -28.0   54.478   -0.415    136.7   1006.9    286.7      0.0     81.8
     1     1    14     9    12    19     0     1   -29.0   54.412   -0.264    166.4   1002.4    287.0      0.0     79.1
     1     1    14     9    12    18     0     0   -30.0   54.352   -0.102    198.9    997.5    287.2      0.0     76.6
     1     1    14     9    12    17     0     1   -31.0   54.320    0.079    214.9    998.4    286.4      0.0     87.1
     1     1    14     9    12    16     0     2   -32.0   54.321    0.266    214.2   1000.3    286.5      0.0     87.4
     1     1    14     9    12    15     0     3   -33.0   54.334    0.442    215.8   1000.0    286.4      0.0     88.2
     1     1    14     9    12    14     0     2   -34.0   54.354    0.609    219.9    999.8    286.3      0.0     89.4
     1     1    14     9    12    13     0     1   -35.0   54.378    0.767    224.1    999.5    286.2      0.0     90.7
     1     1    14     9    12    12     0     0   -36.0   54.403    0.918    226.2    999.5    286.2      0.0     92.0
     1     1    14     9    12    11     0     1   -37.0   54.432    1.079    226.6    999.3    286.3      0.0     91.8
     1     1    14     9    12    10     0     2   -38.0   54.467    1.262    227.6    999.0    286.3      0.0     91.0
     1     1    14     9    12     9     0     3   -39.0   54.510    1.470    230.7    998.5    286.4      0.0     90.4
     1     1    14     9    12     8     0     2   -40.0   54.557    1.679    235.8    997.8    286.4      0.0     90.9
     1     1    14     9    12     7     0     1   -41.0   54.605    1.866    240.3    997.1    286.3      0.0     91.4
     1     1    14     9    12     6     0     0   -42.0   54.654    2.028    242.2    996.8    286.3      0.0     92.0
     1     1    14     9    12     5     0     1   -43.0   54.701    2.178    242.3    996.5    286.4      0.0     91.9
     1     1    14     9    12     4     0     2   -44.0   54.745    2.327    242.7    996.0    286.5      0.0     91.5
     1     1    14     9    12     3     0     3   -45.0   54.781    2.477    243.7    995.5    286.6      0.0     91.1
     1     1    14     9    12     2     0     2   -46.0   54.810    2.631    244.6    995.5    286.6      0.0     90.6
     1     1    14     9    12     1     0     1   -47.0   54.833    2.795    244.5    995.8    286.7      0.0     90.0
     1     1    14     9    12     0     0     0   -48.0   54.851    2.968    243.3    996.1    286.8      0.0     89.4
     1     1    14     9    11    23     0     1   -49.0   54.878    3.156    242.4    996.1    286.9      0.0     88.8
     1     1    14     9    11    22     0     2   -50.0   54.923    3.356    243.4    995.7    287.0      0.0     88.0
     1     1    14     9    11    21     0     3   -51.0   54.984    3.569    245.9    995.2    287.2      0.0     87.0
     1     1    14     9    11    20     0     2   -52.0   55.058    3.778    248.6    994.7    287.2      0.0     86.4
     1     1    14     9    11    19     0     1   -53.0   55.141    3.970    250.3    994.4    287.2      0.0     85.9
     1     1    14     9    11    18     0     0   -54.0   55.230    4.148    251.5    994.1    287.3      0.0     85.7
     1     1    14     9    11    17     0     1   -55.0   55.322    4.321    250.8    993.7    287.3      0.0     85.3
     1     1    14     9    11    16     0     2   -56.0   55.410    4.500    246.8    993.8    287.4      0.0     84.7
     1     1    14     9    11    15     0     3   -57.0   55.491    4.694    239.8    994.1    287.6      0.0     84.0
     1     1    14     9    11    14     0     2   -58.0   55.567    4.904    232.1    995.3    287.7      0.0     83.7
     1     1    14     9    11    13     0     1   -59.0   55.642    5.126    225.9    996.1    287.7      0.0     83.5
     1     1    14     9    11    12     0     0   -60.0   55.718    5.359    220.4    996.7    287.7      0.0     83.5
     1     1    14     9    11    11     0     1   -61.0   55.796    5.602    215.6    997.0    287.8      0.0     83.0
     1     1    14     9    11    10     0     2   -62.0   55.877    5.857    212.7    997.0    287.9      0.0     82.6
     1     1    14     9    11     9     0     3   -63.0   55.963    6.122    212.7    996.7    287.9      0.0     82.7
     1     1    14     9    11     8     0     2   -64.0   56.055    6.399    216.2    996.1    287.7      0.0     82.8
     1     1    14     9    11     7     0     1   -65.0   56.154    6.689    221.1    995.2    287.6      0.0     82.7
     1     1    14     9    11     6     0     0   -66.0   56.259    7.000    225.6    994.4    287.5      0.0     82.2
     1     1    14     9    11     5     0     1   -67.0   56.367    7.323    233.2    993.9    287.4      0.0     82.8
     1     1    14     9    11     4     0     2   -68.0   56.479    7.646    247.4    992.2    287.3      0.0     82.9
     1     1    14     9    11     3     0     3   -69.0   56.596    7.974    266.0    990.0    287.3      0.0     82.3
     1     1    14     9    11     2     0     2   -70.0   56.717    8.311    284.9    986.6    287.1      0.0     82.1
     1     1    14     9    11     1     0     1   -71.0   56.839    8.663    302.6    984.3    287.1      0.0     81.1
     1     1    14     9    11     0     0     0   -72.0   56.961    9.037    318.9    982.5    287.2      0.0     79.4
