     7     1
    GDAS    14     8    22     0     0
    GDAS    14     8    29     0     0
    GDAS    14     9     1     0     0
    GDAS    14     9     8     0     0
    GDAS    14     9    15     0     0
    GDAS    14     9    22     0     0
    GDAS    14     9    29     0     0
     1 BACKWARD OMEGA   
    14     9     5     0   56.467   -2.973   100.0
     4 PRESSURE AIR_TEMP RAINFALL RELHUMID
     1     1    14     9     5     0     0     0     0.0   56.467   -2.973    100.0    975.3    287.2      0.0     90.0
     1     1    14     9     4    23     0     1    -1.0   56.415   -3.054    114.6    974.7    287.7      0.0     88.5
     1     1    14     9     4    22     0     2    -2.0   56.351   -3.121    128.2    975.4    288.1      0.0     86.3
     1     1    14     9     4    21     0     3    -3.0   56.277   -3.174    142.1    976.7    288.7      0.0     83.8
     1     1    14     9     4    20     0     2    -4.0   56.199   -3.219    156.5    977.4    289.1      0.0     82.1
     1     1    14     9     4    19     0     1    -5.0   56.124   -3.267    170.0    978.4    289.6      0.0     80.4
     1     1    14     9     4    18     0     0    -6.0   56.052   -3.319    182.7    979.7    290.1      0.0     78.8
     1     1    14     9     4    17     0     1    -7.0   55.979   -3.368    195.7    980.4    290.1      0.0     78.1
     1     1    14     9     4    16     0     2    -8.0   55.899   -3.408    207.8    978.7    289.8      0.0     77.9
     1     1    14     9     4    15     0     3    -9.0   55.810   -3.438    215.5    977.8    289.7      0.0     77.4
     1     1    14     9     4    14     0     2   -10.0   55.718   -3.457    215.3    978.0    289.6      0.0     78.3
     1     1    14     9     4    13     0     1   -11.0   55.629   -3.462    206.5    979.5    289.6      0.0     79.1
     1     1    14     9     4    12     0     0   -12.0   55.542   -3.451    191.0    981.8    289.6      0.0     79.7
     1     1    14     9     4    11     0     1   -13.0   55.452   -3.431    173.9    984.4    289.3      0.0     81.4
     1     1    14     9     4    10     0     2   -14.0   55.351   -3.403    158.1    986.4    289.0      0.0     83.7
     1     1    14     9     4     9     0     3   -15.0   55.240   -3.365    142.7    988.4    288.6      0.0     86.4
     1     1    14     9     4     8     0     2   -16.0   55.126   -3.315    127.8    990.1    288.4      0.0     87.0
     1     1    14     9     4     7     0     1   -17.0   55.017   -3.253    115.3    991.5    288.1      0.0     87.9
     1     1    14     9     4     6     0     0   -18.0   54.911   -3.176    109.1    993.7    287.9      0.0     88.5
     1     1    14     9     4     5     0     1   -19.0   54.810   -3.079    112.6    995.0    287.9      0.0     86.9
     1     1    14     9     4     4     0     2   -20.0   54.716   -2.959    125.5    994.4    288.0      0.0     85.8
     1     1    14     9     4     3     0     3   -21.0   54.623   -2.815    139.6    991.4    287.8      0.0     85.4
     1     1    14     9     4     2     0     2   -22.0   54.529   -2.655    146.5    988.3    287.7      0.0     85.2
     1     1    14     9     4     1     0     1   -23.0   54.432   -2.485    142.7    986.3    287.5      0.0     85.6
     1     1    14     9     4     0     0     0   -24.0   54.341   -2.309    128.1    984.7    287.3      0.0     86.4
     1     1    14     9     3    23     0     1   -25.0   54.258   -2.132    104.4    983.0    287.1      0.0     87.0
     1     1    14     9     3    22     0     2   -26.0   54.189   -1.956     77.7    983.9    287.1      0.0     87.2
     1     1    14     9     3    21     0     3   -27.0   54.132   -1.784     58.1    991.1    287.4      0.0     85.8
     1     1    14     9     3    20     0     2   -28.0   54.080   -1.617     47.7    995.8    288.0      0.0     82.9
     1     1    14     9     3    19     0     1   -29.0   54.031   -1.464     42.8    999.9    288.7      0.0     79.4
     1     1    14     9     3    18     0     0   -30.0   53.984   -1.321     41.7   1003.5    289.4      0.0     75.4
     1     1    14     9     3    17     0     1   -31.0   53.942   -1.177     44.4   1007.0    290.2      0.0     72.2
     1     1    14     9     3    16     0     2   -32.0   53.909   -1.023     52.6   1010.1    291.1      0.0     69.0
     1     1    14     9     3    15     0     3   -33.0   53.882   -0.857     66.3   1008.5    291.5      0.0     66.6
     1     1    14     9     3    14     0     2   -34.0   53.854   -0.688     84.9   1006.1    291.0      0.0     69.3
     1     1    14     9     3    13     0     1   -35.0   53.821   -0.523    108.3   1003.6    290.4      0.0     71.9
     1     1    14     9     3    12     0     0   -36.0   53.782   -0.363    136.3   1001.0    289.6      0.0     74.3
     1     1    14     9     3    11     0     1   -37.0   53.737   -0.209    165.3    996.9    288.6      0.0     77.1
     1     1    14     9     3    10     0     2   -38.0   53.688   -0.063    190.7    993.8    287.8      0.0     79.3
     1     1    14     9     3     9     0     3   -39.0   53.647    0.072    202.3    998.0    287.8      0.0     81.2
     1     1    14     9     3     8     0     2   -40.0   53.615    0.197    201.7    999.5    287.7      0.0     82.0
     1     1    14     9     3     7     0     1   -41.0   53.579    0.320    202.6    999.2    287.6      0.0     82.5
     1     1    14     9     3     6     0     0   -42.0   53.540    0.441    205.5    998.8    287.4      0.0     82.8
     1     1    14     9     3     5     0     1   -43.0   53.495    0.565    207.8    998.2    287.5      0.0     83.2
     1     1    14     9     3     4     0     2   -44.0   53.446    0.697    206.9    998.4    287.5      0.0     83.3
     1     1    14     9     3     3     0     3   -45.0   53.391    0.836    202.8    999.1    287.6      0.0     83.1
     1     1    14     9     3     2     0     2   -46.0   53.336    0.987    200.0   1000.3    287.7      0.0     82.8
     1     1    14     9     3     1     0     1   -47.0   53.282    1.152    202.3   1000.2    287.8      0.0     82.9
     1     1    14     9     3     0     0     0   -48.0   53.232    1.331    209.1    999.5    288.0      0.0     82.5
     1     1    14     9     2    23     0     1   -49.0   53.187    1.524    215.5    998.3    288.1      0.0     81.7
     1     1    14     9     2    22     0     2   -50.0   53.147    1.737    216.4    998.0    288.2      0.0     80.0
     1     1    14     9     2    21     0     3   -51.0   53.111    1.971    210.4    998.5    288.4      0.0     77.2
     1     1    14     9     2    20     0     2   -52.0   53.086    2.210    204.3   1000.0    288.5      0.0     78.4
     1     1    14     9     2    19     0     1   -53.0   53.078    2.436    205.4    999.8    288.6      0.0     78.3
     1     1    14     9     2    18     0     0   -54.0   53.084    2.643    212.6    998.9    288.7      0.0     76.9
     1     1    14     9     2    17     0     1   -55.0   53.098    2.832    223.2    997.2    288.7      0.0     76.4
     1     1    14     9     2    16     0     2   -56.0   53.114    3.008    234.3    995.7    288.7      0.0     75.7
     1     1    14     9     2    15     0     3   -57.0   53.135    3.169    246.5    994.2    288.5      0.0     76.3
     1     1    14     9     2    14     0     2   -58.0   53.158    3.315    260.5    993.0    288.4      0.0     77.4
     1     1    14     9     2    13     0     1   -59.0   53.171    3.454    276.5    991.2    288.3      0.0     77.8
     1     1    14     9     2    12     0     0   -60.0   53.171    3.586    294.5    989.2    288.1      0.0     77.6
     1     1    14     9     2    11     0     1   -61.0   53.165    3.708    312.0    986.4    287.8      0.0     77.7
     1     1    14     9     2    10     0     2   -62.0   53.156    3.817    325.9    984.3    287.5      0.0     77.6
     1     1    14     9     2     9     0     3   -63.0   53.141    3.911    335.4    982.8    287.2      0.0     77.4
     1     1    14     9     2     8     0     2   -64.0   53.112    3.998    342.1    982.0    287.2      0.0     77.1
     1     1    14     9     2     7     0     1   -65.0   53.070    4.083    348.0    980.9    287.2      0.0     77.6
     1     1    14     9     2     6     0     0   -66.0   53.021    4.167    352.3    980.1    287.1      0.0     77.7
     1     1    14     9     2     5     0     1   -67.0   52.973    4.257    350.5    979.6    287.2      0.0     78.0
     1     1    14     9     2     4     0     2   -68.0   52.940    4.363    339.5    980.8    287.3      0.0     78.1
     1     1    14     9     2     3     0     3   -69.0   52.921    4.485    322.0    982.9    287.4      0.0     77.7
     1     1    14     9     2     2     0     2   -70.0   52.911    4.599    307.2    985.5    287.7      0.0     75.8
     1     1    14     9     2     1     0     1   -71.0   52.901    4.680    299.5    986.0    287.9      0.0     74.1
     1     1    14     9     2     0     0     0   -72.0   52.890    4.729    296.3    986.1    288.0      0.0     72.5
