     7     1
    GDAS    14     8    22     0     0
    GDAS    14     8    29     0     0
    GDAS    14     9     1     0     0
    GDAS    14     9     8     0     0
    GDAS    14     9    15     0     0
    GDAS    14     9    22     0     0
    GDAS    14     9    29     0     0
     1 BACKWARD OMEGA   
    14     9    21    20   56.467   -2.973   100.0
     4 PRESSURE AIR_TEMP RAINFALL RELHUMID
     1     1    14     9    21    20     0     2     0.0   56.467   -2.973    100.0    983.2    283.6      0.0     76.1
     1     1    14     9    21    19     0     1    -1.0   56.473   -3.038    103.4    981.5    283.8      0.0     74.8
     1     1    14     9    21    18     0     0    -2.0   56.479   -3.077    106.6    980.6    284.1      0.0     73.3
     1     1    14     9    21    17     0     1    -3.0   56.491   -3.114    110.6    979.6    284.4      0.0     72.1
     1     1    14     9    21    16     0     2    -4.0   56.516   -3.171    115.2    977.7    284.6      0.0     70.9
     1     1    14     9    21    15     0     3    -5.0   56.553   -3.250    119.0    975.1    284.7      0.0     69.8
     1     1    14     9    21    14     0     2    -6.0   56.599   -3.336    122.8    972.3    284.1      0.0     71.5
     1     1    14     9    21    13     0     1    -7.0   56.654   -3.411    130.2    968.6    283.4      0.0     73.6
     1     1    14     9    21    12     0     0    -8.0   56.717   -3.475    143.4    963.9    282.6      0.0     76.1
     1     1    14     9    21    11     0     1    -9.0   56.793   -3.538    164.8    957.2    281.5      0.0     80.5
     1     1    14     9    21    10     0     2   -10.0   56.888   -3.603    196.8    948.4    280.2      0.0     85.5
     1     1    14     9    21     9     0     3   -11.0   57.008   -3.667    245.9    937.7    278.7      0.0     91.3
     1     1    14     9    21     8     0     2   -12.0   57.153   -3.742    306.8    935.0    278.5      0.0     93.0
     1     1    14     9    21     7     0     1   -13.0   57.316   -3.838    363.0    934.7    278.5      0.0     93.5
     1     1    14     9    21     6     0     0   -14.0   57.492   -3.959    416.5    935.6    278.6      0.0     93.7
     1     1    14     9    21     5     0     1   -15.0   57.678   -4.092    474.2    937.0    279.0      0.0     92.5
     1     1    14     9    21     4     0     2   -16.0   57.877   -4.223    539.0    936.8    279.2      0.0     93.0
     1     1    14     9    21     3     0     3   -17.0   58.089   -4.347    602.4    933.7    279.1      0.0     94.5
     1     1    14     9    21     2     0     2   -18.0   58.302   -4.472    648.5    930.3    278.8      0.0     95.4
     1     1    14     9    21     1     0     1   -19.0   58.510   -4.605    667.8    931.5    278.9      0.0     96.1
     1     1    14     9    21     0     0     0   -20.0   58.713   -4.746    660.7    936.9    279.1      0.0     96.9
     1     1    14     9    20    23     0     1   -21.0   58.921   -4.898    639.7    946.1    279.9      0.0     97.2
     1     1    14     9    20    22     0     2   -22.0   59.149   -5.057    622.1    951.0    280.2      0.0     96.7
     1     1    14     9    20    21     0     3   -23.0   59.402   -5.219    616.9    951.4    280.3      0.0     96.0
     1     1    14     9    20    20     0     2   -24.0   59.675   -5.375    626.5    949.8    280.2      0.0     95.3
     1     1    14     9    20    19     0     1   -25.0   59.960   -5.529    649.3    946.4    280.0      0.0     94.6
     1     1    14     9    20    18     0     0   -26.0   60.259   -5.695    679.3    941.6    279.8      0.0     92.8
     1     1    14     9    20    17     0     1   -27.0   60.573   -5.897    710.7    937.0    279.6      0.0     91.3
     1     1    14     9    20    16     0     2   -28.0   60.892   -6.149    743.8    932.6    279.3      0.0     89.5
     1     1    14     9    20    15     0     3   -29.0   61.217   -6.454    787.6    927.4    278.9      0.0     89.2
     1     1    14     9    20    14     0     2   -30.0   61.546   -6.780    852.9    919.1    278.4      0.0     91.4
     1     1    14     9    20    13     0     1   -31.0   61.878   -7.085    939.8    907.2    277.7      0.0     92.4
     1     1    14     9    20    12     0     0   -32.0   62.223   -7.359   1022.6    895.9    277.1      0.0     91.5
     1     1    14     9    20    11     0     1   -33.0   62.578   -7.632   1069.1    890.9    277.0      0.0     90.8
     1     1    14     9    20    10     0     2   -34.0   62.943   -7.914   1083.3    890.2    276.9      0.0     89.3
     1     1    14     9    20     9     0     3   -35.0   63.324   -8.193   1091.5    890.4    277.0      0.0     86.0
     1     1    14     9    20     8     0     2   -36.0   63.721   -8.467   1111.3    887.5    277.2      0.3     83.9
     1     1    14     9    20     7     0     1   -37.0   64.120   -8.736   1141.9    883.1    277.1      0.3     81.7
     1     1    14     9    20     6     0     0   -38.0   64.513   -9.018   1173.4    878.2    276.9      0.3     79.0
     1     1    14     9    20     5     0     1   -39.0   64.900   -9.319   1202.7    875.1    276.6      0.2     80.9
     1     1    14     9    20     4     0     2   -40.0   65.264   -9.631   1229.3    871.5    276.3      0.2     81.8
     1     1    14     9    20     3     0     3   -41.0   65.586   -9.950   1252.8    869.2    276.1      0.0     79.0
     1     1    14     9    20     2     0     2   -42.0   65.869  -10.279   1274.6    866.3    276.0      0.3     79.4
     1     1    14     9    20     1     0     1   -43.0   66.122  -10.610   1293.8    863.9    275.9      0.6     78.8
     1     1    14     9    20     0     0     0   -44.0   66.344  -10.906   1316.0    861.8    275.7      0.7     77.8
     1     1    14     9    19    23     0     1   -45.0   66.535  -11.148   1346.8    858.6    275.3      0.0     78.0
     1     1    14     9    19    22     0     2   -46.0   66.697  -11.339   1385.6    854.2    275.1      0.0     76.6
     1     1    14     9    19    21     0     3   -47.0   66.837  -11.472   1428.8    849.6    274.9      0.0     73.8
     1     1    14     9    19    20     0     2   -48.0   66.967  -11.577   1466.1    844.7    274.8      0.0     70.2
     1     1    14     9    19    19     0     1   -49.0   67.098  -11.678   1489.1    842.3    274.7      0.0     69.0
     1     1    14     9    19    18     0     0   -50.0   67.229  -11.764   1500.4    841.1    274.6      0.0     68.6
     1     1    14     9    19    17     0     1   -51.0   67.357  -11.833   1506.0    841.1    274.6      0.0     69.1
     1     1    14     9    19    16     0     2   -52.0   67.485  -11.893   1512.5    840.6    274.5      0.0     68.5
     1     1    14     9    19    15     0     3   -53.0   67.616  -11.948   1524.0    839.7    274.4      0.0     66.8
     1     1    14     9    19    14     0     2   -54.0   67.745  -11.989   1539.3    837.9    274.2      0.0     66.9
     1     1    14     9    19    13     0     1   -55.0   67.866  -12.010   1554.7    836.2    273.9      0.0     67.5
     1     1    14     9    19    12     0     0   -56.0   67.979  -12.019   1568.2    834.9    273.6      0.0     68.7
     1     1    14     9    19    11     0     1   -57.0   68.079  -11.993   1585.6    834.0    273.6      0.0     68.0
     1     1    14     9    19    10     0     2   -58.0   68.162  -11.915   1612.5    831.3    273.5      0.0     68.0
     1     1    14     9    19     9     0     3   -59.0   68.230  -11.796   1646.0    827.9    273.3      0.0     68.4
     1     1    14     9    19     8     0     2   -60.0   68.292  -11.656   1680.1    824.0    273.1      0.0     68.1
     1     1    14     9    19     7     0     1   -61.0   68.355  -11.507   1711.5    820.7    272.9      0.0     67.3
     1     1    14     9    19     6     0     0   -62.0   68.420  -11.353   1740.1    817.9    272.8      0.0     65.9
     1     1    14     9    19     5     0     1   -63.0   68.483  -11.216   1769.3    815.7    272.7      0.0     66.7
     1     1    14     9    19     4     0     2   -64.0   68.544  -11.121   1803.2    812.8    272.7      0.0     68.0
     1     1    14     9    19     3     0     3   -65.0   68.603  -11.079   1843.4    809.4    272.6      0.0     70.0
     1     1    14     9    19     2     0     2   -66.0   68.656  -11.081   1884.4    805.0    272.3      0.0     71.2
     1     1    14     9    19     1     0     1   -67.0   68.698  -11.112   1920.6    801.7    272.0      0.0     72.6
     1     1    14     9    19     0     0     0   -68.0   68.730  -11.166   1952.1    798.9    271.7      0.0     74.0
     1     1    14     9    18    23     0     1   -69.0   68.752  -11.259   1985.3    796.4    271.6      0.0     75.9
     1     1    14     9    18    22     0     2   -70.0   68.766  -11.414   2026.2    792.5    271.5      0.0     77.7
     1     1    14     9    18    21     0     3   -71.0   68.776  -11.639   2073.6    787.9    271.4      0.0     79.3
     1     1    14     9    18    20     0     2   -72.0   68.782  -11.936   2116.3    782.8    271.0      0.0     80.8
