     7     1
    GDAS    14     8    22     0     0
    GDAS    14     8    29     0     0
    GDAS    14     9     1     0     0
    GDAS    14     9     8     0     0
    GDAS    14     9    15     0     0
    GDAS    14     9    22     0     0
    GDAS    14     9    29     0     0
     1 BACKWARD OMEGA   
    14     9     3     7   56.467   -2.973   100.0
     4 PRESSURE AIR_TEMP RAINFALL RELHUMID
     1     1    14     9     3     7     0     1     0.0   56.467   -2.973    100.0    980.0    285.0      0.0     88.2
     1     1    14     9     3     6     0     0    -1.0   56.387   -2.988    117.8    980.8    284.5      0.0     89.0
     1     1    14     9     3     5     0     1    -2.0   56.307   -3.005    140.9    980.7    284.8      0.0     86.6
     1     1    14     9     3     4     0     2    -3.0   56.220   -3.007    164.9    980.4    285.1      0.0     84.1
     1     1    14     9     3     3     0     3    -4.0   56.125   -2.982    189.1    981.0    285.5      0.0     81.6
     1     1    14     9     3     2     0     2    -5.0   56.030   -2.935    212.2    982.2    285.9      0.0     79.9
     1     1    14     9     3     1     0     1    -6.0   55.942   -2.880    231.9    981.5    286.1      0.0     78.8
     1     1    14     9     3     0     0     0    -7.0   55.859   -2.826    247.9    980.2    286.2      0.0     78.2
     1     1    14     9     2    23     0     1    -8.0   55.775   -2.782    260.8    979.0    286.3      0.0     77.3
     1     1    14     9     2    22     0     2    -9.0   55.683   -2.756    269.5    977.5    286.4      0.0     76.5
     1     1    14     9     2    21     0     3   -10.0   55.586   -2.738    272.0    976.7    286.6      0.0     75.7
     1     1    14     9     2    20     0     2   -11.0   55.493   -2.718    267.7    976.6    286.8      0.0     74.8
     1     1    14     9     2    19     0     1   -12.0   55.411   -2.686    256.3    977.1    287.1      0.0     73.7
     1     1    14     9     2    18     0     0   -13.0   55.342   -2.638    236.7    978.3    287.5      0.0     72.2
     1     1    14     9     2    17     0     1   -14.0   55.284   -2.579    209.3    980.5    287.8      0.0     70.9
     1     1    14     9     2    16     0     2   -15.0   55.238   -2.517    176.0    983.6    288.2      0.0     68.9
     1     1    14     9     2    15     0     3   -16.0   55.205   -2.450    139.1    987.6    288.9      0.0     66.1
     1     1    14     9     2    14     0     2   -17.0   55.179   -2.386    107.1    991.2    289.3      0.0     65.4
     1     1    14     9     2    13     0     1   -18.0   55.160   -2.336     84.6    993.3    289.9      0.0     65.0
     1     1    14     9     2    12     0     0   -19.0   55.144   -2.304     69.8    994.8    290.5      0.0     64.6
     1     1    14     9     2    11     0     1   -20.0   55.133   -2.284     60.5    995.6    289.9      0.0     67.8
     1     1    14     9     2    10     0     2   -21.0   55.125   -2.267     54.9    996.2    289.0      0.0     71.2
     1     1    14     9     2     9     0     3   -22.0   55.121   -2.254     52.2    996.4    288.0      0.0     74.7
     1     1    14     9     2     8     0     2   -23.0   55.124   -2.251     51.2    996.2    286.1      0.0     76.8
     1     1    14     9     2     7     0     1   -24.0   55.138   -2.262     51.0    996.4    284.3      0.0     78.8
     1     1    14     9     2     6     0     0   -25.0   55.160   -2.288     51.9    996.8    282.5      0.0     80.8
     1     1    14     9     2     5     0     1   -26.0   55.188   -2.329     53.6    997.4    282.5      0.0     81.4
     1     1    14     9     2     4     0     2   -27.0   55.216   -2.380     56.3    997.9    282.5      0.0     82.0
     1     1    14     9     2     3     0     3   -28.0   55.246   -2.441     59.8    998.1    282.6      0.0     82.6
     1     1    14     9     2     2     0     2   -29.0   55.281   -2.516     63.6    998.0    283.2      0.0     82.7
     1     1    14     9     2     1     0     1   -30.0   55.328   -2.608     66.5    998.2    283.7      0.0     82.9
     1     1    14     9     2     0     0     0   -31.0   55.384   -2.719     68.2    998.5    284.1      0.0     83.3
     1     1    14     9     1    23     0     1   -32.0   55.441   -2.853     67.9    998.8    284.5      0.0     82.8
     1     1    14     9     1    22     0     2   -33.0   55.493   -3.014     65.6    999.0    284.9      0.0     83.1
     1     1    14     9     1    21     0     3   -34.0   55.540   -3.199     64.9    999.3    285.3      0.0     82.9
     1     1    14     9     1    20     0     2   -35.0   55.583   -3.396     70.6    998.3    286.1      0.0     80.0
     1     1    14     9     1    19     0     1   -36.0   55.626   -3.605     85.9    996.0    286.8      0.0     77.2
     1     1    14     9     1    18     0     0   -37.0   55.669   -3.834    113.9    992.4    287.2      0.0     75.0
     1     1    14     9     1    17     0     1   -38.0   55.714   -4.094    149.2    987.3    286.9      0.0     74.7
     1     1    14     9     1    16     0     2   -39.0   55.756   -4.379    174.3    981.8    286.4      0.0     76.6
     1     1    14     9     1    15     0     3   -40.0   55.786   -4.680    179.7    979.7    286.0      0.0     79.4
     1     1    14     9     1    14     0     2   -41.0   55.803   -4.975    171.3    979.9    285.5      0.0     82.1
     1     1    14     9     1    13     0     1   -42.0   55.804   -5.253    159.0    985.1    285.8      0.0     82.3
     1     1    14     9     1    12     0     0   -43.0   55.785   -5.518    147.9    990.4    286.0      0.0     82.7
     1     1    14     9     1    11     0     1   -44.0   55.752   -5.787    140.6    994.7    286.0      0.0     81.6
     1     1    14     9     1    10     0     2   -45.0   55.711   -6.078    137.6    997.2    286.1      0.0     79.9
     1     1    14     9     1     9     0     3   -46.0   55.663   -6.395    140.7    996.5    286.0      0.0     79.4
     1     1    14     9     1     8     0     2   -47.0   55.612   -6.735    150.2    994.6    285.8      0.0     81.2
     1     1    14     9     1     7     0     1   -48.0   55.564   -7.090    164.9    991.8    285.5      0.0     81.9
     1     1    14     9     1     6     0     0   -49.0   55.522   -7.461    175.8    988.3    285.4      0.0     81.9
     1     1    14     9     1     5     0     1   -50.0   55.482   -7.856    169.8    987.8    285.4      0.0     82.3
     1     1    14     9     1     4     0     2   -51.0   55.439   -8.274    149.4    992.9    285.9      0.0     81.1
     1     1    14     9     1     3     0     3   -52.0   55.396   -8.714    126.1    999.6    286.5      0.0     79.0
     1     1    14     9     1     2     0     2   -53.0   55.352   -9.178    108.3   1004.4    287.0      0.0     77.7
     1     1    14     9     1     1     0     1   -54.0   55.301   -9.667     99.9   1004.9    287.1      0.0     76.3
     1     1    14     9     1     0     0     0   -55.0   55.243  -10.184     99.8   1004.1    287.2      0.0     73.4
     1     1    14     8    31    23     0     1   -56.0   55.184  -10.713    102.7   1003.1    287.2      0.0     75.2
     1     1    14     8    31    22     0     2   -57.0   55.129  -11.243    104.8   1002.6    287.3      0.0     74.7
     1     1    14     8    31    21     0     3   -58.0   55.083  -11.783    106.4   1002.2    287.4      0.0     72.8
     1     1    14     8    31    20     0     2   -59.0   55.046  -12.350    109.8   1001.1    287.3      0.0     74.3
     1     1    14     8    31    19     0     1   -60.0   55.011  -12.963    117.3    999.5    287.2      0.0     75.2
     1     1    14     8    31    18     0     0   -61.0   54.973  -13.625    125.2    997.4    287.1      0.0     74.7
     1     1    14     8    31    17     0     1   -62.0   54.939  -14.334    131.7    996.3    287.1      0.0     74.5
     1     1    14     8    31    16     0     2   -63.0   54.910  -15.086    141.0    995.0    287.0      0.0     73.2
     1     1    14     8    31    15     0     3   -64.0   54.873  -15.887    147.8    993.1    286.8      0.0     73.3
     1     1    14     8    31    14     0     2   -65.0   54.828  -16.736    153.1    991.8    286.6      0.1     76.6
     1     1    14     8    31    13     0     1   -66.0   54.789  -17.615    163.6    989.5    286.3      0.1     77.6
     1     1    14     8    31    12     0     0   -67.0   54.736  -18.522    175.7    987.2    286.1      0.1     76.4
     1     1    14     8    31    11     0     1   -68.0   54.666  -19.465    188.7    984.5    286.1      0.1     78.1
     1     1    14     8    31    10     0     2   -69.0   54.612  -20.427    201.1    982.1    285.9      0.0     77.3
     1     1    14     8    31     9     0     3   -70.0   54.584  -21.425    211.3    980.2    285.7      0.0     74.6
     1     1    14     8    31     8     0     2   -71.0   54.569  -22.466    221.8    977.2    285.4      0.1     77.9
     1     1    14     8    31     7     0     1   -72.0   54.599  -23.563    234.1    974.4    285.1      0.0     78.0
