     7     1
    GDAS    14     8    22     0     0
    GDAS    14     8    29     0     0
    GDAS    14     9     1     0     0
    GDAS    14     9     8     0     0
    GDAS    14     9    15     0     0
    GDAS    14     9    22     0     0
    GDAS    14     9    29     0     0
     1 BACKWARD OMEGA   
    14     9    23     8   56.467   -2.973   100.0
     4 PRESSURE AIR_TEMP RAINFALL RELHUMID
     1     1    14     9    23     8     0     2     0.0   56.467   -2.973    100.0    973.2    283.0      0.0     85.8
     1     1    14     9    23     7     0     1    -1.0   56.486   -3.198    130.9    967.7    282.4      0.0     89.6
     1     1    14     9    23     6     0     0    -2.0   56.505   -3.461    163.6    960.4    281.7      0.0     93.0
     1     1    14     9    23     5     0     1    -3.0   56.514   -3.754    192.4    954.0    281.6      0.0     93.9
     1     1    14     9    23     4     0     2    -4.0   56.498   -4.064    213.4    950.4    281.7      0.0     95.4
     1     1    14     9    23     3     0     3    -5.0   56.463   -4.374    220.4    952.6    282.1      0.0     96.4
     1     1    14     9    23     2     0     2    -6.0   56.422   -4.669    206.2    956.8    282.4      0.1     95.8
     1     1    14     9    23     1     0     1    -7.0   56.383   -4.934    165.3    963.8    283.0      0.2     96.8
     1     1    14     9    23     0     0     0    -8.0   56.346   -5.167    112.0    977.8    284.0      0.2     95.2
     1     1    14     9    22    23     0     1    -9.0   56.312   -5.383     67.8    991.1    284.9      0.0     90.6
     1     1    14     9    22    22     0     2   -10.0   56.283   -5.607     35.9   1000.8    285.7      0.1     88.8
     1     1    14     9    22    21     0     3   -11.0   56.259   -5.859     16.7   1010.3    286.6      0.2     89.5
     1     1    14     9    22    20     0     2   -12.0   56.228   -6.141      4.0   1015.1    287.2      0.1     86.4
     1     1    14     9    22    19     0     1   -13.0   56.171   -6.441      0.0   1017.3    287.4      0.1     85.2
     1     1    14     9    22    18     0     0   -14.0   56.079   -6.785      0.0   1019.5    287.6      0.8     89.1
     1     1    14     9    22    17     0     1   -15.0   55.952   -7.159      0.0   1019.8    287.9      0.0     88.4
     1     1    14     9    22    16     0     2   -16.0   55.803   -7.503      0.0   1017.0    288.2      1.0     85.7
     1     1    14     9    22    15     0     3   -17.0   55.635   -7.814      0.0   1013.6    288.7      1.0     84.4
     1     1    14     9    22    14     0     2   -18.0   55.458   -8.098      0.0   1013.1    289.1      0.0     83.9
     1     1    14     9    22    13     0     1   -19.0   55.280   -8.344      0.0   1014.8    289.2      0.0     83.3
     1     1    14     9    22    12     0     0   -20.0   55.085   -8.544      0.6   1016.5    289.3      0.0     82.0
     1     1    14     9    22    11     0     1   -21.0   54.879   -8.707      1.5   1018.2    288.7      0.0     82.7
     1     1    14     9    22    10     0     2   -22.0   54.687   -8.851      2.3   1019.1    288.2      0.0     84.0
     1     1    14     9    22     9     0     3   -23.0   54.520   -8.966      3.0   1019.0    287.5      0.0     85.4
     1     1    14     9    22     8     0     2   -24.0   54.380   -9.068      3.7   1018.6    285.8      0.0     83.2
     1     1    14     9    22     7     0     1   -25.0   54.262   -9.173      4.5   1018.3    284.0      0.0     81.3
     1     1    14     9    22     6     0     0   -26.0   54.160   -9.281      5.3   1018.2    282.4      0.0     80.1
     1     1    14     9    22     5     0     1   -27.0   54.066   -9.383      6.0   1018.2    282.6      0.0     78.6
     1     1    14     9    22     4     0     2   -28.0   53.975   -9.469      6.9   1018.4    282.9      0.0     77.4
     1     1    14     9    22     3     0     3   -29.0   53.885   -9.545      7.7   1019.1    283.6      0.0     76.6
     1     1    14     9    22     2     0     2   -30.0   53.798   -9.627      8.4   1020.1    284.7      0.0     75.9
     1     1    14     9    22     1     0     1   -31.0   53.719   -9.730      8.9   1021.2    286.0      0.0     75.2
     1     1    14     9    22     0     0     0   -32.0   53.648   -9.861      9.3   1022.5    287.4      0.0     74.3
     1     1    14     9    21    23     0     1   -33.0   53.583  -10.003      9.7   1023.7    288.5      0.0     73.2
     1     1    14     9    21    22     0     2   -34.0   53.525  -10.135      9.8   1024.3    288.5      0.0     72.9
     1     1    14     9    21    21     0     3   -35.0   53.473  -10.255      9.9   1024.9    288.6      0.0     72.3
     1     1    14     9    21    20     0     2   -36.0   53.423  -10.359     10.1   1024.9    288.7      0.0     72.6
     1     1    14     9    21    19     0     1   -37.0   53.368  -10.446     10.7   1024.5    288.8      0.0     72.7
     1     1    14     9    21    18     0     0   -38.0   53.313  -10.511     11.6   1023.8    288.8      0.0     72.6
     1     1    14     9    21    17     0     1   -39.0   53.253  -10.555     12.9   1023.5    288.8      0.0     73.6
     1     1    14     9    21    16     0     2   -40.0   53.190  -10.575     14.4   1023.3    288.9      0.0     74.3
     1     1    14     9    21    15     0     3   -41.0   53.125  -10.572     16.0   1023.1    288.9      0.0     74.8
     1     1    14     9    21    14     0     2   -42.0   53.061  -10.534     18.0   1023.1    288.8      0.0     76.8
     1     1    14     9    21    13     0     1   -43.0   53.001  -10.451     20.7   1023.3    288.6      0.0     78.4
     1     1    14     9    21    12     0     0   -44.0   52.944  -10.330     23.7   1022.6    288.5      0.0     79.0
     1     1    14     9    21    11     0     1   -45.0   52.902  -10.176     26.7   1021.8    288.4      0.0     80.6
     1     1    14     9    21    10     0     2   -46.0   52.885   -9.982     30.8   1020.7    288.1      0.0     83.6
     1     1    14     9    21     9     0     3   -47.0   52.891   -9.758     37.3   1018.1    287.0      0.0     88.5
     1     1    14     9    21     8     0     2   -48.0   52.912   -9.540     46.0   1015.3    285.4      0.0     89.5
     1     1    14     9    21     7     0     1   -49.0   52.943   -9.348     56.5   1012.6    283.6      0.0     90.8
     1     1    14     9    21     6     0     0   -50.0   52.982   -9.170     70.8   1009.1    281.7      0.0     92.4
     1     1    14     9    21     5     0     1   -51.0   53.034   -8.997     91.5   1005.3    281.3      0.0     92.1
     1     1    14     9    21     4     0     2   -52.0   53.097   -8.820    116.8   1001.2    281.8      0.0     91.3
     1     1    14     9    21     3     0     3   -53.0   53.171   -8.643    140.5    997.3    282.3      0.0     90.7
     1     1    14     9    21     2     0     2   -54.0   53.258   -8.467    158.9    993.4    282.7      0.0     88.5
     1     1    14     9    21     1     0     1   -55.0   53.357   -8.292    171.9    990.8    283.0      0.0     87.2
     1     1    14     9    21     0     0     0   -56.0   53.474   -8.116    184.5    988.4    283.2      0.0     86.4
     1     1    14     9    20    23     0     1   -57.0   53.617   -7.940    199.3    985.4    283.5      0.0     84.3
     1     1    14     9    20    22     0     2   -58.0   53.793   -7.764    218.6    983.2    283.6      0.0     84.3
     1     1    14     9    20    21     0     3   -59.0   54.007   -7.574    248.7    980.0    283.4      0.0     86.6
     1     1    14     9    20    20     0     2   -60.0   54.254   -7.405    272.7    974.5    283.8      0.0     82.5
     1     1    14     9    20    19     0     1   -61.0   54.516   -7.297    268.1    974.9    284.1      0.0     81.3
     1     1    14     9    20    18     0     0   -62.0   54.786   -7.232    238.9    978.5    284.3      0.0     82.6
     1     1    14     9    20    17     0     1   -63.0   55.046   -7.204    194.8    984.3    284.6      0.0     81.3
     1     1    14     9    20    16     0     2   -64.0   55.290   -7.210    153.7    994.4    285.7      0.0     77.3
     1     1    14     9    20    15     0     3   -65.0   55.532   -7.242    127.3   1000.2    286.3      0.0     77.6
     1     1    14     9    20    14     0     2   -66.0   55.776   -7.289    114.0   1005.3    286.4      0.0     80.3
     1     1    14     9    20    13     0     1   -67.0   56.017   -7.348    111.5   1008.9    286.4      0.0     82.7
     1     1    14     9    20    12     0     0   -68.0   56.252   -7.424    111.4   1008.3    286.3      0.0     82.9
     1     1    14     9    20    11     0     1   -69.0   56.486   -7.511    110.7   1008.4    286.3      0.0     82.7
     1     1    14     9    20    10     0     2   -70.0   56.722   -7.614    111.0   1007.8    286.3      0.0     82.8
     1     1    14     9    20     9     0     3   -71.0   56.955   -7.744    108.9   1007.3    286.3      0.0     83.2
     1     1    14     9    20     8     0     2   -72.0   57.188   -7.911    105.7   1007.3    286.3      0.0     83.7
