     7     1
    GDAS    14     8    22     0     0
    GDAS    14     8    29     0     0
    GDAS    14     9     1     0     0
    GDAS    14     9     8     0     0
    GDAS    14     9    15     0     0
    GDAS    14     9    22     0     0
    GDAS    14     9    29     0     0
     1 BACKWARD OMEGA   
    14     9     7    23   56.467   -2.973   100.0
     4 PRESSURE AIR_TEMP RAINFALL RELHUMID
     1     1    14     9     7    23     0     1     0.0   56.467   -2.973    100.0    973.2    281.6      0.0     86.1
     1     1    14     9     7    22     0     2    -1.0   56.632   -3.341    202.1    954.5    280.7      0.0     87.3
     1     1    14     9     7    21     0     3    -2.0   56.869   -3.761    323.0    921.4    278.5      0.0     91.6
     1     1    14     9     7    20     0     2    -3.0   57.129   -4.174    394.4    910.1    277.8      0.0     95.6
     1     1    14     9     7    19     0     1    -4.0   57.366   -4.556    419.6    922.0    278.7      0.0     95.1
     1     1    14     9     7    18     0     0    -5.0   57.577   -4.908    393.2    927.0    278.9      0.0     96.2
     1     1    14     9     7    17     0     1    -6.0   57.768   -5.233    314.9    949.8    280.5      0.0     91.2
     1     1    14     9     7    16     0     2    -7.0   57.956   -5.538    228.8    976.8    282.5      0.0     83.8
     1     1    14     9     7    15     0     3    -8.0   58.149   -5.830    165.6    997.6    284.1      0.0     76.9
     1     1    14     9     7    14     0     2    -9.0   58.358   -6.103    131.6   1005.2    284.7      0.0     76.2
     1     1    14     9     7    13     0     1   -10.0   58.588   -6.351    117.8   1004.6    284.5      0.0     77.4
     1     1    14     9     7    12     0     0   -11.0   58.832   -6.571    117.2   1004.2    284.3      0.0     78.3
     1     1    14     9     7    11     0     1   -12.0   59.083   -6.772    124.2   1003.4    284.0      0.0     79.8
     1     1    14     9     7    10     0     2   -13.0   59.327   -6.962    132.9   1002.2    283.8      0.0     80.2
     1     1    14     9     7     9     0     3   -14.0   59.563   -7.138    140.7   1001.4    283.6      0.0     80.5
     1     1    14     9     7     8     0     2   -15.0   59.796   -7.301    148.7   1000.5    283.4      0.0     82.3
     1     1    14     9     7     7     0     1   -16.0   60.026   -7.443    157.2    999.5    283.2      0.0     83.6
     1     1    14     9     7     6     0     0   -17.0   60.248   -7.563    166.4    998.5    282.9      0.0     84.4
     1     1    14     9     7     5     0     1   -18.0   60.455   -7.680    175.2    997.2    282.8      0.0     84.6
     1     1    14     9     7     4     0     2   -19.0   60.645   -7.812    182.1    996.5    282.8      0.0     84.4
     1     1    14     9     7     3     0     3   -20.0   60.816   -7.967    186.9    996.0    282.7      0.0     83.6
     1     1    14     9     7     2     0     2   -21.0   60.961   -8.141    192.9    995.7    282.6      0.0     84.0
     1     1    14     9     7     1     0     1   -22.0   61.075   -8.330    203.6    994.5    282.5      0.0     84.1
     1     1    14     9     7     0     0     0   -23.0   61.153   -8.526    219.5    992.7    282.3      0.0     84.0
     1     1    14     9     6    23     0     1   -24.0   61.216   -8.702    239.4    990.5    282.2      0.0     84.0
     1     1    14     9     6    22     0     2   -25.0   61.286   -8.835    261.4    988.2    282.1      0.0     83.5
     1     1    14     9     6    21     0     3   -26.0   61.362   -8.927    284.7    985.2    282.0      0.0     82.5
     1     1    14     9     6    20     0     2   -27.0   61.444   -9.014    307.7    981.9    281.7      0.0     82.8
     1     1    14     9     6    19     0     1   -28.0   61.531   -9.135    328.6    979.0    281.5      0.0     83.4
     1     1    14     9     6    18     0     0   -29.0   61.619   -9.293    348.6    976.5    281.4      0.0     83.9
     1     1    14     9     6    17     0     1   -30.0   61.706   -9.479    368.0    974.1    281.2      0.0     84.6
     1     1    14     9     6    16     0     2   -31.0   61.786   -9.682    386.1    972.1    281.0      0.0     84.4
     1     1    14     9     6    15     0     3   -32.0   61.853   -9.903    403.6    970.2    280.7      0.0     83.1
     1     1    14     9     6    14     0     2   -33.0   61.904  -10.132    418.0    968.4    280.5      0.0     84.3
     1     1    14     9     6    13     0     1   -34.0   61.942  -10.354    426.3    967.6    280.4      0.0     85.0
     1     1    14     9     6    12     0     0   -35.0   61.966  -10.567    428.8    967.5    280.3      0.0     84.8
     1     1    14     9     6    11     0     1   -36.0   61.989  -10.749    435.1    967.9    280.3      0.0     85.4
     1     1    14     9     6    10     0     2   -37.0   62.024  -10.877    456.4    965.5    280.2      0.0     85.6
     1     1    14     9     6     9     0     3   -38.0   62.071  -10.949    497.4    960.8    279.8      0.0     84.9
     1     1    14     9     6     8     0     2   -39.0   62.133  -10.999    543.2    953.2    279.3      0.0     85.4
     1     1    14     9     6     7     0     1   -40.0   62.211  -11.066    572.3    949.4    279.0      0.0     86.7
     1     1    14     9     6     6     0     0   -41.0   62.301  -11.155    580.5    948.3    278.9      0.0     88.1
     1     1    14     9     6     5     0     1   -42.0   62.393  -11.274    578.1    949.7    279.1      0.0     86.8
     1     1    14     9     6     4     0     2   -43.0   62.478  -11.436    575.1    949.9    279.2      0.0     85.3
     1     1    14     9     6     3     0     3   -44.0   62.552  -11.649    572.3    950.2    279.3      0.0     83.8
     1     1    14     9     6     2     0     2   -45.0   62.611  -11.906    575.9    950.7    279.2      0.0     84.0
     1     1    14     9     6     1     0     1   -46.0   62.656  -12.178    592.6    949.2    279.1      0.0     84.3
     1     1    14     9     6     0     0     0   -47.0   62.691  -12.462    621.9    946.1    278.9      0.0     85.4
     1     1    14     9     5    23     0     1   -48.0   62.724  -12.759    657.3    941.5    278.7      0.0     83.8
     1     1    14     9     5    22     0     2   -49.0   62.756  -13.073    690.4    937.4    278.6      0.0     81.3
     1     1    14     9     5    21     0     3   -50.0   62.784  -13.399    711.5    934.3    278.6      0.0     79.5
     1     1    14     9     5    20     0     2   -51.0   62.810  -13.725    714.1    934.0    278.6      0.0     81.3
     1     1    14     9     5    19     0     1   -52.0   62.834  -14.040    698.4    935.7    278.8      0.0     83.5
     1     1    14     9     5    18     0     0   -53.0   62.857  -14.339    670.5    939.7    279.1      0.0     82.1
     1     1    14     9     5    17     0     1   -54.0   62.878  -14.646    642.0    944.0    279.4      0.0     82.1
     1     1    14     9     5    16     0     2   -55.0   62.890  -14.990    617.6    947.0    279.7      0.0     82.6
     1     1    14     9     5    15     0     3   -56.0   62.897  -15.366    601.8    949.4    279.9      0.0     81.1
     1     1    14     9     5    14     0     2   -57.0   62.907  -15.761    590.9    949.8    280.0      0.0     77.8
     1     1    14     9     5    13     0     1   -58.0   62.918  -16.155    578.0    951.5    280.2      0.0     76.8
     1     1    14     9     5    12     0     0   -59.0   62.927  -16.540    568.7    953.2    280.3      0.0     75.7
     1     1    14     9     5    11     0     1   -60.0   62.943  -16.916    574.4    953.6    280.5      0.0     70.9
     1     1    14     9     5    10     0     2   -61.0   62.967  -17.283    592.3    950.6    280.4      0.0     67.4
     1     1    14     9     5     9     0     3   -62.0   62.992  -17.631    610.9    948.6    280.4      0.0     64.5
     1     1    14     9     5     8     0     2   -63.0   63.017  -17.961    622.1    945.7    280.3      0.0     64.1
     1     1    14     9     5     7     0     1   -64.0   63.050  -18.275    627.3    943.7    280.1      0.0     65.0
     1     1    14     9     5     6     0     0   -65.0   63.095  -18.577    635.4    939.2    279.8      0.0     66.3
     1     1    14     9     5     5     0     1   -66.0   63.151  -18.864    656.6    932.1    279.5      0.0     66.8
     1     1    14     9     5     4     0     2   -67.0   63.215  -19.122    698.1    922.2    278.9      0.0     67.5
     1     1    14     9     5     3     0     3   -68.0   63.281  -19.344    755.8    913.4    278.4      0.0     68.0
     1     1    14     9     5     2     0     2   -69.0   63.351  -19.538    828.6    904.9    277.9      0.0     68.7
     1     1    14     9     5     1     0     1   -70.0   63.423  -19.709    923.4    894.6    277.2      0.0     69.3
     1     1    14     9     5     0     0     0   -71.0   63.497  -19.855   1046.2    881.7    276.5      0.0     69.4
     1     1    14     9     4    23     0     1   -72.0   63.574  -19.976   1201.1    865.8    275.6      0.0     70.3
