     7     1
    GDAS    14     8    22     0     0
    GDAS    14     8    29     0     0
    GDAS    14     9     1     0     0
    GDAS    14     9     8     0     0
    GDAS    14     9    15     0     0
    GDAS    14     9    22     0     0
    GDAS    14     9    29     0     0
     1 BACKWARD OMEGA   
    14     9    14    21   56.467   -2.973   100.0
     4 PRESSURE AIR_TEMP RAINFALL RELHUMID
     1     1    14     9    14    21     0     3     0.0   56.467   -2.973    100.0    984.6    283.7      0.0     98.0
     1     1    14     9    14    20     0     2    -1.0   56.498   -2.736     56.7    997.1    284.6      0.0     95.3
     1     1    14     9    14    19     0     1    -2.0   56.530   -2.508     29.9   1006.7    285.2      0.0     93.1
     1     1    14     9    14    18     0     0    -3.0   56.564   -2.275     15.6   1015.3    285.7      0.0     91.4
     1     1    14     9    14    17     0     1    -4.0   56.600   -2.034      9.2   1023.3    286.3      0.0     89.4
     1     1    14     9    14    16     0     2    -5.0   56.636   -1.786      7.3   1024.9    286.5      0.0     87.8
     1     1    14     9    14    15     0     3    -6.0   56.669   -1.532      6.3   1025.1    286.7      0.0     86.7
     1     1    14     9    14    14     0     2    -7.0   56.700   -1.276      5.9   1026.1    286.7      0.0     87.7
     1     1    14     9    14    13     0     1    -8.0   56.726   -1.015      5.9   1027.6    286.6      0.0     89.2
     1     1    14     9    14    12     0     0    -9.0   56.745   -0.751      6.0   1029.0    286.6      0.0     91.0
     1     1    14     9    14    11     0     1   -10.0   56.758   -0.497      6.1   1028.4    286.6      0.0     91.7
     1     1    14     9    14    10     0     2   -11.0   56.769   -0.259      6.2   1027.7    286.7      0.0     92.4
     1     1    14     9    14     9     0     3   -12.0   56.778   -0.037      6.4   1027.0    286.8      0.0     93.1
     1     1    14     9    14     8     0     2   -13.0   56.800    0.199      6.5   1027.4    286.8      0.0     92.4
     1     1    14     9    14     7     0     1   -14.0   56.839    0.456      6.6   1027.7    286.9      0.0     92.3
     1     1    14     9    14     6     0     0   -15.0   56.878    0.709      6.7   1028.0    287.0      0.0     93.3
     1     1    14     9    14     5     0     1   -16.0   56.916    0.955      6.7   1028.2    287.1      0.0     92.9
     1     1    14     9    14     4     0     2   -17.0   56.958    1.193      6.7   1028.4    287.2      0.0     91.8
     1     1    14     9    14     3     0     3   -18.0   57.006    1.420      6.7   1028.6    287.3      0.0     90.9
     1     1    14     9    14     2     0     2   -19.0   57.054    1.643      6.7   1028.6    287.4      0.0     90.4
     1     1    14     9    14     1     0     1   -20.0   57.098    1.869      6.7   1028.7    287.5      0.0     90.3
     1     1    14     9    14     0     0     0   -21.0   57.137    2.096      6.7   1028.8    287.6      0.0     90.1
     1     1    14     9    13    23     0     1   -22.0   57.182    2.319      6.7   1029.0    287.7      0.0     88.7
     1     1    14     9    13    22     0     2   -23.0   57.240    2.533      6.7   1029.3    287.8      0.0     87.9
     1     1    14     9    13    21     0     3   -24.0   57.303    2.735      6.7   1029.5    288.0      0.0     87.7
     1     1    14     9    13    20     0     2   -25.0   57.366    2.920      6.7   1029.8    288.0      0.0     87.5
     1     1    14     9    13    19     0     1   -26.0   57.428    3.091      6.7   1030.1    288.1      0.0     87.4
     1     1    14     9    13    18     0     0   -27.0   57.489    3.249      6.7   1030.4    288.2      0.0     87.0
     1     1    14     9    13    17     0     1   -28.0   57.555    3.401      6.7   1030.0    288.3      0.0     86.5
     1     1    14     9    13    16     0     2   -29.0   57.634    3.553      6.8   1029.8    288.3      0.0     85.9
     1     1    14     9    13    15     0     3   -30.0   57.722    3.704      6.9   1029.8    288.3      0.0     85.3
     1     1    14     9    13    14     0     2   -31.0   57.814    3.841      7.1   1029.6    288.3      0.0     84.6
     1     1    14     9    13    13     0     1   -32.0   57.901    3.956      7.2   1029.0    288.4      0.0     84.3
     1     1    14     9    13    12     0     0   -33.0   57.980    4.051      7.3   1028.1    288.4      0.0     84.0
     1     1    14     9    13    11     0     1   -34.0   58.056    4.148      7.3   1028.2    288.4      0.0     84.8
     1     1    14     9    13    10     0     2   -35.0   58.133    4.267      7.4   1028.1    288.4      0.0     85.3
     1     1    14     9    13     9     0     3   -36.0   58.211    4.410      7.5   1027.8    288.4      0.0     85.5
     1     1    14     9    13     8     0     2   -37.0   58.298    4.558      7.6   1028.2    288.4      0.0     84.5
     1     1    14     9    13     7     0     1   -38.0   58.399    4.691      7.6   1028.6    288.5      0.0     83.9
     1     1    14     9    13     6     0     0   -39.0   58.513    4.806      7.5   1029.0    288.5      0.0     83.5
     1     1    14     9    13     5     0     1   -40.0   58.625    4.894      7.3   1028.3    288.5      0.0     82.5
     1     1    14     9    13     4     0     2   -41.0   58.720    4.949      7.1   1027.9    288.4      0.0     81.9
     1     1    14     9    13     3     0     3   -42.0   58.794    4.979      7.0   1027.6    288.4      0.0     81.8
     1     1    14     9    13     2     0     2   -43.0   58.852    4.987      7.0   1028.2    288.4      0.0     80.9
     1     1    14     9    13     1     0     1   -44.0   58.898    4.971      6.9   1028.7    288.5      0.0     80.1
     1     1    14     9    13     0     0     0   -45.0   58.932    4.934      6.9   1029.2    288.6      0.0     79.5
     1     1    14     9    12    23     0     1   -46.0   58.963    4.892      6.9   1029.3    288.5      0.0     78.4
     1     1    14     9    12    22     0     2   -47.0   58.999    4.862      6.9   1029.3    288.5      0.0     77.3
     1     1    14     9    12    21     0     3   -48.0   59.040    4.845      7.0   1029.2    288.4      0.0     76.2
     1     1    14     9    12    20     0     2   -49.0   59.086    4.822      7.1   1028.4    288.4      0.0     76.6
     1     1    14     9    12    19     0     1   -50.0   59.138    4.772      7.1   1027.7    288.3      0.0     76.9
     1     1    14     9    12    18     0     0   -51.0   59.194    4.695      7.1   1027.3    288.3      0.0     77.1
     1     1    14     9    12    17     0     1   -52.0   59.255    4.594      7.3   1027.0    288.3      0.0     76.0
     1     1    14     9    12    16     0     2   -53.0   59.319    4.472      7.8   1026.4    288.3      0.0     74.9
     1     1    14     9    12    15     0     3   -54.0   59.383    4.334      8.6   1025.4    288.2      0.0     73.9
     1     1    14     9    12    14     0     2   -55.0   59.441    4.203      9.4   1025.0    288.1      0.0     74.5
     1     1    14     9    12    13     0     1   -56.0   59.487    4.100     10.2   1024.8    288.0      0.0     75.1
     1     1    14     9    12    12     0     0   -57.0   59.523    4.027     11.3   1024.4    288.0      0.0     75.7
     1     1    14     9    12    11     0     1   -58.0   59.557    3.973     12.5   1024.3    288.0      0.0     77.1
     1     1    14     9    12    10     0     2   -59.0   59.596    3.932     13.7   1024.4    288.0      0.0     78.6
     1     1    14     9    12     9     0     3   -60.0   59.640    3.902     14.9   1024.4    287.9      0.0     80.0
     1     1    14     9    12     8     0     2   -61.0   59.687    3.880     16.3   1024.2    287.9      0.0     80.3
     1     1    14     9    12     7     0     1   -62.0   59.735    3.863     17.9   1023.9    287.8      0.0     80.5
     1     1    14     9    12     6     0     0   -63.0   59.786    3.852     19.9   1023.5    287.7      0.0     80.8
     1     1    14     9    12     5     0     1   -64.0   59.833    3.835     22.2   1022.6    287.6      0.0     81.5
     1     1    14     9    12     4     0     2   -65.0   59.870    3.797     24.7   1021.5    287.6      0.0     82.4
     1     1    14     9    12     3     0     3   -66.0   59.898    3.737     27.1   1020.5    287.5      0.0     83.4
     1     1    14     9    12     2     0     2   -67.0   59.916    3.659     28.9   1021.1    287.5      0.0     83.1
     1     1    14     9    12     1     0     1   -68.0   59.928    3.569     30.1   1021.9    287.4      0.0     82.7
     1     1    14     9    12     0     0     0   -69.0   59.932    3.463     30.6   1022.8    287.4      0.0     82.1
     1     1    14     9    11    23     0     1   -70.0   59.925    3.348     30.8   1021.7    287.4      0.0     81.5
     1     1    14     9    11    22     0     2   -71.0   59.904    3.231     31.2   1020.7    287.5      0.0     80.5
     1     1    14     9    11    21     0     3   -72.0   59.869    3.117     31.8   1019.8    287.5      0.0     79.2
