     7     1
    GDAS    14     8    22     0     0
    GDAS    14     8    29     0     0
    GDAS    14     9     1     0     0
    GDAS    14     9     8     0     0
    GDAS    14     9    15     0     0
    GDAS    14     9    22     0     0
    GDAS    14     9    29     0     0
     1 BACKWARD OMEGA   
    14     9     8    22   56.467   -2.973   100.0
     4 PRESSURE AIR_TEMP RAINFALL RELHUMID
     1     1    14     9     8    22     0     2     0.0   56.467   -2.973    100.0    977.8    284.0      0.0     78.2
     1     1    14     9     8    21     0     3    -1.0   56.468   -3.043    108.4    975.6    284.2      0.0     78.0
     1     1    14     9     8    20     0     2    -2.0   56.478   -3.117    117.4    973.7    284.4      0.0     77.7
     1     1    14     9     8    19     0     1    -3.0   56.497   -3.192    128.5    971.2    284.5      0.0     77.5
     1     1    14     9     8    18     0     0    -4.0   56.526   -3.268    141.2    967.9    284.5      0.0     77.5
     1     1    14     9     8    17     0     1    -5.0   56.574   -3.355    154.6    963.2    284.4      0.0     76.7
     1     1    14     9     8    16     0     2    -6.0   56.649   -3.463    169.1    957.2    284.0      0.0     76.2
     1     1    14     9     8    15     0     3    -7.0   56.751   -3.591    188.0    949.1    283.5      0.0     75.9
     1     1    14     9     8    14     0     2    -8.0   56.866   -3.742    207.8    938.9    282.3      0.0     78.7
     1     1    14     9     8    13     0     1    -9.0   56.975   -3.914    215.2    929.4    281.2      0.0     81.4
     1     1    14     9     8    12     0     0   -10.0   57.074   -4.104    209.8    933.2    281.2      0.0     82.1
     1     1    14     9     8    11     0     1   -11.0   57.163   -4.293    206.8    940.9    281.3      0.0     84.9
     1     1    14     9     8    10     0     2   -12.0   57.251   -4.468    213.4    944.5    281.0      0.0     88.5
     1     1    14     9     8     9     0     3   -13.0   57.336   -4.632    221.9    946.8    280.7      0.0     91.7
     1     1    14     9     8     8     0     2   -14.0   57.426   -4.786    220.7    949.0    280.7      0.0     93.6
     1     1    14     9     8     7     0     1   -15.0   57.525   -4.932    197.9    953.1    280.9      0.0     95.2
     1     1    14     9     8     6     0     0   -16.0   57.628   -5.068    154.8    962.7    281.4      0.0     95.9
     1     1    14     9     8     5     0     1   -17.0   57.737   -5.208    104.8    976.2    282.4      0.0     94.4
     1     1    14     9     8     4     0     2   -18.0   57.857   -5.361     62.2    989.3    283.6      0.0     92.7
     1     1    14     9     8     3     0     3   -19.0   57.994   -5.523     33.0   1000.0    284.7      0.0     90.9
     1     1    14     9     8     2     0     2   -20.0   58.153   -5.696     17.2   1009.8    285.5      0.0     88.7
     1     1    14     9     8     1     0     1   -21.0   58.336   -5.887     10.7   1016.4    286.1      0.0     87.2
     1     1    14     9     8     0     0     0   -22.0   58.539   -6.100      8.5   1018.8    286.3      0.0     86.8
     1     1    14     9     7    23     0     1   -23.0   58.752   -6.330      7.8   1018.2    286.2      0.0     86.5
     1     1    14     9     7    22     0     2   -24.0   58.969   -6.566      7.9   1018.0    286.2      0.0     86.6
     1     1    14     9     7    21     0     3   -25.0   59.189   -6.798      8.3   1017.6    286.1      0.0     87.7
     1     1    14     9     7    20     0     2   -26.0   59.409   -7.027      8.8   1017.3    285.9      0.0     88.2
     1     1    14     9     7    19     0     1   -27.0   59.628   -7.264      9.2   1017.0    285.8      0.0     88.3
     1     1    14     9     7    18     0     0   -28.0   59.847   -7.521      9.6   1016.7    285.7      0.0     88.4
     1     1    14     9     7    17     0     1   -29.0   60.056   -7.808     10.0   1017.2    285.8      0.0     88.7
     1     1    14     9     7    16     0     2   -30.0   60.245   -8.120     10.3   1018.1    285.8      0.0     89.6
     1     1    14     9     7    15     0     3   -31.0   60.414   -8.449     10.9   1018.7    285.7      0.0     90.4
     1     1    14     9     7    14     0     2   -32.0   60.563   -8.774     11.5   1018.2    285.6      0.0     91.3
     1     1    14     9     7    13     0     1   -33.0   60.690   -9.085     11.8   1017.7    285.5      0.0     92.6
     1     1    14     9     7    12     0     0   -34.0   60.800   -9.388     11.9   1017.3    285.4      0.0     93.5
     1     1    14     9     7    11     0     1   -35.0   60.902   -9.684     11.9   1017.2    285.4      0.0     91.8
     1     1    14     9     7    10     0     2   -36.0   61.004   -9.978     12.2   1017.0    285.5      0.0     89.7
     1     1    14     9     7     9     0     3   -37.0   61.102  -10.276     12.8   1016.7    285.5      0.0     87.4
     1     1    14     9     7     8     0     2   -38.0   61.191  -10.581     13.5   1017.3    285.4      0.0     87.9
     1     1    14     9     7     7     0     1   -39.0   61.274  -10.895     14.1   1017.9    285.4      0.0     88.4
     1     1    14     9     7     6     0     0   -40.0   61.350  -11.221     14.6   1018.6    285.3      0.0     88.5
     1     1    14     9     7     5     0     1   -41.0   61.412  -11.563     14.8   1018.5    285.3      0.0     88.4
     1     1    14     9     7     4     0     2   -42.0   61.462  -11.928     14.7   1018.6    285.3      0.0     88.2
     1     1    14     9     7     3     0     3   -43.0   61.499  -12.318     14.3   1018.8    285.4      0.0     87.6
     1     1    14     9     7     2     0     2   -44.0   61.519  -12.720     14.1   1018.7    285.4      0.0     87.4
     1     1    14     9     7     1     0     1   -45.0   61.523  -13.122     14.0   1018.6    285.4      0.0     87.6
     1     1    14     9     7     0     0     0   -46.0   61.517  -13.522     14.0   1018.4    285.5      0.0     87.5
     1     1    14     9     6    23     0     1   -47.0   61.509  -13.925     14.0   1018.7    285.6      0.0     86.8
     1     1    14     9     6    22     0     2   -48.0   61.505  -14.332     14.0   1018.9    285.6      0.0     86.6
     1     1    14     9     6    21     0     3   -49.0   61.507  -14.739     14.0   1019.2    285.6      0.0     86.3
     1     1    14     9     6    20     0     2   -50.0   61.507  -15.157     14.2   1018.6    285.6      0.0     86.2
     1     1    14     9     6    19     0     1   -51.0   61.502  -15.593     14.5   1018.0    285.6      0.0     86.4
     1     1    14     9     6    18     0     0   -52.0   61.491  -16.035     14.7   1017.4    285.5      0.0     86.4
     1     1    14     9     6    17     0     1   -53.0   61.474  -16.477     14.7   1017.1    285.6      0.0     86.2
     1     1    14     9     6    16     0     2   -54.0   61.451  -16.916     15.0   1016.7    285.5      0.0     85.9
     1     1    14     9     6    15     0     3   -55.0   61.423  -17.358     15.7   1016.1    285.5      0.0     86.1
     1     1    14     9     6    14     0     2   -56.0   61.381  -17.792     16.5   1016.1    285.4      0.0     86.8
     1     1    14     9     6    13     0     1   -57.0   61.318  -18.206     17.1   1016.1    285.4      0.0     87.3
     1     1    14     9     6    12     0     0   -58.0   61.238  -18.598     17.3   1016.2    285.4      0.0     87.6
     1     1    14     9     6    11     0     1   -59.0   61.145  -18.961     17.3   1016.8    285.3      0.0     87.6
     1     1    14     9     6    10     0     2   -60.0   61.046  -19.297     17.3   1017.4    285.3      0.0     88.4
     1     1    14     9     6     9     0     3   -61.0   60.942  -19.617     17.3   1018.0    285.4      0.0     89.5
     1     1    14     9     6     8     0     2   -62.0   60.836  -19.938     17.3   1017.2    285.4      0.0     89.1
     1     1    14     9     6     7     0     1   -63.0   60.730  -20.270     17.3   1016.6    285.4      0.0     88.6
     1     1    14     9     6     6     0     0   -64.0   60.627  -20.610     17.3   1016.2    285.4      0.0     88.5
     1     1    14     9     6     5     0     1   -65.0   60.516  -20.959     17.3   1016.9    285.4      0.0     87.4
     1     1    14     9     6     4     0     2   -66.0   60.382  -21.309     17.3   1017.2    285.3      0.0     86.5
     1     1    14     9     6     3     0     3   -67.0   60.222  -21.654     17.3   1016.7    285.3      0.0     86.0
     1     1    14     9     6     2     0     2   -68.0   60.046  -21.977     17.7   1017.1    285.4      0.0     86.5
     1     1    14     9     6     1     0     1   -69.0   59.872  -22.268     18.6   1017.9    285.5      0.0     87.0
     1     1    14     9     6     0     0     0   -70.0   59.700  -22.530     19.5   1018.2    285.5      0.0     86.8
     1     1    14     9     5    23     0     1   -71.0   59.536  -22.773     20.2   1018.1    285.5      0.0     86.9
     1     1    14     9     5    22     0     2   -72.0   59.383  -23.006     20.4   1018.4    285.6      0.0     86.8
