     7     1
    GDAS    14     8    22     0     0
    GDAS    14     8    29     0     0
    GDAS    14     9     1     0     0
    GDAS    14     9     8     0     0
    GDAS    14     9    15     0     0
    GDAS    14     9    22     0     0
    GDAS    14     9    29     0     0
     1 BACKWARD OMEGA   
    14     9    12     7   56.467   -2.973   100.0
     4 PRESSURE AIR_TEMP RAINFALL RELHUMID
     1     1    14     9    12     7     0     1     0.0   56.467   -2.973    100.0    982.2    283.7      0.0     91.4
     1     1    14     9    12     6     0     0    -1.0   56.438   -2.950    112.9    982.6    283.0      0.0     92.0
     1     1    14     9    12     5     0     1    -2.0   56.410   -2.916    125.6    982.5    283.5      0.0     92.0
     1     1    14     9    12     4     0     2    -3.0   56.378   -2.858    132.9    984.0    284.0      0.0     91.7
     1     1    14     9    12     3     0     3    -4.0   56.340   -2.775    134.8    986.8    284.6      0.0     90.9
     1     1    14     9    12     2     0     2    -5.0   56.293   -2.679    134.1    990.6    285.1      0.0     89.2
     1     1    14     9    12     1     0     1    -6.0   56.238   -2.580    133.3    994.0    285.6      0.0     87.3
     1     1    14     9    12     0     0     0    -7.0   56.173   -2.478    132.6    997.2    286.0      0.0     85.5
     1     1    14     9    11    23     0     1    -8.0   56.097   -2.368    134.0   1000.0    286.3      0.0     83.2
     1     1    14     9    11    22     0     2    -9.0   56.004   -2.243    139.8   1001.8    286.5      0.0     80.4
     1     1    14     9    11    21     0     3   -10.0   55.896   -2.113    149.3    999.8    286.5      0.0     77.9
     1     1    14     9    11    20     0     2   -11.0   55.785   -1.984    156.3    996.6    286.5      0.0     76.9
     1     1    14     9    11    19     0     1   -12.0   55.682   -1.850    156.4    995.6    286.6      0.0     76.4
     1     1    14     9    11    18     0     0   -13.0   55.588   -1.706    151.3    996.3    286.8      0.0     75.8
     1     1    14     9    11    17     0     1   -14.0   55.501   -1.553    146.3    998.3    286.9      0.0     75.5
     1     1    14     9    11    16     0     2   -15.0   55.418   -1.392    146.8    999.8    286.8      0.0     75.4
     1     1    14     9    11    15     0     3   -16.0   55.340   -1.219    155.9   1001.1    286.6      0.0     75.8
     1     1    14     9    11    14     0     2   -17.0   55.261   -1.041    176.8   1002.2    286.0      0.0     77.3
     1     1    14     9    11    13     0     1   -18.0   55.183   -0.876    207.0    999.3    285.6      0.0     78.3
     1     1    14     9    11    12     0     0   -19.0   55.108   -0.729    243.8    995.2    285.3      0.0     79.5
     1     1    14     9    11    11     0     1   -20.0   55.033   -0.600    282.9    989.8    284.7      0.0     82.2
     1     1    14     9    11    10     0     2   -21.0   54.956   -0.485    317.6    984.5    284.3      0.0     84.8
     1     1    14     9    11     9     0     3   -22.0   54.875   -0.381    342.9    980.4    283.8      0.0     87.6
     1     1    14     9    11     8     0     2   -23.0   54.799   -0.284    356.6    978.0    283.7      0.0     87.5
     1     1    14     9    11     7     0     1   -24.0   54.733   -0.194    359.5    977.1    283.6      0.0     87.5
     1     1    14     9    11     6     0     0   -25.0   54.677   -0.112    353.0    977.3    283.6      0.0     87.7
     1     1    14     9    11     5     0     1   -26.0   54.623   -0.032    345.0    978.6    283.9      0.0     87.1
     1     1    14     9    11     4     0     2   -27.0   54.595    0.059    346.2    981.7    283.9      0.0     85.9
     1     1    14     9    11     3     0     3   -28.0   54.596    0.160    355.0    980.1    283.9      0.0     86.1
     1     1    14     9    11     2     0     2   -29.0   54.595    0.269    364.0    978.9    283.8      0.0     86.3
     1     1    14     9    11     1     0     1   -30.0   54.589    0.392    370.6    978.3    283.8      0.0     86.8
     1     1    14     9    11     0     0     0   -31.0   54.579    0.531    375.4    978.0    283.7      0.0     87.5
     1     1    14     9    10    23     0     1   -32.0   54.581    0.688    382.8    977.5    283.8      0.0     85.2
     1     1    14     9    10    22     0     2   -33.0   54.610    0.862    397.0    975.9    283.7      0.0     83.6
     1     1    14     9    10    21     0     3   -34.0   54.670    1.050    417.4    973.6    283.6      0.0     82.3
     1     1    14     9    10    20     0     2   -35.0   54.747    1.230    440.5    970.7    283.4      0.0     82.3
     1     1    14     9    10    19     0     1   -36.0   54.828    1.381    463.6    967.8    283.1      0.0     82.2
     1     1    14     9    10    18     0     0   -37.0   54.908    1.503    487.1    965.0    282.9      0.0     82.5
     1     1    14     9    10    17     0     1   -38.0   54.991    1.610    510.1    962.1    282.5      0.0     83.4
     1     1    14     9    10    16     0     2   -39.0   55.082    1.713    531.0    959.7    282.3      0.0     84.6
     1     1    14     9    10    15     0     3   -40.0   55.181    1.808    549.9    957.6    282.0      0.0     86.0
     1     1    14     9    10    14     0     2   -41.0   55.288    1.894    567.1    955.8    281.8      0.0     87.3
     1     1    14     9    10    13     0     1   -42.0   55.403    1.972    582.4    954.1    281.5      0.0     89.1
     1     1    14     9    10    12     0     0   -43.0   55.528    2.044    594.1    952.8    281.3      0.0     90.7
     1     1    14     9    10    11     0     1   -44.0   55.658    2.104    605.6    951.8    281.3      0.0     91.3
     1     1    14     9    10    10     0     2   -45.0   55.788    2.147    622.8    949.9    281.2      0.0     92.1
     1     1    14     9    10     9     0     3   -46.0   55.913    2.168    648.6    946.9    281.0      0.0     92.7
     1     1    14     9    10     8     0     2   -47.0   56.039    2.179    679.7    942.5    280.7      0.0     92.1
     1     1    14     9    10     7     0     1   -48.0   56.174    2.186    710.8    938.6    280.4      0.0     90.5
     1     1    14     9    10     6     0     0   -49.0   56.318    2.189    740.4    935.0    280.2      0.0     89.6
     1     1    14     9    10     5     0     1   -50.0   56.472    2.181    765.8    931.7    280.3      0.0     85.8
     1     1    14     9    10     4     0     2   -51.0   56.637    2.157    785.8    929.4    280.4      0.0     82.4
     1     1    14     9    10     3     0     3   -52.0   56.814    2.117    802.2    927.5    280.5      0.0     79.4
     1     1    14     9    10     2     0     2   -53.0   57.004    2.072    820.4    926.0    280.4      0.0     79.8
     1     1    14     9    10     1     0     1   -54.0   57.202    2.032    845.7    923.4    280.3      0.0     78.7
     1     1    14     9    10     0     0     0   -55.0   57.406    1.996    879.0    919.9    280.1      0.0     77.6
     1     1    14     9     9    23     0     1   -56.0   57.619    1.942    915.6    915.0    279.9      0.0     76.4
     1     1    14     9     9    22     0     2   -57.0   57.844    1.854    950.1    910.8    279.8      0.0     76.7
     1     1    14     9     9    21     0     3   -58.0   58.079    1.739    982.4    907.1    279.5      0.0     77.3
     1     1    14     9     9    20     0     2   -59.0   58.308    1.603   1015.3    903.4    279.3      0.0     76.1
     1     1    14     9     9    19     0     1   -60.0   58.521    1.452   1051.1    899.2    279.0      0.0     75.7
     1     1    14     9     9    18     0     0   -61.0   58.724    1.284   1087.7    894.8    278.7      0.0     76.0
     1     1    14     9     9    17     0     1   -62.0   58.915    1.109   1121.4    890.6    278.5      0.0     76.7
     1     1    14     9     9    16     0     2   -63.0   59.093    0.939   1151.5    887.2    278.3      0.0     78.7
     1     1    14     9     9    15     0     3   -64.0   59.254    0.775   1179.8    883.7    278.0      0.0     81.8
     1     1    14     9     9    14     0     2   -65.0   59.407    0.616   1209.5    880.6    277.6      0.0     82.6
     1     1    14     9     9    13     0     1   -66.0   59.558    0.463   1240.6    876.7    277.3      0.0     83.3
     1     1    14     9     9    12     0     0   -67.0   59.709    0.321   1268.0    873.3    277.1      0.0     83.9
     1     1    14     9     9    11     0     1   -68.0   59.857    0.165   1289.1    870.9    277.1      0.0     82.5
     1     1    14     9     9    10     0     2   -69.0   59.963   -0.048   1303.9    869.7    277.2      0.0     73.8
     1     1    14     9     9     9     0     3   -70.0   60.036   -0.323   1319.7    868.5    277.3      0.0     72.5
     1     1    14     9     9     8     0     2   -71.0   60.116   -0.619   1337.8    865.7    277.1      0.0     73.6
     1     1    14     9     9     7     0     1   -72.0   60.207   -0.904   1354.3    863.5    276.9      0.0     75.4
