     7     1
    GDAS    14     8    22     0     0
    GDAS    14     8    29     0     0
    GDAS    14     9     1     0     0
    GDAS    14     9     8     0     0
    GDAS    14     9    15     0     0
    GDAS    14     9    22     0     0
    GDAS    14     9    29     0     0
     1 BACKWARD OMEGA   
    14     9    22     9   56.467   -2.973   100.0
     4 PRESSURE AIR_TEMP RAINFALL RELHUMID
     1     1    14     9    22     9     0     3     0.0   56.467   -2.973    100.0    980.5    283.5      0.0     82.7
     1     1    14     9    22     8     0     2    -1.0   56.421   -3.135    117.5    978.8    282.9      0.0     83.9
     1     1    14     9    22     7     0     1    -2.0   56.384   -3.328    135.5    976.8    282.4      0.0     84.6
     1     1    14     9    22     6     0     0    -3.0   56.355   -3.550    149.2    974.5    282.2      0.0     84.6
     1     1    14     9    22     5     0     1    -4.0   56.326   -3.781    152.1    973.9    282.5      0.0     84.2
     1     1    14     9    22     4     0     2    -5.0   56.292   -3.997    141.9    976.4    282.8      0.0     84.8
     1     1    14     9    22     3     0     3    -6.0   56.255   -4.186    124.2    981.1    283.1      0.0     85.0
     1     1    14     9    22     2     0     2    -7.0   56.215   -4.346    105.6    985.2    283.3      0.0     83.1
     1     1    14     9    22     1     0     1    -8.0   56.172   -4.492     88.3    988.8    283.5      0.0     81.3
     1     1    14     9    22     0     0     0    -9.0   56.128   -4.629     70.7    992.4    283.7      0.0     79.5
     1     1    14     9    21    23     0     1   -10.0   56.090   -4.757     54.7    995.8    284.1      0.0     77.7
     1     1    14     9    21    22     0     2   -11.0   56.068   -4.872     43.9    997.0    283.9      0.0     75.9
     1     1    14     9    21    21     0     3   -12.0   56.060   -4.976     39.2    997.2    283.9      0.0     74.4
     1     1    14     9    21    20     0     2   -13.0   56.058   -5.074     37.7    998.5    284.5      0.0     72.6
     1     1    14     9    21    19     0     1   -14.0   56.053   -5.171     37.0   1000.8    284.9      0.0     71.0
     1     1    14     9    21    18     0     0   -15.0   56.047   -5.270     37.4   1003.0    285.3      0.0     69.7
     1     1    14     9    21    17     0     1   -16.0   56.040   -5.366     37.6   1005.0    286.2      0.0     68.8
     1     1    14     9    21    16     0     2   -17.0   56.031   -5.454     37.0   1007.2    287.2      0.0     68.0
     1     1    14     9    21    15     0     3   -18.0   56.018   -5.534     35.8   1009.2    288.5      0.0     67.4
     1     1    14     9    21    14     0     2   -19.0   56.002   -5.599     35.4   1011.0    288.8      0.0     68.4
     1     1    14     9    21    13     0     1   -20.0   55.981   -5.644     36.3   1011.9    289.0      0.0     69.5
     1     1    14     9    21    12     0     0   -21.0   55.958   -5.670     38.1   1012.3    289.2      0.0     70.7
     1     1    14     9    21    11     0     1   -22.0   55.941   -5.671     41.2   1011.9    288.1      0.0     73.6
     1     1    14     9    21    10     0     2   -23.0   55.941   -5.642     46.1   1010.7    286.8      0.0     76.3
     1     1    14     9    21     9     0     3   -24.0   55.957   -5.580     52.9   1008.9    285.4      0.0     78.9
     1     1    14     9    21     8     0     2   -25.0   55.988   -5.501     63.8   1005.9    284.4      0.0     79.5
     1     1    14     9    21     7     0     1   -26.0   56.035   -5.420     82.4   1000.9    283.4      0.0     80.2
     1     1    14     9    21     6     0     0   -27.0   56.098   -5.339    110.9    994.2    282.6      0.0     81.1
     1     1    14     9    21     5     0     1   -28.0   56.172   -5.259    146.3    986.3    282.3      0.0     81.5
     1     1    14     9    21     4     0     2   -29.0   56.255   -5.182    183.8    977.4    282.0      0.0     82.0
     1     1    14     9    21     3     0     3   -30.0   56.345   -5.107    222.0    968.7    281.6      0.0     83.0
     1     1    14     9    21     2     0     2   -31.0   56.439   -5.045    261.7    960.7    281.6      0.0     83.5
     1     1    14     9    21     1     0     1   -32.0   56.534   -5.005    305.5    951.9    281.2      0.0     84.1
     1     1    14     9    21     0     0     0   -33.0   56.630   -4.984    355.7    943.4    280.7      0.0     85.1
     1     1    14     9    20    23     0     1   -34.0   56.736   -4.979    409.9    934.2    280.3      0.0     86.9
     1     1    14     9    20    22     0     2   -35.0   56.855   -4.987    461.2    924.7    279.7      0.0     89.6
     1     1    14     9    20    21     0     3   -36.0   56.988   -5.011    503.6    916.5    279.1      0.0     91.9
     1     1    14     9    20    20     0     2   -37.0   57.137   -5.059    534.9    916.1    279.2      0.0     93.0
     1     1    14     9    20    19     0     1   -38.0   57.305   -5.140    553.8    919.1    279.4      0.0     94.3
     1     1    14     9    20    18     0     0   -39.0   57.490   -5.252    560.9    924.7    279.6      0.0     95.6
     1     1    14     9    20    17     0     1   -40.0   57.684   -5.408    547.9    933.2    280.2      0.1     95.0
     1     1    14     9    20    16     0     2   -41.0   57.880   -5.621    510.6    947.8    281.2      0.0     93.3
     1     1    14     9    20    15     0     3   -42.0   58.085   -5.882    462.7    965.7    282.5      0.0     89.2
     1     1    14     9    20    14     0     2   -43.0   58.304   -6.173    425.6    973.1    283.0      0.0     89.0
     1     1    14     9    20    13     0     1   -44.0   58.533   -6.496    410.4    972.6    282.8      0.0     89.9
     1     1    14     9    20    12     0     0   -45.0   58.768   -6.881    416.2    971.1    282.5      0.0     90.6
     1     1    14     9    20    11     0     1   -46.0   59.016   -7.335    431.1    969.4    282.3      0.0     90.6
     1     1    14     9    20    10     0     2   -47.0   59.279   -7.829    438.9    967.3    282.3      0.0     89.6
     1     1    14     9    20     9     0     3   -48.0   59.549   -8.352    443.3    967.1    282.4      0.0     88.5
     1     1    14     9    20     8     0     2   -49.0   59.811   -8.908    451.8    965.6    282.2      0.0     89.6
     1     1    14     9    20     7     0     1   -50.0   60.061   -9.483    464.7    963.4    282.0      0.0     90.0
     1     1    14     9    20     6     0     0   -51.0   60.299  -10.057    481.3    960.6    281.8      0.0     91.0
     1     1    14     9    20     5     0     1   -52.0   60.538  -10.627    495.9    957.9    281.7      0.0     92.6
     1     1    14     9    20     4     0     2   -53.0   60.788  -11.216    507.0    956.6    281.5      0.0     92.9
     1     1    14     9    20     3     0     3   -54.0   61.048  -11.832    517.4    955.0    281.4      0.0     92.7
     1     1    14     9    20     2     0     2   -55.0   61.307  -12.465    522.8    953.7    281.3      0.2     93.5
     1     1    14     9    20     1     0     1   -56.0   61.564  -13.124    522.7    953.7    281.3      0.0     91.6
     1     1    14     9    20     0     0     0   -57.0   61.830  -13.842    520.9    953.6    281.5      0.0     87.7
     1     1    14     9    19    23     0     1   -58.0   62.093  -14.610    512.0    954.2    281.7      0.0     86.3
     1     1    14     9    19    22     0     2   -59.0   62.335  -15.384    492.6    956.6    282.0      0.0     84.4
     1     1    14     9    19    21     0     3   -60.0   62.569  -16.198    483.2    957.9    282.5      0.0     79.0
     1     1    14     9    19    20     0     2   -61.0   62.801  -17.000    522.3    953.5    282.5      0.0     76.2
     1     1    14     9    19    19     0     1   -62.0   63.020  -17.713    577.1    944.5    281.9      0.0     78.0
     1     1    14     9    19    18     0     0   -63.0   63.228  -18.367    631.6    928.7    280.6      0.0     84.1
     1     1    14     9    19    17     0     1   -64.0   63.425  -18.964    676.9    897.3    278.4      0.0     89.5
     1     1    14     9    19    16     0     2   -65.0   63.593  -19.491    691.3    898.1    278.2      0.0     91.1
     1     1    14     9    19    15     0     3   -66.0   63.724  -19.936    681.8    908.3    278.7      0.0     91.2
     1     1    14     9    19    14     0     2   -67.0   63.822  -20.317    657.8    915.8    278.9      0.2     93.7
     1     1    14     9    19    13     0     1   -68.0   63.896  -20.662    643.2    921.3    279.0      0.0     96.1
     1     1    14     9    19    12     0     0   -69.0   63.960  -20.987    658.2    923.4    279.1      0.0     98.0
     1     1    14     9    19    11     0     1   -70.0   63.998  -21.284    670.6    916.5    278.9      0.0     97.4
     1     1    14     9    19    10     0     2   -71.0   63.993  -21.508    659.2    919.5    279.2      0.0     97.4
     1     1    14     9    19     9     0     3   -72.0   63.948  -21.646    654.2    922.0    279.5      0.0     97.2
