     7     1
    GDAS    14     8    22     0     0
    GDAS    14     8    29     0     0
    GDAS    14     9     1     0     0
    GDAS    14     9     8     0     0
    GDAS    14     9    15     0     0
    GDAS    14     9    22     0     0
    GDAS    14     9    29     0     0
     1 BACKWARD OMEGA   
    14     9    11    18   56.467   -2.973   100.0
     4 PRESSURE AIR_TEMP RAINFALL RELHUMID
     1     1    14     9    11    18     0     0     0.0   56.467   -2.973    100.0    980.1    287.5      0.0     85.2
     1     1    14     9    11    17     0     1    -1.0   56.440   -2.896     87.8    984.3    288.0      0.0     82.2
     1     1    14     9    11    16     0     2    -2.0   56.399   -2.818     75.1    989.3    288.5      0.0     79.3
     1     1    14     9    11    15     0     3    -3.0   56.347   -2.738     63.4    994.2    288.9      0.0     76.6
     1     1    14     9    11    14     0     2    -4.0   56.288   -2.655     54.6    999.4    288.6      0.0     77.8
     1     1    14     9    11    13     0     1    -5.0   56.225   -2.569     49.2   1003.5    288.2      0.0     79.5
     1     1    14     9    11    12     0     0    -6.0   56.159   -2.481     46.2   1007.2    287.8      0.0     81.5
     1     1    14     9    11    11     0     1    -7.0   56.089   -2.397     45.6   1009.5    287.1      0.0     83.2
     1     1    14     9    11    10     0     2    -8.0   56.015   -2.326     48.1   1010.9    286.5      0.0     85.2
     1     1    14     9    11     9     0     3    -9.0   55.937   -2.271     53.3   1009.8    286.1      0.0     87.4
     1     1    14     9    11     8     0     2   -10.0   55.856   -2.231     59.3   1007.4    285.8      0.0     88.1
     1     1    14     9    11     7     0     1   -11.0   55.772   -2.200     64.0   1005.1    285.3      0.0     89.1
     1     1    14     9    11     6     0     0   -12.0   55.686   -2.178     67.5   1002.8    284.7      0.0     90.3
     1     1    14     9    11     5     0     1   -13.0   55.595   -2.150     71.1   1000.6    284.5      0.0     90.1
     1     1    14     9    11     4     0     2   -14.0   55.495   -2.103     75.6    997.9    284.4      0.0     90.0
     1     1    14     9    11     3     0     3   -15.0   55.385   -2.041     80.6    994.7    284.1      0.0     90.2
     1     1    14     9    11     2     0     2   -16.0   55.273   -1.976     84.9    991.8    283.9      0.0     90.4
     1     1    14     9    11     1     0     1   -17.0   55.164   -1.912     87.9    990.4    283.8      0.0     90.4
     1     1    14     9    11     0     0     0   -18.0   55.057   -1.845     89.3    989.6    283.8      0.0     90.5
     1     1    14     9    10    23     0     1   -19.0   54.958   -1.758     87.0    990.7    284.3      0.0     89.4
     1     1    14     9    10    22     0     2   -20.0   54.872   -1.634     80.6    994.5    284.9      0.0     87.3
     1     1    14     9    10    21     0     3   -21.0   54.798   -1.475     73.4    999.5    285.4      0.0     84.4
     1     1    14     9    10    20     0     2   -22.0   54.733   -1.292     68.7   1004.6    286.1      0.0     80.7
     1     1    14     9    10    19     0     1   -23.0   54.673   -1.095     68.8   1009.4    286.8      0.0     77.1
     1     1    14     9    10    18     0     0   -24.0   54.616   -0.885     74.3   1010.4    287.3      0.0     74.4
     1     1    14     9    10    17     0     1   -25.0   54.563   -0.668     82.5   1008.8    287.6      0.0     72.5
     1     1    14     9    10    16     0     2   -26.0   54.517   -0.453     91.2   1007.6    287.9      0.0     70.5
     1     1    14     9    10    15     0     3   -27.0   54.478   -0.242    100.2   1006.3    288.2      0.0     68.5
     1     1    14     9    10    14     0     2   -28.0   54.440   -0.046    107.1   1005.0    288.3      0.0     68.3
     1     1    14     9    10    13     0     1   -29.0   54.404    0.117    108.3   1009.3    286.9      0.0     75.4
     1     1    14     9    10    12     0     0   -30.0   54.371    0.250    106.9   1010.1    286.9      0.0     75.8
     1     1    14     9    10    11     0     1   -31.0   54.344    0.377    107.2   1009.8    286.9      0.0     75.7
     1     1    14     9    10    10     0     2   -32.0   54.332    0.506    109.2   1009.5    286.9      0.0     75.7
     1     1    14     9    10     9     0     3   -33.0   54.334    0.637    113.3   1008.9    286.8      0.0     75.9
     1     1    14     9    10     8     0     2   -34.0   54.345    0.762    118.6   1008.1    286.6      0.0     76.7
     1     1    14     9    10     7     0     1   -35.0   54.361    0.876    123.9   1007.3    286.5      0.0     77.5
     1     1    14     9    10     6     0     0   -36.0   54.382    0.980    128.5   1006.7    286.3      0.0     78.4
     1     1    14     9    10     5     0     1   -37.0   54.406    1.070    131.5   1006.4    286.4      0.0     78.4
     1     1    14     9    10     4     0     2   -38.0   54.431    1.141    132.4   1006.2    286.4      0.0     78.5
     1     1    14     9    10     3     0     3   -39.0   54.455    1.194    131.1   1006.4    286.5      0.0     78.6
     1     1    14     9    10     2     0     2   -40.0   54.479    1.236    128.8   1006.8    286.6      0.0     78.6
     1     1    14     9    10     1     0     1   -41.0   54.507    1.274    126.9   1007.0    286.6      0.0     78.7
     1     1    14     9    10     0     0     0   -42.0   54.539    1.309    125.0   1007.2    286.6      0.0     78.9
     1     1    14     9     9    23     0     1   -43.0   54.580    1.333    123.4   1007.3    286.6      0.0     78.9
     1     1    14     9     9    22     0     2   -44.0   54.637    1.337    122.6   1007.4    286.6      0.0     79.0
     1     1    14     9     9    21     0     3   -45.0   54.709    1.319    122.3   1007.4    286.6      0.0     79.3
     1     1    14     9     9    20     0     2   -46.0   54.790    1.284    122.6   1007.1    286.6      0.0     80.2
     1     1    14     9     9    19     0     1   -47.0   54.875    1.236    123.3   1006.8    286.5      0.0     81.2
     1     1    14     9     9    18     0     0   -48.0   54.961    1.174    123.9   1006.6    286.4      0.0     82.4
     1     1    14     9     9    17     0     1   -49.0   55.045    1.084    126.6   1006.5    286.3      0.0     82.5
     1     1    14     9     9    16     0     2   -50.0   55.117    0.954    134.6   1005.7    286.0      0.0     82.1
     1     1    14     9     9    15     0     3   -51.0   55.173    0.796    150.1   1003.9    285.8      0.0     81.3
     1     1    14     9     9    14     0     2   -52.0   55.219    0.632    170.6   1000.7    285.5      0.0     81.4
     1     1    14     9     9    13     0     1   -53.0   55.260    0.469    191.8    998.2    285.3      0.0     82.0
     1     1    14     9     9    12     0     0   -54.0   55.296    0.302    213.6    995.8    285.0      0.0     83.0
     1     1    14     9     9    11     0     1   -55.0   55.329    0.130    235.0    993.3    284.7      0.0     82.6
     1     1    14     9     9    10     0     2   -56.0   55.332    0.006    256.5    991.1    284.4      0.0     82.5
     1     1    14     9     9     9     0     3   -57.0   55.334   -0.135    275.6    989.2    284.3      0.0     78.3
     1     1    14     9     9     8     0     2   -58.0   55.314   -0.237    293.7    986.0    284.1      0.0     78.6
     1     1    14     9     9     7     0     1   -59.0   55.307   -0.342    304.6    984.3    284.0      0.0     78.8
     1     1    14     9     9     6     0     0   -60.0   55.317   -0.448    307.9    983.6    283.9      0.0     79.1
     1     1    14     9     9     5     0     1   -61.0   55.331   -0.565    308.2    984.2    284.1      0.0     78.2
     1     1    14     9     9     4     0     2   -62.0   55.341   -0.703    310.1    983.9    284.2      0.0     77.4
     1     1    14     9     9     3     0     3   -63.0   55.346   -0.863    313.7    983.4    284.3      0.0     76.5
     1     1    14     9     9     2     0     2   -64.0   55.352   -1.026    319.4    982.4    284.3      0.0     75.8
     1     1    14     9     9     1     0     1   -65.0   55.363   -1.173    327.1    978.9    284.1      0.0     75.7
     1     1    14     9     9     0     0     0   -66.0   55.374   -1.297    335.8    975.6    284.0      0.0     75.7
     1     1    14     9     8    23     0     1   -67.0   55.384   -1.405    347.4    972.7    283.9      0.0     76.1
     1     1    14     9     8    22     0     2   -68.0   55.392   -1.505    363.4    968.9    283.8      0.0     76.5
     1     1    14     9     8    21     0     3   -69.0   55.398   -1.599    382.2    965.1    283.7      0.0     76.9
     1     1    14     9     8    20     0     2   -70.0   55.405   -1.681    397.9    961.5    283.5      0.0     78.0
     1     1    14     9     8    19     0     1   -71.0   55.411   -1.745    404.7    959.6    283.3      0.0     78.8
     1     1    14     9     8    18     0     0   -72.0   55.418   -1.793    401.4    959.2    283.2      0.0     79.2
