     7     1
    GDAS    14     8    22     0     0
    GDAS    14     8    29     0     0
    GDAS    14     9     1     0     0
    GDAS    14     9     8     0     0
    GDAS    14     9    15     0     0
    GDAS    14     9    22     0     0
    GDAS    14     9    29     0     0
     1 BACKWARD OMEGA   
    14     9    21     0   56.467   -2.973   100.0
     4 PRESSURE AIR_TEMP RAINFALL RELHUMID
     1     1    14     9    21     0     0     0     0.0   56.467   -2.973    100.0    980.8    282.1      0.0     87.9
     1     1    14     9    20    23     0     1    -1.0   56.602   -3.112    130.4    971.6    282.0      0.0     88.1
     1     1    14     9    20    22     0     2    -2.0   56.760   -3.275    190.3    956.9    281.5      0.0     88.8
     1     1    14     9    20    21     0     3    -3.0   56.954   -3.486    290.6    935.2    280.3      0.0     91.6
     1     1    14     9    20    20     0     2    -4.0   57.183   -3.728    391.1    922.3    279.7      0.0     93.7
     1     1    14     9    20    19     0     1    -5.0   57.420   -3.983    466.7    922.9    279.9      0.0     93.6
     1     1    14     9    20    18     0     0    -6.0   57.658   -4.255    547.6    924.4    279.9      0.0     94.8
     1     1    14     9    20    17     0     1    -7.0   57.890   -4.555    613.5    919.3    279.5      0.1     96.4
     1     1    14     9    20    16     0     2    -8.0   58.107   -4.893    616.1    917.1    279.3      0.1     97.5
     1     1    14     9    20    15     0     3    -9.0   58.317   -5.261    571.4    936.5    280.6      0.1     94.9
     1     1    14     9    20    14     0     2   -10.0   58.532   -5.631    532.2    954.0    281.8      0.0     92.5
     1     1    14     9    20    13     0     1   -11.0   58.755   -6.004    512.7    961.5    282.1      0.0     91.9
     1     1    14     9    20    12     0     0   -12.0   58.981   -6.426    510.6    960.7    281.9      0.0     92.4
     1     1    14     9    20    11     0     1   -13.0   59.219   -6.886    521.4    958.4    281.7      0.0     92.6
     1     1    14     9    20    10     0     2   -14.0   59.474   -7.358    534.2    955.8    281.6      0.0     92.0
     1     1    14     9    20     9     0     3   -15.0   59.738   -7.861    546.3    954.2    281.6      0.0     91.2
     1     1    14     9    20     8     0     2   -16.0   59.996   -8.397    559.1    952.0    281.4      0.0     91.8
     1     1    14     9    20     7     0     1   -17.0   60.243   -8.946    570.7    950.1    281.2      0.0     92.7
     1     1    14     9    20     6     0     0   -18.0   60.484   -9.485    579.5    948.3    281.0      0.0     93.9
     1     1    14     9    20     5     0     1   -19.0   60.728  -10.029    585.1    947.3    281.0      0.0     94.8
     1     1    14     9    20     4     0     2   -20.0   60.985  -10.607    590.8    946.6    280.9      0.0     94.6
     1     1    14     9    20     3     0     3   -21.0   61.255  -11.193    600.6    945.3    280.8      0.0     94.5
     1     1    14     9    20     2     0     2   -22.0   61.521  -11.766    607.2    943.4    280.7      0.0     94.8
     1     1    14     9    20     1     0     1   -23.0   61.776  -12.358    605.4    943.5    280.8      0.0     93.2
     1     1    14     9    20     0     0     0   -24.0   62.030  -12.991    598.5    943.9    281.0      0.0     88.9
     1     1    14     9    19    23     0     1   -25.0   62.267  -13.626    589.6    944.8    281.2      0.0     88.2
     1     1    14     9    19    22     0     2   -26.0   62.473  -14.237    576.7    945.5    281.4      0.0     86.8
     1     1    14     9    19    21     0     3   -27.0   62.656  -14.871    549.1    947.6    281.8      0.0     82.4
     1     1    14     9    19    20     0     2   -28.0   62.830  -15.543    518.9    952.9    282.4      0.0     79.2
     1     1    14     9    19    19     0     1   -29.0   62.996  -16.209    511.6    954.1    282.7      0.0     75.9
     1     1    14     9    19    18     0     0   -30.0   63.156  -16.824    560.8    944.0    282.1      0.0     76.1
     1     1    14     9    19    17     0     1   -31.0   63.323  -17.346    674.4    920.5    280.6      0.0     78.8
     1     1    14     9    19    16     0     2   -32.0   63.498  -17.796    832.6    895.3    279.0      0.0     80.6
     1     1    14     9    19    15     0     3   -33.0   63.677  -18.215    999.4    862.6    277.0      0.0     81.8
     1     1    14     9    19    14     0     2   -34.0   63.842  -18.625   1099.7    826.8    274.7      1.3     87.2
     1     1    14     9    19    13     0     1   -35.0   63.978  -19.006   1069.8    806.1    273.2      1.3     93.4
     1     1    14     9    19    12     0     0   -36.0   64.076  -19.340    967.5    835.4    274.6      1.3     95.2
     1     1    14     9    19    11     0     1   -37.0   64.131  -19.635    856.7    862.2    276.1      0.3     94.7
     1     1    14     9    19    10     0     2   -38.0   64.149  -19.896    762.8    883.5    277.3      0.3     93.2
     1     1    14     9    19     9     0     3   -39.0   64.132  -20.106    690.7    899.0    278.3      0.3     92.1
     1     1    14     9    19     8     0     2   -40.0   64.088  -20.266    638.7    908.9    278.8      1.3     92.7
     1     1    14     9    19     7     0     1   -41.0   64.026  -20.378    600.8    916.4    279.2      1.3     92.9
     1     1    14     9    19     6     0     0   -42.0   63.947  -20.449    570.6    922.4    279.5      1.3     93.5
     1     1    14     9    19     5     0     1   -43.0   63.857  -20.493    542.6    927.7    279.9      0.8     94.4
     1     1    14     9    19     4     0     2   -44.0   63.767  -20.517    516.0    933.2    280.2      0.2     95.2
     1     1    14     9    19     3     0     3   -45.0   63.675  -20.538    494.1    938.2    280.6      0.2     95.8
     1     1    14     9    19     2     0     2   -46.0   63.575  -20.552    469.6    942.7    280.8      0.5     95.7
     1     1    14     9    19     1     0     1   -47.0   63.464  -20.553    438.4    949.4    281.2      0.0     95.5
     1     1    14     9    19     0     0     0   -48.0   63.346  -20.538    404.9    956.2    281.6      0.0     95.4
     1     1    14     9    18    23     0     1   -49.0   63.222  -20.491    366.7    962.5    282.1      0.6     95.8
     1     1    14     9    18    22     0     2   -50.0   63.094  -20.365    316.0    970.8    282.6      0.6     97.1
     1     1    14     9    18    21     0     3   -51.0   62.966  -20.080    240.5    981.8    283.2      0.6     98.3
     1     1    14     9    18    20     0     2   -52.0   62.875  -19.642    169.1    994.9    283.8      0.0     96.7
     1     1    14     9    18    19     0     1   -53.0   62.846  -19.134    135.8    998.4    283.9      0.0     96.4
     1     1    14     9    18    18     0     0   -54.0   62.878  -18.570    130.5    998.0    283.9      0.0     96.7
     1     1    14     9    18    17     0     1   -55.0   62.948  -18.024    138.1    996.6    283.7      0.0     97.0
     1     1    14     9    18    16     0     2   -56.0   63.025  -17.548    143.8    993.2    283.6      0.0     96.6
     1     1    14     9    18    15     0     3   -57.0   63.094  -17.146    140.4    989.9    283.5      0.0     95.6
     1     1    14     9    18    14     0     2   -58.0   63.154  -16.767    135.0    989.5    283.4      0.6     95.5
     1     1    14     9    18    13     0     1   -59.0   63.212  -16.371    131.8    990.7    283.4      0.0     94.9
     1     1    14     9    18    12     0     0   -60.0   63.280  -15.970    127.0    993.2    283.5      0.0     93.8
     1     1    14     9    18    11     0     1   -61.0   63.360  -15.566    117.4    996.7    283.8      0.2     93.8
     1     1    14     9    18    10     0     2   -62.0   63.452  -15.152    105.1   1002.8    284.1      0.0     93.6
     1     1    14     9    18     9     0     3   -63.0   63.560  -14.723     91.8   1005.9    284.2      0.3     94.4
     1     1    14     9    18     8     0     2   -64.0   63.694  -14.272     77.5   1005.9    283.9      0.3     96.4
     1     1    14     9    18     7     0     1   -65.0   63.862  -13.787     61.8   1007.3    283.6      0.3     98.5
     1     1    14     9    18     6     0     0   -66.0   64.043  -13.280     48.4   1009.9    283.5      0.7     99.3
     1     1    14     9    18     5     0     1   -67.0   64.199  -12.806     39.3   1011.7    283.5      0.3     99.3
     1     1    14     9    18     4     0     2   -68.0   64.326  -12.363     32.8   1012.1    283.4      0.3     98.7
     1     1    14     9    18     3     0     3   -69.0   64.435  -11.899     28.0   1012.4    283.3      0.3     98.3
     1     1    14     9    18     2     0     2   -70.0   64.533  -11.415     25.0   1013.8    283.3      0.0     97.5
     1     1    14     9    18     1     0     1   -71.0   64.625  -10.934     23.7   1015.2    283.2      0.0     97.0
     1     1    14     9    18     0     0     0   -72.0   64.715  -10.459     23.2   1015.7    283.1      0.0     97.1
