     7     1
    GDAS    14     8    22     0     0
    GDAS    14     8    29     0     0
    GDAS    14     9     1     0     0
    GDAS    14     9     8     0     0
    GDAS    14     9    15     0     0
    GDAS    14     9    22     0     0
    GDAS    14     9    29     0     0
     1 BACKWARD OMEGA   
    14     9    22     4   56.467   -2.973   100.0
     4 PRESSURE AIR_TEMP RAINFALL RELHUMID
     1     1    14     9    22     4     0     2     0.0   56.467   -2.973    100.0    981.3    281.6      0.0     86.4
     1     1    14     9    22     3     0     3    -1.0   56.436   -3.106     97.7    980.8    281.7      0.0     86.1
     1     1    14     9    22     2     0     2    -2.0   56.400   -3.227     89.8    983.3    282.3      0.0     84.6
     1     1    14     9    22     1     0     1    -3.0   56.361   -3.342     82.7    985.3    282.7      0.0     82.9
     1     1    14     9    22     0     0     0    -4.0   56.317   -3.453     76.4    987.6    282.9      0.0     81.1
     1     1    14     9    21    23     0     1    -5.0   56.275   -3.572     69.9    989.6    283.0      0.0     79.4
     1     1    14     9    21    22     0     2    -6.0   56.243   -3.704     62.2    991.6    283.0      0.0     77.7
     1     1    14     9    21    21     0     3    -7.0   56.224   -3.846     53.6    993.4    282.8      0.0     76.2
     1     1    14     9    21    20     0     2    -8.0   56.210   -3.982     44.6    994.5    282.8      0.0     73.9
     1     1    14     9    21    19     0     1    -9.0   56.194   -4.098     36.5    996.1    283.0      0.0     71.4
     1     1    14     9    21    18     0     0   -10.0   56.175   -4.195     29.8    997.6    283.2      0.0     69.0
     1     1    14     9    21    17     0     1   -11.0   56.157   -4.285     23.5    998.8    284.7      0.0     67.5
     1     1    14     9    21    16     0     2   -12.0   56.143   -4.375     17.1   1000.2    286.4      0.0     66.1
     1     1    14     9    21    15     0     3   -13.0   56.131   -4.463     11.4   1001.5    288.5      0.0     64.7
     1     1    14     9    21    14     0     2   -14.0   56.118   -4.539      6.7   1001.9    289.0      0.0     65.0
     1     1    14     9    21    13     0     1   -15.0   56.102   -4.590      3.0   1002.4    289.5      0.0     65.2
     1     1    14     9    21    12     0     0   -16.0   56.083   -4.618      0.0   1003.0    290.0      0.0     65.4
     1     1    14     9    21    11     0     1   -17.0   56.067   -4.623      0.0   1003.3    288.5      0.0     69.0
     1     1    14     9    21    10     0     2   -18.0   56.065   -4.606      0.0   1003.2    287.0      0.0     72.8
     1     1    14     9    21     9     0     3   -19.0   56.078   -4.567      0.0   1002.8    285.5      0.0     76.6
     1     1    14     9    21     8     0     2   -20.0   56.102   -4.523      0.8   1001.9    283.1      0.0     77.9
     1     1    14     9    21     7     0     1   -21.0   56.136   -4.487      4.1   1000.6    280.7      0.0     79.3
     1     1    14     9    21     6     0     0   -22.0   56.179   -4.462      9.5    998.9    278.5      0.0     81.1
     1     1    14     9    21     5     0     1   -23.0   56.231   -4.445     16.1    995.5    279.1      0.0     82.6
     1     1    14     9    21     4     0     2   -24.0   56.289   -4.432     21.7    991.8    279.5      0.0     84.3
     1     1    14     9    21     3     0     3   -25.0   56.353   -4.425     24.1    988.5    279.6      0.0     86.1
     1     1    14     9    21     2     0     2   -26.0   56.419   -4.429     24.6    986.0    279.7      0.0     87.1
     1     1    14     9    21     1     0     1   -27.0   56.484   -4.447     25.0    983.4    279.9      0.0     87.9
     1     1    14     9    21     0     0     0   -28.0   56.545   -4.481     26.0    981.0    280.1      0.0     88.5
     1     1    14     9    20    23     0     1   -29.0   56.606   -4.526     25.8    978.6    280.2      0.0     87.8
     1     1    14     9    20    22     0     2   -30.0   56.668   -4.576     23.2    977.1    280.1      0.0     87.3
     1     1    14     9    20    21     0     3   -31.0   56.730   -4.631     19.0    976.1    279.9      0.0     86.7
     1     1    14     9    20    20     0     2   -32.0   56.792   -4.689     15.0    975.1    280.3      0.0     84.9
     1     1    14     9    20    19     0     1   -33.0   56.859   -4.749     12.0    973.5    280.9      0.0     83.2
     1     1    14     9    20    18     0     0   -34.0   56.932   -4.806      9.5    971.4    281.6      0.0     81.4
     1     1    14     9    20    17     0     1   -35.0   57.004   -4.868      7.1    969.9    283.3      0.0     78.3
     1     1    14     9    20    16     0     2   -36.0   57.072   -4.948      4.6    972.2    285.3      0.0     75.4
     1     1    14     9    20    15     0     3   -37.0   57.141   -5.052      2.0    975.9    287.1      0.0     73.2
     1     1    14     9    20    14     0     2   -38.0   57.214   -5.168      0.0    981.5    287.3      0.0     75.6
     1     1    14     9    20    13     0     1   -39.0   57.287   -5.281      0.0    986.9    287.4      0.0     77.8
     1     1    14     9    20    12     0     0   -40.0   57.359   -5.390      0.0    992.1    287.4      0.0     79.9
     1     1    14     9    20    11     0     1   -41.0   57.430   -5.505      0.0    996.7    286.7      0.0     83.1
     1     1    14     9    20    10     0     2   -42.0   57.499   -5.635      0.0   1001.5    286.4      0.0     85.4
     1     1    14     9    20     9     0     3   -43.0   57.561   -5.782      0.0   1006.6    286.3      0.0     87.0
     1     1    14     9    20     8     0     2   -44.0   57.617   -5.939      0.0   1012.6    286.6      0.0     87.9
     1     1    14     9    20     7     0     1   -45.0   57.672   -6.103      0.0   1014.9    286.6      0.0     88.8
     1     1    14     9    20     6     0     0   -46.0   57.725   -6.274      0.0   1014.6    286.3      0.0     89.8
     1     1    14     9    20     5     0     1   -47.0   57.782   -6.452      0.0   1014.3    286.1      0.0     90.6
     1     1    14     9    20     4     0     2   -48.0   57.846   -6.637      0.0   1013.5    285.8      0.0     91.2
     1     1    14     9    20     3     0     3   -49.0   57.913   -6.833      0.0   1012.1    285.5      0.0     91.5
     1     1    14     9    20     2     0     2   -50.0   57.979   -7.037      0.0   1010.4    285.0      0.0     91.8
     1     1    14     9    20     1     0     1   -51.0   58.049   -7.257      0.0   1011.9    285.4      0.0     92.1
     1     1    14     9    20     0     0     0   -52.0   58.122   -7.507      0.0   1013.8    286.0      0.0     92.2
     1     1    14     9    19    23     0     1   -53.0   58.196   -7.786      0.1   1015.8    286.5      0.0     91.6
     1     1    14     9    19    22     0     2   -54.0   58.270   -8.088      0.3   1017.2    286.7      0.0     91.5
     1     1    14     9    19    21     0     3   -55.0   58.342   -8.400      0.3   1017.2    286.6      0.0     91.6
     1     1    14     9    19    20     0     2   -56.0   58.416   -8.721      0.4   1016.5    286.6      0.0     91.4
     1     1    14     9    19    19     0     1   -57.0   58.491   -9.059      0.6   1015.7    286.5      0.0     91.4
     1     1    14     9    19    18     0     0   -58.0   58.569   -9.415      1.0   1015.5    286.5      0.0     91.5
     1     1    14     9    19    17     0     1   -59.0   58.637   -9.788      1.4   1016.1    286.6      0.0     90.9
     1     1    14     9    19    16     0     2   -60.0   58.676  -10.173      2.1   1016.3    286.6      0.0     89.6
     1     1    14     9    19    15     0     3   -61.0   58.688  -10.560      2.9   1016.0    286.6      0.0     88.7
     1     1    14     9    19    14     0     2   -62.0   58.681  -10.932      3.7   1015.4    286.6      0.0     88.7
     1     1    14     9    19    13     0     1   -63.0   58.660  -11.277      4.4   1014.9    286.7      0.0     88.9
     1     1    14     9    19    12     0     0   -64.0   58.623  -11.598      4.8   1014.4    286.7      0.0     88.9
     1     1    14     9    19    11     0     1   -65.0   58.587  -11.898      4.9   1014.3    286.7      0.0     87.6
     1     1    14     9    19    10     0     2   -66.0   58.560  -12.183      4.7   1014.0    286.8      0.0     86.2
     1     1    14     9    19     9     0     3   -67.0   58.530  -12.462      4.5   1013.6    286.8      0.0     85.4
     1     1    14     9    19     8     0     2   -68.0   58.501  -12.738      4.3   1013.8    286.8      0.0     85.4
     1     1    14     9    19     7     0     1   -69.0   58.476  -13.005      4.1   1013.9    286.8      0.0     84.1
     1     1    14     9    19     6     0     0   -70.0   58.451  -13.251      4.0   1014.0    286.8      0.0     83.9
     1     1    14     9    19     5     0     1   -71.0   58.426  -13.482      4.0   1014.1    286.8      0.0     85.6
     1     1    14     9    19     4     0     2   -72.0   58.403  -13.703      4.1   1014.3    286.9      0.0     85.7
