     7     1
    GDAS    14     8    22     0     0
    GDAS    14     8    29     0     0
    GDAS    14     9     1     0     0
    GDAS    14     9     8     0     0
    GDAS    14     9    15     0     0
    GDAS    14     9    22     0     0
    GDAS    14     9    29     0     0
     1 BACKWARD OMEGA   
    14     9     5     8   56.467   -2.973   100.0
     4 PRESSURE AIR_TEMP RAINFALL RELHUMID
     1     1    14     9     5     8     0     2     0.0   56.467   -2.973    100.0    974.3    286.7      0.0     92.7
     1     1    14     9     5     7     0     1    -1.0   56.470   -3.091    115.4    971.4    286.1      0.0     93.9
     1     1    14     9     5     6     0     0    -2.0   56.459   -3.214    137.6    968.6    285.7      0.0     94.6
     1     1    14     9     5     5     0     1    -3.0   56.440   -3.345    163.9    965.0    285.9      0.0     93.0
     1     1    14     9     5     4     0     2    -4.0   56.421   -3.490    192.3    961.8    286.0      0.0     91.5
     1     1    14     9     5     3     0     3    -5.0   56.401   -3.649    224.9    958.3    286.0      0.0     90.1
     1     1    14     9     5     2     0     2    -6.0   56.377   -3.812    259.7    954.5    286.1      0.0     89.6
     1     1    14     9     5     1     0     1    -7.0   56.344   -3.974    292.7    951.2    286.1      0.0     88.6
     1     1    14     9     5     0     0     0    -8.0   56.309   -4.136    319.6    949.4    286.2      0.0     88.0
     1     1    14     9     4    23     0     1    -9.0   56.266   -4.293    333.6    949.5    286.5      0.0     86.1
     1     1    14     9     4    22     0     2   -10.0   56.206   -4.441    329.7    952.0    286.9      0.0     84.0
     1     1    14     9     4    21     0     3   -11.0   56.124   -4.579    303.8    957.4    287.5      0.0     81.5
     1     1    14     9     4    20     0     2   -12.0   56.030   -4.709    260.2    966.0    288.3      0.0     79.7
     1     1    14     9     4    19     0     1   -13.0   55.925   -4.829    209.4    973.1    288.8      0.0     77.8
     1     1    14     9     4    18     0     0   -14.0   55.806   -4.932    161.7    980.1    289.4      0.0     76.3
     1     1    14     9     4    17     0     1   -15.0   55.675   -5.009    124.8    986.5    289.6      0.0     76.4
     1     1    14     9     4    16     0     2   -16.0   55.537   -5.056    101.4    991.7    290.0      0.0     76.6
     1     1    14     9     4    15     0     3   -17.0   55.392   -5.079     90.8    994.9    290.2      0.0     77.2
     1     1    14     9     4    14     0     2   -18.0   55.241   -5.070     92.4    997.2    290.0      0.0     80.3
     1     1    14     9     4    13     0     1   -19.0   55.084   -5.023    107.5    997.9    289.7      0.0     83.0
     1     1    14     9     4    12     0     0   -20.0   54.920   -4.949    132.4    996.9    289.5      0.0     85.0
     1     1    14     9     4    11     0     1   -21.0   54.758   -4.866    154.3    994.2    289.1      0.0     86.0
     1     1    14     9     4    10     0     2   -22.0   54.601   -4.787    165.8    993.6    288.8      0.0     86.7
     1     1    14     9     4     9     0     3   -23.0   54.439   -4.711    165.5    995.0    288.7      0.0     87.3
     1     1    14     9     4     8     0     2   -24.0   54.276   -4.636    156.6    997.9    288.9      0.0     86.0
     1     1    14     9     4     7     0     1   -25.0   54.110   -4.563    143.5   1001.5    289.2      0.0     84.6
     1     1    14     9     4     6     0     0   -26.0   53.940   -4.490    130.0   1003.6    289.3      0.0     83.7
     1     1    14     9     4     5     0     1   -27.0   53.776   -4.389    122.7   1001.8    289.0      0.0     82.7
     1     1    14     9     4     4     0     2   -28.0   53.623   -4.234    128.0    997.0    288.8      0.0     82.9
     1     1    14     9     4     3     0     3   -29.0   53.482   -4.035    153.7    988.7    288.7      0.0     83.8
     1     1    14     9     4     2     0     2   -30.0   53.355   -3.822    194.3    979.8    288.5      0.0     83.2
     1     1    14     9     4     1     0     1   -31.0   53.239   -3.607    227.4    974.6    288.5      0.0     82.6
     1     1    14     9     4     0     0     0   -32.0   53.128   -3.372    233.5    973.8    288.7      0.0     82.5
     1     1    14     9     3    23     0     1   -33.0   53.025   -3.120    199.3    978.7    289.0      0.0     81.6
     1     1    14     9     3    22     0     2   -34.0   52.944   -2.874    146.3    988.6    289.5      0.0     80.7
     1     1    14     9     3    21     0     3   -35.0   52.894   -2.638    108.7    993.7    289.8      0.0     80.0
     1     1    14     9     3    20     0     2   -36.0   52.864   -2.415     95.8    994.3    290.2      0.0     78.7
     1     1    14     9     3    19     0     1   -37.0   52.843   -2.209     98.8    992.9    290.6      0.0     76.6
     1     1    14     9     3    18     0     0   -38.0   52.825   -2.018    109.7    991.1    291.1      0.0     73.8
     1     1    14     9     3    17     0     1   -39.0   52.810   -1.824    120.8    991.1    291.3      0.0     71.6
     1     1    14     9     3    16     0     2   -40.0   52.799   -1.609    126.4    992.4    291.5      0.0     68.8
     1     1    14     9     3    15     0     3   -41.0   52.791   -1.375    124.0    994.6    291.8      0.0     65.4
     1     1    14     9     3    14     0     2   -42.0   52.785   -1.141    114.4    998.5    291.9      0.0     66.0
     1     1    14     9     3    13     0     1   -43.0   52.780   -0.927    101.0   1002.1    292.4      0.0     66.8
     1     1    14     9     3    12     0     0   -44.0   52.773   -0.740     87.1   1004.8    293.0      0.0     68.1
     1     1    14     9     3    11     0     1   -45.0   52.765   -0.573     75.7   1006.7    292.3      0.0     73.0
     1     1    14     9     3    10     0     2   -46.0   52.759   -0.420     67.0   1008.1    291.3      0.0     77.9
     1     1    14     9     3     9     0     3   -47.0   52.754   -0.279     60.5   1009.3    290.2      0.0     82.8
     1     1    14     9     3     8     0     2   -48.0   52.746   -0.149     56.2   1009.9    289.2      0.0     86.4
     1     1    14     9     3     7     0     1   -49.0   52.728   -0.028     54.3   1009.8    288.1      0.0     90.1
     1     1    14     9     3     6     0     0   -50.0   52.709    0.083     54.0   1013.3    286.6      0.0     86.5
     1     1    14     9     3     5     0     1   -51.0   52.694    0.194     53.5   1013.5    286.6      0.0     86.6
     1     1    14     9     3     4     0     2   -52.0   52.678    0.316     51.9   1013.9    286.7      0.0     86.3
     1     1    14     9     3     3     0     3   -53.0   52.662    0.449     49.3   1014.5    286.7      0.0     85.6
     1     1    14     9     3     2     0     2   -54.0   52.645    0.594     46.8   1015.2    287.0      0.0     85.1
     1     1    14     9     3     1     0     1   -55.0   52.629    0.748     45.1   1015.7    287.4      0.0     84.2
     1     1    14     9     3     0     0     0   -56.0   52.611    0.910     44.3   1016.2    287.7      0.0     82.8
     1     1    14     9     2    23     0     1   -57.0   52.596    1.078     43.3   1016.6    288.0      0.0     82.7
     1     1    14     9     2    22     0     2   -58.0   52.584    1.257     41.5   1017.0    288.4      0.0     82.1
     1     1    14     9     2    21     0     3   -59.0   52.577    1.455     38.7   1017.6    288.8      0.0     80.0
     1     1    14     9     2    20     0     2   -60.0   52.577    1.666     36.0   1018.4    289.3      0.0     78.5
     1     1    14     9     2    19     0     1   -61.0   52.589    1.881     34.3   1019.3    289.7      0.0     77.7
     1     1    14     9     2    18     0     0   -62.0   52.612    2.092     33.9   1020.1    289.8      0.0     77.6
     1     1    14     9     2    17     0     1   -63.0   52.646    2.291     34.8   1019.7    289.8      0.0     78.9
     1     1    14     9     2    16     0     2   -64.0   52.692    2.471     36.4   1019.4    289.9      0.0     79.5
     1     1    14     9     2    15     0     3   -65.0   52.743    2.632     38.4   1018.9    289.9      0.0     79.4
     1     1    14     9     2    14     0     2   -66.0   52.785    2.778     40.2   1018.8    289.9      0.0     79.5
     1     1    14     9     2    13     0     1   -67.0   52.805    2.917     41.7   1018.8    289.9      0.0     79.9
     1     1    14     9     2    12     0     0   -68.0   52.803    3.049     42.8   1018.8    289.9      0.0     80.6
     1     1    14     9     2    11     0     1   -69.0   52.793    3.176     43.4   1017.9    289.9      0.0     81.6
     1     1    14     9     2    10     0     2   -70.0   52.784    3.300     43.4   1017.1    289.8      0.0     82.4
     1     1    14     9     2     9     0     3   -71.0   52.772    3.421     42.6   1016.3    289.8      0.0     83.0
     1     1    14     9     2     8     0     2   -72.0   52.752    3.540     41.7   1016.3    289.8      0.0     82.7
