     7     1
    GDAS    14     8    22     0     0
    GDAS    14     8    29     0     0
    GDAS    14     9     1     0     0
    GDAS    14     9     8     0     0
    GDAS    14     9    15     0     0
    GDAS    14     9    22     0     0
    GDAS    14     9    29     0     0
     1 BACKWARD OMEGA   
    14     9     6     0   56.467   -2.973   100.0
     4 PRESSURE AIR_TEMP RAINFALL RELHUMID
     1     1    14     9     6     0     0     0     0.0   56.467   -2.973    100.0    973.8    282.3      0.0     92.7
     1     1    14     9     5    23     0     1    -1.0   56.555   -2.943    113.1    970.5    282.3      0.0     92.7
     1     1    14     9     5    22     0     2    -2.0   56.640   -2.917    120.9    967.8    282.3      0.0     92.8
     1     1    14     9     5    21     0     3    -3.0   56.721   -2.887    117.5    966.7    282.4      0.0     93.0
     1     1    14     9     5    20     0     2    -4.0   56.795   -2.843    104.6    968.0    282.5      0.5     93.5
     1     1    14     9     5    19     0     1    -5.0   56.866   -2.772     87.0    971.1    283.0      0.6     94.1
     1     1    14     9     5    18     0     0    -6.0   56.938   -2.671     68.1    976.5    283.9      0.7     94.8
     1     1    14     9     5    17     0     1    -7.0   57.018   -2.562     53.0    983.0    284.6      0.3     94.4
     1     1    14     9     5    16     0     2    -8.0   57.108   -2.470     42.5    990.3    285.2      0.6     93.3
     1     1    14     9     5    15     0     3    -9.0   57.204   -2.392     34.7    996.5    285.7      0.6     92.3
     1     1    14     9     5    14     0     2   -10.0   57.301   -2.331     29.4   1001.0    286.0      0.0     90.9
     1     1    14     9     5    13     0     1   -11.0   57.390   -2.295     26.0   1003.8    286.1      0.0     90.3
     1     1    14     9     5    12     0     0   -12.0   57.478   -2.288     23.5   1005.5    286.1      0.0     90.2
     1     1    14     9     5    11     0     1   -13.0   57.565   -2.313     22.0   1006.9    286.2      0.2     90.0
     1     1    14     9     5    10     0     2   -14.0   57.654   -2.367     21.5   1007.9    286.3      0.2     90.6
     1     1    14     9     5     9     0     3   -15.0   57.750   -2.449     21.7   1009.1    286.4      0.2     92.0
     1     1    14     9     5     8     0     2   -16.0   57.840   -2.554     21.6   1010.5    286.2      0.0     91.0
     1     1    14     9     5     7     0     1   -17.0   57.910   -2.679     20.3   1012.2    286.2      0.0     89.5
     1     1    14     9     5     6     0     0   -18.0   57.956   -2.820     17.8   1013.9    286.2      0.0     87.8
     1     1    14     9     5     5     0     1   -19.0   57.974   -2.990     15.2   1015.0    286.3      0.0     84.4
     1     1    14     9     5     4     0     2   -20.0   57.963   -3.196     18.4   1011.5    286.3      0.0     83.4
     1     1    14     9     5     3     0     3   -21.0   57.925   -3.426     35.0   1003.7    286.4      0.0     83.7
     1     1    14     9     5     2     0     2   -22.0   57.869   -3.650     68.8    994.0    286.5      0.0     84.8
     1     1    14     9     5     1     0     1   -23.0   57.804   -3.857    119.2    981.1    286.5      0.0     84.7
     1     1    14     9     5     0     0     0   -24.0   57.730   -4.058    177.9    966.9    286.2      0.0     84.8
     1     1    14     9     4    23     0     1   -25.0   57.643   -4.261    227.0    954.9    285.9      0.0     87.0
     1     1    14     9     4    22     0     2   -26.0   57.542   -4.460    255.1    947.6    285.6      0.0     88.9
     1     1    14     9     4    21     0     3   -27.0   57.426   -4.641    264.0    943.1    285.6      0.0     90.3
     1     1    14     9     4    20     0     2   -28.0   57.307   -4.810    253.2    942.2    285.7      0.0     89.9
     1     1    14     9     4    19     0     1   -29.0   57.196   -4.976    225.9    945.1    286.0      0.0     87.4
     1     1    14     9     4    18     0     0   -30.0   57.092   -5.137    193.0    953.3    286.8      0.0     83.7
     1     1    14     9     4    17     0     1   -31.0   56.990   -5.288    159.4    961.8    287.4      0.0     81.6
     1     1    14     9     4    16     0     2   -32.0   56.880   -5.422    126.4    972.8    288.2      0.0     79.6
     1     1    14     9     4    15     0     3   -33.0   56.757   -5.536     96.8    982.1    289.0      0.0     77.7
     1     1    14     9     4    14     0     2   -34.0   56.630   -5.616     75.6    990.0    289.4      0.0     77.7
     1     1    14     9     4    13     0     1   -35.0   56.506   -5.646     64.6    994.4    289.5      0.0     79.1
     1     1    14     9     4    12     0     0   -36.0   56.391   -5.626     61.5    996.2    289.5      0.0     81.7
     1     1    14     9     4    11     0     1   -37.0   56.284   -5.564     62.2    995.8    288.8      0.0     84.3
     1     1    14     9     4    10     0     2   -38.0   56.188   -5.472     62.2    995.1    288.1      0.0     86.7
     1     1    14     9     4     9     0     3   -39.0   56.104   -5.359     59.6    994.4    287.3      0.0     89.3
     1     1    14     9     4     8     0     2   -40.0   56.037   -5.240     54.2    994.0    286.8      0.0     89.3
     1     1    14     9     4     7     0     1   -41.0   55.989   -5.128     47.8    993.4    286.2      0.0     88.8
     1     1    14     9     4     6     0     0   -42.0   55.957   -5.022     41.8    992.6    285.5      0.0     88.3
     1     1    14     9     4     5     0     1   -43.0   55.926   -4.918     36.7    994.0    285.6      0.0     87.2
     1     1    14     9     4     4     0     2   -44.0   55.884   -4.813     32.7    995.9    285.7      0.0     86.1
     1     1    14     9     4     3     0     3   -45.0   55.831   -4.706     30.4    997.7    285.7      0.0     85.1
     1     1    14     9     4     2     0     2   -46.0   55.772   -4.603     28.6    999.0    285.6      0.0     84.4
     1     1    14     9     4     1     0     1   -47.0   55.711   -4.506     25.4   1000.5    285.4      0.0     83.5
     1     1    14     9     4     0     0     0   -48.0   55.649   -4.415     20.6   1002.0    285.0      0.0     82.4
     1     1    14     9     3    23     0     1   -49.0   55.590   -4.328     15.1   1003.6    284.6      0.0     80.9
     1     1    14     9     3    22     0     2   -50.0   55.536   -4.244     10.3   1004.9    284.0      0.0     79.1
     1     1    14     9     3    21     0     3   -51.0   55.483   -4.158      5.4   1004.9    284.1      0.0     77.0
     1     1    14     9     3    20     0     2   -52.0   55.432   -4.077      0.0   1004.9    285.5      0.0     75.3
     1     1    14     9     3    19     0     1   -53.0   55.381   -4.008      0.0   1004.9    286.9      0.0     73.3
     1     1    14     9     3    18     0     0   -54.0   55.329   -3.951      0.0   1005.0    288.4      0.0     71.3
     1     1    14     9     3    17     0     1   -55.0   55.269   -3.908      0.0   1005.1    289.5      0.0     69.8
     1     1    14     9     3    16     0     2   -56.0   55.195   -3.882      0.0   1005.1    290.5      0.0     68.3
     1     1    14     9     3    15     0     3   -57.0   55.106   -3.875      0.0   1005.0    291.6      0.0     66.9
     1     1    14     9     3    14     0     2   -58.0   55.007   -3.869      0.0   1005.3    291.5      0.0     68.4
     1     1    14     9     3    13     0     1   -59.0   54.908   -3.845      0.0   1007.0    291.1      0.0     69.4
     1     1    14     9     3    12     0     0   -60.0   54.809   -3.803      0.0   1008.9    290.7      0.0     70.1
     1     1    14     9     3    11     0     1   -61.0   54.711   -3.744      0.0   1010.7    290.0      0.0     71.1
     1     1    14     9     3    10     0     2   -62.0   54.617   -3.666      0.0   1012.5    289.4      0.0     72.4
     1     1    14     9     3     9     0     3   -63.0   54.525   -3.569      0.0   1014.3    288.8      0.0     74.0
     1     1    14     9     3     8     0     2   -64.0   54.437   -3.463      0.0   1015.7    288.1      0.0     73.7
     1     1    14     9     3     7     0     1   -65.0   54.352   -3.355      0.0   1017.0    287.7      0.0     73.5
     1     1    14     9     3     6     0     0   -66.0   54.268   -3.241      0.0   1018.2    287.4      0.0     73.3
     1     1    14     9     3     5     0     1   -67.0   54.187   -3.122      0.0   1019.3    287.6      0.0     71.6
     1     1    14     9     3     4     0     2   -68.0   54.108   -2.997      0.0   1020.3    287.8      0.0     70.2
     1     1    14     9     3     3     0     3   -69.0   54.035   -2.869      0.0   1017.5    287.2      0.0     71.0
     1     1    14     9     3     2     0     2   -70.0   53.969   -2.748      0.0   1013.9    286.6      0.0     72.6
     1     1    14     9     3     1     0     1   -71.0   53.913   -2.636      0.0   1010.3    286.0      0.0     74.5
     1     1    14     9     3     0     0     0   -72.0   53.863   -2.529      0.0   1007.1    285.4      0.0     76.3
