     7     1
    GDAS    14     8    22     0     0
    GDAS    14     8    29     0     0
    GDAS    14     9     1     0     0
    GDAS    14     9     8     0     0
    GDAS    14     9    15     0     0
    GDAS    14     9    22     0     0
    GDAS    14     9    29     0     0
     1 BACKWARD OMEGA   
    14     9    14    23   56.467   -2.973   100.0
     4 PRESSURE AIR_TEMP RAINFALL RELHUMID
     1     1    14     9    14    23     0     1     0.0   56.467   -2.973    100.0    984.0    283.5      0.0     98.8
     1     1    14     9    14    22     0     2    -1.0   56.517   -2.748     54.4    996.8    284.2      0.0     96.7
     1     1    14     9    14    21     0     3    -2.0   56.561   -2.537     29.2   1005.1    284.7      0.0     94.5
     1     1    14     9    14    20     0     2    -3.0   56.604   -2.322     16.0   1012.9    285.3      0.0     92.2
     1     1    14     9    14    19     0     1    -4.0   56.649   -2.092      8.8   1020.7    285.9      0.0     90.2
     1     1    14     9    14    18     0     0    -5.0   56.694   -1.847      6.0   1024.6    286.3      0.0     88.7
     1     1    14     9    14    17     0     1    -6.0   56.737   -1.585      4.6   1025.3    286.5      0.0     86.9
     1     1    14     9    14    16     0     2    -7.0   56.776   -1.314      3.9   1025.5    286.6      0.0     85.8
     1     1    14     9    14    15     0     3    -8.0   56.814   -1.042      3.9   1025.1    286.7      0.0     85.4
     1     1    14     9    14    14     0     2    -9.0   56.847   -0.772      4.1   1026.5    286.6      0.0     87.2
     1     1    14     9    14    13     0     1   -10.0   56.869   -0.507      4.3   1028.0    286.6      0.0     89.1
     1     1    14     9    14    12     0     0   -11.0   56.880   -0.247      4.4   1029.5    286.6      0.0     91.0
     1     1    14     9    14    11     0     1   -12.0   56.902    0.025      4.5   1028.8    286.7      0.0     85.8
     1     1    14     9    14    10     0     2   -13.0   56.944    0.309      4.8   1028.0    286.9      0.0     87.5
     1     1    14     9    14     9     0     3   -14.0   56.993    0.587      5.2   1027.0    287.0      0.0     88.3
     1     1    14     9    14     8     0     2   -15.0   57.046    0.860      5.6   1027.4    287.1      0.0     88.5
     1     1    14     9    14     7     0     1   -16.0   57.100    1.127      5.9   1027.7    287.2      0.0     89.4
     1     1    14     9    14     6     0     0   -17.0   57.154    1.382      6.0   1028.0    287.2      0.0     89.4
     1     1    14     9    14     5     0     1   -18.0   57.213    1.626      6.0   1028.2    287.3      0.0     88.0
     1     1    14     9    14     4     0     2   -19.0   57.278    1.857      6.0   1028.4    287.4      0.0     87.3
     1     1    14     9    14     3     0     3   -20.0   57.348    2.075      6.0   1028.6    287.5      0.0     87.2
     1     1    14     9    14     2     0     2   -21.0   57.421    2.285      6.0   1028.7    287.6      0.0     86.8
     1     1    14     9    14     1     0     1   -22.0   57.492    2.493      6.0   1028.7    287.7      0.0     86.5
     1     1    14     9    14     0     0     0   -23.0   57.560    2.702      6.0   1028.8    287.7      0.0     86.1
     1     1    14     9    13    23     0     1   -24.0   57.629    2.902      6.0   1029.0    287.8      0.0     85.4
     1     1    14     9    13    22     0     2   -25.0   57.705    3.081      6.0   1029.3    287.9      0.0     84.8
     1     1    14     9    13    21     0     3   -26.0   57.783    3.231      6.0   1029.5    288.0      0.0     84.0
     1     1    14     9    13    20     0     2   -27.0   57.860    3.358      6.0   1029.8    288.0      0.0     83.2
     1     1    14     9    13    19     0     1   -28.0   57.934    3.474      6.0   1030.1    288.1      0.0     82.4
     1     1    14     9    13    18     0     0   -29.0   58.003    3.581      6.0   1030.4    288.1      0.0     81.7
     1     1    14     9    13    17     0     1   -30.0   58.075    3.683      6.1   1030.6    288.2      0.0     81.2
     1     1    14     9    13    16     0     2   -31.0   58.158    3.780      6.2   1030.7    288.2      0.0     80.7
     1     1    14     9    13    15     0     3   -32.0   58.251    3.870      6.5   1030.9    288.2      0.0     80.2
     1     1    14     9    13    14     0     2   -33.0   58.347    3.948      6.7   1030.4    288.1      0.0     79.8
     1     1    14     9    13    13     0     1   -34.0   58.437    4.008      7.1   1030.2    288.1      0.0     79.5
     1     1    14     9    13    12     0     0   -35.0   58.519    4.053      7.4   1030.1    288.1      0.0     79.2
     1     1    14     9    13    11     0     1   -36.0   58.596    4.103      7.9   1029.6    288.1      0.0     79.9
     1     1    14     9    13    10     0     2   -37.0   58.674    4.175      8.5   1028.8    288.2      0.0     80.4
     1     1    14     9    13     9     0     3   -38.0   58.752    4.269      9.0   1027.8    288.2      0.0     80.7
     1     1    14     9    13     8     0     2   -39.0   58.838    4.363      9.6   1028.2    288.2      0.0     79.8
     1     1    14     9    13     7     0     1   -40.0   58.937    4.431     10.1   1028.6    288.2      0.0     78.9
     1     1    14     9    13     6     0     0   -41.0   59.045    4.473     10.4   1029.0    288.1      0.0     78.8
     1     1    14     9    13     5     0     1   -42.0   59.140    4.492     10.8   1028.9    288.1      0.0     79.4
     1     1    14     9    13     4     0     2   -43.0   59.206    4.498     11.1   1028.7    288.1      0.0     79.6
     1     1    14     9    13     3     0     3   -44.0   59.243    4.496     11.3   1028.5    288.1      0.0     79.6
     1     1    14     9    13     2     0     2   -45.0   59.263    4.481     11.5   1028.5    288.1      0.0     79.6
     1     1    14     9    13     1     0     1   -46.0   59.275    4.445     11.8   1028.5    288.1      0.0     79.7
     1     1    14     9    13     0     0     0   -47.0   59.279    4.387     12.1   1028.4    288.1      0.0     79.9
     1     1    14     9    12    23     0     1   -48.0   59.281    4.328     12.5   1027.7    288.1      0.0     78.9
     1     1    14     9    12    22     0     2   -49.0   59.286    4.288     13.0   1027.0    288.0      0.0     78.0
     1     1    14     9    12    21     0     3   -50.0   59.294    4.267     13.6   1026.3    288.0      0.0     76.9
     1     1    14     9    12    20     0     2   -51.0   59.308    4.242     14.2   1026.1    288.0      0.0     77.0
     1     1    14     9    12    19     0     1   -52.0   59.331    4.192     14.5   1026.0    288.0      0.0     77.1
     1     1    14     9    12    18     0     0   -53.0   59.362    4.116     14.7   1026.0    287.9      0.0     77.2
     1     1    14     9    12    17     0     1   -54.0   59.398    4.020     14.9   1025.0    287.9      0.0     76.4
     1     1    14     9    12    16     0     2   -55.0   59.436    3.910     15.5   1024.0    287.9      0.0     76.0
     1     1    14     9    12    15     0     3   -56.0   59.473    3.787     16.6   1023.0    287.8      0.0     76.1
     1     1    14     9    12    14     0     2   -57.0   59.501    3.671     17.9   1022.9    287.7      0.0     77.3
     1     1    14     9    12    13     0     1   -58.0   59.517    3.580     19.1   1022.9    287.7      0.0     78.3
     1     1    14     9    12    12     0     0   -59.0   59.523    3.514     20.1   1022.9    287.6      0.0     79.0
     1     1    14     9    12    11     0     1   -60.0   59.526    3.461     20.9   1023.0    287.6      0.0     80.4
     1     1    14     9    12    10     0     2   -61.0   59.533    3.413     21.7   1023.2    287.6      0.0     81.7
     1     1    14     9    12     9     0     3   -62.0   59.545    3.367     22.6   1023.3    287.6      0.0     82.9
     1     1    14     9    12     8     0     2   -63.0   59.561    3.323     23.6   1023.1    287.5      0.0     83.4
     1     1    14     9    12     7     0     1   -64.0   59.580    3.278     24.4   1022.9    287.5      0.0     83.9
     1     1    14     9    12     6     0     0   -65.0   59.604    3.232     25.1   1022.8    287.4      0.0     84.4
     1     1    14     9    12     5     0     1   -66.0   59.625    3.177     25.5   1022.4    287.4      0.0     84.9
     1     1    14     9    12     4     0     2   -67.0   59.634    3.100     25.5   1022.0    287.3      0.0     85.6
     1     1    14     9    12     3     0     3   -68.0   59.630    3.000     25.0   1021.6    287.3      0.0     86.3
     1     1    14     9    12     2     0     2   -69.0   59.617    2.880     24.2   1022.6    287.3      0.0     85.9
     1     1    14     9    12     1     0     1   -70.0   59.599    2.743     23.5   1023.3    287.2      0.0     85.6
     1     1    14     9    12     0     0     0   -71.0   59.575    2.587     22.9   1023.8    287.1      0.0     85.4
     1     1    14     9    11    23     0     1   -72.0   59.539    2.425     22.6   1023.2    287.2      0.0     84.3
