     7     1
    GDAS    14     8    22     0     0
    GDAS    14     8    29     0     0
    GDAS    14     9     1     0     0
    GDAS    14     9     8     0     0
    GDAS    14     9    15     0     0
    GDAS    14     9    22     0     0
    GDAS    14     9    29     0     0
     1 BACKWARD OMEGA   
    14     9    14     6   56.467   -2.973   100.0
     4 PRESSURE AIR_TEMP RAINFALL RELHUMID
     1     1    14     9    14     6     0     0     0.0   56.467   -2.973    100.0    986.2    282.5      0.0     94.4
     1     1    14     9    14     5     0     1    -1.0   56.426   -2.853     85.4    992.6    283.0      0.0     93.4
     1     1    14     9    14     4     0     2    -2.0   56.391   -2.730     72.9    998.6    283.5      0.0     92.4
     1     1    14     9    14     3     0     3    -3.0   56.357   -2.603     62.7   1004.1    283.9      0.0     91.2
     1     1    14     9    14     2     0     2    -4.0   56.320   -2.469     54.3   1009.3    284.6      0.0     89.3
     1     1    14     9    14     1     0     1    -5.0   56.273   -2.325     47.4   1013.9    285.1      0.0     86.9
     1     1    14     9    14     0     0     0    -6.0   56.215   -2.169     41.8   1018.1    285.7      0.0     84.1
     1     1    14     9    13    23     0     1    -7.0   56.145   -2.001     36.9   1021.8    286.3      0.0     81.3
     1     1    14     9    13    22     0     2    -8.0   56.069   -1.819     33.5   1022.8    286.5      0.0     79.3
     1     1    14     9    13    21     0     3    -9.0   55.993   -1.620     32.1   1023.7    286.6      0.0     77.1
     1     1    14     9    13    20     0     2   -10.0   55.920   -1.416     31.7   1024.0    286.5      0.0     77.4
     1     1    14     9    13    19     0     1   -11.0   55.851   -1.217     31.9   1025.0    286.6      0.0     77.3
     1     1    14     9    13    18     0     0   -12.0   55.780   -1.027     33.7   1026.6    286.7      0.0     77.2
     1     1    14     9    13    17     0     1   -13.0   55.710   -0.844     37.3   1025.7    286.7      0.0     77.2
     1     1    14     9    13    16     0     2   -14.0   55.641   -0.662     42.3   1024.7    286.8      0.0     77.1
     1     1    14     9    13    15     0     3   -15.0   55.576   -0.478     48.9   1023.7    286.8      0.0     76.7
     1     1    14     9    13    14     0     2   -16.0   55.513   -0.301     56.5   1022.9    286.8      0.0     76.9
     1     1    14     9    13    13     0     1   -17.0   55.451   -0.145     64.6   1021.6    286.8      0.0     77.0
     1     1    14     9    13    12     0     0   -18.0   55.408   -0.022     71.2   1020.2    286.8      0.0     77.0
     1     1    14     9    13    11     0     1   -19.0   55.364    0.089     77.6   1019.2    286.6      0.0     85.6
     1     1    14     9    13    10     0     2   -20.0   55.336    0.184     81.3   1018.7    286.7      0.0     87.5
     1     1    14     9    13     9     0     3   -21.0   55.305    0.280     84.3   1018.1    286.8      0.0     89.4
     1     1    14     9    13     8     0     2   -22.0   55.270    0.380     86.9   1018.1    286.8      0.0     89.4
     1     1    14     9    13     7     0     1   -23.0   55.233    0.486     88.9   1018.1    286.8      0.0     89.5
     1     1    14     9    13     6     0     0   -24.0   55.192    0.600     90.3   1018.1    286.8      0.0     89.8
     1     1    14     9    13     5     0     1   -25.0   55.156    0.714     91.0   1017.7    286.8      0.0     89.6
     1     1    14     9    13     4     0     2   -26.0   55.133    0.821     90.9   1017.5    286.8      0.0     89.3
     1     1    14     9    13     3     0     3   -27.0   55.120    0.920     90.6   1017.2    286.9      0.0     88.8
     1     1    14     9    13     2     0     2   -28.0   55.111    1.015     90.5   1016.7    286.9      0.0     88.4
     1     1    14     9    13     1     0     1   -29.0   55.098    1.106     90.5   1016.2    287.0      0.0     88.0
     1     1    14     9    13     0     0     0   -30.0   55.083    1.195     90.5   1015.8    287.0      0.0     87.7
     1     1    14     9    12    23     0     1   -31.0   55.069    1.293     91.5   1015.8    287.2      0.0     88.2
     1     1    14     9    12    22     0     2   -32.0   55.063    1.416     94.6   1015.5    287.3      0.0     88.7
     1     1    14     9    12    21     0     3   -33.0   55.064    1.563    100.0   1014.9    287.4      0.0     89.1
     1     1    14     9    12    20     0     2   -34.0   55.075    1.726    105.7   1014.1    287.4      0.0     89.4
     1     1    14     9    12    19     0     1   -35.0   55.101    1.897    109.2   1013.8    287.4      0.0     89.5
     1     1    14     9    12    18     0     0   -36.0   55.139    2.077    110.4   1013.7    287.4      0.0     89.4
     1     1    14     9    12    17     0     1   -37.0   55.188    2.252    110.4   1013.3    287.5      0.0     88.5
     1     1    14     9    12    16     0     2   -38.0   55.244    2.409    110.4   1012.7    287.5      0.0     87.6
     1     1    14     9    12    15     0     3   -39.0   55.307    2.544    110.4   1012.2    287.6      0.0     86.6
     1     1    14     9    12    14     0     2   -40.0   55.373    2.668    110.4   1012.5    287.5      0.0     86.7
     1     1    14     9    12    13     0     1   -41.0   55.439    2.795    110.4   1012.7    287.5      0.0     86.7
     1     1    14     9    12    12     0     0   -42.0   55.503    2.927    110.4   1012.8    287.5      0.0     86.7
     1     1    14     9    12    11     0     1   -43.0   55.570    3.065    111.4   1012.8    287.5      0.0     87.0
     1     1    14     9    12    10     0     2   -44.0   55.644    3.205    114.2   1012.5    287.5      0.0     87.3
     1     1    14     9    12     9     0     3   -45.0   55.723    3.341    119.0   1012.1    287.5      0.0     87.6
     1     1    14     9    12     8     0     2   -46.0   55.805    3.467    124.0   1011.3    287.4      0.0     87.9
     1     1    14     9    12     7     0     1   -47.0   55.886    3.578    127.1   1011.0    287.4      0.0     88.2
     1     1    14     9    12     6     0     0   -48.0   55.967    3.676    128.2   1010.8    287.4      0.0     88.3
     1     1    14     9    12     5     0     1   -49.0   56.045    3.771    128.3   1010.3    287.5      0.0     87.9
     1     1    14     9    12     4     0     2   -50.0   56.116    3.870    128.6   1009.8    287.6      0.0     87.5
     1     1    14     9    12     3     0     3   -51.0   56.180    3.972    128.8   1009.3    287.7      0.0     87.2
     1     1    14     9    12     2     0     2   -52.0   56.240    4.078    128.8   1009.8    287.7      0.0     86.5
     1     1    14     9    12     1     0     1   -53.0   56.295    4.186    128.8   1010.3    287.6      0.0     85.9
     1     1    14     9    12     0     0     0   -54.0   56.346    4.298    128.8   1010.7    287.6      0.0     85.4
     1     1    14     9    11    23     0     1   -55.0   56.400    4.409    128.8   1010.3    287.8      0.0     85.0
     1     1    14     9    11    22     0     2   -56.0   56.464    4.512    128.8   1009.8    287.9      0.0     84.5
     1     1    14     9    11    21     0     3   -57.0   56.535    4.604    128.8   1009.3    288.0      0.0     84.0
     1     1    14     9    11    20     0     2   -58.0   56.607    4.685    128.8   1009.1    288.1      0.0     83.4
     1     1    14     9    11    19     0     1   -59.0   56.671    4.755    128.8   1009.0    288.1      0.0     82.7
     1     1    14     9    11    18     0     0   -60.0   56.727    4.817    128.8   1008.8    288.2      0.0     82.1
     1     1    14     9    11    17     0     1   -61.0   56.775    4.889    127.9   1008.5    288.3      0.0     82.0
     1     1    14     9    11    16     0     2   -62.0   56.815    4.991    125.3   1008.5    288.4      0.0     82.0
     1     1    14     9    11    15     0     3   -63.0   56.849    5.128    121.1   1008.7    288.5      0.0     82.0
     1     1    14     9    11    14     0     2   -64.0   56.883    5.291    116.2   1009.4    288.6      0.0     81.6
     1     1    14     9    11    13     0     1   -65.0   56.919    5.474    111.5   1010.2    288.7      0.0     81.5
     1     1    14     9    11    12     0     0   -66.0   56.958    5.682    107.0   1011.3    288.7      0.0     81.7
     1     1    14     9    11    11     0     1   -67.0   57.001    5.911    103.3   1011.4    288.8      0.0     81.9
     1     1    14     9    11    10     0     2   -68.0   57.051    6.145    101.6   1010.8    288.8      0.0     81.6
     1     1    14     9    11     9     0     3   -69.0   57.109    6.375    102.3   1009.7    288.8      0.0     81.4
     1     1    14     9    11     8     0     2   -70.0   57.171    6.608    104.6   1008.9    288.7      0.0     80.6
     1     1    14     9    11     7     0     1   -71.0   57.236    6.852    108.2   1007.6    288.6      0.0     79.8
     1     1    14     9    11     6     0     0   -72.0   57.306    7.110    115.2   1006.0    288.3      0.0     79.4
