     7     1
    GDAS    14     8    22     0     0
    GDAS    14     8    29     0     0
    GDAS    14     9     1     0     0
    GDAS    14     9     8     0     0
    GDAS    14     9    15     0     0
    GDAS    14     9    22     0     0
    GDAS    14     9    29     0     0
     1 BACKWARD OMEGA   
    14     9    19     4   56.467   -2.973   100.0
     4 PRESSURE AIR_TEMP RAINFALL RELHUMID
     1     1    14     9    19     4     0     2     0.0   56.467   -2.973    100.0    971.9    284.5      0.0     97.6
     1     1    14     9    19     3     0     3    -1.0   56.450   -2.863     95.1    975.9    284.9      0.0     98.3
     1     1    14     9    19     2     0     2    -2.0   56.433   -2.745     88.0    980.7    285.2      0.0     97.7
     1     1    14     9    19     1     0     1    -3.0   56.414   -2.615     79.0    985.9    285.5      0.0     97.1
     1     1    14     9    19     0     0     0    -4.0   56.391   -2.474     68.8    991.5    285.9      0.0     96.6
     1     1    14     9    18    23     0     1    -5.0   56.367   -2.322     59.2    997.3    286.2      0.0     96.0
     1     1    14     9    18    22     0     2    -6.0   56.339   -2.160     51.5   1002.5    286.5      0.0     95.5
     1     1    14     9    18    21     0     3    -7.0   56.305   -1.987     46.2   1007.0    286.7      0.0     95.0
     1     1    14     9    18    20     0     2    -8.0   56.267   -1.792     42.5   1007.7    286.7      0.0     94.7
     1     1    14     9    18    19     0     1    -9.0   56.229   -1.568     39.6   1008.4    286.8      0.0     94.4
     1     1    14     9    18    18     0     0   -10.0   56.188   -1.322     38.6   1008.5    286.8      0.0     93.9
     1     1    14     9    18    17     0     1   -11.0   56.140   -1.065     39.8   1008.7    286.9      0.0     93.6
     1     1    14     9    18    16     0     2   -12.0   56.085   -0.808     41.7   1008.5    287.1      0.0     93.6
     1     1    14     9    18    15     0     3   -13.0   56.024   -0.561     42.6   1008.3    287.2      0.0     93.8
     1     1    14     9    18    14     0     2   -14.0   55.954   -0.308     41.8   1008.6    287.2      0.0     93.4
     1     1    14     9    18    13     0     1   -15.0   55.876   -0.032     39.8   1009.0    287.2      0.0     92.9
     1     1    14     9    18    12     0     0   -16.0   55.800    0.320     38.8   1009.6    287.4      0.0     89.7
     1     1    14     9    18    11     0     1   -17.0   55.739    0.747     39.1   1009.6    287.6      0.0     89.3
     1     1    14     9    18    10     0     2   -18.0   55.692    1.191     39.2   1009.9    287.7      0.0     88.7
     1     1    14     9    18     9     0     3   -19.0   55.663    1.662     39.2   1010.1    287.9      0.0     87.8
     1     1    14     9    18     8     0     2   -20.0   55.647    2.149     38.8   1010.0    288.0      0.0     86.9
     1     1    14     9    18     7     0     1   -21.0   55.640    2.639     37.8   1010.4    288.2      0.0     86.2
     1     1    14     9    18     6     0     0   -22.0   55.645    3.127     36.8   1010.9    288.4      0.0     85.6
     1     1    14     9    18     5     0     1   -23.0   55.658    3.623     36.2   1011.1    288.6      0.0     83.8
     1     1    14     9    18     4     0     2   -24.0   55.667    4.137     36.0   1011.1    288.8      0.0     82.1
     1     1    14     9    18     3     0     3   -25.0   55.673    4.668     36.0   1011.2    288.9      0.0     80.4
     1     1    14     9    18     2     0     2   -26.0   55.673    5.213     36.1   1011.3    289.2      0.0     78.2
     1     1    14     9    18     1     0     1   -27.0   55.668    5.767     36.3   1011.5    289.4      0.0     75.9
     1     1    14     9    18     0     0     0   -28.0   55.653    6.327     36.4   1011.6    289.4      0.0     73.5
     1     1    14     9    17    23     0     1   -29.0   55.629    6.891     36.4   1012.4    289.6      0.0     72.0
     1     1    14     9    17    22     0     2   -30.0   55.603    7.443     37.7   1013.0    289.6      0.0     71.1
     1     1    14     9    17    21     0     3   -31.0   55.580    7.973     42.5   1013.2    289.7      0.0     68.5
     1     1    14     9    17    20     0     2   -32.0   55.569    8.455     52.1   1010.1    288.8      0.0     70.9
     1     1    14     9    17    19     0     1   -33.0   55.577    8.887     68.6   1005.8    288.3      0.0     72.4
     1     1    14     9    17    18     0     0   -34.0   55.590    9.322     85.4   1002.9    288.9      0.0     71.4
     1     1    14     9    17    17     0     1   -35.0   55.601    9.749     86.6   1003.6    289.8      0.0     69.0
     1     1    14     9    17    16     0     2   -36.0   55.608   10.137     76.5   1006.9    290.4      0.0     67.0
     1     1    14     9    17    15     0     3   -37.0   55.616   10.492     68.0   1009.8    290.7      0.0     64.5
     1     1    14     9    17    14     0     2   -38.0   55.623   10.828     65.4   1011.6    290.2      0.0     67.3
     1     1    14     9    17    13     0     1   -39.0   55.624   11.149     66.5   1012.2    290.1      0.0     69.4
     1     1    14     9    17    12     0     0   -40.0   55.610   11.450     67.8   1012.2    290.4      0.0     69.6
     1     1    14     9    17    11     0     1   -41.0   55.584   11.741     66.9   1012.1    290.3      0.0     71.8
     1     1    14     9    17    10     0     2   -42.0   55.548   12.039     63.8   1012.2    290.3      0.0     74.9
     1     1    14     9    17     9     0     3   -43.0   55.502   12.352     61.4   1012.1    290.3      0.0     77.0
     1     1    14     9    17     8     0     2   -44.0   55.445   12.684     62.2   1011.5    289.7      0.0     77.7
     1     1    14     9    17     7     0     1   -45.0   55.382   13.024     66.6   1010.4    288.8      0.0     79.1
     1     1    14     9    17     6     0     0   -46.0   55.311   13.359     70.1   1009.9    288.4      0.0     80.4
     1     1    14     9    17     5     0     1   -47.0   55.237   13.681     67.9   1011.4    288.8      0.0     76.7
     1     1    14     9    17     4     0     2   -48.0   55.161   13.990     60.9   1013.3    289.2      0.0     72.3
     1     1    14     9    17     3     0     3   -49.0   55.081   14.284     53.4   1015.4    289.7      0.0     67.6
     1     1    14     9    17     2     0     2   -50.0   54.987   14.582     48.2   1016.2    289.9      0.0     64.5
     1     1    14     9    17     1     0     1   -51.0   54.874   14.894     45.2   1016.2    289.7      0.0     62.8
     1     1    14     9    17     0     0     0   -52.0   54.746   15.211     44.8   1016.0    289.5      0.0     61.4
     1     1    14     9    16    23     0     1   -53.0   54.622   15.531     49.5   1015.3    289.1      0.0     60.4
     1     1    14     9    16    22     0     2   -54.0   54.514   15.856     60.5   1013.1    288.9      0.0     59.1
     1     1    14     9    16    21     0     3   -55.0   54.416   16.192     77.4   1008.2    289.0      0.0     58.1
     1     1    14     9    16    20     0     2   -56.0   54.326   16.538     97.0   1001.8    289.2      0.0     57.5
     1     1    14     9    16    19     0     1   -57.0   54.243   16.892    115.0    995.3    289.4      0.0     55.9
     1     1    14     9    16    18     0     0   -58.0   54.171   17.248    125.6    991.6    289.8      0.0     53.8
     1     1    14     9    16    17     0     1   -59.0   54.110   17.577    124.5    990.4    290.4      0.0     50.7
     1     1    14     9    16    16     0     2   -60.0   54.054   17.859    113.6    990.4    291.1      0.0     46.9
     1     1    14     9    16    15     0     3   -61.0   53.998   18.098     97.8    992.7    292.3      0.0     41.5
     1     1    14     9    16    14     0     2   -62.0   53.939   18.309     82.4    998.6    292.7      0.0     41.3
     1     1    14     9    16    13     0     1   -63.0   53.874   18.503     69.7   1003.4    293.3      0.0     41.4
     1     1    14     9    16    12     0     0   -64.0   53.803   18.680     60.1   1007.1    294.1      0.0     41.7
     1     1    14     9    16    11     0     1   -65.0   53.734   18.853     54.7   1009.8    293.5      0.0     45.5
     1     1    14     9    16    10     0     2   -66.0   53.680   19.032     53.3   1011.0    292.6      0.0     49.3
     1     1    14     9    16     9     0     3   -67.0   53.637   19.222     53.7   1009.3    291.2      0.0     53.0
     1     1    14     9    16     8     0     2   -68.0   53.595   19.429     55.2   1007.6    288.9      0.0     58.4
     1     1    14     9    16     7     0     1   -69.0   53.547   19.653     58.2   1005.5    286.6      0.0     64.8
     1     1    14     9    16     6     0     0   -70.0   53.492   19.897     63.8   1002.9    284.4      0.0     72.1
     1     1    14     9    16     5     0     1   -71.0   53.436   20.150     71.5   1000.6    283.9      0.0     73.3
     1     1    14     9    16     4     0     2   -72.0   53.382   20.401     77.5    999.4    283.6      0.0     74.5
