     7     1
    GDAS    14     8    22     0     0
    GDAS    14     8    29     0     0
    GDAS    14     9     1     0     0
    GDAS    14     9     8     0     0
    GDAS    14     9    15     0     0
    GDAS    14     9    22     0     0
    GDAS    14     9    29     0     0
     1 BACKWARD OMEGA   
    14     9     8    23   56.467   -2.973   100.0
     4 PRESSURE AIR_TEMP RAINFALL RELHUMID
     1     1    14     9     8    23     0     1     0.0   56.467   -2.973    100.0    977.9    283.8      0.0     78.7
     1     1    14     9     8    22     0     2    -1.0   56.459   -3.037    109.1    976.0    284.0      0.0     78.4
     1     1    14     9     8    21     0     3    -2.0   56.460   -3.107    116.9    974.5    284.2      0.0     78.1
     1     1    14     9     8    20     0     2    -3.0   56.470   -3.182    124.6    972.8    284.4      0.0     77.8
     1     1    14     9     8    19     0     1    -4.0   56.490   -3.256    134.0    970.4    284.5      0.0     77.6
     1     1    14     9     8    18     0     0    -5.0   56.518   -3.331    144.5    967.2    284.5      0.0     77.7
     1     1    14     9     8    17     0     1    -6.0   56.565   -3.416    155.3    962.9    284.4      0.0     76.8
     1     1    14     9     8    16     0     2    -7.0   56.637   -3.520    166.7    957.3    284.0      0.0     76.2
     1     1    14     9     8    15     0     3    -8.0   56.735   -3.645    181.8    949.8    283.5      0.0     75.8
     1     1    14     9     8    14     0     2    -9.0   56.845   -3.790    196.5    940.4    282.4      0.0     78.4
     1     1    14     9     8    13     0     1   -10.0   56.948   -3.956    198.3    931.9    281.4      0.0     80.8
     1     1    14     9     8    12     0     0   -11.0   57.040   -4.137    186.9    934.7    281.4      0.0     81.5
     1     1    14     9     8    11     0     1   -12.0   57.124   -4.314    178.2    942.9    281.5      0.0     84.2
     1     1    14     9     8    10     0     2   -13.0   57.205   -4.477    179.0    947.1    281.3      0.0     87.7
     1     1    14     9     8     9     0     3   -14.0   57.282   -4.628    182.9    949.8    281.0      0.0     91.0
     1     1    14     9     8     8     0     2   -15.0   57.363   -4.771    180.2    952.3    281.0      0.0     93.1
     1     1    14     9     8     7     0     1   -16.0   57.451   -4.905    161.2    956.5    281.1      0.0     94.8
     1     1    14     9     8     6     0     0   -17.0   57.541   -5.028    124.6    963.9    281.5      0.0     96.1
     1     1    14     9     8     5     0     1   -18.0   57.634   -5.155     83.6    975.6    282.3      0.0     94.9
     1     1    14     9     8     4     0     2   -19.0   57.738   -5.296     49.6    986.5    283.2      0.0     93.4
     1     1    14     9     8     3     0     3   -20.0   57.858   -5.446     26.7    996.2    284.2      0.0     91.8
     1     1    14     9     8     2     0     2   -21.0   58.000   -5.606     12.9   1005.1    285.1      0.0     90.1
     1     1    14     9     8     1     0     1   -22.0   58.165   -5.780      5.7   1012.5    285.8      0.0     88.2
     1     1    14     9     8     0     0     0   -23.0   58.357   -5.977      2.4   1018.6    286.3      0.0     87.1
     1     1    14     9     7    23     0     1   -24.0   58.563   -6.191      0.8   1018.5    286.2      0.0     86.6
     1     1    14     9     7    22     0     2   -25.0   58.772   -6.411      0.3   1017.9    286.2      0.0     86.5
     1     1    14     9     7    21     0     3   -26.0   58.990   -6.636      0.5   1017.6    286.2      0.0     87.0
     1     1    14     9     7    20     0     2   -27.0   59.216   -6.864      1.0   1017.3    286.0      0.0     87.4
     1     1    14     9     7    19     0     1   -28.0   59.443   -7.097      1.4   1017.0    285.8      0.0     87.9
     1     1    14     9     7    18     0     0   -29.0   59.669   -7.344      1.8   1016.7    285.7      0.0     88.1
     1     1    14     9     7    17     0     1   -30.0   59.887   -7.617      2.1   1017.0    285.8      0.0     88.2
     1     1    14     9     7    16     0     2   -31.0   60.086   -7.919      2.4   1018.0    285.8      0.0     89.0
     1     1    14     9     7    15     0     3   -32.0   60.266   -8.240      2.7   1018.9    285.8      0.0     90.0
     1     1    14     9     7    14     0     2   -33.0   60.425   -8.554      3.0   1018.5    285.7      0.0     90.7
     1     1    14     9     7    13     0     1   -34.0   60.562   -8.848      3.2   1018.1    285.6      0.0     92.1
     1     1    14     9     7    12     0     0   -35.0   60.680   -9.132      3.2   1017.7    285.5      0.0     93.5
     1     1    14     9     7    11     0     1   -36.0   60.790   -9.405      3.1   1017.5    285.5      0.0     92.1
     1     1    14     9     7    10     0     2   -37.0   60.901   -9.671      3.3   1017.4    285.5      0.0     90.4
     1     1    14     9     7     9     0     3   -38.0   61.012   -9.936      3.7   1017.2    285.6      0.0     88.2
     1     1    14     9     7     8     0     2   -39.0   61.118  -10.210      4.2   1018.0    285.5      0.0     88.7
     1     1    14     9     7     7     0     1   -40.0   61.215  -10.492      4.5   1018.7    285.4      0.0     89.2
     1     1    14     9     7     6     0     0   -41.0   61.305  -10.783      4.8   1019.5    285.4      0.0     89.7
     1     1    14     9     7     5     0     1   -42.0   61.382  -11.091      5.1   1019.6    285.3      0.0     90.0
     1     1    14     9     7     4     0     2   -43.0   61.445  -11.417      5.2   1019.6    285.3      0.0     90.0
     1     1    14     9     7     3     0     3   -44.0   61.495  -11.767      5.0   1019.7    285.3      0.0     89.8
     1     1    14     9     7     2     0     2   -45.0   61.533  -12.133      4.8   1019.5    285.4      0.0     89.6
     1     1    14     9     7     1     0     1   -46.0   61.555  -12.503      4.7   1019.4    285.4      0.0     89.7
     1     1    14     9     7     0     0     0   -47.0   61.565  -12.873      4.6   1019.2    285.4      0.0     90.2
     1     1    14     9     6    23     0     1   -48.0   61.572  -13.249      4.6   1019.5    285.4      0.0     89.5
     1     1    14     9     6    22     0     2   -49.0   61.585  -13.635      4.6   1019.7    285.5      0.0     89.1
     1     1    14     9     6    21     0     3   -50.0   61.604  -14.034      4.6   1020.0    285.6      0.0     89.3
     1     1    14     9     6    20     0     2   -51.0   61.622  -14.458      4.7   1019.3    285.6      0.0     88.5
     1     1    14     9     6    19     0     1   -52.0   61.633  -14.911      5.0   1018.5    285.6      0.0     88.5
     1     1    14     9     6    18     0     0   -53.0   61.639  -15.386      5.3   1017.7    285.6      0.0     88.9
     1     1    14     9     6    17     0     1   -54.0   61.636  -15.860      5.5   1017.5    285.6      0.0     88.2
     1     1    14     9     6    16     0     2   -55.0   61.625  -16.322      5.6   1017.3    285.7      0.0     88.0
     1     1    14     9     6    15     0     3   -56.0   61.610  -16.783      5.7   1017.1    285.6      0.0     87.7
     1     1    14     9     6    14     0     2   -57.0   61.583  -17.240      6.0   1017.2    285.5      0.0     88.0
     1     1    14     9     6    13     0     1   -58.0   61.536  -17.679      6.2   1017.4    285.5      0.0     88.5
     1     1    14     9     6    12     0     0   -59.0   61.472  -18.097      6.2   1017.5    285.5      0.0     88.9
     1     1    14     9     6    11     0     1   -60.0   61.395  -18.487      6.2   1018.1    285.5      0.0     88.6
     1     1    14     9     6    10     0     2   -61.0   61.311  -18.842      6.2   1018.7    285.4      0.0     88.8
     1     1    14     9     6     9     0     3   -62.0   61.220  -19.172      6.2   1019.2    285.4      0.0     89.5
     1     1    14     9     6     8     0     2   -63.0   61.128  -19.501      6.2   1018.6    285.4      0.0     89.3
     1     1    14     9     6     7     0     1   -64.0   61.034  -19.849      6.2   1017.5    285.4      0.0     89.3
     1     1    14     9     6     6     0     0   -65.0   60.938  -20.211      6.2   1016.3    285.4      0.0     89.4
     1     1    14     9     6     5     0     1   -66.0   60.833  -20.582      6.2   1017.0    285.4      0.0     88.7
     1     1    14     9     6     4     0     2   -67.0   60.709  -20.961      6.2   1017.8    285.4      0.0     87.3
     1     1    14     9     6     3     0     3   -68.0   60.561  -21.337      6.2   1018.1    285.3      0.0     86.4
     1     1    14     9     6     2     0     2   -69.0   60.395  -21.689      6.3   1018.4    285.4      0.0     87.2
     1     1    14     9     6     1     0     1   -70.0   60.227  -22.005      6.6   1019.2    285.5      0.0     87.2
     1     1    14     9     6     0     0     0   -71.0   60.059  -22.289      7.3   1020.0    285.6      0.0     87.7
     1     1    14     9     5    23     0     1   -72.0   59.896  -22.552      7.9   1019.6    285.6      0.0     88.4
