     7     1
    GDAS    14     8    22     0     0
    GDAS    14     8    29     0     0
    GDAS    14     9     1     0     0
    GDAS    14     9     8     0     0
    GDAS    14     9    15     0     0
    GDAS    14     9    22     0     0
    GDAS    14     9    29     0     0
     1 BACKWARD OMEGA   
    14     9     2    12   56.467   -2.973   100.0
     4 PRESSURE AIR_TEMP RAINFALL RELHUMID
     1     1    14     9     2    12     0     0     0.0   56.467   -2.973    100.0    980.8    287.6      0.0     73.6
     1     1    14     9     2    11     0     1    -1.0   56.426   -3.060    106.4    980.5    286.6      0.0     76.0
     1     1    14     9     2    10     0     2    -2.0   56.384   -3.160    115.7    980.3    285.7      0.0     78.4
     1     1    14     9     2     9     0     3    -3.0   56.342   -3.272    127.8    979.8    284.8      0.0     80.8
     1     1    14     9     2     8     0     2    -4.0   56.304   -3.401    143.1    978.9    284.1      0.0     83.1
     1     1    14     9     2     7     0     1    -5.0   56.273   -3.555    160.2    976.8    283.6      0.0     85.5
     1     1    14     9     2     6     0     0    -6.0   56.250   -3.732    175.6    974.7    283.1      0.0     87.9
     1     1    14     9     2     5     0     1    -7.0   56.234   -3.922    188.5    973.1    283.3      0.0     88.1
     1     1    14     9     2     4     0     2    -8.0   56.220   -4.110    202.2    971.9    283.5      0.0     88.3
     1     1    14     9     2     3     0     3    -9.0   56.207   -4.288    218.9    970.3    283.6      0.0     88.6
     1     1    14     9     2     2     0     2   -10.0   56.196   -4.463    239.6    968.1    283.7      0.0     89.5
     1     1    14     9     2     1     0     1   -11.0   56.187   -4.646    264.9    965.4    283.8      0.0     90.5
     1     1    14     9     2     0     0     0   -12.0   56.180   -4.836    294.8    961.3    283.6      0.0     91.7
     1     1    14     9     1    23     0     1   -13.0   56.180   -5.046    324.3    957.6    283.5      0.0     93.4
     1     1    14     9     1    22     0     2   -14.0   56.182   -5.294    342.5    960.0    283.9      0.0     93.3
     1     1    14     9     1    21     0     3   -15.0   56.184   -5.591    340.0    966.3    284.5      0.0     92.7
     1     1    14     9     1    20     0     2   -16.0   56.173   -5.935    311.1    976.6    285.2      0.0     90.4
     1     1    14     9     1    19     0     1   -17.0   56.137   -6.328    273.5    986.6    285.9      0.0     88.4
     1     1    14     9     1    18     0     0   -18.0   56.075   -6.791    261.0    990.9    286.3      0.0     87.0
     1     1    14     9     1    17     0     1   -19.0   55.983   -7.315    273.1    988.7    286.3      0.0     86.9
     1     1    14     9     1    16     0     2   -20.0   55.863   -7.840    286.0    984.0    286.0      0.0     87.5
     1     1    14     9     1    15     0     3   -21.0   55.729   -8.346    291.9    982.5    286.0      0.0     87.5
     1     1    14     9     1    14     0     2   -22.0   55.593   -8.844    290.6    984.1    286.1      0.0     86.7
     1     1    14     9     1    13     0     1   -23.0   55.457   -9.334    285.0    986.0    286.2      0.0     85.9
     1     1    14     9     1    12     0     0   -24.0   55.323   -9.820    281.9    986.6    286.4      0.0     84.5
     1     1    14     9     1    11     0     1   -25.0   55.201  -10.315    285.2    986.0    286.4      0.0     83.0
     1     1    14     9     1    10     0     2   -26.0   55.095  -10.822    295.9    984.4    286.3      0.0     81.2
     1     1    14     9     1     9     0     3   -27.0   55.004  -11.334    313.9    981.9    286.1      0.0     80.0
     1     1    14     9     1     8     0     2   -28.0   54.928  -11.852    336.8    978.5    285.9      0.0     80.9
     1     1    14     9     1     7     0     1   -29.0   54.865  -12.383    359.6    975.1    285.7      0.0     81.4
     1     1    14     9     1     6     0     0   -30.0   54.813  -12.940    378.4    972.4    285.6      0.0     81.0
     1     1    14     9     1     5     0     1   -31.0   54.761  -13.536    392.0    970.7    285.4      0.0     81.8
     1     1    14     9     1     4     0     2   -32.0   54.701  -14.180    402.6    969.7    285.2      0.0     81.8
     1     1    14     9     1     3     0     3   -33.0   54.634  -14.872    410.1    968.5    284.9      0.0     84.3
     1     1    14     9     1     2     0     2   -34.0   54.554  -15.598    417.5    968.1    284.9      0.0     84.1
     1     1    14     9     1     1     0     1   -35.0   54.462  -16.343    433.3    966.5    284.8      0.0     83.9
     1     1    14     9     1     0     0     0   -36.0   54.360  -17.097    456.3    962.9    284.6      0.0     85.2
     1     1    14     8    31    23     0     1   -37.0   54.256  -17.845    482.7    959.4    284.1      0.0     85.4
     1     1    14     8    31    22     0     2   -38.0   54.157  -18.580    510.8    955.9    283.6      0.0     85.5
     1     1    14     8    31    21     0     3   -39.0   54.067  -19.314    538.0    952.2    283.0      0.0     85.5
     1     1    14     8    31    20     0     2   -40.0   53.989  -20.065    560.0    948.9    282.8      0.0     86.3
     1     1    14     8    31    19     0     1   -41.0   53.917  -20.847    575.7    947.0    282.6      0.0     86.6
     1     1    14     8    31    18     0     0   -42.0   53.850  -21.662    590.0    944.9    282.5      0.0     86.4
     1     1    14     8    31    17     0     1   -43.0   53.784  -22.507    605.9    943.1    282.3      0.0     86.0
     1     1    14     8    31    16     0     2   -44.0   53.716  -23.374    627.8    940.5    281.9      0.0     85.2
     1     1    14     8    31    15     0     3   -45.0   53.651  -24.277    648.2    937.8    281.6      0.0     83.1
     1     1    14     8    31    14     0     2   -46.0   53.602  -25.238    661.3    935.7    281.4      0.0     82.9
     1     1    14     8    31    13     0     1   -47.0   53.561  -26.235    675.5    933.9    281.2      0.0     83.5
     1     1    14     8    31    12     0     0   -48.0   53.521  -27.262    717.2    928.8    280.8      0.0     84.2
     1     1    14     8    31    11     0     1   -49.0   53.486  -28.303    770.4    921.8    280.1      0.0     84.6
     1     1    14     8    31    10     0     2   -50.0   53.461  -29.322    817.6    916.3    279.5      0.0     86.3
     1     1    14     8    31     9     0     3   -51.0   53.426  -30.302    865.8    911.0    278.7      0.0     91.6
     1     1    14     8    31     8     0     2   -52.0   53.400  -31.255    909.6    905.1    278.4      0.0     90.4
     1     1    14     8    31     7     0     1   -53.0   53.416  -32.199    943.1    900.6    278.3      0.0     88.7
     1     1    14     8    31     6     0     0   -54.0   53.444  -33.130    963.1    897.8    278.0      0.0     90.0
     1     1    14     8    31     5     0     1   -55.0   53.495  -34.055    981.5    895.1    277.8      0.0     87.8
     1     1    14     8    31     4     0     2   -56.0   53.605  -34.954   1001.0    892.4    277.5      0.0     85.5
     1     1    14     8    31     3     0     3   -57.0   53.742  -35.803   1032.0    888.6    277.2      0.0     81.4
     1     1    14     8    31     2     0     2   -58.0   53.882  -36.626   1066.2    883.8    276.9      0.0     83.6
     1     1    14     8    31     1     0     1   -59.0   54.053  -37.440   1099.6    880.0    276.6      0.0     83.6
     1     1    14     8    31     0     0     0   -60.0   54.249  -38.198   1152.4    874.0    276.2      0.0     81.9
     1     1    14     8    30    23     0     1   -61.0   54.463  -38.900   1214.0    866.2    275.6      0.0     82.8
     1     1    14     8    30    22     0     2   -62.0   54.714  -39.562   1268.8    858.9    275.3      0.0     80.9
     1     1    14     8    30    21     0     3   -63.0   54.997  -40.192   1312.3    853.8    275.1      0.0     77.1
     1     1    14     8    30    20     0     2   -64.0   55.299  -40.775   1349.5    849.3    275.0      0.0     73.5
     1     1    14     8    30    19     0     1   -65.0   55.616  -41.304   1383.9    844.8    274.8      0.0     73.9
     1     1    14     8    30    18     0     0   -66.0   55.931  -41.787   1414.2    841.0    274.6      0.0     72.4
     1     1    14     8    30    17     0     1   -67.0   56.231  -42.200   1448.7    838.0    274.2      0.0     72.9
     1     1    14     8    30    16     0     2   -68.0   56.521  -42.515   1495.7    832.9    273.6      0.0     76.1
     1     1    14     8    30    15     0     3   -69.0   56.815  -42.735   1551.6    826.2    272.8      0.0     81.6
     1     1    14     8    30    14     0     2   -70.0   57.115  -42.891   1613.0    819.9    272.3      0.0     82.8
     1     1    14     8    30    13     0     1   -71.0   57.423  -43.012   1675.1    813.0    271.7      0.0     83.9
     1     1    14     8    30    12     0     0   -72.0   57.739  -43.105   1725.1    807.4    271.2      0.0     88.3
