     7     1
    GDAS    14     8    22     0     0
    GDAS    14     8    29     0     0
    GDAS    14     9     1     0     0
    GDAS    14     9     8     0     0
    GDAS    14     9    15     0     0
    GDAS    14     9    22     0     0
    GDAS    14     9    29     0     0
     1 BACKWARD OMEGA   
    14     9     6    10   56.467   -2.973   100.0
     4 PRESSURE AIR_TEMP RAINFALL RELHUMID
     1     1    14     9     6    10     0     2     0.0   56.467   -2.973    100.0    972.7    284.2      0.0     80.0
     1     1    14     9     6     9     0     3    -1.0   56.434   -3.113    124.5    969.7    283.3      0.0     83.3
     1     1    14     9     6     8     0     2    -2.0   56.401   -3.233    147.8    967.5    282.4      0.0     85.5
     1     1    14     9     6     7     0     1    -3.0   56.378   -3.325    170.7    964.9    281.7      0.0     87.3
     1     1    14     9     6     6     0     0    -4.0   56.362   -3.383    193.4    962.5    281.1      0.0     88.5
     1     1    14     9     6     5     0     1    -5.0   56.358   -3.421    216.3    959.8    281.3      0.0     88.7
     1     1    14     9     6     4     0     2    -6.0   56.369   -3.456    239.1    956.8    281.4      0.0     89.0
     1     1    14     9     6     3     0     3    -7.0   56.393   -3.494    262.4    953.2    281.6      0.0     89.3
     1     1    14     9     6     2     0     2    -8.0   56.433   -3.532    284.4    948.4    281.4      0.0     90.1
     1     1    14     9     6     1     0     1    -9.0   56.486   -3.564    304.0    943.7    281.3      0.0     90.7
     1     1    14     9     6     0     0     0   -10.0   56.549   -3.592    322.1    938.9    281.1      0.0     91.2
     1     1    14     9     5    23     0     1   -11.0   56.616   -3.620    336.6    933.9    281.1      0.0     91.5
     1     1    14     9     5    22     0     2   -12.0   56.684   -3.647    344.7    929.9    281.1      0.0     92.0
     1     1    14     9     5    21     0     3   -13.0   56.758   -3.665    346.6    926.3    281.1      0.0     92.6
     1     1    14     9     5    20     0     2   -14.0   56.839   -3.674    337.4    923.1    281.1      0.2     92.1
     1     1    14     9     5    19     0     1   -15.0   56.925   -3.673    311.2    922.1    281.2      0.3     91.4
     1     1    14     9     5    18     0     0   -16.0   57.019   -3.651    269.0    925.3    281.6      0.3     90.3
     1     1    14     9     5    17     0     1   -17.0   57.108   -3.637    225.8    936.2    282.7      0.0     88.4
     1     1    14     9     5    16     0     2   -18.0   57.188   -3.663    193.0    943.5    283.6      0.0     86.0
     1     1    14     9     5    15     0     3   -19.0   57.263   -3.723    172.5    948.8    284.5      0.0     82.8
     1     1    14     9     5    14     0     2   -20.0   57.329   -3.811    169.3    951.7    284.5      0.7     82.8
     1     1    14     9     5    13     0     1   -21.0   57.380   -3.918    183.8    950.5    284.2      0.7     84.0
     1     1    14     9     5    12     0     0   -22.0   57.415   -4.042    210.8    947.6    283.6      0.7     86.3
     1     1    14     9     5    11     0     1   -23.0   57.441   -4.180    241.3    945.6    283.0      0.2     88.6
     1     1    14     9     5    10     0     2   -24.0   57.467   -4.326    271.2    943.6    282.4      0.2     91.2
     1     1    14     9     5     9     0     3   -25.0   57.491   -4.474    299.1    941.1    281.9      0.2     93.9
     1     1    14     9     5     8     0     2   -26.0   57.515   -4.628    313.7    938.7    281.7      0.9     94.6
     1     1    14     9     5     7     0     1   -27.0   57.548   -4.795    298.5    940.3    281.7      1.1     95.5
     1     1    14     9     5     6     0     0   -28.0   57.597   -4.968    244.4    946.7    281.9      1.4     97.3
     1     1    14     9     5     5     0     1   -29.0   57.647   -5.148    168.8    963.5    283.1      1.0     96.3
     1     1    14     9     5     4     0     2   -30.0   57.682   -5.335    104.1    980.0    284.3      1.0     95.4
     1     1    14     9     5     3     0     3   -31.0   57.709   -5.532     59.7    994.1    285.2      0.4     95.5
     1     1    14     9     5     2     0     2   -32.0   57.722   -5.739     35.3   1005.3    285.8      0.3     94.6
     1     1    14     9     5     1     0     1   -33.0   57.704   -5.950     23.7   1013.6    286.2      0.3     94.6
     1     1    14     9     5     0     0     0   -34.0   57.659   -6.159     17.7   1014.6    286.4      0.3     95.1
     1     1    14     9     4    23     0     1   -35.0   57.602   -6.358     13.9   1013.4    286.5      0.0     93.9
     1     1    14     9     4    22     0     2   -36.0   57.539   -6.548     11.4   1013.0    286.6      0.4     93.3
     1     1    14     9     4    21     0     3   -37.0   57.461   -6.740      9.6   1013.1    286.7      0.0     92.8
     1     1    14     9     4    20     0     2   -38.0   57.370   -6.939      8.6   1014.0    286.8      0.0     91.5
     1     1    14     9     4    19     0     1   -39.0   57.271   -7.151      8.2   1015.6    286.9      0.0     90.1
     1     1    14     9     4    18     0     0   -40.0   57.162   -7.373      8.1   1016.8    287.0      0.0     88.5
     1     1    14     9     4    17     0     1   -41.0   57.041   -7.605      8.3   1017.0    287.1      0.0     87.9
     1     1    14     9     4    16     0     2   -42.0   56.912   -7.845      8.6   1016.2    287.2      0.0     86.9
     1     1    14     9     4    15     0     3   -43.0   56.780   -8.089      9.1   1015.4    287.2      0.0     86.2
     1     1    14     9     4    14     0     2   -44.0   56.642   -8.321      9.7   1016.7    287.3      0.0     87.3
     1     1    14     9     4    13     0     1   -45.0   56.495   -8.523     10.3   1017.5    287.4      0.0     87.6
     1     1    14     9     4    12     0     0   -46.0   56.340   -8.699     11.1   1018.0    287.4      0.0     87.7
     1     1    14     9     4    11     0     1   -47.0   56.175   -8.842     12.1   1016.9    287.5      0.0     88.4
     1     1    14     9     4    10     0     2   -48.0   55.999   -8.945     13.2   1015.9    287.5      0.0     89.2
     1     1    14     9     4     9     0     3   -49.0   55.809   -9.007     14.3   1014.9    287.5      0.0     89.7
     1     1    14     9     4     8     0     2   -50.0   55.621   -9.026     15.1   1014.8    287.6      0.0     89.5
     1     1    14     9     4     7     0     1   -51.0   55.450   -9.012     15.6   1014.7    287.6      0.0     89.4
     1     1    14     9     4     6     0     0   -52.0   55.295   -8.966     15.8   1014.3    287.6      0.0     89.2
     1     1    14     9     4     5     0     1   -53.0   55.149   -8.903     16.4   1013.7    287.6      0.0     88.5
     1     1    14     9     4     4     0     2   -54.0   55.005   -8.838     17.6   1012.7    287.7      0.0     88.0
     1     1    14     9     4     3     0     3   -55.0   54.863   -8.779     19.4   1010.9    287.8      0.0     88.4
     1     1    14     9     4     2     0     2   -56.0   54.729   -8.713     20.9   1009.3    287.7      0.0     89.4
     1     1    14     9     4     1     0     1   -57.0   54.606   -8.630     21.7   1007.8    287.6      0.0     90.1
     1     1    14     9     4     0     0     0   -58.0   54.493   -8.537     21.3   1006.5    287.6      0.0     90.5
     1     1    14     9     3    23     0     1   -59.0   54.395   -8.441     19.8   1005.8    287.4      0.0     89.7
     1     1    14     9     3    22     0     2   -60.0   54.319   -8.351     17.4   1005.4    287.2      0.0     89.3
     1     1    14     9     3    21     0     3   -61.0   54.258   -8.266     14.9   1005.2    287.0      0.0     89.2
     1     1    14     9     3    20     0     2   -62.0   54.209   -8.184     12.8   1005.0    287.7      0.0     88.4
     1     1    14     9     3    19     0     1   -63.0   54.167   -8.099     11.4   1004.8    288.3      0.0     87.8
     1     1    14     9     3    18     0     0   -64.0   54.132   -8.010     10.9   1004.4    288.9      0.0     87.5
     1     1    14     9     3    17     0     1   -65.0   54.098   -7.915     10.6   1004.3    288.9      0.0     86.6
     1     1    14     9     3    16     0     2   -66.0   54.061   -7.810     10.0   1004.5    288.9      0.0     85.6
     1     1    14     9     3    15     0     3   -67.0   54.025   -7.694      8.8   1004.6    288.9      0.0     84.5
     1     1    14     9     3    14     0     2   -68.0   53.990   -7.574      7.4   1004.7    289.0      0.0     83.7
     1     1    14     9     3    13     0     1   -69.0   53.958   -7.455      6.2   1004.8    288.9      0.0     82.9
     1     1    14     9     3    12     0     0   -70.0   53.928   -7.339      5.5   1004.9    288.8      0.0     82.5
     1     1    14     9     3    11     0     1   -71.0   53.903   -7.227      5.2   1005.2    288.3      0.0     84.6
     1     1    14     9     3    10     0     2   -72.0   53.884   -7.124      5.4   1005.5    287.7      0.0     86.3
