     7     1
    GDAS    14     8    22     0     0
    GDAS    14     8    29     0     0
    GDAS    14     9     1     0     0
    GDAS    14     9     8     0     0
    GDAS    14     9    15     0     0
    GDAS    14     9    22     0     0
    GDAS    14     9    29     0     0
     1 BACKWARD OMEGA   
    14     9    23    11   56.467   -2.973   100.0
     4 PRESSURE AIR_TEMP RAINFALL RELHUMID
     1     1    14     9    23    11     0     1     0.0   56.467   -2.973    100.0    972.7    284.4      0.0     74.8
     1     1    14     9    23    10     0     2    -1.0   56.457   -3.139    115.7    970.5    283.5      0.0     78.8
     1     1    14     9    23     9     0     3    -2.0   56.458   -3.323    144.2    966.8    282.4      0.0     83.0
     1     1    14     9    23     8     0     2    -3.0   56.464   -3.535    181.9    959.4    281.7      0.0     87.3
     1     1    14     9    23     7     0     1    -4.0   56.472   -3.790    220.3    952.4    281.1      0.0     90.2
     1     1    14     9    23     6     0     0    -5.0   56.490   -4.092    253.9    946.4    280.6      0.0     91.6
     1     1    14     9    23     5     0     1    -6.0   56.499   -4.410    276.2    944.8    280.9      0.0     92.8
     1     1    14     9    23     4     0     2    -7.0   56.489   -4.719    283.4    945.8    281.1      0.0     93.9
     1     1    14     9    23     3     0     3    -8.0   56.476   -5.014    269.9    949.5    281.5      0.0     95.0
     1     1    14     9    23     2     0     2    -9.0   56.462   -5.296    233.1    962.2    282.6      0.1     91.4
     1     1    14     9    23     1     0     1   -10.0   56.448   -5.569    180.4    977.1    283.7      0.1     88.0
     1     1    14     9    23     0     0     0   -11.0   56.446   -5.832    124.5    992.4    284.8      0.1     84.9
     1     1    14     9    22    23     0     1   -12.0   56.455   -6.102     75.0   1004.5    285.9      0.1     82.8
     1     1    14     9    22    22     0     2   -13.0   56.467   -6.402     43.0   1011.8    286.9      0.1     81.5
     1     1    14     9    22    21     0     3   -14.0   56.489   -6.748     28.2   1016.2    287.5      0.1     79.7
     1     1    14     9    22    20     0     2   -15.0   56.510   -7.136     24.7   1018.1    287.7      1.5     79.2
     1     1    14     9    22    19     0     1   -16.0   56.512   -7.536     24.2   1017.7    287.6      0.2     79.9
     1     1    14     9    22    18     0     0   -17.0   56.502   -7.931     22.8   1018.2    287.7      0.2     80.5
     1     1    14     9    22    17     0     1   -18.0   56.486   -8.317     21.1   1017.7    287.7      1.0     80.4
     1     1    14     9    22    16     0     2   -19.0   56.471   -8.686     19.3   1017.8    287.7      1.4     80.5
     1     1    14     9    22    15     0     3   -20.0   56.475   -9.035     18.0   1018.1    287.7      1.5     80.6
     1     1    14     9    22    14     0     2   -21.0   56.489   -9.372     16.8   1018.5    287.8      0.0     79.9
     1     1    14     9    22    13     0     1   -22.0   56.504   -9.705     15.5   1018.7    287.8      0.0     79.7
     1     1    14     9    22    12     0     0   -23.0   56.543  -10.024     14.3   1018.5    287.8      0.0     79.4
     1     1    14     9    22    11     0     1   -24.0   56.594  -10.346     13.7   1019.2    287.8      0.1     77.6
     1     1    14     9    22    10     0     2   -25.0   56.640  -10.687     13.9   1019.5    287.8      0.0     75.9
     1     1    14     9    22     9     0     3   -26.0   56.691  -11.042     14.7   1019.5    287.8      0.0     74.0
     1     1    14     9    22     8     0     2   -27.0   56.738  -11.425     15.6   1019.0    287.8      0.4     75.6
     1     1    14     9    22     7     0     1   -28.0   56.778  -11.841     16.6   1018.7    287.8      0.2     74.8
     1     1    14     9    22     6     0     0   -29.0   56.822  -12.275     17.8   1018.5    287.7      0.3     73.2
     1     1    14     9    22     5     0     1   -30.0   56.846  -12.718     18.2   1018.5    287.7      0.1     76.1
     1     1    14     9    22     4     0     2   -31.0   56.856  -13.182     18.1   1018.9    287.6      0.1     76.8
     1     1    14     9    22     3     0     3   -32.0   56.873  -13.681     18.2   1019.1    287.6      0.0     73.7
     1     1    14     9    22     2     0     2   -33.0   56.871  -14.191     18.0   1018.4    287.6      0.3     76.5
     1     1    14     9    22     1     0     1   -34.0   56.858  -14.696     18.1   1017.9    287.6      0.2     78.1
     1     1    14     9    22     0     0     0   -35.0   56.878  -15.213     19.7   1016.9    287.6      0.3     76.1
     1     1    14     9    21    23     0     1   -36.0   56.883  -15.727     20.8   1016.4    287.5      0.1     77.3
     1     1    14     9    21    22     0     2   -37.0   56.851  -16.238     20.4   1016.7    287.5      0.1     78.9
     1     1    14     9    21    21     0     3   -38.0   56.833  -16.771     20.7   1016.6    287.4      0.1     76.8
     1     1    14     9    21    20     0     2   -39.0   56.784  -17.280     21.1   1015.6    287.5      0.0     78.0
     1     1    14     9    21    19     0     1   -40.0   56.676  -17.770     20.7   1015.1    287.5      0.3     80.8
     1     1    14     9    21    18     0     0   -41.0   56.574  -18.321     21.3   1014.8    287.4      0.3     81.0
     1     1    14     9    21    17     0     1   -42.0   56.454  -18.835     20.9   1014.3    287.4      0.1     80.0
     1     1    14     9    21    16     0     2   -43.0   56.252  -19.233     17.6   1014.1    287.6      0.1     83.6
     1     1    14     9    21    15     0     3   -44.0   56.006  -19.645     13.8   1014.1    287.7      0.3     87.2
     1     1    14     9    21    14     0     2   -45.0   55.771  -20.072     11.6   1015.2    287.8      0.0     86.6
     1     1    14     9    21    13     0     1   -46.0   55.485  -20.362     10.0   1015.0    287.9      0.0     87.6
     1     1    14     9    21    12     0     0   -47.0   55.093  -20.508      7.3   1014.8    288.0      0.2     91.0
     1     1    14     9    21    11     0     1   -48.0   54.664  -20.594      4.3   1015.5    288.1      0.0     90.0
     1     1    14     9    21    10     0     2   -49.0   54.260  -20.629      2.1   1015.7    288.2      0.0     90.5
     1     1    14     9    21     9     0     3   -50.0   53.864  -20.554      0.3   1016.1    288.3      0.0     92.2
     1     1    14     9    21     8     0     2   -51.0   53.484  -20.433      0.0   1017.4    288.5      0.0     89.4
     1     1    14     9    21     7     0     1   -52.0   53.139  -20.336      0.0   1017.8    288.6      0.0     86.7
     1     1    14     9    21     6     0     0   -53.0   52.831  -20.236      0.0   1017.9    288.6      0.0     84.6
     1     1    14     9    21     5     0     1   -54.0   52.545  -20.121      0.0   1018.9    288.8      0.0     83.3
     1     1    14     9    21     4     0     2   -55.0   52.265  -19.986      0.2   1020.2    289.0      0.0     81.1
     1     1    14     9    21     3     0     3   -56.0   51.998  -19.826      0.7   1021.4    289.1      0.0     77.8
     1     1    14     9    21     2     0     2   -57.0   51.757  -19.639      1.0   1021.2    289.2      0.0     78.7
     1     1    14     9    21     1     0     1   -58.0   51.552  -19.420      1.1   1021.1    289.3      0.0     78.2
     1     1    14     9    21     0     0     0   -59.0   51.381  -19.168      1.1   1021.0    289.3      0.0     76.5
     1     1    14     9    20    23     0     1   -60.0   51.245  -18.890      1.1   1021.4    289.5      0.0     75.1
     1     1    14     9    20    22     0     2   -61.0   51.148  -18.593      1.3   1022.2    289.6      0.0     74.1
     1     1    14     9    20    21     0     3   -62.0   51.086  -18.281      1.5   1023.6    289.7      0.0     73.7
     1     1    14     9    20    20     0     2   -63.0   51.060  -17.957      1.7   1024.5    289.7      0.0     73.8
     1     1    14     9    20    19     0     1   -64.0   51.067  -17.624      1.9   1023.6    289.7      0.0     73.4
     1     1    14     9    20    18     0     0   -65.0   51.108  -17.280      2.2   1021.9    289.6      0.0     73.1
     1     1    14     9    20    17     0     1   -66.0   51.181  -16.934      2.6   1022.0    289.6      0.0     73.6
     1     1    14     9    20    16     0     2   -67.0   51.284  -16.594      2.8   1023.0    289.6      0.0     74.1
     1     1    14     9    20    15     0     3   -68.0   51.414  -16.259      2.8   1023.6    289.6      0.0     74.1
     1     1    14     9    20    14     0     2   -69.0   51.565  -15.924      2.8   1023.5    289.5      0.0     74.1
     1     1    14     9    20    13     0     1   -70.0   51.728  -15.589      2.9   1023.3    289.4      0.0     74.2
     1     1    14     9    20    12     0     0   -71.0   51.904  -15.257      2.9   1023.4    289.3      0.0     73.7
     1     1    14     9    20    11     0     1   -72.0   52.098  -14.930      2.9   1023.4    289.2      0.0     73.1
