     7     1
    GDAS    14     8    22     0     0
    GDAS    14     8    29     0     0
    GDAS    14     9     1     0     0
    GDAS    14     9     8     0     0
    GDAS    14     9    15     0     0
    GDAS    14     9    22     0     0
    GDAS    14     9    29     0     0
     1 BACKWARD OMEGA   
    14     9    23    14   56.467   -2.973   100.0
     4 PRESSURE AIR_TEMP RAINFALL RELHUMID
     1     1    14     9    23    14     0     2     0.0   56.467   -2.973    100.0    971.2    285.1      0.0     70.9
     1     1    14     9    23    13     0     1    -1.0   56.412   -3.140    108.2    971.1    285.0      0.0     71.3
     1     1    14     9    23    12     0     0    -2.0   56.370   -3.301    116.3    971.5    284.9      0.0     71.7
     1     1    14     9    23    11     0     1    -3.0   56.339   -3.464    129.2    971.3    284.1      0.0     75.5
     1     1    14     9    23    10     0     2    -4.0   56.318   -3.644    152.5    969.0    283.2      0.0     79.3
     1     1    14     9    23     9     0     3    -5.0   56.304   -3.839    188.2    964.6    282.1      0.0     83.0
     1     1    14     9    23     8     0     2    -6.0   56.295   -4.062    231.6    958.6    281.5      0.0     86.0
     1     1    14     9    23     7     0     1    -7.0   56.296   -4.323    271.0    953.9    281.3      0.0     87.7
     1     1    14     9    23     6     0     0    -8.0   56.309   -4.609    306.6    949.8    280.9      0.0     88.3
     1     1    14     9    23     5     0     1    -9.0   56.322   -4.902    333.7    945.5    280.9      0.0     90.5
     1     1    14     9    23     4     0     2   -10.0   56.325   -5.200    338.0    949.5    281.4      0.0     90.3
     1     1    14     9    23     3     0     3   -11.0   56.324   -5.511    315.7    960.2    282.4      0.0     86.5
     1     1    14     9    23     2     0     2   -12.0   56.325   -5.829    271.7    974.2    283.5      0.1     82.9
     1     1    14     9    23     1     0     1   -13.0   56.332   -6.143    219.5    986.9    284.5      0.1     80.3
     1     1    14     9    23     0     0     0   -14.0   56.342   -6.459    177.4    995.3    285.3      0.1     77.6
     1     1    14     9    22    23     0     1   -15.0   56.352   -6.799    153.0   1001.0    285.9      0.1     75.2
     1     1    14     9    22    22     0     2   -16.0   56.369   -7.180    147.7   1003.3    286.2      0.1     74.4
     1     1    14     9    22    21     0     3   -17.0   56.397   -7.591    151.5   1001.7    286.0      0.0     73.4
     1     1    14     9    22    20     0     2   -18.0   56.417   -8.013    152.5   1001.5    286.0      1.5     73.8
     1     1    14     9    22    19     0     1   -19.0   56.418   -8.435    150.0   1002.2    286.1      1.8     74.8
     1     1    14     9    22    18     0     0   -20.0   56.411   -8.867    146.0   1003.1    286.2      1.4     73.4
     1     1    14     9    22    17     0     1   -21.0   56.406   -9.296    142.3   1003.7    286.2      1.3     73.6
     1     1    14     9    22    16     0     2   -22.0   56.411   -9.710    141.2   1004.0    286.2      0.3     72.1
     1     1    14     9    22    15     0     3   -23.0   56.422  -10.107    144.6   1003.7    286.1      0.3     69.2
     1     1    14     9    22    14     0     2   -24.0   56.432  -10.499    149.4   1002.9    286.0      1.0     70.5
     1     1    14     9    22    13     0     1   -25.0   56.442  -10.885    155.4   1003.1    285.9      0.2     69.5
     1     1    14     9    22    12     0     0   -26.0   56.459  -11.249    165.0   1002.1    285.6      0.3     68.7
     1     1    14     9    22    11     0     1   -27.0   56.475  -11.611    174.6   1000.6    285.5      0.0     69.1
     1     1    14     9    22    10     0     2   -28.0   56.488  -11.992    184.5    999.7    285.4      0.0     68.5
     1     1    14     9    22     9     0     3   -29.0   56.504  -12.387    198.6    998.1    285.2      0.0     69.0
     1     1    14     9    22     8     0     2   -30.0   56.517  -12.798    214.8    995.4    284.9      0.1     69.9
     1     1    14     9    22     7     0     1   -31.0   56.520  -13.225    227.8    993.7    284.8      0.2     69.8
     1     1    14     9    22     6     0     0   -32.0   56.520  -13.663    237.8    992.5    284.6      0.0     69.1
     1     1    14     9    22     5     0     1   -33.0   56.517  -14.125    247.4    991.7    284.6      0.0     69.3
     1     1    14     9    22     4     0     2   -34.0   56.512  -14.623    256.5    990.8    284.5      0.0     69.0
     1     1    14     9    22     3     0     3   -35.0   56.506  -15.149    263.7    990.2    284.4      0.0     67.2
     1     1    14     9    22     2     0     2   -36.0   56.500  -15.690    271.2    989.2    284.4      0.1     68.7
     1     1    14     9    22     1     0     1   -37.0   56.493  -16.242    280.3    987.6    284.3      0.1     68.1
     1     1    14     9    22     0     0     0   -38.0   56.490  -16.807    292.3    986.1    284.1      0.0     66.4
     1     1    14     9    21    23     0     1   -39.0   56.487  -17.380    309.0    983.7    284.1      0.0     68.2
     1     1    14     9    21    22     0     2   -40.0   56.480  -17.952    329.6    981.0    283.9      0.0     68.6
     1     1    14     9    21    21     0     3   -41.0   56.479  -18.519    352.2    978.0    283.7      0.0     68.6
     1     1    14     9    21    20     0     2   -42.0   56.472  -19.114    374.4    974.6    283.5      0.1     70.5
     1     1    14     9    21    19     0     1   -43.0   56.458  -19.775    395.2    971.6    283.2      0.2     71.0
     1     1    14     9    21    18     0     0   -44.0   56.443  -20.508    418.9    968.7    282.9      0.2     69.3
     1     1    14     9    21    17     0     1   -45.0   56.407  -21.293    447.8    964.2    282.4      0.2     72.5
     1     1    14     9    21    16     0     2   -46.0   56.348  -22.100    483.8    958.9    281.8      0.0     74.7
     1     1    14     9    21    15     0     3   -47.0   56.290  -22.907    524.4    953.1    281.2      0.0     73.1
     1     1    14     9    21    14     0     2   -48.0   56.216  -23.716    559.4    947.7    280.7      0.4     76.7
     1     1    14     9    21    13     0     1   -49.0   56.134  -24.554    581.0    944.3    280.2      0.9     79.1
     1     1    14     9    21    12     0     0   -50.0   56.044  -25.427    603.3    940.9    279.7      1.1     78.3
     1     1    14     9    21    11     0     1   -51.0   55.968  -26.335    634.0    936.4    279.3      1.5     81.0
     1     1    14     9    21    10     0     2   -52.0   55.923  -27.252    674.0    929.8    278.6      1.2     83.1
     1     1    14     9    21     9     0     3   -53.0   55.882  -28.163    688.4    926.6    278.3      0.3     81.5
     1     1    14     9    21     8     0     2   -54.0   55.841  -29.102    688.0    926.2    277.9      4.6     82.2
     1     1    14     9    21     7     0     1   -55.0   55.796  -30.065    724.8    921.3    277.3      3.2     84.3
     1     1    14     9    21     6     0     0   -56.0   55.725  -31.002    771.5    914.1    276.6      2.3     85.8
     1     1    14     9    21     5     0     1   -57.0   55.647  -31.916    792.4    911.0    276.2      1.1     86.7
     1     1    14     9    21     4     0     2   -58.0   55.571  -32.816    790.8    909.9    276.2      0.8     87.5
     1     1    14     9    21     3     0     3   -59.0   55.514  -33.719    767.4    913.1    276.4      0.3     84.2
     1     1    14     9    21     2     0     2   -60.0   55.466  -34.641    785.3    910.0    275.9      1.6     84.5
     1     1    14     9    21     1     0     1   -61.0   55.393  -35.541    795.3    908.4    275.8      1.1     85.5
     1     1    14     9    21     0     0     0   -62.0   55.327  -36.440    798.2    908.6    275.7      1.6     84.9
     1     1    14     9    20    23     0     1   -63.0   55.267  -37.334    825.2    904.4    275.4      0.3     85.4
     1     1    14     9    20    22     0     2   -64.0   55.220  -38.228    849.5    901.6    275.3      0.0     86.1
     1     1    14     9    20    21     0     3   -65.0   55.196  -39.148    864.0    899.6    275.1      0.0     84.6
     1     1    14     9    20    20     0     2   -66.0   55.160  -40.103    855.8    899.6    275.1      0.0     83.2
     1     1    14     9    20    19     0     1   -67.0   55.098  -41.096    854.0    900.7    275.2      0.0     82.2
     1     1    14     9    20    18     0     0   -68.0   55.027  -42.138    897.1    894.8    274.5      0.0     83.7
     1     1    14     9    20    17     0     1   -69.0   54.949  -43.217    934.5    889.8    273.9      0.0     84.6
     1     1    14     9    20    16     0     2   -70.0   54.872  -44.325    973.9    885.6    273.2      0.0     86.3
     1     1    14     9    20    15     0     3   -71.0   54.798  -45.495   1015.4    881.0    272.5      0.1     88.5
     1     1    14     9    20    14     0     2   -72.0   54.743  -46.740   1066.4    875.3    271.8      0.1     90.7
