     7     1
    GDAS    14     8    22     0     0
    GDAS    14     8    29     0     0
    GDAS    14     9     1     0     0
    GDAS    14     9     8     0     0
    GDAS    14     9    15     0     0
    GDAS    14     9    22     0     0
    GDAS    14     9    29     0     0
     1 BACKWARD OMEGA   
    14     9     4    18   56.467   -2.973   100.0
     4 PRESSURE AIR_TEMP RAINFALL RELHUMID
     1     1    14     9     4    18     0     0     0.0   56.467   -2.973    100.0    976.1    288.7      0.0     86.5
     1     1    14     9     4    17     0     1    -1.0   56.371   -2.971    101.4    979.2    289.2      0.0     83.7
     1     1    14     9     4    16     0     2    -2.0   56.274   -2.948    104.5    982.9    289.6      0.0     81.3
     1     1    14     9     4    15     0     3    -3.0   56.174   -2.898    111.6    986.4    289.8      0.0     79.3
     1     1    14     9     4    14     0     2    -4.0   56.076   -2.824    123.0    989.6    289.9      0.0     78.3
     1     1    14     9     4    13     0     1    -5.0   55.980   -2.732    135.2    991.7    289.9      0.0     78.0
     1     1    14     9     4    12     0     0    -6.0   55.884   -2.627    141.7    991.1    289.7      0.0     78.1
     1     1    14     9     4    11     0     1    -7.0   55.775   -2.521    145.3    991.5    289.4      0.0     78.8
     1     1    14     9     4    10     0     2    -8.0   55.648   -2.424    152.7    989.6    288.8      0.0     80.4
     1     1    14     9     4     9     0     3    -9.0   55.506   -2.339    165.8    986.4    288.2      0.0     82.8
     1     1    14     9     4     8     0     2   -10.0   55.358   -2.263    181.6    981.6    287.7      0.0     83.7
     1     1    14     9     4     7     0     1   -11.0   55.208   -2.193    196.7    977.2    287.2      0.0     84.9
     1     1    14     9     4     6     0     0   -12.0   55.057   -2.135    214.4    972.2    286.7      0.0     86.4
     1     1    14     9     4     5     0     1   -13.0   54.907   -2.072    229.5    967.9    286.5      0.0     85.8
     1     1    14     9     4     4     0     2   -14.0   54.766   -1.981    232.5    966.6    286.3      0.0     85.5
     1     1    14     9     4     3     0     3   -15.0   54.635   -1.857    224.3    970.4    286.3      0.0     85.7
     1     1    14     9     4     2     0     2   -16.0   54.517   -1.707    211.7    975.8    286.6      0.0     86.1
     1     1    14     9     4     1     0     1   -17.0   54.409   -1.541    200.6    981.0    286.8      0.0     85.9
     1     1    14     9     4     0     0     0   -18.0   54.306   -1.359    194.0    986.1    287.1      0.0     85.2
     1     1    14     9     3    23     0     1   -19.0   54.210   -1.155    199.4    990.5    287.5      0.0     84.2
     1     1    14     9     3    22     0     2   -20.0   54.120   -0.919    227.4    990.8    287.8      0.0     82.7
     1     1    14     9     3    21     0     3   -21.0   54.035   -0.652    279.0    984.4    288.0      0.0     81.0
     1     1    14     9     3    20     0     2   -22.0   53.954   -0.382    342.6    975.2    287.9      0.0     78.8
     1     1    14     9     3    19     0     1   -23.0   53.874   -0.133    406.9    967.9    287.7      0.0     78.3
     1     1    14     9     3    18     0     0   -24.0   53.807    0.088    439.4    967.1    287.1      0.0     80.7
     1     1    14     9     3    17     0     1   -25.0   53.765    0.304    435.3    971.5    287.4      0.0     80.7
     1     1    14     9     3    16     0     2   -26.0   53.742    0.531    431.3    972.4    287.5      0.0     80.4
     1     1    14     9     3    15     0     3   -27.0   53.734    0.764    431.4    972.8    287.5      0.0     80.3
     1     1    14     9     3    14     0     2   -28.0   53.730    0.986    439.1    972.8    287.3      0.0     80.8
     1     1    14     9     3    13     0     1   -29.0   53.720    1.187    448.7    971.4    287.2      0.0     80.9
     1     1    14     9     3    12     0     0   -30.0   53.701    1.369    454.4    971.2    287.2      0.0     81.1
     1     1    14     9     3    11     0     1   -31.0   53.674    1.549    456.3    971.1    287.2      0.0     80.7
     1     1    14     9     3    10     0     2   -32.0   53.640    1.740    455.6    971.4    287.2      0.0     80.4
     1     1    14     9     3     9     0     3   -33.0   53.603    1.949    454.2    971.8    287.3      0.0     80.3
     1     1    14     9     3     8     0     2   -34.0   53.568    2.165    455.1    971.7    287.3      0.0     79.8
     1     1    14     9     3     7     0     1   -35.0   53.537    2.371    458.7    970.9    287.3      0.0     79.0
     1     1    14     9     3     6     0     0   -36.0   53.510    2.568    461.1    970.3    287.3      0.0     78.2
     1     1    14     9     3     5     0     1   -37.0   53.479    2.764    461.3    970.3    287.3      0.0     79.7
     1     1    14     9     3     4     0     2   -38.0   53.438    2.964    460.8    970.4    287.4      0.0     82.1
     1     1    14     9     3     3     0     3   -39.0   53.391    3.169    462.0    970.3    287.4      0.0     83.7
     1     1    14     9     3     2     0     2   -40.0   53.345    3.382    463.3    969.9    287.5      0.0     82.6
     1     1    14     9     3     1     0     1   -41.0   53.305    3.616    462.8    970.1    287.6      0.0     81.4
     1     1    14     9     3     0     0     0   -42.0   53.272    3.882    460.7    970.5    287.8      0.0     80.1
     1     1    14     9     2    23     0     1   -43.0   53.249    4.169    461.6    970.9    287.9      0.0     80.2
     1     1    14     9     2    22     0     2   -44.0   53.235    4.456    469.7    969.8    287.9      0.0     79.2
     1     1    14     9     2    21     0     3   -45.0   53.230    4.738    482.5    968.0    288.0      0.0     77.3
     1     1    14     9     2    20     0     2   -46.0   53.238    5.012    498.0    966.1    287.9      0.0     78.7
     1     1    14     9     2    19     0     1   -47.0   53.262    5.273    513.5    963.8    287.8      0.0     79.3
     1     1    14     9     2    18     0     0   -48.0   53.301    5.525    524.8    962.3    287.8      0.0     77.7
     1     1    14     9     2    17     0     1   -49.0   53.357    5.767    527.0    961.3    287.8      0.0     76.8
     1     1    14     9     2    16     0     2   -50.0   53.432    5.993    518.6    962.0    287.9      0.0     76.4
     1     1    14     9     2    15     0     3   -51.0   53.520    6.212    509.5    963.6    288.0      0.0     76.1
     1     1    14     9     2    14     0     2   -52.0   53.601    6.431    509.6    964.1    287.8      0.0     76.4
     1     1    14     9     2    13     0     1   -53.0   53.664    6.654    516.8    963.1    287.5      0.0     77.1
     1     1    14     9     2    12     0     0   -54.0   53.711    6.885    525.7    961.9    287.1      0.0     77.6
     1     1    14     9     2    11     0     1   -55.0   53.750    7.123    536.5    960.4    286.8      0.0     79.9
     1     1    14     9     2    10     0     2   -56.0   53.787    7.370    550.9    957.9    286.5      0.0     81.9
     1     1    14     9     2     9     0     3   -57.0   53.818    7.625    565.2    955.5    286.2      0.0     81.5
     1     1    14     9     2     8     0     2   -58.0   53.845    7.896    576.5    953.7    286.2      0.0     80.5
     1     1    14     9     2     7     0     1   -59.0   53.868    8.191    586.4    952.6    286.0      0.1     81.3
     1     1    14     9     2     6     0     0   -60.0   53.886    8.522    600.6    951.1    285.9      0.0     81.0
     1     1    14     9     2     5     0     1   -61.0   53.901    8.892    621.4    948.6    285.8      0.0     80.0
     1     1    14     9     2     4     0     2   -62.0   53.919    9.300    646.2    944.3    285.6      0.0     81.2
     1     1    14     9     2     3     0     3   -63.0   53.953    9.750    675.8    939.2    285.3      0.0     82.9
     1     1    14     9     2     2     0     2   -64.0   53.997   10.245    717.0    933.8    285.0      0.0     83.7
     1     1    14     9     2     1     0     1   -65.0   54.043   10.765    760.1    927.8    284.7      0.0     84.3
     1     1    14     9     2     0     0     0   -66.0   54.095   11.298    805.2    924.0    284.5      0.0     85.0
     1     1    14     9     1    23     0     1   -67.0   54.143   11.804    850.7    917.9    284.1      0.2     84.8
     1     1    14     9     1    22     0     2   -68.0   54.176   12.254    882.6    915.2    283.8      0.2     85.9
     1     1    14     9     1    21     0     3   -69.0   54.198   12.658    898.3    914.3    283.7      0.2     87.3
     1     1    14     9     1    20     0     2   -70.0   54.207   13.041    906.4    915.4    283.8      1.1     86.6
     1     1    14     9     1    19     0     1   -71.0   54.203   13.410    911.9    914.0    283.8      1.1     86.4
     1     1    14     9     1    18     0     0   -72.0   54.185   13.758    903.3    914.0    283.9      1.1     87.2
