     7     1
    GDAS    14     8    22     0     0
    GDAS    14     8    29     0     0
    GDAS    14     9     1     0     0
    GDAS    14     9     8     0     0
    GDAS    14     9    15     0     0
    GDAS    14     9    22     0     0
    GDAS    14     9    29     0     0
     1 BACKWARD OMEGA   
    14     9     2    22   56.467   -2.973   100.0
     4 PRESSURE AIR_TEMP RAINFALL RELHUMID
     1     1    14     9     2    22     0     2     0.0   56.467   -2.973    100.0    980.4    285.1      0.0     82.0
     1     1    14     9     2    21     0     3    -1.0   56.389   -3.019    115.2    980.7    285.8      0.0     80.2
     1     1    14     9     2    20     0     2    -2.0   56.315   -3.069    129.2    981.6    286.5      0.0     77.7
     1     1    14     9     2    19     0     1    -3.0   56.247   -3.114    142.8    982.4    286.9      0.0     75.9
     1     1    14     9     2    18     0     0    -4.0   56.186   -3.161    158.4    982.5    287.2      0.0     74.9
     1     1    14     9     2    17     0     1    -5.0   56.128   -3.219    177.3    982.1    287.0      0.0     74.7
     1     1    14     9     2    16     0     2    -6.0   56.071   -3.298    200.0    981.4    286.7      0.0     75.2
     1     1    14     9     2    15     0     3    -7.0   56.016   -3.398    225.9    980.4    286.3      0.0     76.1
     1     1    14     9     2    14     0     2    -8.0   55.969   -3.513    253.6    978.4    285.7      0.0     77.9
     1     1    14     9     2    13     0     1    -9.0   55.934   -3.640    281.4    975.2    285.0      0.0     79.9
     1     1    14     9     2    12     0     0   -10.0   55.908   -3.775    307.9    972.2    284.3      0.0     82.2
     1     1    14     9     2    11     0     1   -11.0   55.892   -3.918    331.8    969.1    283.8      0.0     84.4
     1     1    14     9     2    10     0     2   -12.0   55.883   -4.068    353.7    966.1    283.4      0.0     86.2
     1     1    14     9     2     9     0     3   -13.0   55.878   -4.220    376.7    962.7    282.9      0.0     88.1
     1     1    14     9     2     8     0     2   -14.0   55.875   -4.381    400.3    958.9    282.5      0.0     89.4
     1     1    14     9     2     7     0     1   -15.0   55.875   -4.558    420.9    955.6    282.2      0.0     90.8
     1     1    14     9     2     6     0     0   -16.0   55.880   -4.753    437.5    952.3    281.8      0.0     92.5
     1     1    14     9     2     5     0     1   -17.0   55.886   -4.951    456.0    949.6    282.1      0.0     92.9
     1     1    14     9     2     4     0     2   -18.0   55.890   -5.142    480.5    948.2    282.5      0.0     92.4
     1     1    14     9     2     3     0     3   -19.0   55.885   -5.330    503.9    948.0    283.0      0.0     91.5
     1     1    14     9     2     2     0     2   -20.0   55.872   -5.528    520.6    948.9    283.1      0.0     91.1
     1     1    14     9     2     1     0     1   -21.0   55.851   -5.743    526.9    951.4    283.3      0.0     90.5
     1     1    14     9     2     0     0     0   -22.0   55.825   -5.975    521.5    955.3    283.5      0.0     89.6
     1     1    14     9     1    23     0     1   -23.0   55.798   -6.242    510.0    957.8    283.9      0.0     89.7
     1     1    14     9     1    22     0     2   -24.0   55.770   -6.568    501.4    959.3    284.1      0.0     89.2
     1     1    14     9     1    21     0     3   -25.0   55.737   -6.959    499.5    960.0    284.3      0.0     88.0
     1     1    14     9     1    20     0     2   -26.0   55.689   -7.408    505.0    958.0    284.2      0.0     88.5
     1     1    14     9     1    19     0     1   -27.0   55.619   -7.904    515.3    955.3    284.1      0.0     89.1
     1     1    14     9     1    18     0     0   -28.0   55.528   -8.431    531.6    954.8    284.1      0.0     89.0
     1     1    14     9     1    17     0     1   -29.0   55.419   -8.963    545.6    955.6    284.2      0.0     87.8
     1     1    14     9     1    16     0     2   -30.0   55.303   -9.487    549.2    955.6    284.3      0.0     88.3
     1     1    14     9     1    15     0     3   -31.0   55.192  -10.011    549.9    956.0    284.4      0.0     88.2
     1     1    14     9     1    14     0     2   -32.0   55.085  -10.533    552.0    955.4    284.3      0.0     88.6
     1     1    14     9     1    13     0     1   -33.0   54.979  -11.049    557.5    954.9    284.2      0.0     88.9
     1     1    14     9     1    12     0     0   -34.0   54.876  -11.563    568.7    953.4    284.0      0.0     89.4
     1     1    14     9     1    11     0     1   -35.0   54.784  -12.079    583.6    951.3    283.9      0.0     89.2
     1     1    14     9     1    10     0     2   -36.0   54.704  -12.607    599.0    949.2    283.7      0.0     89.0
     1     1    14     9     1     9     0     3   -37.0   54.636  -13.154    611.2    947.4    283.6      0.0     88.5
     1     1    14     9     1     8     0     2   -38.0   54.574  -13.729    619.4    946.2    283.5      0.0     89.0
     1     1    14     9     1     7     0     1   -39.0   54.511  -14.337    624.9    945.1    283.4      0.0     89.5
     1     1    14     9     1     6     0     0   -40.0   54.442  -14.980    625.2    944.4    283.4      0.0     90.4
     1     1    14     9     1     5     0     1   -41.0   54.364  -15.659    624.3    945.0    283.3      0.0     90.4
     1     1    14     9     1     4     0     2   -42.0   54.279  -16.373    631.8    944.5    283.1      0.0     90.0
     1     1    14     9     1     3     0     3   -43.0   54.184  -17.105    656.4    942.2    282.8      0.0     88.9
     1     1    14     9     1     2     0     2   -44.0   54.077  -17.839    692.6    936.7    282.4      0.0     90.5
     1     1    14     9     1     1     0     1   -45.0   53.959  -18.565    732.2    932.2    282.1      0.0     92.3
     1     1    14     9     1     0     0     0   -46.0   53.833  -19.283    771.4    927.2    281.7      0.0     94.8
     1     1    14     8    31    23     0     1   -47.0   53.709  -19.997    799.9    923.2    281.2      0.0     94.7
     1     1    14     8    31    22     0     2   -48.0   53.602  -20.716    820.6    921.5    280.8      0.0     92.4
     1     1    14     8    31    21     0     3   -49.0   53.510  -21.451    834.8    919.1    280.5      0.0     90.1
     1     1    14     8    31    20     0     2   -50.0   53.429  -22.213    841.3    918.5    280.6      0.0     87.6
     1     1    14     8    31    19     0     1   -51.0   53.353  -23.010    849.6    917.3    280.6      0.0     85.5
     1     1    14     8    31    18     0     0   -52.0   53.276  -23.835    864.4    915.3    280.4      0.0     84.2
     1     1    14     8    31    17     0     1   -53.0   53.201  -24.683    891.0    912.5    280.4      0.0     79.3
     1     1    14     8    31    16     0     2   -54.0   53.142  -25.557    929.2    907.4    280.2      0.0     74.0
     1     1    14     8    31    15     0     3   -55.0   53.106  -26.460    946.5    904.7    280.0      0.0     69.9
     1     1    14     8    31    14     0     2   -56.0   53.089  -27.395    933.1    906.8    280.1      0.0     70.2
     1     1    14     8    31    13     0     1   -57.0   53.067  -28.357    946.4    905.1    280.0      0.0     70.7
     1     1    14     8    31    12     0     0   -58.0   53.043  -29.330    994.6    898.9    279.6      0.0     70.0
     1     1    14     8    31    11     0     1   -59.0   53.018  -30.288   1038.0    893.3    279.2      0.0     69.0
     1     1    14     8    31    10     0     2   -60.0   52.983  -31.217   1068.4    890.0    278.8      0.0     72.4
     1     1    14     8    31     9     0     3   -61.0   52.956  -32.131   1106.4    885.7    278.5      0.0     72.6
     1     1    14     8    31     8     0     2   -62.0   52.956  -33.021   1140.4    881.3    278.3      0.0     71.1
     1     1    14     8    31     7     0     1   -63.0   52.967  -33.895   1177.2    877.1    278.1      0.0     68.9
     1     1    14     8    31     6     0     0   -64.0   52.983  -34.785   1210.6    872.3    277.7      0.0     71.1
     1     1    14     8    31     5     0     1   -65.0   53.037  -35.661   1226.9    870.1    277.8      0.0     64.5
     1     1    14     8    31     4     0     2   -66.0   53.115  -36.494   1236.1    868.7    277.5      0.0     68.8
     1     1    14     8    31     3     0     3   -67.0   53.182  -37.307   1240.4    868.0    276.9      0.0     78.5
     1     1    14     8    31     2     0     2   -68.0   53.277  -38.100   1262.7    865.2    277.0      0.0     68.9
     1     1    14     8    31     1     0     1   -69.0   53.403  -38.870   1301.7    860.2    276.7      0.0     70.1
     1     1    14     8    31     0     0     0   -70.0   53.523  -39.607   1341.4    855.5    276.0      0.0     79.0
     1     1    14     8    30    23     0     1   -71.0   53.666  -40.316   1378.7    851.0    276.0      0.0     68.0
     1     1    14     8    30    22     0     2   -72.0   53.842  -41.022   1411.7    847.0    275.8      0.0     67.6
