     7     1
    GDAS    14     8    22     0     0
    GDAS    14     8    29     0     0
    GDAS    14     9     1     0     0
    GDAS    14     9     8     0     0
    GDAS    14     9    15     0     0
    GDAS    14     9    22     0     0
    GDAS    14     9    29     0     0
     1 BACKWARD OMEGA   
    14     9    20     7   56.467   -2.973   100.0
     4 PRESSURE AIR_TEMP RAINFALL RELHUMID
     1     1    14     9    20     7     0     1     0.0   56.467   -2.973    100.0    974.8    283.9      0.0     93.9
     1     1    14     9    20     6     0     0    -1.0   56.556   -2.916     96.4    973.9    283.7      0.3     95.7
     1     1    14     9    20     5     0     1    -2.0   56.656   -2.879     99.2    971.9    283.8      0.2     95.0
     1     1    14     9    20     4     0     2    -3.0   56.770   -2.876    110.9    967.4    283.9      0.2     95.2
     1     1    14     9    20     3     0     3    -4.0   56.899   -2.897    130.5    960.6    283.9      0.2     96.4
     1     1    14     9    20     2     0     2    -5.0   57.038   -2.931    156.0    954.5    283.8      0.0     97.0
     1     1    14     9    20     1     0     1    -6.0   57.176   -2.975    179.6    955.7    284.1      0.0     96.0
     1     1    14     9    20     0     0     0    -7.0   57.306   -3.031    194.9    958.9    284.4      0.0     95.5
     1     1    14     9    19    23     0     1    -8.0   57.431   -3.104    206.9    963.2    284.7      0.0     94.1
     1     1    14     9    19    22     0     2    -9.0   57.555   -3.198    222.2    966.2    284.9      0.0     93.2
     1     1    14     9    19    21     0     3   -10.0   57.678   -3.309    244.1    968.3    285.1      0.0     92.8
     1     1    14     9    19    20     0     2   -11.0   57.793   -3.434    276.5    968.2    285.2      0.0     91.8
     1     1    14     9    19    19     0     1   -12.0   57.898   -3.572    323.7    965.2    285.2      0.6     91.3
     1     1    14     9    19    18     0     0   -13.0   58.000   -3.736    395.1    959.5    285.1      0.6     91.4
     1     1    14     9    19    17     0     1   -14.0   58.096   -3.925    484.1    945.5    284.4      0.2     93.1
     1     1    14     9    19    16     0     2   -15.0   58.166   -4.118    559.8    933.1    283.7      0.2     94.1
     1     1    14     9    19    15     0     3   -16.0   58.203   -4.291    604.5    926.3    283.3      0.2     94.6
     1     1    14     9    19    14     0     2   -17.0   58.219   -4.440    629.1    923.3    283.2      0.2     94.2
     1     1    14     9    19    13     0     1   -18.0   58.224   -4.569    647.8    919.8    283.0      0.2     94.2
     1     1    14     9    19    12     0     0   -19.0   58.220   -4.676    666.4    916.4    282.9      0.2     94.4
     1     1    14     9    19    11     0     1   -20.0   58.210   -4.768    682.7    912.4    282.9      0.3     95.7
     1     1    14     9    19    10     0     2   -21.0   58.203   -4.850    691.3    910.0    283.0      0.3     96.9
     1     1    14     9    19     9     0     3   -22.0   58.198   -4.926    691.5    908.7    283.1      0.3     98.0
     1     1    14     9    19     8     0     2   -23.0   58.197   -4.994    689.7    908.5    283.1      0.0     98.8
     1     1    14     9    19     7     0     1   -24.0   58.200   -5.052    693.6    909.5    283.2      0.0     98.7
     1     1    14     9    19     6     0     0   -25.0   58.205   -5.098    702.9    909.7    283.2      0.0     98.6
     1     1    14     9    19     5     0     1   -26.0   58.203   -5.138    711.6    909.3    283.4      0.0     95.9
     1     1    14     9    19     4     0     2   -27.0   58.184   -5.177    715.0    909.7    283.6      0.0     93.2
     1     1    14     9    19     3     0     3   -28.0   58.150   -5.213    713.6    910.2    283.9      0.0     90.3
     1     1    14     9    19     2     0     2   -29.0   58.102   -5.236    716.0    910.6    284.0      0.0     89.3
     1     1    14     9    19     1     0     1   -30.0   58.042   -5.237    733.2    907.7    284.0      0.0     88.4
     1     1    14     9    19     0     0     0   -31.0   57.968   -5.217    770.0    902.1    283.7      0.0     88.0
     1     1    14     9    18    23     0     1   -32.0   57.876   -5.185    820.1    893.5    283.3      0.0     88.6
     1     1    14     9    18    22     0     2   -33.0   57.766   -5.148    870.3    885.4    283.0      0.0     89.5
     1     1    14     9    18    21     0     3   -34.0   57.635   -5.103    913.7    876.9    282.6      0.0     90.7
     1     1    14     9    18    20     0     2   -35.0   57.487   -5.047    950.5    869.2    282.0      0.0     92.3
     1     1    14     9    18    19     0     1   -36.0   57.325   -4.975    982.2    861.4    281.5      0.0     92.6
     1     1    14     9    18    18     0     0   -37.0   57.145   -4.884   1005.8    855.1    281.2      0.0     91.1
     1     1    14     9    18    17     0     1   -38.0   56.955   -4.774   1025.4    850.4    281.0      0.0     90.7
     1     1    14     9    18    16     0     2   -39.0   56.763   -4.643   1052.2    852.1    281.3      0.0     90.5
     1     1    14     9    18    15     0     3   -40.0   56.573   -4.502   1087.2    853.5    281.5      0.0     89.8
     1     1    14     9    18    14     0     2   -41.0   56.376   -4.343   1110.8    856.0    281.8      0.0     87.5
     1     1    14     9    18    13     0     1   -42.0   56.175   -4.144   1103.7    864.9    282.4      0.0     86.5
     1     1    14     9    18    12     0     0   -43.0   55.974   -3.900   1064.0    877.7    283.0      0.0     86.9
     1     1    14     9    18    11     0     1   -44.0   55.790   -3.618   1019.6    885.1    283.4      0.0     88.5
     1     1    14     9    18    10     0     2   -45.0   55.619   -3.309   1003.8    886.9    283.7      0.0     86.2
     1     1    14     9    18     9     0     3   -46.0   55.446   -2.974   1018.3    885.0    284.1      0.0     81.0
     1     1    14     9    18     8     0     2   -47.0   55.269   -2.627   1038.3    879.0    283.9      0.0     81.0
     1     1    14     9    18     7     0     1   -48.0   55.101   -2.282   1045.2    874.4    283.6      0.0     81.9
     1     1    14     9    18     6     0     0   -49.0   54.939   -1.948   1042.3    871.6    283.5      0.0     81.2
     1     1    14     9    18     5     0     1   -50.0   54.788   -1.619   1039.9    879.6    284.1      0.0     79.5
     1     1    14     9    18     4     0     2   -51.0   54.650   -1.287   1045.2    886.6    284.7      0.0     76.2
     1     1    14     9    18     3     0     3   -52.0   54.519   -0.952   1067.6    890.3    285.2      0.0     70.6
     1     1    14     9    18     2     0     2   -53.0   54.391   -0.618   1099.2    885.1    284.8      0.0     72.7
     1     1    14     9    18     1     0     1   -54.0   54.263   -0.284   1133.2    880.7    284.5      0.0     75.0
     1     1    14     9    18     0     0     0   -55.0   54.129    0.052   1146.9    882.0    285.1      0.0     63.4
     1     1    14     9    17    23     0     1   -56.0   54.000    0.395   1133.6    886.3    285.3      0.0     66.7
     1     1    14     9    17    22     0     2   -57.0   53.883    0.748   1120.4    887.8    285.5      0.0     66.9
     1     1    14     9    17    21     0     3   -58.0   53.773    1.113   1108.2    889.6    285.7      0.0     65.4
     1     1    14     9    17    20     0     2   -59.0   53.670    1.478   1102.6    890.3    285.8      0.0     67.7
     1     1    14     9    17    19     0     1   -60.0   53.575    1.827   1105.8    889.6    285.9      0.0     66.2
     1     1    14     9    17    18     0     0   -61.0   53.491    2.161   1111.5    888.3    286.0      0.0     63.1
     1     1    14     9    17    17     0     1   -62.0   53.404    2.477   1116.9    888.0    286.0      0.0     65.6
     1     1    14     9    17    16     0     2   -63.0   53.304    2.765   1129.1    887.3    286.0      0.0     66.2
     1     1    14     9    17    15     0     3   -64.0   53.193    3.012   1159.4    884.9    286.0      0.0     65.0
     1     1    14     9    17    14     0     2   -65.0   53.072    3.241   1197.2    879.2    285.5      0.0     66.8
     1     1    14     9    17    13     0     1   -66.0   52.942    3.481   1220.4    876.4    285.2      0.0     68.3
     1     1    14     9    17    12     0     0   -67.0   52.800    3.730   1224.5    876.1    285.2      0.0     68.5
     1     1    14     9    17    11     0     1   -68.0   52.653    3.991   1219.0    877.6    285.3      0.0     68.6
     1     1    14     9    17    10     0     2   -69.0   52.514    4.269   1211.9    878.3    285.4      0.0     68.8
     1     1    14     9    17     9     0     3   -70.0   52.381    4.571   1200.8    879.1    285.4      0.0     68.0
     1     1    14     9    17     8     0     2   -71.0   52.254    4.879   1188.7    881.1    285.5      0.0     68.9
     1     1    14     9    17     7     0     1   -72.0   52.130    5.179   1186.4    881.5    285.4      0.0     70.3
