     7     1
    GDAS    14     8    22     0     0
    GDAS    14     8    29     0     0
    GDAS    14     9     1     0     0
    GDAS    14     9     8     0     0
    GDAS    14     9    15     0     0
    GDAS    14     9    22     0     0
    GDAS    14     9    29     0     0
     1 BACKWARD OMEGA   
    14     9     1     2   56.467   -2.973   100.0
     4 PRESSURE AIR_TEMP RAINFALL RELHUMID
     1     1    14     9     1     2     0     2     0.0   56.467   -2.973    100.0    971.6    284.1      0.0     95.7
     1     1    14     9     1     1     0     1    -1.0   56.363   -3.237    156.6    967.3    284.2      0.0     94.9
     1     1    14     9     1     0     0     0    -2.0   56.220   -3.544    209.8    964.0    284.6      0.3     94.7
     1     1    14     8    31    23     0     1    -3.0   56.046   -3.881    231.4    967.3    284.7      0.3     93.7
     1     1    14     8    31    22     0     2    -4.0   55.848   -4.178    193.6    971.3    284.6      0.3     94.6
     1     1    14     8    31    21     0     3    -5.0   55.634   -4.360    119.9    983.6    284.9      0.3     95.3
     1     1    14     8    31    20     0     2    -6.0   55.434   -4.446     72.4    994.6    285.8      0.0     91.0
     1     1    14     8    31    19     0     1    -7.0   55.238   -4.496     49.6    996.7    286.2      0.0     86.6
     1     1    14     8    31    18     0     0    -8.0   55.028   -4.521     43.4    997.9    286.4      0.0     81.8
     1     1    14     8    31    17     0     1    -9.0   54.804   -4.545     42.7   1000.6    287.2      0.0     79.7
     1     1    14     8    31    16     0     2   -10.0   54.580   -4.586     43.0   1004.0    287.7      0.0     77.9
     1     1    14     8    31    15     0     3   -11.0   54.362   -4.642     45.2   1007.0    287.8      0.0     76.0
     1     1    14     8    31    14     0     2   -12.0   54.163   -4.722     51.0   1009.4    287.6      0.0     77.9
     1     1    14     8    31    13     0     1   -13.0   53.988   -4.831     62.4   1010.2    287.3      0.0     79.8
     1     1    14     8    31    12     0     0   -14.0   53.833   -4.957     80.0   1007.9    286.9      0.0     81.2
     1     1    14     8    31    11     0     1   -15.0   53.711   -5.094     99.5   1004.6    286.3      0.0     82.9
     1     1    14     8    31    10     0     2   -16.0   53.634   -5.249    113.2   1001.6    285.8      0.0     84.6
     1     1    14     8    31     9     0     3   -17.0   53.599   -5.422    120.0    999.3    285.2      0.0     86.5
     1     1    14     8    31     8     0     2   -18.0   53.593   -5.608    122.8    997.3    284.8      0.0     87.6
     1     1    14     8    31     7     0     1   -19.0   53.601   -5.805    127.0    995.3    284.2      0.0     89.5
     1     1    14     8    31     6     0     0   -20.0   53.619   -6.016    139.2    992.4    283.4      0.0     92.1
     1     1    14     8    31     5     0     1   -21.0   53.644   -6.239    159.0    988.2    283.2      0.0     91.9
     1     1    14     8    31     4     0     2   -22.0   53.676   -6.471    182.5    984.0    283.1      0.0     91.9
     1     1    14     8    31     3     0     3   -23.0   53.722   -6.713    210.0    979.3    283.1      0.0     92.1
     1     1    14     8    31     2     0     2   -24.0   53.785   -6.988    237.0    974.3    283.2      0.0     92.0
     1     1    14     8    31     1     0     1   -25.0   53.857   -7.313    255.0    972.1    283.5      0.0     90.9
     1     1    14     8    31     0     0     0   -26.0   53.929   -7.676    260.8    971.7    283.7      0.0     90.5
     1     1    14     8    30    23     0     1   -27.0   53.996   -8.037    256.0    972.5    283.9      0.0     89.0
     1     1    14     8    30    22     0     2   -28.0   54.060   -8.367    247.9    976.8    284.4      0.0     87.3
     1     1    14     8    30    21     0     3   -29.0   54.128   -8.678    241.9    980.1    284.8      0.0     85.0
     1     1    14     8    30    20     0     2   -30.0   54.207   -8.980    234.7    983.5    285.3      0.1     83.0
     1     1    14     8    30    19     0     1   -31.0   54.297   -9.288    222.5    985.8    285.7      0.1     81.2
     1     1    14     8    30    18     0     0   -32.0   54.405   -9.613    205.7    989.1    286.0      0.0     78.9
     1     1    14     8    30    17     0     1   -33.0   54.527   -9.980    188.2    992.3    286.1      0.0     76.8
     1     1    14     8    30    16     0     2   -34.0   54.652  -10.409    176.5    995.2    286.3      0.0     75.4
     1     1    14     8    30    15     0     3   -35.0   54.784  -10.895    175.8    995.7    286.2      0.0     73.2
     1     1    14     8    30    14     0     2   -36.0   54.922  -11.406    181.2    994.5    286.0      0.0     74.6
     1     1    14     8    30    13     0     1   -37.0   55.064  -11.910    187.7    993.3    285.8      0.0     76.1
     1     1    14     8    30    12     0     0   -38.0   55.214  -12.411    194.2    992.4    285.7      0.0     76.9
     1     1    14     8    30    11     0     1   -39.0   55.361  -12.918    201.7    991.0    285.5      0.0     76.7
     1     1    14     8    30    10     0     2   -40.0   55.499  -13.438    209.9    989.5    285.4      0.0     76.9
     1     1    14     8    30     9     0     3   -41.0   55.640  -13.964    221.5    988.0    285.2      0.0     76.3
     1     1    14     8    30     8     0     2   -42.0   55.792  -14.477    237.2    985.6    285.0      0.1     76.9
     1     1    14     8    30     7     0     1   -43.0   55.961  -14.963    252.6    983.3    284.8      0.0     76.7
     1     1    14     8    30     6     0     0   -44.0   56.153  -15.438    263.6    981.4    284.7      0.0     77.1
     1     1    14     8    30     5     0     1   -45.0   56.355  -15.944    271.1    980.0    284.4      0.0     76.3
     1     1    14     8    30     4     0     2   -46.0   56.551  -16.513    277.7    978.3    284.2      0.0     75.7
     1     1    14     8    30     3     0     3   -47.0   56.743  -17.137    284.9    977.0    284.0      0.0     74.0
     1     1    14     8    30     2     0     2   -48.0   56.930  -17.790    292.3    975.5    283.9      0.1     74.1
     1     1    14     8    30     1     0     1   -49.0   57.107  -18.445    299.0    974.7    283.8      0.1     73.6
     1     1    14     8    30     0     0     0   -50.0   57.280  -19.090    308.1    973.5    283.7      0.0     72.7
     1     1    14     8    29    23     0     1   -51.0   57.452  -19.720    323.0    971.8    283.7      0.0     72.3
     1     1    14     8    29    22     0     2   -52.0   57.621  -20.339    344.8    969.1    283.4      0.0     71.3
     1     1    14     8    29    21     0     3   -53.0   57.788  -20.944    369.1    965.9    283.1      0.0     70.8
     1     1    14     8    29    20     0     2   -54.0   57.953  -21.553    394.4    962.4    282.9      0.0     72.2
     1     1    14     8    29    19     0     1   -55.0   58.112  -22.179    423.6    958.6    282.6      0.0     72.5
     1     1    14     8    29    18     0     0   -56.0   58.259  -22.812    451.9    953.8    282.1      0.0     72.7
     1     1    14     8    29    17     0     1   -57.0   58.378  -23.451    472.4    950.5    281.8      0.0     73.2
     1     1    14     8    29    16     0     2   -58.0   58.456  -24.098    479.9    948.7    281.6      0.0     72.8
     1     1    14     8    29    15     0     3   -59.0   58.491  -24.764    476.1    949.1    281.6      0.0     71.9
     1     1    14     8    29    14     0     2   -60.0   58.495  -25.445    477.0    949.7    281.6      0.0     72.0
     1     1    14     8    29    13     0     1   -61.0   58.480  -26.127    493.7    947.2    281.3      0.0     71.7
     1     1    14     8    29    12     0     0   -62.0   58.444  -26.798    520.0    942.8    280.9      0.0     71.2
     1     1    14     8    29    11     0     1   -63.0   58.387  -27.477    543.7    939.1    280.6      0.0     72.8
     1     1    14     8    29    10     0     2   -64.0   58.301  -28.189    561.4    937.0    280.5      0.0     73.6
     1     1    14     8    29     9     0     3   -65.0   58.170  -28.935    591.4    935.1    280.4      0.0     73.8
     1     1    14     8    29     8     0     2   -66.0   58.007  -29.711    632.3    928.4    279.8      0.0     75.9
     1     1    14     8    29     7     0     1   -67.0   57.828  -30.514    670.4    923.2    279.3      0.0     77.7
     1     1    14     8    29     6     0     0   -68.0   57.630  -31.336    699.8    918.7    279.0      0.0     78.9
     1     1    14     8    29     5     0     1   -69.0   57.423  -32.206    708.0    917.9    278.7      0.0     78.3
     1     1    14     8    29     4     0     2   -70.0   57.208  -33.131    719.1    916.3    278.4      0.0     78.3
     1     1    14     8    29     3     0     3   -71.0   56.983  -34.110    746.8    913.3    278.0      0.0     78.8
     1     1    14     8    29     2     0     2   -72.0   56.766  -35.149    772.5    909.5    277.6      0.0     80.7
