     7     1
    GDAS    14     8    22     0     0
    GDAS    14     8    29     0     0
    GDAS    14     9     1     0     0
    GDAS    14     9     8     0     0
    GDAS    14     9    15     0     0
    GDAS    14     9    22     0     0
    GDAS    14     9    29     0     0
     1 BACKWARD OMEGA   
    14     9    19    21   56.467   -2.973   100.0
     4 PRESSURE AIR_TEMP RAINFALL RELHUMID
     1     1    14     9    19    21     0     3     0.0   56.467   -2.973    100.0    973.6    284.6      0.0     84.9
     1     1    14     9    19    20     0     2    -1.0   56.500   -3.036    111.6    969.4    284.9      0.0     84.9
     1     1    14     9    19    19     0     1    -2.0   56.526   -3.093    121.1    966.4    285.2      0.0     84.7
     1     1    14     9    19    18     0     0    -3.0   56.542   -3.146    127.3    964.2    285.5      0.0     84.1
     1     1    14     9    19    17     0     1    -4.0   56.549   -3.189    128.4    963.2    286.1      0.0     83.1
     1     1    14     9    19    16     0     2    -5.0   56.548   -3.214    123.5    963.4    286.7      0.0     82.0
     1     1    14     9    19    15     0     3    -6.0   56.537   -3.221    114.0    964.6    287.4      0.0     80.8
     1     1    14     9    19    14     0     2    -7.0   56.521   -3.212    104.4    966.7    287.3      0.0     81.4
     1     1    14     9    19    13     0     1    -8.0   56.505   -3.187     97.8    968.2    287.0      0.0     82.4
     1     1    14     9    19    12     0     0    -9.0   56.488   -3.147     93.5    969.5    286.8      0.0     83.5
     1     1    14     9    19    11     0     1   -10.0   56.473   -3.098     90.1    970.8    286.3      0.0     86.9
     1     1    14     9    19    10     0     2   -11.0   56.461   -3.044     86.0    972.1    285.8      0.0     90.2
     1     1    14     9    19     9     0     3   -12.0   56.452   -2.986     80.9    973.8    285.4      0.0     93.5
     1     1    14     9    19     8     0     2   -13.0   56.446   -2.919     76.2    976.6    285.2      0.0     94.0
     1     1    14     9    19     7     0     1   -14.0   56.441   -2.839     72.9    979.3    284.9      0.0     94.4
     1     1    14     9    19     6     0     0   -15.0   56.439   -2.748     70.5    982.1    284.7      0.0     94.8
     1     1    14     9    19     5     0     1   -16.0   56.439   -2.648     67.4    985.3    285.0      0.0     95.5
     1     1    14     9    19     4     0     2   -17.0   56.439   -2.543     62.8    988.9    285.4      0.0     96.2
     1     1    14     9    19     3     0     3   -18.0   56.439   -2.433     57.3    992.9    285.8      0.0     96.9
     1     1    14     9    19     2     0     2   -19.0   56.434   -2.315     50.9    997.1    286.0      0.0     96.4
     1     1    14     9    19     1     0     1   -20.0   56.424   -2.184     43.7   1001.6    286.3      0.0     96.0
     1     1    14     9    19     0     0     0   -21.0   56.409   -2.039     36.1   1006.5    286.6      0.0     95.5
     1     1    14     9    18    23     0     1   -22.0   56.388   -1.878     29.8   1008.9    286.6      0.0     95.2
     1     1    14     9    18    22     0     2   -23.0   56.361   -1.696     26.2   1010.2    286.7      0.0     95.1
     1     1    14     9    18    21     0     3   -24.0   56.323   -1.484     24.6   1011.3    286.7      0.0     95.2
     1     1    14     9    18    20     0     2   -25.0   56.280   -1.241     24.5   1011.5    286.8      0.0     94.7
     1     1    14     9    18    19     0     1   -26.0   56.233   -0.975     25.9   1011.2    286.8      0.0     94.1
     1     1    14     9    18    18     0     0   -27.0   56.184   -0.704     28.7   1010.0    286.8      0.0     93.7
     1     1    14     9    18    17     0     1   -28.0   56.134   -0.439     31.7   1009.5    286.9      0.0     93.6
     1     1    14     9    18    16     0     2   -29.0   56.078   -0.184     33.6   1009.2    287.0      0.0     93.7
     1     1    14     9    18    15     0     3   -30.0   56.027    0.104     31.7   1009.1    287.3      0.0     91.9
     1     1    14     9    18    14     0     2   -31.0   55.986    0.454     28.7   1010.2    287.3      0.0     91.1
     1     1    14     9    18    13     0     1   -32.0   55.945    0.844     27.8   1010.5    287.4      0.0     90.0
     1     1    14     9    18    12     0     0   -33.0   55.901    1.256     27.7   1010.8    287.6      0.0     89.1
     1     1    14     9    18    11     0     1   -34.0   55.861    1.687     27.7   1011.0    287.8      0.0     88.4
     1     1    14     9    18    10     0     2   -35.0   55.839    2.144     27.7   1011.3    288.0      0.0     87.3
     1     1    14     9    18     9     0     3   -36.0   55.835    2.631     27.7   1011.5    288.2      0.0     85.7
     1     1    14     9    18     8     0     2   -37.0   55.843    3.133     27.7   1011.7    288.4      0.0     84.7
     1     1    14     9    18     7     0     1   -38.0   55.859    3.633     27.6   1011.9    288.6      0.0     83.7
     1     1    14     9    18     6     0     0   -39.0   55.884    4.131     27.4   1012.2    288.7      0.0     82.4
     1     1    14     9    18     5     0     1   -40.0   55.911    4.644     26.9   1012.2    288.9      0.0     80.1
     1     1    14     9    18     4     0     2   -41.0   55.933    5.180     26.2   1012.4    289.1      0.0     77.8
     1     1    14     9    18     3     0     3   -42.0   55.956    5.732     25.9   1012.5    289.2      0.0     74.4
     1     1    14     9    18     2     0     2   -43.0   55.979    6.292     25.9   1012.6    289.3      0.0     71.9
     1     1    14     9    18     1     0     1   -44.0   55.986    6.850     25.9   1012.8    289.5      0.0     68.9
     1     1    14     9    18     0     0     0   -45.0   55.978    7.390     27.5   1013.0    289.5      0.0     67.1
     1     1    14     9    17    23     0     1   -46.0   55.966    7.887     33.2   1013.5    289.4      0.0     68.3
     1     1    14     9    17    22     0     2   -47.0   55.957    8.331     44.3   1011.2    288.1      0.0     71.7
     1     1    14     9    17    21     0     3   -48.0   55.948    8.729     62.2   1007.1    287.1      0.0     74.3
     1     1    14     9    17    20     0     2   -49.0   55.944    9.123     84.9   1001.9    287.5      0.0     74.5
     1     1    14     9    17    19     0     1   -50.0   55.946    9.537     94.1   1001.0    288.5      0.0     72.6
     1     1    14     9    17    18     0     0   -51.0   55.956    9.930     78.1   1004.5    288.8      0.0     71.9
     1     1    14     9    17    17     0     1   -52.0   55.967   10.265     60.0   1010.5    289.6      0.0     68.1
     1     1    14     9    17    16     0     2   -53.0   55.973   10.569     50.0   1012.3    290.2      0.0     65.5
     1     1    14     9    17    15     0     3   -54.0   55.984   10.850     45.9   1013.4    290.2      0.0     64.8
     1     1    14     9    17    14     0     2   -55.0   55.994   11.112     45.1   1014.8    289.9      0.0     67.8
     1     1    14     9    17    13     0     1   -56.0   55.988   11.359     44.9   1015.4    290.1      0.0     68.7
     1     1    14     9    17    12     0     0   -57.0   55.964   11.587     43.9   1016.2    290.3      0.0     69.1
     1     1    14     9    17    11     0     1   -58.0   55.930   11.815     42.1   1016.1    290.2      0.0     71.8
     1     1    14     9    17    10     0     2   -59.0   55.892   12.064     40.4   1015.6    290.2      0.0     75.7
     1     1    14     9    17     9     0     3   -60.0   55.853   12.334     40.4   1014.4    290.5      0.0     78.7
     1     1    14     9    17     8     0     2   -61.0   55.814   12.614     43.9   1012.7    289.8      0.0     80.4
     1     1    14     9    17     7     0     1   -62.0   55.777   12.892     53.1   1010.7    288.3      0.0     84.2
     1     1    14     9    17     6     0     0   -63.0   55.742   13.175     66.8   1008.1    286.7      0.0     89.5
     1     1    14     9    17     5     0     1   -64.0   55.710   13.473     75.5   1006.7    286.7      0.0     87.5
     1     1    14     9    17     4     0     2   -65.0   55.690   13.776     70.1   1007.5    286.8      0.0     85.9
     1     1    14     9    17     3     0     3   -66.0   55.685   14.063     55.0   1010.4    286.8      0.0     84.4
     1     1    14     9    17     2     0     2   -67.0   55.686   14.341     40.9   1014.4    287.4      0.0     81.9
     1     1    14     9    17     1     0     1   -68.0   55.675   14.635     31.5   1017.5    288.3      0.0     79.0
     1     1    14     9    17     0     0     0   -69.0   55.650   14.956     25.5   1020.5    289.4      0.0     75.7
     1     1    14     9    16    23     0     1   -70.0   55.609   15.302     22.0   1021.1    289.7      0.0     73.2
     1     1    14     9    16    22     0     2   -71.0   55.560   15.666     19.9   1021.4    289.8      0.0     71.0
     1     1    14     9    16    21     0     3   -72.0   55.507   16.049     18.7   1021.7    289.9      0.0     68.9
