     7     1
    GDAS    14     8    22     0     0
    GDAS    14     8    29     0     0
    GDAS    14     9     1     0     0
    GDAS    14     9     8     0     0
    GDAS    14     9    15     0     0
    GDAS    14     9    22     0     0
    GDAS    14     9    29     0     0
     1 BACKWARD OMEGA   
    14     9    15     8   56.467   -2.973   100.0
     4 PRESSURE AIR_TEMP RAINFALL RELHUMID
     1     1    14     9    15     8     0     2     0.0   56.467   -2.973    100.0    980.8    283.8      0.0     98.6
     1     1    14     9    15     7     0     1    -1.0   56.583   -2.789     56.9    990.6    284.0      0.0     98.3
     1     1    14     9    15     6     0     0    -2.0   56.687   -2.598     33.1    997.8    284.1      0.0     97.8
     1     1    14     9    15     5     0     1    -3.0   56.789   -2.400     20.4   1005.1    284.5      0.0     95.7
     1     1    14     9    15     4     0     2    -4.0   56.891   -2.200     13.5   1013.7    285.1      0.0     92.8
     1     1    14     9    15     3     0     3    -5.0   56.992   -1.992      9.1   1023.0    285.8      0.0     89.0
     1     1    14     9    15     2     0     2    -6.0   57.084   -1.756      6.2   1023.4    286.1      0.0     87.4
     1     1    14     9    15     1     0     1    -7.0   57.163   -1.476      4.4   1024.4    286.3      0.0     85.2
     1     1    14     9    15     0     0     0    -8.0   57.227   -1.158      3.5   1025.8    286.4      0.0     82.5
     1     1    14     9    14    23     0     1    -9.0   57.285   -0.816      3.4   1026.6    286.4      0.0     81.3
     1     1    14     9    14    22     0     2   -10.0   57.339   -0.474      3.7   1027.0    286.4      0.0     81.2
     1     1    14     9    14    21     0     3   -11.0   57.390   -0.140      4.1   1027.4    286.4      0.0     81.1
     1     1    14     9    14    20     0     2   -12.0   57.448    0.191      4.6   1027.5    286.8      0.0     78.4
     1     1    14     9    14    19     0     1   -13.0   57.516    0.520      4.9   1027.2    286.8      0.0     78.1
     1     1    14     9    14    18     0     0   -14.0   57.585    0.846      5.1   1026.8    287.0      0.0     78.0
     1     1    14     9    14    17     0     1   -15.0   57.659    1.163      5.2   1027.1    287.1      0.0     78.0
     1     1    14     9    14    16     0     2   -16.0   57.746    1.463      5.3   1027.7    287.1      0.0     78.8
     1     1    14     9    14    15     0     3   -17.0   57.846    1.746      5.5   1028.4    287.1      0.0     80.4
     1     1    14     9    14    14     0     2   -18.0   57.950    2.007      5.9   1029.2    287.1      0.0     80.8
     1     1    14     9    14    13     0     1   -19.0   58.049    2.238      6.4   1029.7    287.2      0.0     81.1
     1     1    14     9    14    12     0     0   -20.0   58.138    2.440      7.0   1030.0    287.3      0.0     81.9
     1     1    14     9    14    11     0     1   -21.0   58.222    2.626      7.5   1029.7    287.4      0.0     84.2
     1     1    14     9    14    10     0     2   -22.0   58.310    2.810      7.9   1029.2    287.5      0.0     86.1
     1     1    14     9    14     9     0     3   -23.0   58.404    2.991      8.4   1028.7    287.7      0.0     87.5
     1     1    14     9    14     8     0     2   -24.0   58.503    3.164      8.7   1028.7    287.7      0.0     86.7
     1     1    14     9    14     7     0     1   -25.0   58.608    3.324      9.0   1028.5    287.7      0.0     86.4
     1     1    14     9    14     6     0     0   -26.0   58.721    3.469      9.4   1028.0    287.7      0.0     86.4
     1     1    14     9    14     5     0     1   -27.0   58.843    3.585      9.9   1028.2    287.8      0.0     84.5
     1     1    14     9    14     4     0     2   -28.0   58.975    3.660     10.6   1028.3    287.8      0.0     82.4
     1     1    14     9    14     3     0     3   -29.0   59.114    3.697     11.4   1028.4    287.8      0.0     80.2
     1     1    14     9    14     2     0     2   -30.0   59.244    3.714     12.2   1029.2    287.8      0.0     79.5
     1     1    14     9    14     1     0     1   -31.0   59.351    3.731     13.1   1029.8    287.8      0.0     78.8
     1     1    14     9    14     0     0     0   -32.0   59.438    3.748     13.8   1030.2    287.8      0.0     78.0
     1     1    14     9    13    23     0     1   -33.0   59.514    3.756     14.6   1029.4    287.8      0.0     78.1
     1     1    14     9    13    22     0     2   -34.0   59.587    3.747     15.5   1028.8    287.8      0.0     78.3
     1     1    14     9    13    21     0     3   -35.0   59.653    3.722     16.4   1028.4    287.7      0.0     78.6
     1     1    14     9    13    20     0     2   -36.0   59.712    3.684     17.4   1028.5    287.7      0.0     78.8
     1     1    14     9    13    19     0     1   -37.0   59.762    3.639     18.3   1028.6    287.6      0.0     79.1
     1     1    14     9    13    18     0     0   -38.0   59.803    3.584     19.0   1028.8    287.5      0.0     79.3
     1     1    14     9    13    17     0     1   -39.0   59.832    3.516     19.6   1028.9    287.5      0.0     79.5
     1     1    14     9    13    16     0     2   -40.0   59.844    3.431     20.3   1028.9    287.4      0.0     79.7
     1     1    14     9    13    15     0     3   -41.0   59.837    3.330     21.0   1028.9    287.4      0.0     79.7
     1     1    14     9    13    14     0     2   -42.0   59.812    3.222     22.0   1029.2    287.3      0.0     80.4
     1     1    14     9    13    13     0     1   -43.0   59.773    3.120     23.4   1029.3    287.3      0.0     81.1
     1     1    14     9    13    12     0     0   -44.0   59.720    3.027     25.4   1029.5    287.2      0.0     81.7
     1     1    14     9    13    11     0     1   -45.0   59.657    2.952     27.5   1027.8    287.2      0.0     81.7
     1     1    14     9    13    10     0     2   -46.0   59.589    2.904     29.0   1026.3    287.2      0.0     81.7
     1     1    14     9    13     9     0     3   -47.0   59.516    2.883     29.9   1024.9    287.2      0.0     81.8
     1     1    14     9    13     8     0     2   -48.0   59.450    2.874     30.7   1025.2    287.2      0.0     82.1
     1     1    14     9    13     7     0     1   -49.0   59.397    2.860     31.6   1025.4    287.2      0.0     82.3
     1     1    14     9    13     6     0     0   -50.0   59.356    2.839     32.6   1025.6    287.2      0.0     82.6
     1     1    14     9    13     5     0     1   -51.0   59.315    2.809     33.4   1025.3    287.1      0.0     81.5
     1     1    14     9    13     4     0     2   -52.0   59.264    2.767     34.0   1024.9    287.1      0.0     80.4
     1     1    14     9    13     3     0     3   -53.0   59.204    2.713     34.7   1024.6    287.1      0.0     79.3
     1     1    14     9    13     2     0     2   -54.0   59.141    2.651     35.7   1024.8    287.1      0.0     79.5
     1     1    14     9    13     1     0     1   -55.0   59.079    2.586     37.2   1025.0    287.0      0.0     79.5
     1     1    14     9    13     0     0     0   -56.0   59.020    2.518     39.3   1025.2    287.0      0.0     79.2
     1     1    14     9    12    23     0     1   -57.0   58.964    2.451     41.2   1023.9    287.0      0.0     78.9
     1     1    14     9    12    22     0     2   -58.0   58.912    2.390     42.4   1022.8    287.1      0.0     78.7
     1     1    14     9    12    21     0     3   -59.0   58.863    2.331     43.0   1021.7    287.1      0.0     78.7
     1     1    14     9    12    20     0     2   -60.0   58.821    2.267     43.2   1021.9    287.1      0.0     78.7
     1     1    14     9    12    19     0     1   -61.0   58.789    2.189     43.5   1022.0    287.1      0.0     78.6
     1     1    14     9    12    18     0     0   -62.0   58.765    2.098     43.5   1022.2    287.1      0.0     78.3
     1     1    14     9    12    17     0     1   -63.0   58.744    1.999     43.9   1021.4    287.0      0.0     78.4
     1     1    14     9    12    16     0     2   -64.0   58.716    1.895     44.8   1020.6    286.9      0.0     78.7
     1     1    14     9    12    15     0     3   -65.0   58.683    1.786     46.3   1019.7    286.8      0.0     79.1
     1     1    14     9    12    14     0     2   -66.0   58.643    1.679     47.8   1020.1    286.8      0.0     79.7
     1     1    14     9    12    13     0     1   -67.0   58.600    1.579     48.6   1020.7    286.8      0.0     80.2
     1     1    14     9    12    12     0     0   -68.0   58.555    1.485     48.9   1021.4    286.8      0.0     80.8
     1     1    14     9    12    11     0     1   -69.0   58.507    1.400     49.0   1021.2    286.8      0.0     82.3
     1     1    14     9    12    10     0     2   -70.0   58.454    1.330     49.2   1020.9    286.7      0.0     84.0
     1     1    14     9    12     9     0     3   -71.0   58.398    1.274     49.4   1020.4    286.7      0.0     85.7
     1     1    14     9    12     8     0     2   -72.0   58.341    1.218     49.6   1020.4    286.7      0.0     85.9
