     7     1
    GDAS    14     8    22     0     0
    GDAS    14     8    29     0     0
    GDAS    14     9     1     0     0
    GDAS    14     9     8     0     0
    GDAS    14     9    15     0     0
    GDAS    14     9    22     0     0
    GDAS    14     9    29     0     0
     1 BACKWARD OMEGA   
    14     9     1    18   56.467   -2.973   100.0
     4 PRESSURE AIR_TEMP RAINFALL RELHUMID
     1     1    14     9     1    18     0     0     0.0   56.467   -2.973    100.0    977.1    287.0      0.0     70.2
     1     1    14     9     1    17     0     1    -1.0   56.479   -3.157    103.1    974.0    287.1      0.0     69.6
     1     1    14     9     1    16     0     2    -2.0   56.495   -3.359    102.9    971.4    287.2      0.0     68.9
     1     1    14     9     1    15     0     3    -3.0   56.513   -3.587     98.7    968.8    287.2      0.0     68.1
     1     1    14     9     1    14     0     2    -4.0   56.529   -3.842     96.1    966.7    286.5      0.0     70.2
     1     1    14     9     1    13     0     1    -5.0   56.540   -4.112    100.5    964.7    285.8      0.0     72.9
     1     1    14     9     1    12     0     0    -6.0   56.538   -4.375    106.0    965.4    285.4      0.0     75.8
     1     1    14     9     1    11     0     1    -7.0   56.522   -4.628    105.4    967.0    285.0      0.0     79.0
     1     1    14     9     1    10     0     2    -8.0   56.498   -4.879     96.6    969.9    284.8      0.0     80.4
     1     1    14     9     1     9     0     3    -9.0   56.467   -5.134     81.8    976.4    284.9      0.0     79.9
     1     1    14     9     1     8     0     2   -10.0   56.437   -5.390     62.8    986.1    285.2      0.0     82.2
     1     1    14     9     1     7     0     1   -11.0   56.415   -5.640     41.0    995.3    285.4      0.0     82.2
     1     1    14     9     1     6     0     0   -12.0   56.403   -5.889     21.2   1004.6    285.6      0.0     79.7
     1     1    14     9     1     5     0     1   -13.0   56.390   -6.156      7.2   1009.9    286.1      0.0     80.6
     1     1    14     9     1     4     0     2   -14.0   56.369   -6.462      0.4   1011.9    286.4      0.0     82.2
     1     1    14     9     1     3     0     3   -15.0   56.343   -6.824      0.0   1014.9    286.8      0.0     82.8
     1     1    14     9     1     2     0     2   -16.0   56.312   -7.245      0.0   1015.2    287.1      0.0     83.1
     1     1    14     9     1     1     0     1   -17.0   56.273   -7.702      0.3   1014.2    287.1      0.0     83.6
     1     1    14     9     1     0     0     0   -18.0   56.226   -8.189      1.0   1014.0    287.1      0.0     83.6
     1     1    14     8    31    23     0     1   -19.0   56.172   -8.695      1.6   1013.1    287.2      0.0     81.3
     1     1    14     8    31    22     0     2   -20.0   56.117   -9.208      2.2   1012.1    287.3      0.0     81.0
     1     1    14     8    31    21     0     3   -21.0   56.063   -9.720      2.9   1011.2    287.3      0.0     80.4
     1     1    14     8    31    20     0     2   -22.0   56.009  -10.242      3.8   1010.2    287.5      0.1     79.8
     1     1    14     8    31    19     0     1   -23.0   55.960  -10.795      4.6   1009.4    287.7      0.0     80.3
     1     1    14     8    31    18     0     0   -24.0   55.918  -11.383      5.3   1008.6    287.8      0.0     82.0
     1     1    14     8    31    17     0     1   -25.0   55.868  -12.013      6.2   1008.4    287.9      0.0     82.9
     1     1    14     8    31    16     0     2   -26.0   55.812  -12.680      7.4   1008.2    287.9      0.0     82.4
     1     1    14     8    31    15     0     3   -27.0   55.774  -13.371      8.6   1007.8    287.9      0.0     80.9
     1     1    14     8    31    14     0     2   -28.0   55.710  -14.067      9.7   1007.0    288.0      0.1     82.9
     1     1    14     8    31    13     0     1   -29.0   55.605  -14.778     11.0   1006.3    287.9      0.1     85.8
     1     1    14     8    31    12     0     0   -30.0   55.508  -15.540     13.6   1005.3    287.9      0.1     87.8
     1     1    14     8    31    11     0     1   -31.0   55.396  -16.297     16.8   1003.4    287.9      0.0     85.9
     1     1    14     8    31    10     0     2   -32.0   55.203  -17.014     18.0   1001.6    288.1      0.1     88.7
     1     1    14     8    31     9     0     3   -33.0   54.998  -17.754     20.0   1000.5    288.0      0.1     91.7
     1     1    14     8    31     8     0     2   -34.0   54.808  -18.517     25.3    999.2    287.9      0.1     88.9
     1     1    14     8    31     7     0     1   -35.0   54.553  -19.229     28.6    998.4    288.0      0.1     89.9
     1     1    14     8    31     6     0     0   -36.0   54.231  -19.936     28.0    997.6    288.0      0.0     92.9
     1     1    14     8    31     5     0     1   -37.0   53.902  -20.658     26.0    998.2    288.0      0.0     89.9
     1     1    14     8    31     4     0     2   -38.0   53.572  -21.362     24.9    998.3    287.9      0.0     89.0
     1     1    14     8    31     3     0     3   -39.0   53.188  -22.070     24.5    997.6    287.8      0.0     89.0
     1     1    14     8    31     2     0     2   -40.0   52.786  -22.802     24.0    998.6    288.0      0.1     88.3
     1     1    14     8    31     1     0     1   -41.0   52.400  -23.529     23.6    998.9    288.0      0.0     86.2
     1     1    14     8    31     0     0     0   -42.0   51.996  -24.265     24.1    999.4    288.0      0.0     84.4
     1     1    14     8    30    23     0     1   -43.0   51.588  -25.011     25.1    999.8    288.2      0.0     84.3
     1     1    14     8    30    22     0     2   -44.0   51.205  -25.751     26.5    999.8    288.5      0.0     82.4
     1     1    14     8    30    21     0     3   -45.0   50.837  -26.484     27.9    999.9    288.8      0.0     80.3
     1     1    14     8    30    20     0     2   -46.0   50.487  -27.209     29.2    999.2    288.9      0.0     81.4
     1     1    14     8    30    19     0     1   -47.0   50.153  -27.938     32.2    998.5    289.4      0.0     79.6
     1     1    14     8    30    18     0     0   -48.0   49.811  -28.687     35.8    997.6    289.2      0.0     79.4
     1     1    14     8    30    17     0     1   -49.0   49.463  -29.426     36.9    997.5    289.5      0.0     79.8
     1     1    14     8    30    16     0     2   -50.0   49.133  -30.168     37.3    997.2    289.6      0.0     78.7
     1     1    14     8    30    15     0     3   -51.0   48.810  -30.930     38.1    994.7    290.0      0.0     79.6
     1     1    14     8    30    14     0     2   -52.0   48.498  -31.701     37.0    995.0    290.4      0.0     80.4
     1     1    14     8    30    13     0     1   -53.0   48.194  -32.471     35.6    994.6    290.5      0.0     81.2
     1     1    14     8    30    12     0     0   -54.0   47.870  -33.261     35.4    994.3    290.8      0.0     80.4
     1     1    14     8    30    11     0     1   -55.0   47.559  -34.076     37.4    994.1    291.2      0.0     80.0
     1     1    14     8    30    10     0     2   -56.0   47.265  -34.875     41.7    993.6    291.3      0.0     80.4
     1     1    14     8    30     9     0     3   -57.0   46.953  -35.684     44.6    992.9    291.7      0.0     79.3
     1     1    14     8    30     8     0     2   -58.0   46.648  -36.505     46.2    992.3    291.9      0.0     79.4
     1     1    14     8    30     7     0     1   -59.0   46.374  -37.324     49.4    990.4    292.0      0.1     80.5
     1     1    14     8    30     6     0     0   -60.0   46.115  -38.169     48.9    989.3    292.2      0.1     77.9
     1     1    14     8    30     5     0     1   -61.0   45.897  -39.060     47.2    990.3    292.5      0.0     77.6
     1     1    14     8    30     4     0     2   -62.0   45.705  -39.916     48.6    990.2    292.5      0.0     79.1
     1     1    14     8    30     3     0     3   -63.0   45.545  -40.778     51.4    989.0    292.7      0.0     77.6
     1     1    14     8    30     2     0     2   -64.0   45.439  -41.657     53.3    988.8    292.7      0.2     78.0
     1     1    14     8    30     1     0     1   -65.0   45.340  -42.544     54.8    987.2    292.7      0.1     78.7
     1     1    14     8    30     0     0     0   -66.0   45.296  -43.496     58.6    986.3    292.4      0.1     80.0
     1     1    14     8    29    23     0     1   -67.0   45.372  -44.424     65.1    985.1    291.5      0.0     81.0
     1     1    14     8    29    22     0     2   -68.0   45.517  -45.285     74.0    982.4    290.5      0.0     82.9
     1     1    14     8    29    21     0     3   -69.0   45.850  -46.028     90.3    978.7    289.3      0.0     85.0
     1     1    14     8    29    20     0     2   -70.0   46.412  -46.549    108.5    973.2    288.4      8.5     88.3
     1     1    14     8    29    19     0     1   -71.0   47.142  -46.704    111.7    969.9    287.5      1.9     90.7
     1     1    14     8    29    18     0     0   -72.0   47.924  -46.338     81.0    975.0    287.4      2.2     91.8
