     7     1
    GDAS    14     8    22     0     0
    GDAS    14     8    29     0     0
    GDAS    14     9     1     0     0
    GDAS    14     9     8     0     0
    GDAS    14     9    15     0     0
    GDAS    14     9    22     0     0
    GDAS    14     9    29     0     0
     1 BACKWARD OMEGA   
    14     9    11     1   56.467   -2.973   100.0
     4 PRESSURE AIR_TEMP RAINFALL RELHUMID
     1     1    14     9    11     1     0     1     0.0   56.467   -2.973    100.0    979.0    284.0      0.0     88.9
     1     1    14     9    11     0     0     0    -1.0   56.356   -2.950    125.9    980.9    284.4      0.0     87.2
     1     1    14     9    10    23     0     1    -2.0   56.237   -2.895    155.1    982.3    285.0      0.0     84.9
     1     1    14     9    10    22     0     2    -3.0   56.114   -2.791    184.4    983.9    285.5      0.0     82.0
     1     1    14     9    10    21     0     3    -4.0   55.987   -2.630    211.7    985.4    285.9      0.0     78.7
     1     1    14     9    10    20     0     2    -5.0   55.860   -2.443    233.7    983.1    286.1      0.0     76.8
     1     1    14     9    10    19     0     1    -6.0   55.743   -2.258    247.9    981.0    286.1      0.0     75.9
     1     1    14     9    10    18     0     0    -7.0   55.636   -2.074    252.0    979.2    285.9      0.0     75.9
     1     1    14     9    10    17     0     1    -8.0   55.540   -1.884    245.1    979.8    285.8      0.0     75.3
     1     1    14     9    10    16     0     2    -9.0   55.454   -1.684    232.5    983.3    286.0      0.0     74.0
     1     1    14     9    10    15     0     3   -10.0   55.378   -1.475    222.6    987.5    286.0      0.0     72.7
     1     1    14     9    10    14     0     2   -11.0   55.312   -1.270    222.1    991.6    285.8      0.0     73.6
     1     1    14     9    10    13     0     1   -12.0   55.254   -1.082    233.5    994.0    285.6      0.0     74.8
     1     1    14     9    10    12     0     0   -13.0   55.202   -0.909    252.3    993.4    285.4      0.0     76.1
     1     1    14     9    10    11     0     1   -14.0   55.153   -0.741    270.8    990.5    285.2      0.0     77.5
     1     1    14     9    10    10     0     2   -15.0   55.104   -0.568    284.9    988.5    285.0      0.0     78.8
     1     1    14     9    10     9     0     3   -16.0   55.055   -0.387    294.3    987.1    284.8      0.0     80.3
     1     1    14     9    10     8     0     2   -17.0   55.009   -0.203    299.9    986.4    284.8      0.0     80.0
     1     1    14     9    10     7     0     1   -18.0   54.972   -0.023    302.7    985.7    284.8      0.0     79.4
     1     1    14     9    10     6     0     0   -19.0   54.956    0.133    305.4    986.0    284.1      0.0     80.5
     1     1    14     9    10     5     0     1   -20.0   54.959    0.262    310.2    985.2    284.2      0.0     80.0
     1     1    14     9    10     4     0     2   -21.0   54.968    0.369    316.4    984.2    284.3      0.0     79.7
     1     1    14     9    10     3     0     3   -22.0   54.979    0.456    322.8    983.2    284.3      0.0     79.5
     1     1    14     9    10     2     0     2   -23.0   54.995    0.532    329.0    982.6    284.3      0.0     79.7
     1     1    14     9    10     1     0     1   -24.0   55.016    0.602    334.3    982.0    284.2      0.0     79.9
     1     1    14     9    10     0     0     0   -25.0   55.044    0.667    337.8    981.6    284.2      0.0     80.2
     1     1    14     9     9    23     0     1   -26.0   55.084    0.717    339.8    981.5    284.2      0.0     80.8
     1     1    14     9     9    22     0     2   -27.0   55.144    0.742    341.9    981.3    284.2      0.0     81.3
     1     1    14     9     9    21     0     3   -28.0   55.223    0.740    344.8    981.0    284.2      0.0     81.5
     1     1    14     9     9    20     0     2   -29.0   55.312    0.713    349.1    980.3    284.2      0.0     81.3
     1     1    14     9     9    19     0     1   -30.0   55.401    0.669    355.1    979.4    284.1      0.0     81.2
     1     1    14     9     9    18     0     0   -31.0   55.490    0.609    363.5    978.2    284.1      0.0     81.0
     1     1    14     9     9    17     0     1   -32.0   55.573    0.521    375.8    976.7    283.9      0.0     80.9
     1     1    14     9     9    16     0     2   -33.0   55.645    0.399    392.7    974.5    283.7      0.0     80.8
     1     1    14     9     9    15     0     3   -34.0   55.702    0.244    413.2    972.0    283.5      0.0     80.6
     1     1    14     9     9    14     0     2   -35.0   55.746    0.076    433.9    969.5    283.3      0.0     81.6
     1     1    14     9     9    13     0     1   -36.0   55.758   -0.045    462.2    967.8    283.5      0.0     80.1
     1     1    14     9     9    12     0     0   -37.0   55.739   -0.126    500.4    962.2    282.9      0.0     82.2
     1     1    14     9     9    11     0     1   -38.0   55.721   -0.221    535.7    957.7    282.6      0.0     82.8
     1     1    14     9     9    10     0     2   -39.0   55.705   -0.329    563.4    954.5    282.4      0.0     83.0
     1     1    14     9     9     9     0     3   -40.0   55.691   -0.448    582.8    952.4    282.2      0.0     82.8
     1     1    14     9     9     8     0     2   -41.0   55.690   -0.570    595.0    951.0    282.1      0.0     82.8
     1     1    14     9     9     7     0     1   -42.0   55.711   -0.689    601.0    950.0    282.0      0.0     82.9
     1     1    14     9     9     6     0     0   -43.0   55.756   -0.805    601.1    949.8    282.0      0.0     82.9
     1     1    14     9     9     5     0     1   -44.0   55.820   -0.935    599.5    950.3    282.0      0.0     83.0
     1     1    14     9     9     4     0     2   -45.0   55.894   -1.096    598.2    949.6    282.0      0.0     83.5
     1     1    14     9     9     3     0     3   -46.0   55.970   -1.281    595.4    949.2    282.0      0.0     83.8
     1     1    14     9     9     2     0     2   -47.0   56.043   -1.465    590.3    949.4    282.0      0.0     83.3
     1     1    14     9     9     1     0     1   -48.0   56.116   -1.633    583.9    949.8    282.1      0.0     82.7
     1     1    14     9     9     0     0     0   -49.0   56.189   -1.788    578.3    950.3    282.1      0.0     82.3
     1     1    14     9     8    23     0     1   -50.0   56.261   -1.939    580.0    950.5    282.3      0.0     81.5
     1     1    14     9     8    22     0     2   -51.0   56.331   -2.093    593.2    946.9    282.2      0.0     82.0
     1     1    14     9     8    21     0     3   -52.0   56.404   -2.253    614.4    940.3    281.9      0.0     83.8
     1     1    14     9     8    20     0     2   -53.0   56.489   -2.418    638.5    932.1    281.3      0.0     85.5
     1     1    14     9     8    19     0     1   -54.0   56.594   -2.591    663.9    922.3    280.7      0.0     87.2
     1     1    14     9     8    18     0     0   -55.0   56.724   -2.775    695.4    909.8    279.9      0.0     88.8
     1     1    14     9     8    17     0     1   -56.0   56.882   -2.980    747.3    892.8    278.9      0.0     90.8
     1     1    14     9     8    16     0     2   -57.0   57.063   -3.207    829.4    878.3    277.9      0.0     92.1
     1     1    14     9     8    15     0     3   -58.0   57.260   -3.458    926.7    872.2    277.4      0.0     91.8
     1     1    14     9     8    14     0     2   -59.0   57.458   -3.736   1018.2    865.8    277.1      0.0     89.5
     1     1    14     9     8    13     0     1   -60.0   57.656   -4.034   1101.9    862.5    276.8      0.0     90.3
     1     1    14     9     8    12     0     0   -61.0   57.858   -4.347   1174.5    859.1    276.3      0.0     93.7
     1     1    14     9     8    11     0     1   -62.0   58.067   -4.671   1229.1    854.7    276.0      0.0     90.0
     1     1    14     9     8    10     0     2   -63.0   58.278   -4.997   1269.1    851.1    275.9      0.0     83.9
     1     1    14     9     8     9     0     3   -64.0   58.484   -5.312   1296.8    859.5    276.1      0.0     82.3
     1     1    14     9     8     8     0     2   -65.0   58.683   -5.611   1301.3    865.6    276.2      0.0     84.6
     1     1    14     9     8     7     0     1   -66.0   58.884   -5.901   1283.2    871.2    276.5      0.0     82.7
     1     1    14     9     8     6     0     0   -67.0   59.095   -6.192   1258.3    874.9    276.8      0.0     80.0
     1     1    14     9     8     5     0     1   -68.0   59.311   -6.496   1247.1    877.1    276.9      0.0     80.1
     1     1    14     9     8     4     0     2   -69.0   59.522   -6.817   1256.6    875.7    276.9      0.0     77.9
     1     1    14     9     8     3     0     3   -70.0   59.729   -7.154   1282.4    872.7    276.8      0.0     75.8
     1     1    14     9     8     2     0     2   -71.0   59.927   -7.504   1311.3    868.5    276.6      0.0     77.2
     1     1    14     9     8     1     0     1   -72.0   60.110   -7.862   1332.0    866.3    276.5      0.0     75.8
