     7     1
    GDAS    14     8    22     0     0
    GDAS    14     8    29     0     0
    GDAS    14     9     1     0     0
    GDAS    14     9     8     0     0
    GDAS    14     9    15     0     0
    GDAS    14     9    22     0     0
    GDAS    14     9    29     0     0
     1 BACKWARD OMEGA   
    14     9     6     8   56.467   -2.973   100.0
     4 PRESSURE AIR_TEMP RAINFALL RELHUMID
     1     1    14     9     6     8     0     2     0.0   56.467   -2.973    100.0    972.8    282.9      0.0     84.5
     1     1    14     9     6     7     0     1    -1.0   56.439   -3.064    130.0    969.8    282.1      0.0     86.5
     1     1    14     9     6     6     0     0    -2.0   56.421   -3.130    164.9    965.5    281.3      0.0     87.7
     1     1    14     9     6     5     0     1    -3.0   56.416   -3.179    200.9    960.9    281.3      0.0     87.6
     1     1    14     9     6     4     0     2    -4.0   56.427   -3.228    238.0    956.3    281.4      0.0     87.6
     1     1    14     9     6     3     0     3    -5.0   56.455   -3.285    278.1    950.4    281.3      0.0     87.7
     1     1    14     9     6     2     0     2    -6.0   56.501   -3.347    318.6    943.0    281.0      0.0     88.6
     1     1    14     9     6     1     0     1    -7.0   56.562   -3.409    356.6    935.9    280.7      0.0     89.4
     1     1    14     9     6     0     0     0    -8.0   56.631   -3.474    391.6    928.9    280.4      0.0     90.2
     1     1    14     9     5    23     0     1    -9.0   56.699   -3.540    419.5    922.2    280.3      0.0     91.4
     1     1    14     9     5    22     0     2   -10.0   56.769   -3.602    437.0    916.6    280.1      0.0     92.5
     1     1    14     9     5    21     0     3   -11.0   56.845   -3.650    446.2    911.8    280.0      0.0     93.7
     1     1    14     9     5    20     0     2   -12.0   56.928   -3.685    441.2    907.4    279.9      0.2     93.6
     1     1    14     9     5    19     0     1   -13.0   57.021   -3.707    414.2    908.0    280.1      0.3     93.0
     1     1    14     9     5    18     0     0   -14.0   57.119   -3.725    375.1    917.6    281.0      0.3     90.5
     1     1    14     9     5    17     0     1   -15.0   57.212   -3.768    338.3    926.3    281.9      0.0     87.8
     1     1    14     9     5    16     0     2   -16.0   57.297   -3.858    314.5    932.0    282.7      0.0     84.6
     1     1    14     9     5    15     0     3   -17.0   57.379   -3.993    308.5    934.6    283.2      0.0     80.9
     1     1    14     9     5    14     0     2   -18.0   57.449   -4.162    314.9    936.9    282.9      0.7     82.4
     1     1    14     9     5    13     0     1   -19.0   57.501   -4.345    317.9    938.5    282.5      0.0     84.4
     1     1    14     9     5    12     0     0   -20.0   57.537   -4.536    311.7    940.4    282.1      0.0     86.3
     1     1    14     9     5    11     0     1   -21.0   57.565   -4.724    295.8    942.9    281.9      0.0     88.3
     1     1    14     9     5    10     0     2   -22.0   57.587   -4.902    270.5    945.9    281.8      0.0     90.8
     1     1    14     9     5     9     0     3   -23.0   57.602   -5.060    239.8    952.2    281.9      0.0     92.6
     1     1    14     9     5     8     0     2   -24.0   57.626   -5.211    204.4    961.4    282.4      0.9     91.8
     1     1    14     9     5     7     0     1   -25.0   57.674   -5.366    162.6    973.0    283.1      1.1     90.9
     1     1    14     9     5     6     0     0   -26.0   57.749   -5.522    120.1    985.3    283.8      0.3     90.1
     1     1    14     9     5     5     0     1   -27.0   57.832   -5.694     83.2    997.8    284.8      0.3     89.4
     1     1    14     9     5     4     0     2   -28.0   57.912   -5.903     57.8   1010.7    285.7      0.3     89.3
     1     1    14     9     5     3     0     3   -29.0   57.999   -6.157     43.7   1015.0    285.8      0.4     89.1
     1     1    14     9     5     2     0     2   -30.0   58.076   -6.436     38.7   1012.2    285.7      0.3     88.3
     1     1    14     9     5     1     0     1   -31.0   58.133   -6.718     38.4   1009.0    285.7      1.3     89.4
     1     1    14     9     5     0     0     0   -32.0   58.199   -7.008     36.7   1006.6    285.8      1.3     91.3
     1     1    14     9     4    23     0     1   -33.0   58.267   -7.312     33.6   1009.2    286.0      0.4     89.8
     1     1    14     9     4    22     0     2   -34.0   58.321   -7.618     31.5   1011.3    286.2      0.7     89.7
     1     1    14     9     4    21     0     3   -35.0   58.372   -7.915     31.0   1013.1    286.3      0.7     90.5
     1     1    14     9     4    20     0     2   -36.0   58.415   -8.216     31.3   1013.1    286.3      0.0     90.3
     1     1    14     9     4    19     0     1   -37.0   58.444   -8.537     31.4   1012.3    286.2      0.7     91.2
     1     1    14     9     4    18     0     0   -38.0   58.483   -8.875     31.8   1011.1    286.1      0.7     93.2
     1     1    14     9     4    17     0     1   -39.0   58.514   -9.230     32.6   1011.1    286.2      0.8     92.2
     1     1    14     9     4    16     0     2   -40.0   58.509   -9.598     32.9   1011.1    286.2      0.2     92.4
     1     1    14     9     4    15     0     3   -41.0   58.481   -9.976     32.8   1010.9    286.2      0.3     94.1
     1     1    14     9     4    14     0     2   -42.0   58.441  -10.354     32.6   1010.9    286.4      1.0     93.0
     1     1    14     9     4    13     0     1   -43.0   58.395  -10.724     32.2   1010.9    286.5      1.5     92.6
     1     1    14     9     4    12     0     0   -44.0   58.356  -11.093     32.0   1010.8    286.6      1.5     92.9
     1     1    14     9     4    11     0     1   -45.0   58.320  -11.447     32.0   1010.5    286.6      1.0     92.2
     1     1    14     9     4    10     0     2   -46.0   58.278  -11.778     32.9   1010.7    286.7      0.7     91.3
     1     1    14     9     4     9     0     3   -47.0   58.237  -12.104     36.5   1010.8    286.7      0.7     90.4
     1     1    14     9     4     8     0     2   -48.0   58.193  -12.414     41.0   1009.4    286.6      3.3     90.5
     1     1    14     9     4     7     0     1   -49.0   58.147  -12.692     45.0   1008.4    286.4      2.4     90.6
     1     1    14     9     4     6     0     0   -50.0   58.108  -12.933     50.2   1007.2    286.3      2.4     90.5
     1     1    14     9     4     5     0     1   -51.0   58.072  -13.144     55.5   1006.6    286.3      1.6     91.3
     1     1    14     9     4     4     0     2   -52.0   58.029  -13.332     59.2   1006.3    286.3      1.6     91.9
     1     1    14     9     4     3     0     3   -53.0   57.980  -13.491     63.5   1006.1    286.2      1.6     92.1
     1     1    14     9     4     2     0     2   -54.0   57.911  -13.610     68.9   1005.5    286.2      0.5     90.5
     1     1    14     9     4     1     0     1   -55.0   57.814  -13.686     73.7   1005.1    286.2      0.5     89.6
     1     1    14     9     4     0     0     0   -56.0   57.689  -13.730     76.1   1004.9    286.2      0.5     89.4
     1     1    14     9     3    23     0     1   -57.0   57.542  -13.775     75.1   1005.8    286.3      0.8     89.7
     1     1    14     9     3    22     0     2   -58.0   57.379  -13.844     72.3   1006.9    286.5      1.1     89.8
     1     1    14     9     3    21     0     3   -59.0   57.203  -13.912     67.4   1008.4    286.7      1.1     89.9
     1     1    14     9     3    20     0     2   -60.0   57.016  -13.987     62.0   1009.5    286.8      0.0     90.0
     1     1    14     9     3    19     0     1   -61.0   56.809  -14.080     58.2   1010.2    286.9      0.0     89.6
     1     1    14     9     3    18     0     0   -62.0   56.582  -14.169     55.8   1010.5    287.0      0.0     89.0
     1     1    14     9     3    17     0     1   -63.0   56.352  -14.232     53.6   1010.7    287.2      0.0     88.8
     1     1    14     9     3    16     0     2   -64.0   56.126  -14.267     50.8   1011.2    287.3      0.0     87.6
     1     1    14     9     3    15     0     3   -65.0   55.897  -14.285     48.1   1011.7    287.4      0.0     86.5
     1     1    14     9     3    14     0     2   -66.0   55.671  -14.288     45.4   1012.1    287.5      0.0     87.6
     1     1    14     9     3    13     0     1   -67.0   55.459  -14.285     42.8   1012.6    287.6      0.0     87.4
     1     1    14     9     3    12     0     0   -68.0   55.261  -14.290     40.7   1013.0    287.7      0.0     86.0
     1     1    14     9     3    11     0     1   -69.0   55.064  -14.311     39.1   1013.4    287.8      0.0     86.7
     1     1    14     9     3    10     0     2   -70.0   54.857  -14.348     38.1   1013.7    287.8      0.0     88.0
     1     1    14     9     3     9     0     3   -71.0   54.642  -14.404     38.0   1013.9    287.9      0.0     88.8
     1     1    14     9     3     8     0     2   -72.0   54.434  -14.474     38.7   1013.8    287.9      0.0     88.7
