     7     1
    GDAS    14     8    22     0     0
    GDAS    14     8    29     0     0
    GDAS    14     9     1     0     0
    GDAS    14     9     8     0     0
    GDAS    14     9    15     0     0
    GDAS    14     9    22     0     0
    GDAS    14     9    29     0     0
     1 BACKWARD OMEGA   
    14     9    10     4   56.467   -2.973   100.0
     4 PRESSURE AIR_TEMP RAINFALL RELHUMID
     1     1    14     9    10     4     0     2     0.0   56.467   -2.973    100.0    978.8    283.3      0.0     82.9
     1     1    14     9    10     3     0     3    -1.0   56.390   -2.949    112.7    980.5    283.9      0.0     82.1
     1     1    14     9    10     2     0     2    -2.0   56.317   -2.909    121.7    983.0    284.3      0.0     80.6
     1     1    14     9    10     1     0     1    -3.0   56.250   -2.848    127.6    985.8    284.7      0.0     79.2
     1     1    14     9    10     0     0     0    -4.0   56.187   -2.765    130.0    989.0    285.1      0.0     77.9
     1     1    14     9     9    23     0     1    -5.0   56.129   -2.672    128.0    992.1    285.6      0.0     76.9
     1     1    14     9     9    22     0     2    -6.0   56.075   -2.575    122.0    995.4    286.0      0.0     76.0
     1     1    14     9     9    21     0     3    -7.0   56.025   -2.472    113.6    998.5    286.3      0.0     75.4
     1     1    14     9     9    20     0     2    -8.0   55.977   -2.362    104.0   1000.6    286.5      0.0     74.5
     1     1    14     9     9    19     0     1    -9.0   55.933   -2.239     93.6   1002.1    286.7      0.0     74.1
     1     1    14     9     9    18     0     0   -10.0   55.894   -2.096     82.8   1003.8    286.7      0.0     74.1
     1     1    14     9     9    17     0     1   -11.0   55.861   -1.950     71.8   1005.6    286.7      0.0     73.8
     1     1    14     9     9    16     0     2   -12.0   55.839   -1.838     61.9   1007.7    286.9      0.0     73.1
     1     1    14     9     9    15     0     3   -13.0   55.829   -1.765     53.9   1009.3    287.1      0.0     72.4
     1     1    14     9     9    14     0     2   -14.0   55.824   -1.719     47.8   1010.6    287.1      0.0     73.7
     1     1    14     9     9    13     0     1   -15.0   55.822   -1.691     43.8   1011.6    287.1      0.0     75.0
     1     1    14     9     9    12     0     0   -16.0   55.822   -1.681     41.0   1012.4    287.1      0.0     76.3
     1     1    14     9     9    11     0     1   -17.0   55.819   -1.694     39.1   1012.6    286.9      0.0     77.0
     1     1    14     9     9    10     0     2   -18.0   55.806   -1.736     38.0   1012.3    286.7      0.0     77.7
     1     1    14     9     9     9     0     3   -19.0   55.783   -1.805     37.9   1011.5    286.5      0.0     78.5
     1     1    14     9     9     8     0     2   -20.0   55.756   -1.885     37.9   1010.0    286.0      0.0     79.0
     1     1    14     9     9     7     0     1   -21.0   55.731   -1.959     37.7   1008.6    285.4      0.0     79.8
     1     1    14     9     9     6     0     0   -22.0   55.706   -2.029     37.4   1007.3    284.6      0.0     80.8
     1     1    14     9     9     5     0     1   -23.0   55.681   -2.099     37.1   1006.2    284.5      0.0     80.2
     1     1    14     9     9     4     0     2   -24.0   55.654   -2.169     36.8   1005.2    284.4      0.0     79.4
     1     1    14     9     9     3     0     3   -25.0   55.623   -2.236     36.3   1004.3    284.4      0.0     78.6
     1     1    14     9     9     2     0     2   -26.0   55.588   -2.297     35.6   1003.4    284.2      0.0     77.5
     1     1    14     9     9     1     0     1   -27.0   55.548   -2.347     34.4   1002.7    284.1      0.0     76.4
     1     1    14     9     9     0     0     0   -28.0   55.503   -2.385     32.9   1002.0    283.9      0.0     75.4
     1     1    14     9     8    23     0     1   -29.0   55.457   -2.413     31.2   1001.2    283.9      0.0     74.8
     1     1    14     9     8    22     0     2   -30.0   55.415   -2.435     29.0   1000.6    283.9      0.0     74.1
     1     1    14     9     8    21     0     3   -31.0   55.377   -2.450     26.2   1000.1    283.8      0.0     73.4
     1     1    14     9     8    20     0     2   -32.0   55.344   -2.457     22.9   1000.2    284.3      0.0     72.8
     1     1    14     9     8    19     0     1   -33.0   55.317   -2.455     19.2   1000.5    285.0      0.0     72.2
     1     1    14     9     8    18     0     0   -34.0   55.293   -2.446     15.3   1001.0    285.9      0.0     71.5
     1     1    14     9     8    17     0     1   -35.0   55.283   -2.437     11.6   1000.9    286.8      0.0     68.8
     1     1    14     9     8    16     0     2   -36.0   55.293   -2.439      8.0   1000.6    287.8      0.0     66.1
     1     1    14     9     8    15     0     3   -37.0   55.325   -2.454      4.1   1000.5    288.8      0.0     63.4
     1     1    14     9     8    14     0     2   -38.0   55.364   -2.486      0.1   1001.7    289.2      0.0     63.9
     1     1    14     9     8    13     0     1   -39.0   55.399   -2.532      0.0   1002.8    289.6      0.0     64.4
     1     1    14     9     8    12     0     0   -40.0   55.426   -2.593      0.0   1003.8    289.9      0.0     64.9
     1     1    14     9     8    11     0     1   -41.0   55.451   -2.664      0.0   1003.8    288.5      0.0     68.7
     1     1    14     9     8    10     0     2   -42.0   55.478   -2.742      0.0   1003.6    287.2      0.0     72.6
     1     1    14     9     8     9     0     3   -43.0   55.508   -2.821      0.0   1003.2    285.8      0.0     76.6
     1     1    14     9     8     8     0     2   -44.0   55.542   -2.901      0.9   1003.4    284.1      0.0     79.5
     1     1    14     9     8     7     0     1   -45.0   55.576   -2.986      2.7   1003.4    282.3      0.0     82.4
     1     1    14     9     8     6     0     0   -46.0   55.615   -3.077      5.4   1003.5    280.6      0.0     85.5
     1     1    14     9     8     5     0     1   -47.0   55.651   -3.185      8.1   1003.0    280.4      0.0     86.4
     1     1    14     9     8     4     0     2   -48.0   55.680   -3.315     10.2   1002.4    280.2      0.0     87.3
     1     1    14     9     8     3     0     3   -49.0   55.704   -3.463     12.0   1001.6    280.1      0.0     88.0
     1     1    14     9     8     2     0     2   -50.0   55.732   -3.620     13.8   1000.7    280.3      0.0     87.8
     1     1    14     9     8     1     0     1   -51.0   55.768   -3.777     16.5    999.9    280.4      0.0     87.7
     1     1    14     9     8     0     0     0   -52.0   55.813   -3.936     21.7    998.7    280.6      0.0     87.6
     1     1    14     9     7    23     0     1   -53.0   55.867   -4.099     29.3    997.6    281.2      0.0     86.9
     1     1    14     9     7    22     0     2   -54.0   55.930   -4.269     37.6    995.8    281.6      0.0     85.9
     1     1    14     9     7    21     0     3   -55.0   56.004   -4.445     48.3    993.2    281.9      0.0     84.9
     1     1    14     9     7    20     0     2   -56.0   56.091   -4.637     64.8    986.8    282.5      0.0     81.8
     1     1    14     9     7    19     0     1   -57.0   56.193   -4.858     91.4    979.2    282.9      0.0     79.4
     1     1    14     9     7    18     0     0   -58.0   56.321   -5.117    125.3    974.1    283.3      0.0     77.6
     1     1    14     9     7    17     0     1   -59.0   56.483   -5.389    144.3    974.4    283.5      0.0     76.4
     1     1    14     9     7    16     0     2   -60.0   56.669   -5.654    136.8    980.7    283.9      0.0     74.9
     1     1    14     9     7    15     0     3   -61.0   56.868   -5.916    109.3    990.7    284.5      0.0     73.0
     1     1    14     9     7    14     0     2   -62.0   57.069   -6.150     80.1   1000.4    285.1      0.0     72.1
     1     1    14     9     7    13     0     1   -63.0   57.270   -6.335     63.0   1006.3    285.7      0.0     72.5
     1     1    14     9     7    12     0     0   -64.0   57.474   -6.481     55.7   1008.5    285.9      0.0     73.0
     1     1    14     9     7    11     0     1   -65.0   57.679   -6.609     52.3   1008.8    285.8      0.0     74.8
     1     1    14     9     7    10     0     2   -66.0   57.882   -6.738     49.8   1007.9    285.5      0.0     76.3
     1     1    14     9     7     9     0     3   -67.0   58.081   -6.869     48.2   1006.7    285.0      0.0     77.5
     1     1    14     9     7     8     0     2   -68.0   58.288   -7.000     48.2   1007.2    284.8      0.0     79.7
     1     1    14     9     7     7     0     1   -69.0   58.513   -7.130     49.8   1009.2    285.0      0.0     81.6
     1     1    14     9     7     6     0     0   -70.0   58.756   -7.257     52.5   1010.8    285.1      0.0     82.9
     1     1    14     9     7     5     0     1   -71.0   59.008   -7.381     55.2   1011.8    285.3      0.0     83.3
     1     1    14     9     7     4     0     2   -72.0   59.256   -7.500     56.8   1011.9    285.2      0.0     83.4
