     7     1
    GDAS    14     8    22     0     0
    GDAS    14     8    29     0     0
    GDAS    14     9     1     0     0
    GDAS    14     9     8     0     0
    GDAS    14     9    15     0     0
    GDAS    14     9    22     0     0
    GDAS    14     9    29     0     0
     1 BACKWARD OMEGA   
    14     9    17    20   56.467   -2.973   100.0
     4 PRESSURE AIR_TEMP RAINFALL RELHUMID
     1     1    14     9    17    20     0     2     0.0   56.467   -2.973    100.0    973.1    285.7      0.0     98.2
     1     1    14     9    17    19     0     1    -1.0   56.478   -2.856     78.1    978.6    285.9      0.0     97.3
     1     1    14     9    17    18     0     0    -2.0   56.492   -2.723     60.7    984.2    286.2      0.0     96.6
     1     1    14     9    17    17     0     1    -3.0   56.514   -2.596     48.2    989.0    286.6      0.1     95.2
     1     1    14     9    17    16     0     2    -4.0   56.546   -2.497     40.3    992.5    286.8      0.0     94.2
     1     1    14     9    17    15     0     3    -5.0   56.586   -2.423     35.4    995.2    287.0      0.0     93.6
     1     1    14     9    17    14     0     2    -6.0   56.628   -2.355     31.2    997.4    286.9      0.0     93.6
     1     1    14     9    17    13     0     1    -7.0   56.666   -2.275     26.3   1000.6    286.8      0.0     93.9
     1     1    14     9    17    12     0     0    -8.0   56.703   -2.180     21.0   1004.6    286.6      0.0     94.4
     1     1    14     9    17    11     0     1    -9.0   56.748   -2.083     16.5   1008.5    286.5      0.0     94.6
     1     1    14     9    17    10     0     2   -10.0   56.811   -1.996     13.1   1012.0    286.5      0.0     94.5
     1     1    14     9    17     9     0     3   -11.0   56.886   -1.909     10.8   1012.5    286.6      0.0     93.7
     1     1    14     9    17     8     0     2   -12.0   56.963   -1.817      9.3   1013.3    286.4      0.0     92.7
     1     1    14     9    17     7     0     1   -13.0   57.034   -1.723      8.5   1014.0    286.2      0.0     92.1
     1     1    14     9    17     6     0     0   -14.0   57.095   -1.628      8.3   1014.6    286.1      0.0     92.2
     1     1    14     9    17     5     0     1   -15.0   57.141   -1.534      8.1   1015.0    286.2      0.0     93.5
     1     1    14     9    17     4     0     2   -16.0   57.170   -1.441      7.7   1015.5    286.2      0.2     94.7
     1     1    14     9    17     3     0     3   -17.0   57.188   -1.348      6.9   1016.0    286.3      0.2     95.8
     1     1    14     9    17     2     0     2   -18.0   57.194   -1.252      5.9   1016.4    286.3      0.0     97.1
     1     1    14     9    17     1     0     1   -19.0   57.189   -1.145      4.9   1016.5    286.4      0.0     98.5
     1     1    14     9    17     0     0     0   -20.0   57.173   -1.028      3.8   1016.5    286.6      0.0     99.8
     1     1    14     9    16    23     0     1   -21.0   57.154   -0.909      2.8   1016.3    286.6      0.0     98.8
     1     1    14     9    16    22     0     2   -22.0   57.136   -0.797      2.2   1016.1    286.6      0.0     97.5
     1     1    14     9    16    21     0     3   -23.0   57.121   -0.692      2.0   1015.8    286.6      0.0     96.2
     1     1    14     9    16    20     0     2   -24.0   57.107   -0.590      2.2   1015.7    286.6      0.0     95.2
     1     1    14     9    16    19     0     1   -25.0   57.095   -0.486      2.6   1015.7    286.5      0.0     94.3
     1     1    14     9    16    18     0     0   -26.0   57.084   -0.380      3.3   1015.6    286.5      0.0     93.3
     1     1    14     9    16    17     0     1   -27.0   57.074   -0.286      4.5   1016.4    286.5      0.0     93.2
     1     1    14     9    16    16     0     2   -28.0   57.066   -0.220      6.2   1017.2    286.5      0.0     93.2
     1     1    14     9    16    15     0     3   -29.0   57.058   -0.181      8.4   1018.1    286.5      0.0     93.1
     1     1    14     9    16    14     0     2   -30.0   57.054   -0.162     10.7   1017.6    286.6      0.0     93.5
     1     1    14     9    16    13     0     1   -31.0   57.056   -0.153     12.2   1017.1    286.6      0.0     93.8
     1     1    14     9    16    12     0     0   -32.0   57.063   -0.153     12.7   1016.7    286.7      0.0     94.2
     1     1    14     9    16    11     0     1   -33.0   57.062   -0.153     12.8   1016.9    286.7      0.0     94.2
     1     1    14     9    16    10     0     2   -34.0   57.038   -0.145     13.4   1017.0    286.7      0.0     94.1
     1     1    14     9    16     9     0     3   -35.0   56.995   -0.129     14.6   1016.9    286.7      0.0     94.0
     1     1    14     9    16     8     0     2   -36.0   56.939   -0.095     16.0   1016.2    286.7      0.0     94.4
     1     1    14     9    16     7     0     1   -37.0   56.875   -0.030     16.9   1015.8    286.7      0.0     94.8
     1     1    14     9    16     6     0     0   -38.0   56.808    0.088     16.7   1015.5    286.8      0.0     96.6
     1     1    14     9    16     5     0     1   -39.0   56.739    0.275     15.8   1016.0    286.9      0.0     96.1
     1     1    14     9    16     4     0     2   -40.0   56.669    0.509     15.2   1016.5    287.0      0.0     95.5
     1     1    14     9    16     3     0     3   -41.0   56.604    0.784     15.1   1016.9    287.2      0.0     94.7
     1     1    14     9    16     2     0     2   -42.0   56.541    1.070     15.4   1016.7    287.3      1.5     94.1
     1     1    14     9    16     1     0     1   -43.0   56.471    1.339     15.3   1016.6    287.4      0.0     93.6
     1     1    14     9    16     0     0     0   -44.0   56.394    1.583     14.6   1016.6    287.5      0.0     92.9
     1     1    14     9    15    23     0     1   -45.0   56.316    1.813     13.6   1017.1    287.6      0.0     92.3
     1     1    14     9    15    22     0     2   -46.0   56.238    2.047     12.7   1017.5    287.7      0.0     91.9
     1     1    14     9    15    21     0     3   -47.0   56.156    2.288     11.6   1017.9    287.9      0.0     92.2
     1     1    14     9    15    20     0     2   -48.0   56.071    2.561     10.4   1017.9    288.1      0.0     94.6
     1     1    14     9    15    19     0     1   -49.0   55.984    2.894      9.0   1017.5    288.4      0.0     97.1
     1     1    14     9    15    18     0     0   -50.0   55.905    3.294      7.4   1017.2    288.7      0.0     97.0
     1     1    14     9    15    17     0     1   -51.0   55.840    3.746      6.0   1017.0    288.8      0.1     96.7
     1     1    14     9    15    16     0     2   -52.0   55.783    4.240      4.7   1017.3    289.0      0.1     95.6
     1     1    14     9    15    15     0     3   -53.0   55.728    4.771      3.7   1018.7    289.2      0.1     94.8
     1     1    14     9    15    14     0     2   -54.0   55.684    5.313      3.0   1019.3    289.5      2.9     93.8
     1     1    14     9    15    13     0     1   -55.0   55.661    5.858      2.5   1019.4    289.7      1.2     93.4
     1     1    14     9    15    12     0     0   -56.0   55.655    6.421      2.0   1019.6    289.8      1.3     93.4
     1     1    14     9    15    11     0     1   -57.0   55.655    6.993      1.5   1019.9    289.9      0.6     91.7
     1     1    14     9    15    10     0     2   -58.0   55.649    7.544      1.2   1020.2    290.1      0.3     90.7
     1     1    14     9    15     9     0     3   -59.0   55.643    8.061      1.5   1020.3    290.2      0.3     91.7
     1     1    14     9    15     8     0     2   -60.0   55.656    8.529      2.3   1018.5    289.7      0.6     92.5
     1     1    14     9    15     7     0     1   -61.0   55.694    8.926      4.1   1016.6    288.4      0.6     95.1
     1     1    14     9    15     6     0     0   -62.0   55.744    9.277      5.9   1016.8    287.6      0.7     96.7
     1     1    14     9    15     5     0     1   -63.0   55.798    9.613      6.4   1017.7    287.9      0.0     95.0
     1     1    14     9    15     4     0     2   -64.0   55.856    9.935      5.0   1018.7    288.1      0.0     93.5
     1     1    14     9    15     3     0     3   -65.0   55.918   10.260      3.0   1019.9    288.4      0.0     92.2
     1     1    14     9    15     2     0     2   -66.0   55.970   10.626      1.6   1022.0    289.1      0.2     90.4
     1     1    14     9    15     1     0     1   -67.0   55.997   11.070      1.1   1025.0    289.8      0.2     88.7
     1     1    14     9    15     0     0     0   -68.0   56.004   11.551      1.3   1024.1    289.6      0.0     88.5
     1     1    14     9    14    23     0     1   -69.0   56.005   12.032      1.7   1022.6    289.4      0.0     87.8
     1     1    14     9    14    22     0     2   -70.0   56.015   12.472      4.2   1021.1    288.3      0.0     88.8
     1     1    14     9    14    21     0     3   -71.0   56.036   12.843      9.8   1019.7    287.3      0.0     89.2
     1     1    14     9    14    20     0     2   -72.0   56.068   13.175     19.1   1016.3    287.3      0.0     88.7
