     7     1
    GDAS    14     8    22     0     0
    GDAS    14     8    29     0     0
    GDAS    14     9     1     0     0
    GDAS    14     9     8     0     0
    GDAS    14     9    15     0     0
    GDAS    14     9    22     0     0
    GDAS    14     9    29     0     0
     1 BACKWARD OMEGA   
    14     9     6    13   56.467   -2.973   100.0
     4 PRESSURE AIR_TEMP RAINFALL RELHUMID
     1     1    14     9     6    13     0     1     0.0   56.467   -2.973    100.0    972.1    285.3      0.0     72.8
     1     1    14     9     6    12     0     0    -1.0   56.468   -3.168    127.1    967.9    284.7      0.0     75.5
     1     1    14     9     6    11     0     1    -2.0   56.464   -3.364    149.5    963.3    283.8      0.0     79.0
     1     1    14     9     6    10     0     2    -3.0   56.452   -3.549    163.7    960.5    282.9      0.0     82.5
     1     1    14     9     6     9     0     3    -4.0   56.436   -3.721    170.4    959.2    282.2      0.0     86.1
     1     1    14     9     6     8     0     2    -5.0   56.419   -3.867    172.1    958.9    281.6      0.0     88.0
     1     1    14     9     6     7     0     1    -6.0   56.405   -3.979    171.6    959.0    281.0      0.0     89.9
     1     1    14     9     6     6     0     0    -7.0   56.391   -4.053    172.9    960.0    280.3      0.0     91.6
     1     1    14     9     6     5     0     1    -8.0   56.386   -4.106    176.0    959.9    280.8      0.0     91.8
     1     1    14     9     6     4     0     2    -9.0   56.397   -4.160    178.9    959.2    281.2      0.0     92.0
     1     1    14     9     6     3     0     3   -10.0   56.423   -4.220    181.4    958.0    281.5      0.0     92.2
     1     1    14     9     6     2     0     2   -11.0   56.461   -4.280    183.4    956.4    281.6      0.0     92.1
     1     1    14     9     6     1     0     1   -12.0   56.508   -4.332    184.8    954.6    281.7      0.0     91.8
     1     1    14     9     6     0     0     0   -13.0   56.560   -4.376    184.8    952.8    281.7      0.0     91.4
     1     1    14     9     5    23     0     1   -14.0   56.617   -4.418    183.6    951.2    281.8      0.0     89.9
     1     1    14     9     5    22     0     2   -15.0   56.677   -4.462    181.7    949.6    281.9      0.0     88.4
     1     1    14     9     5    21     0     3   -16.0   56.741   -4.506    177.9    948.2    281.9      0.0     87.0
     1     1    14     9     5    20     0     2   -17.0   56.807   -4.552    168.8    947.0    282.3      0.0     85.1
     1     1    14     9     5    19     0     1   -18.0   56.872   -4.601    152.1    947.6    282.7      0.0     82.7
     1     1    14     9     5    18     0     0   -19.0   56.936   -4.648    130.0    949.1    283.3      0.0     79.8
     1     1    14     9     5    17     0     1   -20.0   57.000   -4.705    104.2    950.7    284.1      0.0     76.9
     1     1    14     9     5    16     0     2   -21.0   57.065   -4.793     77.3    957.5    285.3      0.0     73.2
     1     1    14     9     5    15     0     3   -22.0   57.131   -4.924     50.6    964.6    286.9      0.0     68.3
     1     1    14     9     5    14     0     2   -23.0   57.191   -5.074     29.0    972.1    287.5      0.0     71.1
     1     1    14     9     5    13     0     1   -24.0   57.246   -5.215     16.7    980.7    288.1      0.0     73.9
     1     1    14     9     5    12     0     0   -25.0   57.298   -5.345      9.3    986.6    288.1      0.0     76.2
     1     1    14     9     5    11     0     1   -26.0   57.349   -5.469      5.5    992.3    287.1      0.1     79.1
     1     1    14     9     5    10     0     2   -27.0   57.399   -5.589      2.8    997.8    286.4      0.0     81.4
     1     1    14     9     5     9     0     3   -28.0   57.445   -5.703      1.3   1003.0    286.0      0.0     83.3
     1     1    14     9     5     8     0     2   -29.0   57.496   -5.815      0.1   1007.4    286.0      0.0     84.2
     1     1    14     9     5     7     0     1   -30.0   57.565   -5.933      0.0   1012.2    286.1      0.2     84.8
     1     1    14     9     5     6     0     0   -31.0   57.654   -6.060      0.0   1015.3    286.1      0.3     84.7
     1     1    14     9     5     5     0     1   -32.0   57.748   -6.216      0.0   1015.9    285.9      0.3     85.2
     1     1    14     9     5     4     0     2   -33.0   57.835   -6.410      0.0   1015.3    285.7      0.3     85.3
     1     1    14     9     5     3     0     3   -34.0   57.924   -6.635      0.3   1013.4    285.4      0.0     84.3
     1     1    14     9     5     2     0     2   -35.0   58.012   -6.871      1.7   1010.6    285.3      1.2     85.1
     1     1    14     9     5     1     0     1   -36.0   58.094   -7.115      2.8   1010.5    285.7      1.3     86.9
     1     1    14     9     5     0     0     0   -37.0   58.181   -7.383      2.7   1012.8    286.2      1.3     87.2
     1     1    14     9     4    23     0     1   -38.0   58.267   -7.674      2.3   1014.8    286.4      0.7     86.5
     1     1    14     9     4    22     0     2   -39.0   58.345   -7.974      2.2   1016.7    286.5      0.7     86.8
     1     1    14     9     4    21     0     3   -40.0   58.415   -8.268      2.5   1016.9    286.6      0.7     86.8
     1     1    14     9     4    20     0     2   -41.0   58.470   -8.567      2.7   1016.2    286.5      0.7     87.1
     1     1    14     9     4    19     0     1   -42.0   58.520   -8.886      3.0   1015.0    286.3      1.2     88.6
     1     1    14     9     4    18     0     0   -43.0   58.579   -9.220      3.4   1014.2    286.3      1.3     90.0
     1     1    14     9     4    17     0     1   -44.0   58.623   -9.568      3.8   1014.5    286.4      0.2     89.5
     1     1    14     9     4    16     0     2   -45.0   58.632   -9.925      4.1   1014.6    286.4      0.2     90.5
     1     1    14     9     4    15     0     3   -46.0   58.623  -10.291      4.2   1014.4    286.5      0.2     91.8
     1     1    14     9     4    14     0     2   -47.0   58.605  -10.655      4.2   1014.3    286.6      1.9     91.2
     1     1    14     9     4    13     0     1   -48.0   58.588  -11.016      4.2   1014.2    286.8      1.9     91.3
     1     1    14     9     4    12     0     0   -49.0   58.577  -11.374      4.2   1014.2    286.8      2.0     91.6
     1     1    14     9     4    11     0     1   -50.0   58.568  -11.721      4.3   1013.8    286.8      0.7     90.8
     1     1    14     9     4    10     0     2   -51.0   58.552  -12.053      4.6   1013.7    286.9      0.7     90.3
     1     1    14     9     4     9     0     3   -52.0   58.526  -12.382      5.2   1013.6    286.9      0.7     90.2
     1     1    14     9     4     8     0     2   -53.0   58.488  -12.686      5.7   1013.0    286.9      2.4     90.1
     1     1    14     9     4     7     0     1   -54.0   58.445  -12.947      6.3   1012.4    286.8      2.4     90.1
     1     1    14     9     4     6     0     0   -55.0   58.394  -13.169      6.9   1011.7    286.8      2.4     90.5
     1     1    14     9     4     5     0     1   -56.0   58.331  -13.366      7.3   1011.9    286.8      1.6     90.5
     1     1    14     9     4     4     0     2   -57.0   58.258  -13.544      7.6   1012.1    286.9      0.8     90.4
     1     1    14     9     4     3     0     3   -58.0   58.176  -13.696      8.3   1012.4    287.0      0.8     90.3
     1     1    14     9     4     2     0     2   -59.0   58.082  -13.813      9.3   1012.5    287.0      0.5     88.7
     1     1    14     9     4     1     0     1   -60.0   57.968  -13.889     10.5   1012.6    287.1      0.5     87.3
     1     1    14     9     4     0     0     0   -61.0   57.837  -13.935     11.8   1012.4    287.1      0.5     86.9
     1     1    14     9     3    23     0     1   -62.0   57.691  -13.989     12.8   1013.4    287.1      0.8     87.5
     1     1    14     9     3    22     0     2   -63.0   57.529  -14.070     13.4   1014.3    287.1      0.8     88.2
     1     1    14     9     3    21     0     3   -64.0   57.346  -14.154     13.4   1015.3    287.2      1.1     88.4
     1     1    14     9     3    20     0     2   -65.0   57.150  -14.242     13.3   1015.2    287.3      0.0     88.7
     1     1    14     9     3    19     0     1   -66.0   56.941  -14.349     13.3   1015.1    287.3      0.0     88.4
     1     1    14     9     3    18     0     0   -67.0   56.717  -14.463     13.5   1014.7    287.4      0.0     88.3
     1     1    14     9     3    17     0     1   -68.0   56.490  -14.557     13.5   1014.9    287.5      0.0     88.4
     1     1    14     9     3    16     0     2   -69.0   56.267  -14.622     13.1   1015.4    287.6      0.0     87.6
     1     1    14     9     3    15     0     3   -70.0   56.036  -14.669     12.5   1016.1    287.7      0.0     85.5
     1     1    14     9     3    14     0     2   -71.0   55.806  -14.701     11.9   1016.4    287.8      0.0     86.6
     1     1    14     9     3    13     0     1   -72.0   55.593  -14.727     11.3   1016.7    287.9      0.0     86.8
