     7     1
    GDAS    14     8    22     0     0
    GDAS    14     8    29     0     0
    GDAS    14     9     1     0     0
    GDAS    14     9     8     0     0
    GDAS    14     9    15     0     0
    GDAS    14     9    22     0     0
    GDAS    14     9    29     0     0
     1 BACKWARD OMEGA   
    14     9    11    20   56.467   -2.973   100.0
     4 PRESSURE AIR_TEMP RAINFALL RELHUMID
     1     1    14     9    11    20     0     2     0.0   56.467   -2.973    100.0    981.2    286.5      0.0     88.0
     1     1    14     9    11    19     0     1    -1.0   56.439   -2.880     95.2    984.6    287.0      0.0     85.5
     1     1    14     9    11    18     0     0    -2.0   56.406   -2.789     87.6    988.5    287.5      0.0     83.0
     1     1    14     9    11    17     0     1    -3.0   56.365   -2.696     78.5    993.2    287.9      0.0     80.3
     1     1    14     9    11    16     0     2    -4.0   56.310   -2.598     69.6    997.8    288.2      0.0     77.8
     1     1    14     9    11    15     0     3    -5.0   56.245   -2.492     61.7   1002.2    288.4      0.0     75.9
     1     1    14     9    11    14     0     2    -6.0   56.173   -2.376     56.0   1007.0    287.9      0.0     77.4
     1     1    14     9    11    13     0     1    -7.0   56.097   -2.254     52.4   1010.6    287.4      0.0     79.2
     1     1    14     9    11    12     0     0    -8.0   56.017   -2.127     49.9   1013.7    287.0      0.0     81.1
     1     1    14     9    11    11     0     1    -9.0   55.931   -2.007     48.4   1013.7    286.8      0.0     82.9
     1     1    14     9    11    10     0     2   -10.0   55.842   -1.910     48.5   1012.0    286.7      0.0     85.0
     1     1    14     9    11     9     0     3   -11.0   55.751   -1.838     50.3   1010.1    286.5      0.0     87.4
     1     1    14     9    11     8     0     2   -12.0   55.660   -1.783     52.3   1008.5    286.1      0.0     88.2
     1     1    14     9    11     7     0     1   -13.0   55.569   -1.737     53.1   1007.2    285.6      0.0     89.3
     1     1    14     9    11     6     0     0   -14.0   55.481   -1.701     53.0   1006.1    284.8      0.0     90.6
     1     1    14     9    11     5     0     1   -15.0   55.391   -1.662     53.1   1005.3    284.8      0.0     90.2
     1     1    14     9    11     4     0     2   -16.0   55.298   -1.610     54.2   1004.6    284.8      0.0     89.9
     1     1    14     9    11     3     0     3   -17.0   55.203   -1.547     56.5   1004.2    284.8      0.0     89.4
     1     1    14     9    11     2     0     2   -18.0   55.107   -1.476     59.1   1004.1    284.9      0.0     89.2
     1     1    14     9    11     1     0     1   -19.0   55.013   -1.400     60.6   1004.7    285.1      0.0     88.9
     1     1    14     9    11     0     0     0   -20.0   54.918   -1.314     60.8   1006.2    285.3      0.0     88.2
     1     1    14     9    10    23     0     1   -21.0   54.827   -1.205     60.0   1008.7    285.6      0.0     85.5
     1     1    14     9    10    22     0     2   -22.0   54.746   -1.063     59.8   1012.1    286.0      0.0     82.2
     1     1    14     9    10    21     0     3   -23.0   54.673   -0.890     61.7   1012.9    286.2      0.0     79.3
     1     1    14     9    10    20     0     2   -24.0   54.607   -0.698     65.6   1011.6    286.5      0.0     77.8
     1     1    14     9    10    19     0     1   -25.0   54.548   -0.499     71.0   1010.2    286.9      0.0     75.9
     1     1    14     9    10    18     0     0   -26.0   54.493   -0.293     77.9   1008.7    287.5      0.0     73.5
     1     1    14     9    10    17     0     1   -27.0   54.442   -0.084     85.9   1007.3    287.9      0.0     71.5
     1     1    14     9    10    16     0     2   -28.0   54.408    0.104     89.0   1010.9    287.1      0.0     75.3
     1     1    14     9    10    15     0     3   -29.0   54.397    0.266     87.2   1011.9    287.2      0.0     74.2
     1     1    14     9    10    14     0     2   -30.0   54.394    0.412     86.6   1012.2    287.1      0.0     74.7
     1     1    14     9    10    13     0     1   -31.0   54.390    0.543     88.0   1012.3    287.1      0.0     75.2
     1     1    14     9    10    12     0     0   -32.0   54.386    0.659     91.9   1012.0    287.0      0.0     75.7
     1     1    14     9    10    11     0     1   -33.0   54.386    0.770     98.0   1011.0    286.9      0.0     75.9
     1     1    14     9    10    10     0     2   -34.0   54.399    0.884    106.0   1009.9    286.7      0.0     76.1
     1     1    14     9    10     9     0     3   -35.0   54.422    1.000    116.4   1008.6    286.5      0.0     76.4
     1     1    14     9    10     8     0     2   -36.0   54.456    1.108    127.4   1007.1    286.3      0.0     77.0
     1     1    14     9    10     7     0     1   -37.0   54.497    1.206    137.0   1006.0    286.1      0.0     77.5
     1     1    14     9    10     6     0     0   -38.0   54.548    1.295    145.7   1004.8    285.9      0.0     78.0
     1     1    14     9    10     5     0     1   -39.0   54.604    1.370    153.3   1003.7    285.8      0.0     78.1
     1     1    14     9    10     4     0     2   -40.0   54.662    1.423    159.3   1002.9    285.8      0.0     78.2
     1     1    14     9    10     3     0     3   -41.0   54.720    1.457    163.9   1002.2    285.9      0.0     78.2
     1     1    14     9    10     2     0     2   -42.0   54.781    1.480    167.4   1001.8    285.8      0.0     78.4
     1     1    14     9    10     1     0     1   -43.0   54.848    1.503    170.1   1001.5    285.7      0.0     78.7
     1     1    14     9    10     0     0     0   -44.0   54.923    1.526    171.6   1001.3    285.7      0.0     78.9
     1     1    14     9     9    23     0     1   -45.0   55.012    1.536    172.6   1001.3    285.7      0.0     78.9
     1     1    14     9     9    22     0     2   -46.0   55.120    1.515    173.9   1001.0    285.7      0.0     78.9
     1     1    14     9     9    21     0     3   -47.0   55.245    1.463    175.3   1000.8    285.8      0.0     78.9
     1     1    14     9     9    20     0     2   -48.0   55.379    1.387    177.7   1000.4    285.7      0.0     79.3
     1     1    14     9     9    19     0     1   -49.0   55.513    1.297    182.7    999.7    285.6      0.0     79.4
     1     1    14     9     9    18     0     0   -50.0   55.650    1.196    191.8    998.4    285.5      0.0     79.4
     1     1    14     9     9    17     0     1   -51.0   55.784    1.069    204.2    996.6    285.2      0.0     79.2
     1     1    14     9     9    16     0     2   -52.0   55.908    0.902    216.3    994.8    285.0      0.0     79.2
     1     1    14     9     9    15     0     3   -53.0   56.019    0.698    225.4    993.4    284.8      0.0     79.3
     1     1    14     9     9    14     0     2   -54.0   56.117    0.484    231.6    992.9    284.7      0.0     80.4
     1     1    14     9     9    13     0     1   -55.0   56.208    0.280    236.1    992.6    284.6      0.0     81.4
     1     1    14     9     9    12     0     0   -56.0   56.295    0.085    239.6    992.4    284.5      0.0     82.3
     1     1    14     9     9    11     0     1   -57.0   56.345   -0.059    247.7    992.4    284.4      0.0     81.2
     1     1    14     9     9    10     0     2   -58.0   56.360   -0.169    259.3    990.5    284.2      0.0     81.6
     1     1    14     9     9     9     0     3   -59.0   56.379   -0.306    267.4    989.5    284.1      0.0     82.0
     1     1    14     9     9     8     0     2   -60.0   56.411   -0.455    274.3    988.5    283.9      0.0     82.2
     1     1    14     9     9     7     0     1   -61.0   56.467   -0.600    282.5    987.1    283.8      0.0     82.7
     1     1    14     9     9     6     0     0   -62.0   56.547   -0.748    292.8    985.5    283.5      0.0     83.2
     1     1    14     9     9     5     0     1   -63.0   56.651   -0.931    306.1    983.8    283.4      0.0     84.0
     1     1    14     9     9     4     0     2   -64.0   56.774   -1.170    324.2    981.6    283.2      0.0     84.4
     1     1    14     9     9     3     0     3   -65.0   56.904   -1.443    353.5    978.7    283.0      0.0     84.2
     1     1    14     9     9     2     0     2   -66.0   57.032   -1.724    399.4    973.8    282.7      0.0     84.4
     1     1    14     9     9     1     0     1   -67.0   57.158   -2.005    456.1    966.5    282.3      0.0     85.5
     1     1    14     9     9     0     0     0   -68.0   57.280   -2.295    513.4    949.8    281.3      0.0     88.7
     1     1    14     9     8    23     0     1   -69.0   57.394   -2.590    565.5    937.0    280.6      0.0     90.8
     1     1    14     9     8    22     0     2   -70.0   57.505   -2.878    607.0    929.8    280.2      0.0     92.5
     1     1    14     9     8    21     0     3   -71.0   57.618   -3.159    639.3    926.5    279.8      0.0     93.9
     1     1    14     9     8    20     0     2   -72.0   57.738   -3.443    672.0    924.4    279.7      0.0     93.3
