     7     1
    GDAS    14     8    22     0     0
    GDAS    14     8    29     0     0
    GDAS    14     9     1     0     0
    GDAS    14     9     8     0     0
    GDAS    14     9    15     0     0
    GDAS    14     9    22     0     0
    GDAS    14     9    29     0     0
     1 BACKWARD OMEGA   
    14     9     7     9   56.467   -2.973   100.0
     4 PRESSURE AIR_TEMP RAINFALL RELHUMID
     1     1    14     9     7     9     0     3     0.0   56.467   -2.973    100.0    972.3    283.1      0.0     83.7
     1     1    14     9     7     8     0     2    -1.0   56.624   -3.268    179.1    955.6    281.4      0.0     88.8
     1     1    14     9     7     7     0     1    -2.0   56.831   -3.575    252.7    931.7    279.8      0.0     93.6
     1     1    14     9     7     6     0     0    -3.0   57.077   -3.877    273.4    918.4    279.1      0.0     96.8
     1     1    14     9     7     5     0     1    -4.0   57.311   -4.172    268.5    935.0    279.8      0.0     97.0
     1     1    14     9     7     4     0     2    -5.0   57.535   -4.425    269.6    943.9    280.3      0.0     96.9
     1     1    14     9     7     3     0     3    -6.0   57.754   -4.609    272.1    949.4    280.7      0.0     96.9
     1     1    14     9     7     2     0     2    -7.0   57.977   -4.755    266.2    952.8    281.1      0.0     95.9
     1     1    14     9     7     1     0     1    -8.0   58.199   -4.886    235.1    960.7    281.7      0.0     93.4
     1     1    14     9     7     0     0     0    -9.0   58.427   -4.968    191.9    973.2    282.6      0.0     90.8
     1     1    14     9     6    23     0     1   -10.0   58.680   -4.980    156.0    986.8    283.9      0.3     85.2
     1     1    14     9     6    22     0     2   -11.0   58.982   -4.902    128.6    999.4    285.4      0.3     77.1
     1     1    14     9     6    21     0     3   -12.0   59.303   -4.758    105.7   1002.4    285.5      0.4     76.3
     1     1    14     9     6    20     0     2   -13.0   59.609   -4.603     92.1   1004.5    285.3      0.0     81.2
     1     1    14     9     6    19     0     1   -14.0   59.905   -4.420     87.8   1004.0    285.2      0.1     83.0
     1     1    14     9     6    18     0     0   -15.0   60.179   -4.191     87.5   1003.6    285.2      0.1     82.4
     1     1    14     9     6    17     0     1   -16.0   60.422   -3.932     87.8   1003.4    285.1      0.1     82.0
     1     1    14     9     6    16     0     2   -17.0   60.644   -3.650     84.9   1003.5    285.1      0.1     82.5
     1     1    14     9     6    15     0     3   -18.0   60.849   -3.329     77.3   1004.4    285.1      0.2     83.2
     1     1    14     9     6    14     0     2   -19.0   61.033   -2.989     69.9   1006.1    285.2      0.0     83.9
     1     1    14     9     6    13     0     1   -20.0   61.188   -2.674     66.4   1006.8    285.3      0.0     83.6
     1     1    14     9     6    12     0     0   -21.0   61.317   -2.390     65.6   1006.9    285.4      0.0     83.2
     1     1    14     9     6    11     0     1   -22.0   61.420   -2.105     65.4   1006.7    285.3      0.0     82.2
     1     1    14     9     6    10     0     2   -23.0   61.497   -1.803     65.2   1006.7    285.2      0.0     81.9
     1     1    14     9     6     9     0     3   -24.0   61.550   -1.493     65.0   1006.7    285.1      0.0     81.6
     1     1    14     9     6     8     0     2   -25.0   61.586   -1.190     64.2   1006.5    285.1      0.0     82.1
     1     1    14     9     6     7     0     1   -26.0   61.609   -0.900     61.9   1006.5    285.2      0.0     82.5
     1     1    14     9     6     6     0     0   -27.0   61.612   -0.613     58.1   1006.7    285.3      0.0     82.8
     1     1    14     9     6     5     0     1   -28.0   61.594   -0.325     54.3   1007.4    285.4      0.0     82.3
     1     1    14     9     6     4     0     2   -29.0   61.555   -0.035     51.4   1007.7    285.4      0.0     81.9
     1     1    14     9     6     3     0     3   -30.0   61.519    0.223     50.9   1008.1    285.6      0.0     83.2
     1     1    14     9     6     2     0     2   -31.0   61.500    0.419     52.5   1008.0    285.6      0.0     83.3
     1     1    14     9     6     1     0     1   -32.0   61.486    0.558     53.6   1008.1    285.6      0.0     83.4
     1     1    14     9     6     0     0     0   -33.0   61.473    0.646     54.5   1008.2    285.6      0.0     83.2
     1     1    14     9     5    23     0     1   -34.0   61.444    0.696     55.2   1008.3    285.7      0.0     82.5
     1     1    14     9     5    22     0     2   -35.0   61.384    0.717     55.7   1008.4    285.8      0.0     81.8
     1     1    14     9     5    21     0     3   -36.0   61.290    0.709     56.1   1008.4    285.8      0.0     81.1
     1     1    14     9     5    20     0     2   -37.0   61.179    0.687     56.3   1008.3    285.8      0.0     81.8
     1     1    14     9     5    19     0     1   -38.0   61.082    0.668     56.2   1008.3    285.8      0.0     82.6
     1     1    14     9     5    18     0     0   -39.0   61.002    0.657     55.8   1008.4    285.9      0.0     83.6
     1     1    14     9     5    17     0     1   -40.0   60.936    0.627     56.0   1008.5    285.9      0.0     83.3
     1     1    14     9     5    16     0     2   -41.0   60.873    0.550     57.1   1008.3    285.9      0.0     82.7
     1     1    14     9     5    15     0     3   -42.0   60.812    0.428     58.4   1008.1    285.9      0.0     81.6
     1     1    14     9     5    14     0     2   -43.0   60.755    0.264     58.5   1008.6    285.9      0.3     81.8
     1     1    14     9     5    13     0     1   -44.0   60.709    0.069     56.9   1009.4    285.9      0.4     81.7
     1     1    14     9     5    12     0     0   -45.0   60.650   -0.157     55.6   1010.5    285.8      0.5     75.7
     1     1    14     9     5    11     0     1   -46.0   60.579   -0.424     56.0   1009.7    285.8      0.4     77.9
     1     1    14     9     5    10     0     2   -47.0   60.513   -0.737     57.0   1008.9    285.8      0.1     80.3
     1     1    14     9     5     9     0     3   -48.0   60.453   -1.095     59.1   1008.1    285.8      0.3     82.2
     1     1    14     9     5     8     0     2   -49.0   60.394   -1.480     61.6   1007.8    285.7      0.1     83.4
     1     1    14     9     5     7     0     1   -50.0   60.328   -1.878     63.2   1007.4    285.6      0.9     84.3
     1     1    14     9     5     6     0     0   -51.0   60.256   -2.295     63.6   1006.8    285.6      1.0     84.8
     1     1    14     9     5     5     0     1   -52.0   60.177   -2.732     63.3   1006.8    285.6      0.8     86.8
     1     1    14     9     5     4     0     2   -53.0   60.099   -3.193     62.2   1006.9    285.6      0.8     90.0
     1     1    14     9     5     3     0     3   -54.0   60.041   -3.686     59.8   1007.1    285.5      0.7     90.9
     1     1    14     9     5     2     0     2   -55.0   60.000   -4.192     55.2   1007.8    285.5      0.3     90.5
     1     1    14     9     5     1     0     1   -56.0   59.963   -4.683     50.6   1008.5    285.5      2.0     92.2
     1     1    14     9     5     0     0     0   -57.0   59.943   -5.152     46.9   1008.8    285.5      2.0     95.0
     1     1    14     9     4    23     0     1   -58.0   59.923   -5.618     44.1   1009.1    285.5      0.6     93.4
     1     1    14     9     4    22     0     2   -59.0   59.892   -6.098     43.1   1009.2    285.5      0.7     93.8
     1     1    14     9     4    21     0     3   -60.0   59.864   -6.574     44.7   1008.9    285.6      0.0     94.8
     1     1    14     9     4    20     0     2   -61.0   59.828   -7.032     47.6   1008.7    285.6      1.3     94.5
     1     1    14     9     4    19     0     1   -62.0   59.777   -7.477     50.6   1008.6    285.5      1.3     94.6
     1     1    14     9     4    18     0     0   -63.0   59.730   -7.920     53.8   1008.2    285.5      1.3     97.1
     1     1    14     9     4    17     0     1   -64.0   59.674   -8.366     56.5   1007.4    285.6      1.0     95.8
     1     1    14     9     4    16     0     2   -65.0   59.596   -8.811     58.0   1006.8    285.7      0.5     95.7
     1     1    14     9     4    15     0     3   -66.0   59.511   -9.248     58.6   1006.4    285.8      0.5     96.6
     1     1    14     9     4    14     0     2   -67.0   59.416   -9.649     57.7   1006.8    285.9      2.1     95.7
     1     1    14     9     4    13     0     1   -68.0   59.309  -10.018     56.0   1007.4    285.9      2.1     96.0
     1     1    14     9     4    12     0     0   -69.0   59.199  -10.382     55.1   1007.7    286.0      2.1     96.1
     1     1    14     9     4    11     0     1   -70.0   59.082  -10.718     54.2   1007.7    286.1      1.3     95.3
     1     1    14     9     4    10     0     2   -71.0   58.946  -11.018     53.4   1007.5    286.2      1.3     95.2
     1     1    14     9     4     9     0     3   -72.0   58.794  -11.298     52.9   1007.2    286.3      1.3     94.9
