     7     1
    GDAS    14     8    22     0     0
    GDAS    14     8    29     0     0
    GDAS    14     9     1     0     0
    GDAS    14     9     8     0     0
    GDAS    14     9    15     0     0
    GDAS    14     9    22     0     0
    GDAS    14     9    29     0     0
     1 BACKWARD OMEGA   
    14     9     4     1   56.467   -2.973   100.0
     4 PRESSURE AIR_TEMP RAINFALL RELHUMID
     1     1    14     9     4     1     0     1     0.0   56.467   -2.973    100.0    978.7    286.0      0.0     91.6
     1     1    14     9     4     0     0     0    -1.0   56.343   -2.939    114.9    982.8    286.5      0.0     89.1
     1     1    14     9     3    23     0     1    -2.0   56.205   -2.892    137.9    986.2    287.2      0.0     85.2
     1     1    14     9     3    22     0     2    -3.0   56.045   -2.817    170.9    988.2    287.9      0.0     80.0
     1     1    14     9     3    21     0     3    -4.0   55.862   -2.709    208.4    984.6    288.3      0.0     76.1
     1     1    14     9     3    20     0     2    -5.0   55.678   -2.584    236.3    980.3    288.4      0.0     74.9
     1     1    14     9     3    19     0     1    -6.0   55.509   -2.466    249.3    977.5    288.3      0.0     74.5
     1     1    14     9     3    18     0     0    -7.0   55.351   -2.359    249.0    975.5    288.3      0.0     74.3
     1     1    14     9     3    17     0     1    -8.0   55.204   -2.253    232.1    974.0    288.1      0.0     74.5
     1     1    14     9     3    16     0     2    -9.0   55.072   -2.130    196.1    974.8    288.2      0.0     73.8
     1     1    14     9     3    15     0     3   -10.0   54.956   -1.988    147.0    978.7    288.5      0.0     71.6
     1     1    14     9     3    14     0     2   -11.0   54.855   -1.847    108.8    989.0    289.0      0.0     71.2
     1     1    14     9     3    13     0     1   -12.0   54.761   -1.722     88.7    993.8    289.1      0.0     71.8
     1     1    14     9     3    12     0     0   -13.0   54.669   -1.612     79.7    997.2    289.1      0.0     72.6
     1     1    14     9     3    11     0     1   -14.0   54.580   -1.515     77.6    999.3    288.4      0.0     76.0
     1     1    14     9     3    10     0     2   -15.0   54.497   -1.431     79.7   1000.7    287.8      0.0     79.0
     1     1    14     9     3     9     0     3   -16.0   54.418   -1.358     84.3   1001.6    287.1      0.0     81.8
     1     1    14     9     3     8     0     2   -17.0   54.340   -1.295     90.1   1001.7    286.6      0.0     83.0
     1     1    14     9     3     7     0     1   -18.0   54.260   -1.240     95.9   1001.6    286.1      0.0     84.1
     1     1    14     9     3     6     0     0   -19.0   54.179   -1.190    100.4   1001.4    285.7      0.0     85.0
     1     1    14     9     3     5     0     1   -20.0   54.097   -1.140    103.9   1001.7    285.3      0.0     85.1
     1     1    14     9     3     4     0     2   -21.0   54.015   -1.084    107.6   1002.0    284.8      0.0     85.1
     1     1    14     9     3     3     0     3   -22.0   53.932   -1.024    112.0   1002.7    284.7      0.0     85.5
     1     1    14     9     3     2     0     2   -23.0   53.850   -0.947    118.6   1002.7    285.1      0.0     85.0
     1     1    14     9     3     1     0     1   -24.0   53.774   -0.838    128.8   1001.6    285.5      0.0     84.2
     1     1    14     9     3     0     0     0   -25.0   53.702   -0.694    142.0   1000.1    285.9      0.0     83.1
     1     1    14     9     2    23     0     1   -26.0   53.633   -0.521    156.4    997.8    286.5      0.0     80.1
     1     1    14     9     2    22     0     2   -27.0   53.564   -0.329    169.7    995.9    287.1      0.0     76.9
     1     1    14     9     2    21     0     3   -28.0   53.495   -0.122    181.2    994.3    287.6      0.0     73.5
     1     1    14     9     2    20     0     2   -29.0   53.440    0.070    184.7    998.9    287.5      0.0     78.5
     1     1    14     9     2    19     0     1   -30.0   53.405    0.238    181.4   1000.5    287.7      0.0     78.7
     1     1    14     9     2    18     0     0   -31.0   53.386    0.403    181.6   1000.6    287.8      0.0     79.0
     1     1    14     9     2    17     0     1   -32.0   53.383    0.559    183.6   1000.2    287.8      0.0     79.1
     1     1    14     9     2    16     0     2   -33.0   53.396    0.701    185.2   1000.2    287.8      0.0     79.7
     1     1    14     9     2    15     0     3   -34.0   53.425    0.828    188.2   1000.1    287.6      0.0     80.9
     1     1    14     9     2    14     0     2   -35.0   53.462    0.931    195.5   1000.1    287.3      0.0     84.0
     1     1    14     9     2    13     0     1   -36.0   53.501    1.004    207.3    999.1    286.9      0.0     86.6
     1     1    14     9     2    12     0     0   -37.0   53.541    1.052    221.2    997.7    286.6      0.0     88.3
     1     1    14     9     2    11     0     1   -38.0   53.588    1.086    234.2    995.8    286.3      0.0     88.9
     1     1    14     9     2    10     0     2   -39.0   53.654    1.110    245.8    994.3    286.0      0.0     89.6
     1     1    14     9     2     9     0     3   -40.0   53.736    1.122    257.4    992.8    285.6      0.0     90.3
     1     1    14     9     2     8     0     2   -41.0   53.824    1.121    269.7    991.2    285.4      0.0     90.9
     1     1    14     9     2     7     0     1   -42.0   53.907    1.110    281.6    989.3    285.3      0.0     91.4
     1     1    14     9     2     6     0     0   -43.0   53.989    1.086    291.6    987.7    285.1      0.0     92.0
     1     1    14     9     2     5     0     1   -44.0   54.082    1.056    300.2    986.6    285.1      0.0     90.6
     1     1    14     9     2     4     0     2   -45.0   54.197    1.031    307.9    985.5    285.2      0.0     89.6
     1     1    14     9     2     3     0     3   -46.0   54.329    1.013    314.7    984.5    285.2      0.0     89.1
     1     1    14     9     2     2     0     2   -47.0   54.469    0.995    321.7    983.6    285.3      0.0     89.4
     1     1    14     9     2     1     0     1   -48.0   54.610    0.963    330.2    982.4    285.2      0.0     89.7
     1     1    14     9     2     0     0     0   -49.0   54.757    0.909    340.5    981.0    285.2      0.0     90.1
     1     1    14     9     1    23     0     1   -50.0   54.914    0.834    350.8    979.4    285.2      0.0     89.5
     1     1    14     9     1    22     0     2   -51.0   55.083    0.739    359.5    978.2    285.2      0.0     87.5
     1     1    14     9     1    21     0     3   -52.0   55.260    0.627    369.7    977.2    285.1      0.0     86.0
     1     1    14     9     1    20     0     2   -53.0   55.428    0.509    385.0    975.2    285.1      0.0     86.7
     1     1    14     9     1    19     0     1   -54.0   55.576    0.387    405.1    972.4    284.9      0.0     87.7
     1     1    14     9     1    18     0     0   -55.0   55.706    0.251    426.1    969.5    284.7      0.0     88.8
     1     1    14     9     1    17     0     1   -56.0   55.822    0.101    443.8    966.7    284.6      0.0     90.1
     1     1    14     9     1    16     0     2   -57.0   55.935   -0.087    467.7    965.2    284.6      0.0     81.2
     1     1    14     9     1    15     0     3   -58.0   56.047   -0.317    504.5    959.8    284.2      0.0     83.6
     1     1    14     9     1    14     0     2   -59.0   56.150   -0.555    546.3    954.5    283.9      0.0     86.3
     1     1    14     9     1    13     0     1   -60.0   56.241   -0.788    589.8    949.5    283.6      0.0     89.0
     1     1    14     9     1    12     0     0   -61.0   56.320   -1.017    634.7    944.5    283.2      0.0     91.7
     1     1    14     9     1    11     0     1   -62.0   56.386   -1.232    666.7    938.0    282.9      0.0     91.8
     1     1    14     9     1    10     0     2   -63.0   56.445   -1.424    673.4    936.5    282.9      0.0     91.4
     1     1    14     9     1     9     0     3   -64.0   56.506   -1.601    658.4    937.7    282.9      0.0     90.4
     1     1    14     9     1     8     0     2   -65.0   56.572   -1.778    627.2    941.3    283.3      0.0     88.9
     1     1    14     9     1     7     0     1   -66.0   56.645   -1.976    583.4    945.5    283.7      0.0     87.5
     1     1    14     9     1     6     0     0   -67.0   56.725   -2.205    547.1    944.2    283.7      0.0     87.4
     1     1    14     9     1     5     0     1   -68.0   56.789   -2.497    560.8    932.8    283.4      0.0     86.7
     1     1    14     9     1     4     0     2   -69.0   56.823   -2.875    648.9    907.9    282.2      0.0     86.7
     1     1    14     9     1     3     0     3   -70.0   56.829   -3.323    770.9    879.6    280.4      0.0     88.8
     1     1    14     9     1     2     0     2   -71.0   56.805   -3.851    863.8    862.4    278.9      0.3     93.9
     1     1    14     9     1     1     0     1   -72.0   56.753   -4.459    917.2    861.7    278.9      0.2     93.3
