     7     1
    GDAS    14     8    22     0     0
    GDAS    14     8    29     0     0
    GDAS    14     9     1     0     0
    GDAS    14     9     8     0     0
    GDAS    14     9    15     0     0
    GDAS    14     9    22     0     0
    GDAS    14     9    29     0     0
     1 BACKWARD OMEGA   
    14     9    14    22   56.467   -2.973   100.0
     4 PRESSURE AIR_TEMP RAINFALL RELHUMID
     1     1    14     9    14    22     0     2     0.0   56.467   -2.973    100.0    984.3    283.6      0.0     98.4
     1     1    14     9    14    21     0     3    -1.0   56.507   -2.744     56.3    997.0    284.3      0.0     96.3
     1     1    14     9    14    20     0     2    -2.0   56.544   -2.525     30.3   1005.5    284.9      0.0     93.8
     1     1    14     9    14    19     0     1    -3.0   56.582   -2.300     16.2   1014.1    285.5      0.0     91.7
     1     1    14     9    14    18     0     0    -4.0   56.622   -2.063      9.2   1022.0    286.1      0.0     90.2
     1     1    14     9    14    17     0     1    -5.0   56.663   -1.815      6.8   1024.8    286.4      0.0     88.2
     1     1    14     9    14    16     0     2    -6.0   56.701   -1.556      5.6   1025.2    286.6      0.0     86.8
     1     1    14     9    14    15     0     3    -7.0   56.736   -1.294      5.1   1025.1    286.7      0.0     86.1
     1     1    14     9    14    14     0     2    -8.0   56.769   -1.028      5.2   1026.4    286.6      0.0     87.3
     1     1    14     9    14    13     0     1    -9.0   56.795   -0.761      5.3   1027.8    286.6      0.0     89.1
     1     1    14     9    14    12     0     0   -10.0   56.810   -0.498      5.4   1029.3    286.6      0.0     91.0
     1     1    14     9    14    11     0     1   -11.0   56.819   -0.247      5.5   1028.6    286.6      0.0     91.6
     1     1    14     9    14    10     0     2   -12.0   56.827   -0.012      5.6   1027.8    286.7      0.0     92.2
     1     1    14     9    14     9     0     3   -13.0   56.851    0.235      5.8   1027.0    286.9      0.0     91.1
     1     1    14     9    14     8     0     2   -14.0   56.893    0.502      6.0   1027.4    287.0      0.0     90.6
     1     1    14     9    14     7     0     1   -15.0   56.939    0.764      6.2   1027.7    287.0      0.0     91.1
     1     1    14     9    14     6     0     0   -16.0   56.982    1.021      6.3   1028.0    287.1      0.0     92.8
     1     1    14     9    14     5     0     1   -17.0   57.027    1.267      6.3   1028.2    287.2      0.0     90.9
     1     1    14     9    14     4     0     2   -18.0   57.079    1.503      6.3   1028.4    287.3      0.0     89.7
     1     1    14     9    14     3     0     3   -19.0   57.136    1.728      6.3   1028.6    287.4      0.0     89.2
     1     1    14     9    14     2     0     2   -20.0   57.193    1.948      6.3   1028.7    287.5      0.0     88.9
     1     1    14     9    14     1     0     1   -21.0   57.247    2.169      6.3   1028.7    287.6      0.0     88.6
     1     1    14     9    14     0     0     0   -22.0   57.299    2.389      6.3   1028.8    287.6      0.0     88.0
     1     1    14     9    13    23     0     1   -23.0   57.356    2.603      6.3   1029.0    287.8      0.0     87.0
     1     1    14     9    13    22     0     2   -24.0   57.421    2.804      6.3   1029.3    287.9      0.0     86.5
     1     1    14     9    13    21     0     3   -25.0   57.487    2.988      6.3   1029.5    288.0      0.0     86.6
     1     1    14     9    13    20     0     2   -26.0   57.554    3.154      6.3   1029.8    288.1      0.0     85.9
     1     1    14     9    13    19     0     1   -27.0   57.621    3.304      6.3   1030.1    288.1      0.0     85.4
     1     1    14     9    13    18     0     0   -28.0   57.685    3.444      6.3   1030.4    288.2      0.0     84.8
     1     1    14     9    13    17     0     1   -29.0   57.754    3.579      6.3   1030.2    288.2      0.0     84.3
     1     1    14     9    13    16     0     2   -30.0   57.834    3.712      6.5   1030.3    288.3      0.0     83.7
     1     1    14     9    13    15     0     3   -31.0   57.924    3.840      6.7   1030.6    288.3      0.0     83.1
     1     1    14     9    13    14     0     2   -32.0   58.017    3.954      6.9   1030.0    288.3      0.0     82.6
     1     1    14     9    13    13     0     1   -33.0   58.105    4.046      7.1   1029.3    288.3      0.0     82.3
     1     1    14     9    13    12     0     0   -34.0   58.184    4.118      7.3   1028.9    288.3      0.0     81.9
     1     1    14     9    13    11     0     1   -35.0   58.260    4.193      7.5   1028.7    288.3      0.0     82.7
     1     1    14     9    13    10     0     2   -36.0   58.337    4.292      7.7   1028.4    288.4      0.0     83.2
     1     1    14     9    13     9     0     3   -37.0   58.417    4.414      8.0   1027.8    288.4      0.0     83.4
     1     1    14     9    13     8     0     2   -38.0   58.506    4.539      8.2   1028.2    288.4      0.0     82.6
     1     1    14     9    13     7     0     1   -39.0   58.608    4.645      8.4   1028.6    288.4      0.0     81.9
     1     1    14     9    13     6     0     0   -40.0   58.723    4.730      8.4   1029.0    288.4      0.0     81.2
     1     1    14     9    13     5     0     1   -41.0   58.834    4.787      8.3   1028.6    288.3      0.0     80.3
     1     1    14     9    13     4     0     2   -42.0   58.924    4.818      8.3   1028.4    288.3      0.0     79.8
     1     1    14     9    13     3     0     3   -43.0   58.991    4.828      8.4   1028.3    288.3      0.0     79.7
     1     1    14     9    13     2     0     2   -44.0   59.040    4.820      8.5   1028.8    288.3      0.0     79.4
     1     1    14     9    13     1     0     1   -45.0   59.075    4.793      8.6   1029.1    288.4      0.0     79.2
     1     1    14     9    13     0     0     0   -46.0   59.098    4.745      8.7   1029.4    288.4      0.0     79.1
     1     1    14     9    12    23     0     1   -47.0   59.118    4.695      8.8   1029.1    288.3      0.0     78.2
     1     1    14     9    12    22     0     2   -48.0   59.141    4.661      8.9   1028.8    288.3      0.0     77.2
     1     1    14     9    12    21     0     3   -49.0   59.168    4.644      9.1   1028.4    288.3      0.0     76.2
     1     1    14     9    12    20     0     2   -50.0   59.200    4.621      9.2   1028.0    288.2      0.0     76.5
     1     1    14     9    12    19     0     1   -51.0   59.240    4.572      9.3   1027.6    288.2      0.0     76.7
     1     1    14     9    12    18     0     0   -52.0   59.285    4.495      9.3   1027.3    288.2      0.0     76.9
     1     1    14     9    12    17     0     1   -53.0   59.336    4.396      9.5   1026.7    288.2      0.0     75.9
     1     1    14     9    12    16     0     2   -54.0   59.389    4.280      9.9   1025.8    288.2      0.0     74.9
     1     1    14     9    12    15     0     3   -55.0   59.444    4.149     10.6   1024.6    288.1      0.0     74.0
     1     1    14     9    12    14     0     2   -56.0   59.493    4.028     11.5   1024.1    288.0      0.0     74.6
     1     1    14     9    12    13     0     1   -57.0   59.530    3.934     12.7   1023.9    287.9      0.0     75.6
     1     1    14     9    12    12     0     0   -58.0   59.556    3.867     14.0   1023.8    287.9      0.0     76.4
     1     1    14     9    12    11     0     1   -59.0   59.580    3.818     15.3   1023.9    287.8      0.0     77.9
     1     1    14     9    12    10     0     2   -60.0   59.608    3.777     16.7   1023.9    287.8      0.0     79.4
     1     1    14     9    12     9     0     3   -61.0   59.641    3.745     17.9   1023.9    287.8      0.0     80.7
     1     1    14     9    12     8     0     2   -62.0   59.678    3.718     19.3   1023.7    287.8      0.0     81.1
     1     1    14     9    12     7     0     1   -63.0   59.717    3.695     20.9   1023.4    287.7      0.0     81.5
     1     1    14     9    12     6     0     0   -64.0   59.759    3.677     22.7   1023.1    287.6      0.0     81.8
     1     1    14     9    12     5     0     1   -65.0   59.798    3.652     24.6   1022.3    287.5      0.0     82.5
     1     1    14     9    12     4     0     2   -66.0   59.827    3.605     26.4   1021.4    287.5      0.0     83.4
     1     1    14     9    12     3     0     3   -67.0   59.846    3.535     27.8   1020.6    287.4      0.0     84.3
     1     1    14     9    12     2     0     2   -68.0   59.856    3.446     28.5   1021.3    287.4      0.0     83.9
     1     1    14     9    12     1     0     1   -69.0   59.859    3.341     28.6   1022.1    287.4      0.0     83.3
     1     1    14     9    12     0     0     0   -70.0   59.854    3.218     28.0   1023.1    287.4      0.0     82.6
     1     1    14     9    11    23     0     1   -71.0   59.837    3.085     27.3   1022.3    287.4      0.0     81.6
     1     1    14     9    11    22     0     2   -72.0   59.807    2.954     26.8   1021.5    287.5      0.0     80.5
