     7     1
    GDAS    14     8    22     0     0
    GDAS    14     8    29     0     0
    GDAS    14     9     1     0     0
    GDAS    14     9     8     0     0
    GDAS    14     9    15     0     0
    GDAS    14     9    22     0     0
    GDAS    14     9    29     0     0
     1 BACKWARD OMEGA   
    14     9     7     7   56.467   -2.973   100.0
     4 PRESSURE AIR_TEMP RAINFALL RELHUMID
     1     1    14     9     7     7     0     1     0.0   56.467   -2.973    100.0    972.0    281.9      0.0     88.4
     1     1    14     9     7     6     0     0    -1.0   56.601   -3.268    176.3    956.2    280.7      0.0     91.5
     1     1    14     9     7     5     0     1    -2.0   56.786   -3.564    244.7    934.5    279.7      0.0     93.2
     1     1    14     9     7     4     0     2    -3.0   57.009   -3.848    263.8    916.5    278.5      0.0     97.0
     1     1    14     9     7     3     0     3    -4.0   57.219   -4.109    250.8    931.2    279.3      0.0     97.2
     1     1    14     9     7     2     0     2    -5.0   57.407   -4.335    245.4    942.4    280.0      0.0     96.5
     1     1    14     9     7     1     0     1    -6.0   57.579   -4.541    246.6    947.2    280.5      0.0     95.5
     1     1    14     9     7     0     0     0    -7.0   57.740   -4.737    232.8    950.9    280.9      0.0     94.4
     1     1    14     9     6    23     0     1    -8.0   57.888   -4.928    192.6    956.0    281.3      0.1     93.8
     1     1    14     9     6    22     0     2    -9.0   58.032   -5.108    139.5    969.9    282.2      0.1     91.1
     1     1    14     9     6    21     0     3   -10.0   58.192   -5.258     95.0    984.7    283.5      0.1     86.5
     1     1    14     9     6    20     0     2   -11.0   58.389   -5.362     62.5    995.5    284.4      0.4     83.9
     1     1    14     9     6    19     0     1   -12.0   58.624   -5.420     41.2   1003.5    285.1      0.0     82.9
     1     1    14     9     6    18     0     0   -13.0   58.893   -5.437     31.6   1009.5    285.5      0.0     83.3
     1     1    14     9     6    17     0     1   -14.0   59.179   -5.412     29.4   1010.8    285.6      0.0     82.5
     1     1    14     9     6    16     0     2   -15.0   59.455   -5.346     28.9   1010.4    285.6      0.0     82.1
     1     1    14     9     6    15     0     3   -16.0   59.716   -5.241     28.5   1010.3    285.5      0.0     81.5
     1     1    14     9     6    14     0     2   -17.0   59.955   -5.075     28.3   1010.4    285.5      0.0     81.5
     1     1    14     9     6    13     0     1   -18.0   60.159   -4.840     28.2   1010.5    285.5      0.0     82.2
     1     1    14     9     6    12     0     0   -19.0   60.323   -4.559     28.1   1010.7    285.5      0.0     83.3
     1     1    14     9     6    11     0     1   -20.0   60.459   -4.262     28.1   1010.2    285.4      0.0     82.8
     1     1    14     9     6    10     0     2   -21.0   60.572   -3.963     28.1   1009.5    285.4      0.0     81.6
     1     1    14     9     6     9     0     3   -22.0   60.658   -3.661     28.1   1008.9    285.3      0.0     80.0
     1     1    14     9     6     8     0     2   -23.0   60.710   -3.368     28.1   1009.0    285.4      0.0     80.5
     1     1    14     9     6     7     0     1   -24.0   60.725   -3.096     28.1   1009.1    285.4      0.0     81.0
     1     1    14     9     6     6     0     0   -25.0   60.707   -2.852     28.0   1009.2    285.5      0.0     81.7
     1     1    14     9     6     5     0     1   -26.0   60.654   -2.623     27.3   1009.2    285.5      0.0     82.2
     1     1    14     9     6     4     0     2   -27.0   60.572   -2.402     26.0   1009.4    285.6      0.0     82.5
     1     1    14     9     6     3     0     3   -28.0   60.463   -2.201     24.0   1009.9    285.7      0.0     82.5
     1     1    14     9     6     2     0     2   -29.0   60.341   -2.075     21.7   1010.7    285.8      0.0     82.1
     1     1    14     9     6     1     0     1   -30.0   60.224   -2.071     19.6   1011.3    285.8      0.0     81.6
     1     1    14     9     6     0     0     0   -31.0   60.123   -2.193     17.7   1011.8    285.9      0.0     81.3
     1     1    14     9     5    23     0     1   -32.0   60.028   -2.425     15.9   1012.2    285.9      0.0     81.6
     1     1    14     9     5    22     0     2   -33.0   59.927   -2.759     14.4   1012.8    285.9      0.0     82.1
     1     1    14     9     5    21     0     3   -34.0   59.827   -3.193     13.8   1012.6    285.9      0.0     82.0
     1     1    14     9     5    20     0     2   -35.0   59.744   -3.681     13.6   1011.3    285.8      0.1     82.8
     1     1    14     9     5    19     0     1   -36.0   59.699   -4.183     13.3   1010.7    285.8      0.1     83.6
     1     1    14     9     5    18     0     0   -37.0   59.701   -4.701     13.3   1010.7    285.6      0.0     83.3
     1     1    14     9     5    17     0     1   -38.0   59.742   -5.230     13.3   1011.7    285.6      0.0     83.2
     1     1    14     9     5    16     0     2   -39.0   59.818   -5.758     13.1   1012.8    285.7      0.1     84.2
     1     1    14     9     5    15     0     3   -40.0   59.946   -6.272     13.0   1013.1    285.7      0.1     85.7
     1     1    14     9     5    14     0     2   -41.0   60.100   -6.789     12.6   1012.7    285.5      0.1     86.5
     1     1    14     9     5    13     0     1   -42.0   60.267   -7.331     11.8   1012.6    285.4      0.1     87.4
     1     1    14     9     5    12     0     0   -43.0   60.475   -7.872     11.1   1012.5    285.3      0.3     89.3
     1     1    14     9     5    11     0     1   -44.0   60.705   -8.367     10.7   1013.0    285.3      0.1     89.6
     1     1    14     9     5    10     0     2   -45.0   60.940   -8.777     10.6   1013.0    285.3      0.0     91.4
     1     1    14     9     5     9     0     3   -46.0   61.199   -9.082     10.4   1013.1    285.2      0.0     92.6
     1     1    14     9     5     8     0     2   -47.0   61.468   -9.329     10.4   1012.7    285.0      0.0     91.6
     1     1    14     9     5     7     0     1   -48.0   61.741   -9.547     10.4   1012.2    284.9      0.0     92.5
     1     1    14     9     5     6     0     0   -49.0   62.019   -9.669     10.4   1011.6    284.7      0.0     95.0
     1     1    14     9     5     5     0     1   -50.0   62.269   -9.718     10.0   1011.4    284.5      0.0     93.8
     1     1    14     9     5     4     0     2   -51.0   62.473   -9.730      9.0   1011.4    284.3      0.0     93.6
     1     1    14     9     5     3     0     3   -52.0   62.628   -9.671      7.4   1011.4    284.2      0.3     94.0
     1     1    14     9     5     2     0     2   -53.0   62.721   -9.562      5.9   1010.8    284.1      1.9     94.5
     1     1    14     9     5     1     0     1   -54.0   62.751   -9.445      5.3   1010.0    284.1      1.7     94.6
     1     1    14     9     5     0     0     0   -55.0   62.716   -9.346      5.8   1009.0    284.2      1.8     94.2
     1     1    14     9     4    23     0     1   -56.0   62.643   -9.281      6.5   1009.6    284.2      0.4     93.2
     1     1    14     9     4    22     0     2   -57.0   62.562   -9.246      6.9   1010.2    284.3      0.4     92.3
     1     1    14     9     4    21     0     3   -58.0   62.482   -9.240      7.0   1010.5    284.4      0.4     91.5
     1     1    14     9     4    20     0     2   -59.0   62.398   -9.251      6.8   1010.1    284.4      1.0     92.4
     1     1    14     9     4    19     0     1   -60.0   62.301   -9.262      6.3   1009.9    284.5      1.0     93.7
     1     1    14     9     4    18     0     0   -61.0   62.189   -9.244      5.3   1009.8    284.5      1.0     95.7
     1     1    14     9     4    17     0     1   -62.0   62.075   -9.168      4.1   1010.1    284.6      1.0     96.3
     1     1    14     9     4    16     0     2   -63.0   61.969   -9.019      3.2   1010.3    284.6      1.0     96.6
     1     1    14     9     4    15     0     3   -64.0   61.866   -8.816      2.6   1011.2    284.7      1.0     96.1
     1     1    14     9     4    14     0     2   -65.0   61.745   -8.657      1.8   1012.4    284.8      0.3     95.6
     1     1    14     9     4    13     0     1   -66.0   61.595   -8.589      0.8   1013.3    284.9      0.3     94.9
     1     1    14     9     4    12     0     0   -67.0   61.418   -8.547      0.0   1014.2    285.0      0.8     93.9
     1     1    14     9     4    11     0     1   -68.0   61.220   -8.494      0.0   1014.5    285.1      0.2     94.2
     1     1    14     9     4    10     0     2   -69.0   61.009   -8.447      0.0   1015.1    285.2      0.2     94.3
     1     1    14     9     4     9     0     3   -70.0   60.784   -8.428      0.0   1015.6    285.4      0.2     93.9
     1     1    14     9     4     8     0     2   -71.0   60.546   -8.426      0.0   1015.6    285.5      0.5     93.2
     1     1    14     9     4     7     0     1   -72.0   60.305   -8.431      0.0   1015.6    285.7      0.0     92.1
