     7     1
    GDAS    14     8    22     0     0
    GDAS    14     8    29     0     0
    GDAS    14     9     1     0     0
    GDAS    14     9     8     0     0
    GDAS    14     9    15     0     0
    GDAS    14     9    22     0     0
    GDAS    14     9    29     0     0
     1 BACKWARD OMEGA   
    14     9    10    13   56.467   -2.973   100.0
     4 PRESSURE AIR_TEMP RAINFALL RELHUMID
     1     1    14     9    10    13     0     1     0.0   56.467   -2.973    100.0    979.0    287.9      0.0     71.7
     1     1    14     9    10    12     0     0    -1.0   56.400   -2.896     94.0    984.4    287.8      0.0     71.3
     1     1    14     9    10    11     0     1    -2.0   56.337   -2.820     92.2    988.6    286.9      0.0     74.5
     1     1    14     9    10    10     0     2    -3.0   56.268   -2.730     95.5    992.1    286.1      0.0     77.9
     1     1    14     9    10     9     0     3    -4.0   56.189   -2.628    103.7    994.9    285.4      0.0     81.2
     1     1    14     9    10     8     0     2    -5.0   56.106   -2.513    113.9    997.0    285.2      0.0     81.0
     1     1    14     9    10     7     0     1    -6.0   56.025   -2.387    120.9    999.0    285.1      0.0     80.7
     1     1    14     9    10     6     0     0    -7.0   55.947   -2.251    120.6    999.9    285.0      0.0     80.4
     1     1    14     9    10     5     0     1    -8.0   55.873   -2.117    113.9   1000.7    285.1      0.0     79.8
     1     1    14     9    10     4     0     2    -9.0   55.803   -1.994    104.2   1001.2    285.1      0.0     79.4
     1     1    14     9    10     3     0     3   -10.0   55.740   -1.883     95.0   1001.9    285.1      0.0     78.8
     1     1    14     9    10     2     0     2   -11.0   55.685   -1.776     87.8   1002.7    285.2      0.0     78.2
     1     1    14     9    10     1     0     1   -12.0   55.634   -1.662     81.8   1003.9    285.4      0.0     77.5
     1     1    14     9    10     0     0     0   -13.0   55.588   -1.542     77.2   1005.4    285.7      0.0     76.5
     1     1    14     9     9    23     0     1   -14.0   55.548   -1.417     74.5   1007.1    285.9      0.0     76.0
     1     1    14     9     9    22     0     2   -15.0   55.518   -1.287     74.9   1008.7    286.2      0.0     75.5
     1     1    14     9     9    21     0     3   -16.0   55.498   -1.154     79.8   1010.1    286.3      0.0     75.0
     1     1    14     9     9    20     0     2   -17.0   55.484   -1.013     90.8   1010.8    286.5      0.0     74.3
     1     1    14     9     9    19     0     1   -18.0   55.470   -0.860    107.4   1008.7    286.5      0.0     74.0
     1     1    14     9     9    18     0     0   -19.0   55.454   -0.697    128.2   1006.3    286.4      0.0     73.6
     1     1    14     9     9    17     0     1   -20.0   55.434   -0.547    152.1   1003.3    286.4      0.0     72.7
     1     1    14     9     9    16     0     2   -21.0   55.412   -0.434    177.5    999.7    286.3      0.0     71.8
     1     1    14     9     9    15     0     3   -22.0   55.385   -0.362    202.6    996.3    286.3      0.0     71.0
     1     1    14     9     9    14     0     2   -23.0   55.358   -0.323    227.3    993.8    285.9      0.0     72.3
     1     1    14     9     9    13     0     1   -24.0   55.331   -0.313    252.8    991.4    285.6      0.0     73.7
     1     1    14     9     9    12     0     0   -25.0   55.304   -0.329    280.6    988.5    285.1      0.0     75.3
     1     1    14     9     9    11     0     1   -26.0   55.276   -0.373    310.1    984.6    284.6      0.0     76.5
     1     1    14     9     9    10     0     2   -27.0   55.246   -0.441    338.9    981.1    284.1      0.0     77.5
     1     1    14     9     9     9     0     3   -28.0   55.214   -0.529    366.2    977.9    283.7      0.0     78.3
     1     1    14     9     9     8     0     2   -29.0   55.188   -0.628    388.4    974.9    283.6      0.0     78.4
     1     1    14     9     9     7     0     1   -30.0   55.176   -0.729    401.3    973.2    283.5      0.0     78.4
     1     1    14     9     9     6     0     0   -31.0   55.179   -0.835    404.2    972.6    283.4      0.0     78.5
     1     1    14     9     9     5     0     1   -32.0   55.187   -0.951    402.6    973.3    283.6      0.0     77.7
     1     1    14     9     9     4     0     2   -33.0   55.185   -1.083    402.7    971.5    283.6      0.0     77.3
     1     1    14     9     9     3     0     3   -34.0   55.170   -1.227    405.6    968.0    283.6      0.0     77.3
     1     1    14     9     9     2     0     2   -35.0   55.144   -1.364    413.7    964.1    283.5      0.0     77.5
     1     1    14     9     9     1     0     1   -36.0   55.119   -1.477    426.7    959.9    283.3      0.0     78.0
     1     1    14     9     9     0     0     0   -37.0   55.093   -1.564    442.3    955.6    283.1      0.0     78.9
     1     1    14     9     8    23     0     1   -38.0   55.068   -1.635    459.7    951.4    282.9      0.0     80.2
     1     1    14     9     8    22     0     2   -39.0   55.045   -1.702    477.9    947.0    282.7      0.0     81.7
     1     1    14     9     8    21     0     3   -40.0   55.023   -1.767    494.1    942.8    282.5      0.0     83.2
     1     1    14     9     8    20     0     2   -41.0   54.998   -1.822    500.6    939.4    282.2      0.0     84.8
     1     1    14     9     8    19     0     1   -42.0   54.968   -1.854    490.1    939.5    282.1      0.0     85.0
     1     1    14     9     8    18     0     0   -43.0   54.937   -1.855    461.4    942.6    282.2      0.0     84.2
     1     1    14     9     8    17     0     1   -44.0   54.922   -1.836    414.6    948.5    283.1      0.0     81.2
     1     1    14     9     8    16     0     2   -45.0   54.940   -1.810    353.5    956.1    284.0      0.0     77.8
     1     1    14     9     8    15     0     3   -46.0   54.996   -1.783    284.4    965.2    285.0      0.0     74.1
     1     1    14     9     8    14     0     2   -47.0   55.074   -1.768    225.3    975.3    285.5      0.0     72.0
     1     1    14     9     8    13     0     1   -48.0   55.154   -1.781    185.8    980.4    285.6      0.0     71.2
     1     1    14     9     8    12     0     0   -49.0   55.232   -1.824    159.4    983.9    285.7      0.0     70.8
     1     1    14     9     8    11     0     1   -50.0   55.309   -1.901    143.2    985.6    285.2      0.0     73.0
     1     1    14     9     8    10     0     2   -51.0   55.385   -2.014    136.2    985.7    284.5      0.0     75.7
     1     1    14     9     8     9     0     3   -52.0   55.462   -2.157    138.8    987.1    283.6      0.0     78.9
     1     1    14     9     8     8     0     2   -53.0   55.548   -2.314    146.3    986.7    283.0      0.0     80.3
     1     1    14     9     8     7     0     1   -54.0   55.643   -2.472    152.4    986.5    282.5      0.0     81.2
     1     1    14     9     8     6     0     0   -55.0   55.743   -2.632    156.7    986.1    282.0      0.0     82.0
     1     1    14     9     8     5     0     1   -56.0   55.836   -2.814    158.2    984.9    281.9      0.0     81.6
     1     1    14     9     8     4     0     2   -57.0   55.907   -3.034    155.5    983.5    281.7      0.0     81.5
     1     1    14     9     8     3     0     3   -58.0   55.963   -3.286    152.5    984.2    281.6      0.0     81.8
     1     1    14     9     8     2     0     2   -59.0   56.022   -3.543    155.0    983.1    281.7      0.0     81.6
     1     1    14     9     8     1     0     1   -60.0   56.098   -3.782    165.6    978.0    281.6      0.0     82.1
     1     1    14     9     8     0     0     0   -61.0   56.195   -4.006    181.3    970.1    281.4      0.0     83.0
     1     1    14     9     7    23     0     1   -62.0   56.314   -4.229    198.9    962.6    281.1      0.0     84.7
     1     1    14     9     7    22     0     2   -63.0   56.455   -4.465    221.6    954.8    280.8      0.0     86.1
     1     1    14     9     7    21     0     3   -64.0   56.602   -4.706    249.2    948.2    280.3      0.0     87.2
     1     1    14     9     7    20     0     2   -65.0   56.742   -4.939    275.8    942.5    280.2      0.0     88.1
     1     1    14     9     7    19     0     1   -66.0   56.879   -5.163    293.0    942.7    280.3      0.0     87.6
     1     1    14     9     7    18     0     0   -67.0   57.033   -5.381    295.3    948.0    280.7      0.0     85.6
     1     1    14     9     7    17     0     1   -68.0   57.213   -5.609    278.5    960.9    281.7      0.0     82.9
     1     1    14     9     7    16     0     2   -69.0   57.416   -5.853    243.9    977.8    282.9      0.0     79.0
     1     1    14     9     7    15     0     3   -70.0   57.624   -6.106    203.1    991.3    283.8      0.0     75.6
     1     1    14     9     7    14     0     2   -71.0   57.830   -6.346    170.5    997.3    284.2      0.0     75.3
     1     1    14     9     7    13     0     1   -72.0   58.039   -6.552    150.5    998.8    284.3      0.0     75.2
