     7     1
    GDAS    14     8    22     0     0
    GDAS    14     8    29     0     0
    GDAS    14     9     1     0     0
    GDAS    14     9     8     0     0
    GDAS    14     9    15     0     0
    GDAS    14     9    22     0     0
    GDAS    14     9    29     0     0
     1 BACKWARD OMEGA   
    14     9    20    15   56.467   -2.973   100.0
     4 PRESSURE AIR_TEMP RAINFALL RELHUMID
     1     1    14     9    20    15     0     3     0.0   56.467   -2.973    100.0    976.3    286.6      0.0     70.3
     1     1    14     9    20    14     0     2    -1.0   56.562   -3.072    114.5    970.9    286.0      0.0     72.6
     1     1    14     9    20    13     0     1    -2.0   56.661   -3.177    140.7    963.7    285.3      0.0     74.6
     1     1    14     9    20    12     0     0    -3.0   56.767   -3.297    172.8    953.8    284.3      0.0     76.9
     1     1    14     9    20    11     0     1    -4.0   56.878   -3.437    205.7    943.2    283.1      0.0     81.5
     1     1    14     9    20    10     0     2    -5.0   56.993   -3.602    241.8    931.7    281.9      0.0     86.0
     1     1    14     9    20     9     0     3    -6.0   57.095   -3.791    285.8    927.9    281.1      0.0     90.4
     1     1    14     9    20     8     0     2    -7.0   57.184   -3.980    335.3    922.4    280.6      0.0     92.5
     1     1    14     9    20     7     0     1    -8.0   57.268   -4.152    389.2    921.4    280.5      0.0     93.7
     1     1    14     9    20     6     0     0    -9.0   57.349   -4.309    446.5    918.9    280.4      0.0     93.7
     1     1    14     9    20     5     0     1   -10.0   57.437   -4.472    498.0    915.9    280.6      0.0     93.3
     1     1    14     9    20     4     0     2   -11.0   57.533   -4.659    533.0    914.7    280.7      0.0     93.8
     1     1    14     9    20     3     0     3   -12.0   57.632   -4.864    546.8    914.6    280.8      0.0     94.9
     1     1    14     9    20     2     0     2   -13.0   57.728   -5.070    538.7    918.7    281.0      0.0     96.5
     1     1    14     9    20     1     0     1   -14.0   57.821   -5.260    520.7    929.8    281.6      0.0     97.3
     1     1    14     9    20     0     0     0   -15.0   57.916   -5.430    502.8    939.3    282.0      0.0     97.8
     1     1    14     9    19    23     0     1   -16.0   58.014   -5.587    483.2    948.2    282.3      0.0     96.6
     1     1    14     9    19    22     0     2   -17.0   58.116   -5.742    462.1    957.1    282.8      0.0     94.9
     1     1    14     9    19    21     0     3   -18.0   58.221   -5.897    442.9    964.3    283.1      0.0     93.2
     1     1    14     9    19    20     0     2   -19.0   58.333   -6.070    429.0    968.0    283.5      0.0     93.1
     1     1    14     9    19    19     0     1   -20.0   58.454   -6.283    427.1    966.6    283.5      0.0     93.7
     1     1    14     9    19    18     0     0   -21.0   58.579   -6.533    440.1    963.7    283.3      0.0     94.8
     1     1    14     9    19    17     0     1   -22.0   58.686   -6.794    460.9    959.5    283.1      0.1     94.4
     1     1    14     9    19    16     0     2   -23.0   58.763   -7.035    480.2    956.6    283.0      0.1     93.5
     1     1    14     9    19    15     0     3   -24.0   58.817   -7.253    490.6    955.3    282.9      0.2     93.2
     1     1    14     9    19    14     0     2   -25.0   58.856   -7.436    495.8    956.2    283.0      0.0     92.8
     1     1    14     9    19    13     0     1   -26.0   58.890   -7.563    506.9    955.3    283.0      0.3     92.4
     1     1    14     9    19    12     0     0   -27.0   58.919   -7.624    527.8    953.3    282.9      0.3     91.8
     1     1    14     9    19    11     0     1   -28.0   58.958   -7.646    552.5    949.5    282.7      0.0     93.0
     1     1    14     9    19    10     0     2   -29.0   59.019   -7.660    572.1    947.3    282.5      0.0     94.2
     1     1    14     9    19     9     0     3   -30.0   59.101   -7.669    586.5    945.6    282.5      0.0     95.5
     1     1    14     9    19     8     0     2   -31.0   59.195   -7.685    595.8    944.4    282.5      0.0     96.1
     1     1    14     9    19     7     0     1   -32.0   59.296   -7.720    599.9    943.9    282.5      0.0     96.7
     1     1    14     9    19     6     0     0   -33.0   59.404   -7.772    600.6    943.8    282.4      0.0     97.2
     1     1    14     9    19     5     0     1   -34.0   59.506   -7.830    605.5    944.0    282.4      0.0     96.1
     1     1    14     9    19     4     0     2   -35.0   59.591   -7.878    619.9    942.5    282.2      0.0     95.3
     1     1    14     9    19     3     0     3   -36.0   59.662   -7.917    643.3    940.0    282.0      0.0     94.5
     1     1    14     9    19     2     0     2   -37.0   59.727   -7.955    675.0    936.4    281.9      0.0     95.0
     1     1    14     9    19     1     0     1   -38.0   59.792   -8.001    715.7    932.0    281.7      0.0     95.4
     1     1    14     9    19     0     0     0   -39.0   59.855   -8.056    764.9    926.6    281.5      0.0     95.6
     1     1    14     9    18    23     0     1   -40.0   59.911   -8.111    808.9    920.4    281.6      0.0     95.0
     1     1    14     9    18    22     0     2   -41.0   59.958   -8.158    834.3    917.6    281.7      0.0     94.7
     1     1    14     9    18    21     0     3   -42.0   59.999   -8.192    841.2    917.0    281.8      0.0     94.6
     1     1    14     9    18    20     0     2   -43.0   60.030   -8.226    843.7    918.0    282.1      0.0     93.7
     1     1    14     9    18    19     0     1   -44.0   60.051   -8.276    854.5    916.6    282.3      0.0     92.5
     1     1    14     9    18    18     0     0   -45.0   60.061   -8.341    871.2    914.6    282.6      0.0     90.8
     1     1    14     9    18    17     0     1   -46.0   60.053   -8.399    886.3    912.1    282.5      0.0     90.1
     1     1    14     9    18    16     0     2   -47.0   60.019   -8.417    894.7    911.1    282.4      0.0     89.9
     1     1    14     9    18    15     0     3   -48.0   59.961   -8.390    897.9    910.7    282.4      0.0     89.7
     1     1    14     9    18    14     0     2   -49.0   59.904   -8.341    903.3    911.1    282.4      0.0     90.2
     1     1    14     9    18    13     0     1   -50.0   59.869   -8.299    915.0    910.0    282.3      0.0     90.6
     1     1    14     9    18    12     0     0   -51.0   59.854   -8.266    931.2    908.4    282.2      0.0     91.0
     1     1    14     9    18    11     0     1   -52.0   59.838   -8.243    949.0    905.9    282.3      0.0     91.9
     1     1    14     9    18    10     0     2   -53.0   59.799   -8.224    965.5    903.8    282.3      0.0     92.8
     1     1    14     9    18     9     0     3   -54.0   59.740   -8.209    981.3    901.8    282.4      0.0     93.7
     1     1    14     9    18     8     0     2   -55.0   59.674   -8.183    993.9    900.1    282.3      0.0     94.1
     1     1    14     9    18     7     0     1   -56.0   59.615   -8.129   1000.4    899.4    282.3      0.0     94.5
     1     1    14     9    18     6     0     0   -57.0   59.560   -8.048    999.7    899.5    282.4      0.0     94.9
     1     1    14     9    18     5     0     1   -58.0   59.508   -7.953   1003.4    900.5    282.5      0.0     93.4
     1     1    14     9    18     4     0     2   -59.0   59.450   -7.862   1023.9    898.5    282.5      0.0     91.6
     1     1    14     9    18     3     0     3   -60.0   59.383   -7.776   1062.7    894.6    282.4      0.0     89.2
     1     1    14     9    18     2     0     2   -61.0   59.309   -7.684   1100.8    888.6    282.1      0.0     89.0
     1     1    14     9    18     1     0     1   -62.0   59.236   -7.570   1116.8    886.9    282.0      0.0     89.3
     1     1    14     9    18     0     0     0   -63.0   59.167   -7.427   1108.9    887.7    282.2      0.0     89.6
     1     1    14     9    17    23     0     1   -64.0   59.106   -7.266   1094.8    891.5    282.4      0.0     86.8
     1     1    14     9    17    22     0     2   -65.0   59.049   -7.101   1091.0    892.3    282.5      0.0     83.1
     1     1    14     9    17    21     0     3   -66.0   58.995   -6.937   1096.1    892.2    282.6      0.0     79.8
     1     1    14     9    17    20     0     2   -67.0   58.942   -6.778   1104.1    890.3    282.5      0.0     81.1
     1     1    14     9    17    19     0     1   -68.0   58.887   -6.626   1106.9    889.4    282.4      0.0     81.9
     1     1    14     9    17    18     0     0   -69.0   58.832   -6.473   1100.3    889.8    282.5      0.0     82.1
     1     1    14     9    17    17     0     1   -70.0   58.776   -6.315   1090.8    892.1    282.6      0.0     78.5
     1     1    14     9    17    16     0     2   -71.0   58.717   -6.151   1086.5    893.3    282.6      0.0     74.3
     1     1    14     9    17    15     0     3   -72.0   58.653   -5.984   1088.2    893.8    282.7      0.0     69.8
