     7     1
    GDAS    14     8    22     0     0
    GDAS    14     8    29     0     0
    GDAS    14     9     1     0     0
    GDAS    14     9     8     0     0
    GDAS    14     9    15     0     0
    GDAS    14     9    22     0     0
    GDAS    14     9    29     0     0
     1 BACKWARD OMEGA   
    14     9     4     9   56.467   -2.973   100.0
     4 PRESSURE AIR_TEMP RAINFALL RELHUMID
     1     1    14     9     4     9     0     3     0.0   56.467   -2.973    100.0    977.6    287.7      0.0     88.2
     1     1    14     9     4     8     0     2    -1.0   56.355   -2.939    110.4    981.5    287.4      0.0     88.4
     1     1    14     9     4     7     0     1    -2.0   56.231   -2.901    129.2    984.5    287.3      0.0     88.3
     1     1    14     9     4     6     0     0    -3.0   56.090   -2.861    158.4    986.2    287.3      0.0     87.6
     1     1    14     9     4     5     0     1    -4.0   55.933   -2.820    196.7    984.1    287.5      0.0     86.0
     1     1    14     9     4     4     0     2    -5.0   55.765   -2.772    235.7    979.0    287.4      0.0     85.0
     1     1    14     9     4     3     0     3    -6.0   55.594   -2.713    270.3    974.6    287.3      0.0     83.9
     1     1    14     9     4     2     0     2    -7.0   55.423   -2.641    297.2    970.1    287.3      0.0     83.4
     1     1    14     9     4     1     0     1    -8.0   55.257   -2.556    313.8    966.7    287.2      0.0     83.5
     1     1    14     9     4     0     0     0    -9.0   55.093   -2.454    319.8    963.8    287.1      0.0     84.4
     1     1    14     9     3    23     0     1   -10.0   54.932   -2.325    311.4    962.2    286.9      0.0     83.9
     1     1    14     9     3    22     0     2   -11.0   54.771   -2.152    280.9    963.5    287.0      0.0     83.9
     1     1    14     9     3    21     0     3   -12.0   54.619   -1.935    228.3    969.0    287.1      0.0     84.0
     1     1    14     9     3    20     0     2   -13.0   54.489   -1.705    185.7    981.6    287.9      0.0     81.4
     1     1    14     9     3    19     0     1   -14.0   54.378   -1.486    166.6    988.1    288.6      0.0     78.4
     1     1    14     9     3    18     0     0   -15.0   54.277   -1.273    165.4    992.4    289.3      0.0     74.9
     1     1    14     9     3    17     0     1   -16.0   54.191   -1.063    184.1    994.7    289.5      0.0     72.4
     1     1    14     9     3    16     0     2   -17.0   54.119   -0.856    223.1    990.5    289.3      0.0     71.3
     1     1    14     9     3    15     0     3   -18.0   54.060   -0.652    276.0    983.9    288.9      0.0     71.4
     1     1    14     9     3    14     0     2   -19.0   54.004   -0.458    341.5    976.1    287.9      0.0     75.7
     1     1    14     9     3    13     0     1   -20.0   53.942   -0.277    417.9    967.9    286.9      0.0     78.9
     1     1    14     9     3    12     0     0   -21.0   53.868   -0.119    500.4    958.5    286.0      0.0     80.6
     1     1    14     9     3    11     0     1   -22.0   53.804    0.015    548.4    955.5    285.7      0.0     80.6
     1     1    14     9     3    10     0     2   -23.0   53.756    0.140    556.3    958.7    285.8      0.0     79.6
     1     1    14     9     3     9     0     3   -24.0   53.701    0.266    563.1    957.9    285.7      0.0     78.3
     1     1    14     9     3     8     0     2   -25.0   53.644    0.391    568.0    957.2    285.8      0.0     78.0
     1     1    14     9     3     7     0     1   -26.0   53.588    0.513    571.0    956.7    285.8      0.0     77.1
     1     1    14     9     3     6     0     0   -27.0   53.533    0.634    573.0    956.5    285.8      0.0     75.6
     1     1    14     9     3     5     0     1   -28.0   53.471    0.758    574.0    956.4    285.9      0.0     75.5
     1     1    14     9     3     4     0     2   -29.0   53.400    0.892    573.7    956.7    286.0      0.0     75.2
     1     1    14     9     3     3     0     3   -30.0   53.321    1.038    572.7    957.0    286.1      0.0     74.9
     1     1    14     9     3     2     0     2   -31.0   53.245    1.196    575.3    957.3    286.2      0.0     75.7
     1     1    14     9     3     1     0     1   -32.0   53.176    1.363    585.1    956.4    286.2      0.0     75.7
     1     1    14     9     3     0     0     0   -33.0   53.116    1.536    601.4    954.7    286.1      0.0     74.6
     1     1    14     9     2    23     0     1   -34.0   53.063    1.716    617.4    952.3    286.1      0.0     73.9
     1     1    14     9     2    22     0     2   -35.0   53.016    1.913    624.1    951.3    286.1      0.0     72.9
     1     1    14     9     2    21     0     3   -36.0   52.972    2.128    620.0    951.7    286.3      0.0     72.2
     1     1    14     9     2    20     0     2   -37.0   52.936    2.344    618.5    953.0    286.4      0.0     72.9
     1     1    14     9     2    19     0     1   -38.0   52.913    2.534    631.0    951.5    286.3      0.0     72.7
     1     1    14     9     2    18     0     0   -39.0   52.901    2.693    656.3    948.4    286.1      0.0     72.1
     1     1    14     9     2    17     0     1   -40.0   52.894    2.828    689.4    943.8    285.7      0.0     73.6
     1     1    14     9     2    16     0     2   -41.0   52.889    2.947    724.9    939.3    285.3      0.0     75.9
     1     1    14     9     2    15     0     3   -42.0   52.887    3.048    761.4    934.9    284.9      0.0     78.8
     1     1    14     9     2    14     0     2   -43.0   52.878    3.141    795.3    931.1    284.6      0.0     80.5
     1     1    14     9     2    13     0     1   -44.0   52.853    3.237    823.3    928.2    284.3      0.0     81.8
     1     1    14     9     2    12     0     0   -45.0   52.813    3.339    844.9    926.1    284.1      0.0     82.6
     1     1    14     9     2    11     0     1   -46.0   52.770    3.445    861.8    924.1    284.0      0.0     84.0
     1     1    14     9     2    10     0     2   -47.0   52.735    3.551    875.7    922.3    283.9      0.0     85.4
     1     1    14     9     2     9     0     3   -48.0   52.706    3.655    886.8    920.6    283.7      0.0     86.6
     1     1    14     9     2     8     0     2   -49.0   52.679    3.756    899.6    919.4    283.6      0.0     87.4
     1     1    14     9     2     7     0     1   -50.0   52.645    3.854    918.9    916.9    283.4      0.0     88.6
     1     1    14     9     2     6     0     0   -51.0   52.604    3.948    944.3    913.7    283.2      0.0     90.2
     1     1    14     9     2     5     0     1   -52.0   52.564    4.030    962.9    910.0    283.2      0.0     91.9
     1     1    14     9     2     4     0     2   -53.0   52.530    4.097    961.6    910.1    283.4      0.0     93.3
     1     1    14     9     2     3     0     3   -54.0   52.500    4.148    942.1    912.2    283.7      0.0     95.0
     1     1    14     9     2     2     0     2   -55.0   52.462    4.174    916.4    916.3    284.0      0.1     93.5
     1     1    14     9     2     1     0     1   -56.0   52.403    4.165    894.7    918.5    284.2      0.2     92.8
     1     1    14     9     2     0     0     0   -57.0   52.320    4.121    873.8    920.5    284.5      0.2     92.5
     1     1    14     9     1    23     0     1   -58.0   52.214    4.052    846.2    922.8    284.6      0.0     92.8
     1     1    14     9     1    22     0     2   -59.0   52.091    3.971    808.0    926.9    284.9      0.0     92.4
     1     1    14     9     1    21     0     3   -60.0   51.965    3.878    763.0    931.9    285.3      0.0     91.0
     1     1    14     9     1    20     0     2   -61.0   51.852    3.765    716.4    937.1    285.9      0.0     87.5
     1     1    14     9     1    19     0     1   -62.0   51.754    3.628    670.8    941.9    286.3      0.0     84.9
     1     1    14     9     1    18     0     0   -63.0   51.660    3.463    623.6    947.1    286.8      0.0     82.9
     1     1    14     9     1    17     0     1   -64.0   51.570    3.270    579.0    952.5    287.1      0.0     81.6
     1     1    14     9     1    16     0     2   -65.0   51.487    3.050    534.0    956.9    287.5      0.0     80.4
     1     1    14     9     1    15     0     3   -66.0   51.409    2.808    487.4    963.0    288.0      0.0     78.6
     1     1    14     9     1    14     0     2   -67.0   51.329    2.553    456.6    968.3    288.2      0.0     78.2
     1     1    14     9     1    13     0     1   -68.0   51.235    2.290    444.5    969.5    288.2      0.0     78.5
     1     1    14     9     1    12     0     0   -69.0   51.126    2.011    441.4    969.6    288.2      0.0     79.4
     1     1    14     9     1    11     0     1   -70.0   51.013    1.730    444.0    969.1    287.7      0.0     80.2
     1     1    14     9     1    10     0     2   -71.0   50.910    1.470    446.0    967.2    287.3      0.0     80.1
     1     1    14     9     1     9     0     3   -72.0   50.815    1.225    437.1    967.3    287.1      0.0     79.7
