     7     1
    GDAS    14     8    22     0     0
    GDAS    14     8    29     0     0
    GDAS    14     9     1     0     0
    GDAS    14     9     8     0     0
    GDAS    14     9    15     0     0
    GDAS    14     9    22     0     0
    GDAS    14     9    29     0     0
     1 BACKWARD OMEGA   
    14     9     4     5   56.467   -2.973   100.0
     4 PRESSURE AIR_TEMP RAINFALL RELHUMID
     1     1    14     9     4     5     0     1     0.0   56.467   -2.973    100.0    977.9    285.9      0.0     92.8
     1     1    14     9     4     4     0     2    -1.0   56.341   -2.932    114.4    982.2    286.2      0.0     91.1
     1     1    14     9     4     3     0     3    -2.0   56.206   -2.890    137.7    985.2    286.6      0.0     89.2
     1     1    14     9     4     2     0     2    -3.0   56.056   -2.844    170.9    986.5    287.3      0.0     86.0
     1     1    14     9     4     1     0     1    -4.0   55.891   -2.790    209.4    983.3    287.6      0.0     83.5
     1     1    14     9     4     0     0     0    -5.0   55.719   -2.722    243.6    979.1    287.8      0.0     82.4
     1     1    14     9     3    23     0     1    -6.0   55.545   -2.630    269.1    975.4    287.8      0.0     80.7
     1     1    14     9     3    22     0     2    -7.0   55.368   -2.509    282.7    971.8    287.6      0.0     79.8
     1     1    14     9     3    21     0     3    -8.0   55.193   -2.356    277.0    969.3    287.4      0.0     80.1
     1     1    14     9     3    20     0     2    -9.0   55.024   -2.183    246.5    968.8    287.4      0.0     81.0
     1     1    14     9     3    19     0     1   -10.0   54.873   -2.010    202.0    971.7    287.7      0.0     80.8
     1     1    14     9     3    18     0     0   -11.0   54.743   -1.840    162.2    981.5    288.4      0.0     77.8
     1     1    14     9     3    17     0     1   -12.0   54.630   -1.670    134.7    988.2    288.7      0.0     74.9
     1     1    14     9     3    16     0     2   -13.0   54.533   -1.497    118.4    994.0    289.0      0.0     72.3
     1     1    14     9     3    15     0     3   -14.0   54.449   -1.324    115.2    998.2    289.3      0.0     69.7
     1     1    14     9     3    14     0     2   -15.0   54.373   -1.157    127.4   1001.0    289.2      0.0     70.6
     1     1    14     9     3    13     0     1   -16.0   54.299   -1.000    159.2   1001.2    288.9      0.0     72.7
     1     1    14     9     3    12     0     0   -17.0   54.226   -0.855    208.1    994.4    288.2      0.0     76.2
     1     1    14     9     3    11     0     1   -18.0   54.149   -0.723    263.7    987.3    287.4      0.0     77.4
     1     1    14     9     3    10     0     2   -19.0   54.066   -0.604    320.9    979.6    286.9      0.0     76.9
     1     1    14     9     3     9     0     3   -20.0   53.976   -0.504    378.4    972.5    286.5      0.0     75.2
     1     1    14     9     3     8     0     2   -21.0   53.882   -0.422    430.2    966.1    286.3      0.0     75.7
     1     1    14     9     3     7     0     1   -22.0   53.790   -0.358    471.9    960.6    286.0      0.0     77.5
     1     1    14     9     3     6     0     0   -23.0   53.701   -0.310    503.4    956.7    285.8      0.0     78.8
     1     1    14     9     3     5     0     1   -24.0   53.606   -0.268    527.2    954.1    285.5      0.0     79.3
     1     1    14     9     3     4     0     2   -25.0   53.500   -0.217    545.9    952.0    285.3      0.0     79.8
     1     1    14     9     3     3     0     3   -26.0   53.384   -0.159    560.8    950.4    285.2      0.0     80.3
     1     1    14     9     3     2     0     2   -27.0   53.267   -0.085    573.8    949.1    285.3      0.0     80.2
     1     1    14     9     3     1     0     1   -28.0   53.163    0.022    576.7    952.3    285.6      0.0     85.2
     1     1    14     9     3     0     0     0   -29.0   53.068    0.163    570.9    954.7    285.8      0.0     84.9
     1     1    14     9     2    23     0     1   -30.0   52.981    0.318    571.5    954.9    285.9      0.0     83.6
     1     1    14     9     2    22     0     2   -31.0   52.902    0.482    577.5    954.3    285.9      0.0     83.3
     1     1    14     9     2    21     0     3   -32.0   52.829    0.658    585.9    953.5    285.9      0.0     84.5
     1     1    14     9     2    20     0     2   -33.0   52.765    0.841    596.1    952.9    285.9      0.0     84.8
     1     1    14     9     2    19     0     1   -34.0   52.715    1.022    608.2    951.8    285.8      0.0     85.4
     1     1    14     9     2    18     0     0   -35.0   52.680    1.193    620.5    950.4    285.8      0.0     84.9
     1     1    14     9     2    17     0     1   -36.0   52.659    1.353    634.1    949.0    285.8      0.0     83.6
     1     1    14     9     2    16     0     2   -37.0   52.649    1.506    651.7    947.1    285.6      0.0     83.4
     1     1    14     9     2    15     0     3   -38.0   52.646    1.648    676.5    944.3    285.4      0.0     84.2
     1     1    14     9     2    14     0     2   -39.0   52.639    1.777    703.5    940.8    285.1      0.0     85.9
     1     1    14     9     2    13     0     1   -40.0   52.626    1.892    723.3    938.7    284.8      0.0     87.8
     1     1    14     9     2    12     0     0   -41.0   52.605    1.998    732.4    937.9    284.6      0.0     89.9
     1     1    14     9     2    11     0     1   -42.0   52.585    2.107    734.3    937.8    284.6      0.0     90.8
     1     1    14     9     2    10     0     2   -43.0   52.572    2.225    733.7    937.4    284.6      0.0     91.8
     1     1    14     9     2     9     0     3   -44.0   52.563    2.349    728.9    937.4    284.7      0.0     93.1
     1     1    14     9     2     8     0     2   -45.0   52.558    2.476    725.6    938.3    284.6      0.0     93.8
     1     1    14     9     2     7     0     1   -46.0   52.553    2.605    729.7    937.5    284.5      0.0     94.5
     1     1    14     9     2     6     0     0   -47.0   52.544    2.734    739.4    936.0    284.5      0.0     95.4
     1     1    14     9     2     5     0     1   -48.0   52.538    2.851    741.8    934.2    284.6      0.0     95.8
     1     1    14     9     2     4     0     2   -49.0   52.544    2.945    724.1    936.0    284.9      0.0     96.6
     1     1    14     9     2     3     0     3   -50.0   52.566    3.022    686.8    940.2    285.2      0.0     97.4
     1     1    14     9     2     2     0     2   -51.0   52.587    3.086    648.2    946.7    285.5      0.0     96.7
     1     1    14     9     2     1     0     1   -52.0   52.592    3.131    627.1    948.9    285.7      0.0     95.8
     1     1    14     9     2     0     0     0   -53.0   52.580    3.155    622.9    949.1    285.8      0.0     95.2
     1     1    14     9     1    23     0     1   -54.0   52.558    3.149    619.9    947.7    285.8      0.0     95.3
     1     1    14     9     1    22     0     2   -55.0   52.533    3.107    602.9    949.4    285.9      0.0     95.7
     1     1    14     9     1    21     0     3   -56.0   52.508    3.029    574.0    952.5    286.0      0.0     96.6
     1     1    14     9     1    20     0     2   -57.0   52.477    2.917    544.1    956.6    286.3      0.0     95.0
     1     1    14     9     1    19     0     1   -58.0   52.434    2.771    519.9    958.9    286.5      0.0     93.6
     1     1    14     9     1    18     0     0   -59.0   52.382    2.582    496.3    961.0    286.7      0.0     92.9
     1     1    14     9     1    17     0     1   -60.0   52.329    2.363    473.4    964.1    286.8      0.0     90.8
     1     1    14     9     1    16     0     2   -61.0   52.273    2.129    458.8    966.3    286.9      0.0     89.4
     1     1    14     9     1    15     0     3   -62.0   52.203    1.882    459.8    966.2    286.7      0.0     88.6
     1     1    14     9     1    14     0     2   -63.0   52.121    1.631    471.5    963.1    286.7      0.0     87.7
     1     1    14     9     1    13     0     1   -64.0   52.032    1.384    485.2    960.8    286.6      0.0     87.2
     1     1    14     9     1    12     0     0   -65.0   51.934    1.134    503.1    958.2    286.3      0.0     87.2
     1     1    14     9     1    11     0     1   -66.0   51.838    0.882    518.7    954.6    286.2      0.0     85.0
     1     1    14     9     1    10     0     2   -67.0   51.748    0.627    525.4    952.2    286.1      0.0     83.3
     1     1    14     9     1     9     0     3   -68.0   51.657    0.368    527.9    950.7    285.9      0.3     81.6
     1     1    14     9     1     8     0     2   -69.0   51.576    0.121    537.1    948.9    285.8      0.0     80.8
     1     1    14     9     1     7     0     1   -70.0   51.536   -0.142    535.2    945.6    285.6      0.0     91.1
     1     1    14     9     1     6     0     0   -71.0   51.526   -0.412    520.8    949.5    285.6      0.0     88.3
     1     1    14     9     1     5     0     1   -72.0   51.520   -0.652    513.1    950.4    285.7      0.0     84.1
