     7     1
    GDAS    14     8    22     0     0
    GDAS    14     8    29     0     0
    GDAS    14     9     1     0     0
    GDAS    14     9     8     0     0
    GDAS    14     9    15     0     0
    GDAS    14     9    22     0     0
    GDAS    14     9    29     0     0
     1 BACKWARD OMEGA   
    14     9     3     0   56.467   -2.973   100.0
     4 PRESSURE AIR_TEMP RAINFALL RELHUMID
     1     1    14     9     3     0     0     0     0.0   56.467   -2.973    100.0    980.2    284.5      0.0     82.6
     1     1    14     9     2    23     0     1    -1.0   56.395   -2.986    121.2    980.2    285.2      0.0     81.2
     1     1    14     9     2    22     0     2    -2.0   56.320   -3.010    141.0    980.6    285.8      0.0     79.4
     1     1    14     9     2    21     0     3    -3.0   56.242   -3.047    159.5    980.9    286.3      0.0     77.5
     1     1    14     9     2    20     0     2    -4.0   56.166   -3.093    177.9    981.1    286.7      0.0     75.8
     1     1    14     9     2    19     0     1    -5.0   56.098   -3.140    199.1    981.0    286.8      0.0     74.9
     1     1    14     9     2    18     0     0    -6.0   56.036   -3.194    226.7    980.2    286.8      0.0     74.7
     1     1    14     9     2    17     0     1    -7.0   55.977   -3.261    259.6    977.7    286.4      0.0     75.6
     1     1    14     9     2    16     0     2    -8.0   55.920   -3.343    291.1    973.2    285.9      0.0     77.3
     1     1    14     9     2    15     0     3    -9.0   55.869   -3.437    317.5    969.9    285.6      0.0     78.5
     1     1    14     9     2    14     0     2   -10.0   55.826   -3.541    341.2    967.7    285.0      0.0     80.3
     1     1    14     9     2    13     0     1   -11.0   55.793   -3.651    364.6    965.4    284.3      0.0     82.3
     1     1    14     9     2    12     0     0   -12.0   55.771   -3.769    387.7    963.1    283.7      0.0     84.5
     1     1    14     9     2    11     0     1   -13.0   55.759   -3.895    409.9    960.5    283.2      0.0     86.4
     1     1    14     9     2    10     0     2   -14.0   55.756   -4.031    432.1    957.9    282.8      0.0     88.1
     1     1    14     9     2     9     0     3   -15.0   55.758   -4.174    456.4    954.4    282.4      0.0     89.6
     1     1    14     9     2     8     0     2   -16.0   55.763   -4.329    481.7    950.3    281.9      0.0     90.1
     1     1    14     9     2     7     0     1   -17.0   55.771   -4.500    504.9    946.6    281.5      0.0     90.8
     1     1    14     9     2     6     0     0   -18.0   55.781   -4.691    524.3    943.3    281.1      0.0     92.0
     1     1    14     9     2     5     0     1   -19.0   55.794   -4.887    546.2    940.7    281.5      0.0     91.9
     1     1    14     9     2     4     0     2   -20.0   55.808   -5.077    578.1    937.5    281.9      0.0     91.6
     1     1    14     9     2     3     0     3   -21.0   55.820   -5.267    614.4    935.6    282.4      0.0     90.5
     1     1    14     9     2     2     0     2   -22.0   55.826   -5.469    643.8    934.5    282.4      0.0     90.6
     1     1    14     9     2     1     0     1   -23.0   55.824   -5.692    659.4    935.7    282.4      0.0     90.4
     1     1    14     9     2     0     0     0   -24.0   55.815   -5.936    658.4    939.0    282.6      0.0     89.8
     1     1    14     9     1    23     0     1   -25.0   55.801   -6.213    646.7    942.5    283.0      0.0     90.2
     1     1    14     9     1    22     0     2   -26.0   55.783   -6.547    636.4    944.5    283.3      0.0     89.7
     1     1    14     9     1    21     0     3   -27.0   55.756   -6.941    633.0    945.4    283.4      0.0     88.2
     1     1    14     9     1    20     0     2   -28.0   55.712   -7.393    638.0    943.9    283.4      0.0     88.8
     1     1    14     9     1    19     0     1   -29.0   55.646   -7.891    652.4    940.8    283.2      0.0     89.3
     1     1    14     9     1    18     0     0   -30.0   55.558   -8.417    675.6    938.8    283.1      0.0     89.5
     1     1    14     9     1    17     0     1   -31.0   55.450   -8.943    694.5    938.4    283.1      0.0     89.0
     1     1    14     9     1    16     0     2   -32.0   55.334   -9.457    700.2    938.4    283.2      0.0     89.7
     1     1    14     9     1    15     0     3   -33.0   55.225   -9.968    701.8    938.7    283.3      0.0     89.8
     1     1    14     9     1    14     0     2   -34.0   55.121  -10.475    704.2    938.2    283.2      0.0     90.2
     1     1    14     9     1    13     0     1   -35.0   55.017  -10.978    710.8    937.7    283.1      0.0     90.7
     1     1    14     9     1    12     0     0   -36.0   54.918  -11.478    726.4    935.7    282.9      0.0     91.4
     1     1    14     9     1    11     0     1   -37.0   54.831  -11.980    748.0    932.6    282.7      0.0     91.6
     1     1    14     9     1    10     0     2   -38.0   54.758  -12.493    768.3    929.6    282.5      0.0     91.8
     1     1    14     9     1     9     0     3   -39.0   54.696  -13.023    780.8    927.6    282.3      0.0     92.2
     1     1    14     9     1     8     0     2   -40.0   54.641  -13.579    787.2    926.9    282.2      0.0     92.4
     1     1    14     9     1     7     0     1   -41.0   54.587  -14.170    791.7    926.0    282.2      0.0     92.3
     1     1    14     9     1     6     0     0   -42.0   54.530  -14.798    791.3    925.3    282.2      0.0     92.9
     1     1    14     9     1     5     0     1   -43.0   54.466  -15.467    788.2    926.0    282.1      0.0     92.1
     1     1    14     9     1     4     0     2   -44.0   54.395  -16.176    791.6    925.9    281.9      0.0     91.9
     1     1    14     9     1     3     0     3   -45.0   54.312  -16.909    813.3    924.3    281.7      0.0     92.2
     1     1    14     9     1     2     0     2   -46.0   54.216  -17.650    852.3    919.1    281.3      0.0     92.9
     1     1    14     9     1     1     0     1   -47.0   54.109  -18.391    897.8    913.8    281.0      0.0     94.0
     1     1    14     9     1     0     0     0   -48.0   53.993  -19.127    945.1    908.0    280.6      0.0     96.1
     1     1    14     8    31    23     0     1   -49.0   53.882  -19.862    980.7    902.5    280.4      0.0     92.3
     1     1    14     8    31    22     0     2   -50.0   53.789  -20.608   1003.8    900.7    280.2      0.0     88.8
     1     1    14     8    31    21     0     3   -51.0   53.713  -21.375   1021.5    898.3    280.0      0.0     85.7
     1     1    14     8    31    20     0     2   -52.0   53.647  -22.173   1028.2    897.3    280.1      0.0     81.6
     1     1    14     8    31    19     0     1   -53.0   53.584  -23.006   1038.0    895.9    280.2      0.0     79.6
     1     1    14     8    31    18     0     0   -54.0   53.521  -23.866   1056.8    893.3    280.0      0.0     78.7
     1     1    14     8    31    17     0     1   -55.0   53.462  -24.747   1082.6    890.3    280.0      0.0     73.0
     1     1    14     8    31    16     0     2   -56.0   53.417  -25.656   1106.2    887.2    279.9      0.0     69.5
     1     1    14     8    31    15     0     3   -57.0   53.398  -26.603   1105.7    886.8    279.9      0.0     66.7
     1     1    14     8    31    14     0     2   -58.0   53.397  -27.583   1100.2    887.8    279.9      0.0     67.0
     1     1    14     8    31    13     0     1   -59.0   53.380  -28.581   1128.4    884.2    279.6      0.0     68.3
     1     1    14     8    31    12     0     0   -60.0   53.361  -29.587   1177.8    878.4    279.1      0.0     67.5
     1     1    14     8    31    11     0     1   -61.0   53.346  -30.580   1223.7    872.6    278.8      0.0     66.6
     1     1    14     8    31    10     0     2   -62.0   53.323  -31.550   1261.4    868.4    278.4      0.0     67.0
     1     1    14     8    31     9     0     3   -63.0   53.322  -32.504   1304.6    863.0    278.0      0.0     61.8
     1     1    14     8    31     8     0     2   -64.0   53.361  -33.435   1331.4    859.7    277.9      0.0     61.2
     1     1    14     8    31     7     0     1   -65.0   53.401  -34.360   1348.2    857.0    277.7      0.0     62.2
     1     1    14     8    31     6     0     0   -66.0   53.452  -35.305   1347.8    856.7    277.8      0.0     57.9
     1     1    14     8    31     5     0     1   -67.0   53.543  -36.233   1348.1    856.4    277.8      0.0     57.0
     1     1    14     8    31     4     0     2   -68.0   53.624  -37.113   1357.6    854.8    277.2      0.0     67.3
     1     1    14     8    31     3     0     3   -69.0   53.695  -37.977   1374.2    852.8    276.8      0.0     62.5
     1     1    14     8    31     2     0     2   -70.0   53.810  -38.838   1401.2    849.5    276.9      0.0     55.5
     1     1    14     8    31     1     0     1   -71.0   53.928  -39.669   1436.1    845.5    276.2      0.0     69.6
     1     1    14     8    31     0     0     0   -72.0   54.038  -40.459   1478.6    841.0    276.0      0.0     61.3
