     7     1
    GDAS    14     8    22     0     0
    GDAS    14     8    29     0     0
    GDAS    14     9     1     0     0
    GDAS    14     9     8     0     0
    GDAS    14     9    15     0     0
    GDAS    14     9    22     0     0
    GDAS    14     9    29     0     0
     1 BACKWARD OMEGA   
    14     9    21     9   56.467   -2.973   100.0
     4 PRESSURE AIR_TEMP RAINFALL RELHUMID
     1     1    14     9    21     9     0     3     0.0   56.467   -2.973    100.0    983.6    282.4      0.0     81.8
     1     1    14     9    21     8     0     2    -1.0   56.600   -3.084    146.8    973.0    281.2      0.0     85.5
     1     1    14     9    21     7     0     1    -2.0   56.760   -3.212    220.2    956.8    280.0      0.0     90.1
     1     1    14     9    21     6     0     0    -3.0   56.971   -3.361    336.3    932.9    278.4      0.0     95.8
     1     1    14     9    21     5     0     1    -4.0   57.229   -3.513    466.0    921.9    278.0      0.0     94.2
     1     1    14     9    21     4     0     2    -5.0   57.494   -3.656    569.0    921.6    278.3      0.0     92.0
     1     1    14     9    21     3     0     3    -6.0   57.758   -3.797    656.4    923.3    278.6      0.0     92.1
     1     1    14     9    21     2     0     2    -7.0   58.015   -3.961    735.1    923.3    278.4      0.0     94.7
     1     1    14     9    21     1     0     1    -8.0   58.258   -4.145    793.9    916.4    277.9      0.0     96.2
     1     1    14     9    21     0     0     0    -9.0   58.489   -4.321    818.1    915.6    277.8      0.0     97.2
     1     1    14     9    20    23     0     1   -10.0   58.719   -4.496    812.8    920.7    278.4      0.0     96.7
     1     1    14     9    20    22     0     2   -11.0   58.958   -4.677    791.1    928.7    279.1      0.0     95.6
     1     1    14     9    20    21     0     3   -12.0   59.216   -4.865    769.7    933.4    279.5      0.0     94.3
     1     1    14     9    20    20     0     2   -13.0   59.494   -5.049    766.5    933.6    279.6      0.0     93.2
     1     1    14     9    20    19     0     1   -14.0   59.783   -5.229    782.2    931.0    279.5      0.0     91.4
     1     1    14     9    20    18     0     0   -15.0   60.084   -5.419    811.2    926.8    279.4      0.0     88.9
     1     1    14     9    20    17     0     1   -16.0   60.398   -5.645    844.7    921.9    279.1      0.0     88.1
     1     1    14     9    20    16     0     2   -17.0   60.719   -5.919    878.9    917.7    278.8      0.0     87.5
     1     1    14     9    20    15     0     3   -18.0   61.043   -6.231    919.7    912.7    278.4      0.0     86.5
     1     1    14     9    20    14     0     2   -19.0   61.370   -6.561    976.6    905.7    278.0      0.0     88.9
     1     1    14     9    20    13     0     1   -20.0   61.702   -6.880   1055.9    895.2    277.4      0.0     90.1
     1     1    14     9    20    12     0     0   -21.0   62.048   -7.170   1147.5    883.1    276.6      0.0     89.4
     1     1    14     9    20    11     0     1   -22.0   62.404   -7.459   1214.7    874.0    276.4      0.0     88.2
     1     1    14     9    20    10     0     2   -23.0   62.761   -7.768   1239.6    872.5    276.4      0.0     87.4
     1     1    14     9    20     9     0     3   -24.0   63.126   -8.076   1246.4    872.9    276.4      0.0     84.1
     1     1    14     9    20     8     0     2   -25.0   63.503   -8.374   1259.9    871.6    276.5      0.3     83.4
     1     1    14     9    20     7     0     1   -26.0   63.882   -8.654   1287.5    867.6    276.5      0.3     81.2
     1     1    14     9    20     6     0     0   -27.0   64.260   -8.927   1320.7    862.4    276.3      0.3     78.7
     1     1    14     9    20     5     0     1   -28.0   64.634   -9.215   1353.5    858.7    275.9      0.2     80.3
     1     1    14     9    20     4     0     2   -29.0   65.001   -9.513   1381.6    855.1    275.7      0.2     79.6
     1     1    14     9    20     3     0     3   -30.0   65.338   -9.824   1400.9    853.0    275.6      0.2     78.0
     1     1    14     9    20     2     0     2   -31.0   65.634  -10.154   1416.4    851.6    275.5      0.3     78.7
     1     1    14     9    20     1     0     1   -32.0   65.899  -10.500   1431.6    849.5    275.5      0.6     77.4
     1     1    14     9    20     0     0     0   -33.0   66.135  -10.836   1449.5    847.8    275.4      0.7     75.4
     1     1    14     9    19    23     0     1   -34.0   66.340  -11.126   1477.8    845.3    275.0      0.3     75.8
     1     1    14     9    19    22     0     2   -35.0   66.515  -11.358   1517.4    840.8    274.7      0.0     75.2
     1     1    14     9    19    21     0     3   -36.0   66.665  -11.529   1563.9    835.6    274.4      0.0     73.7
     1     1    14     9    19    20     0     2   -37.0   66.806  -11.661   1603.5    830.0    274.1      0.0     73.0
     1     1    14     9    19    19     0     1   -38.0   66.949  -11.787   1625.9    827.8    274.1      0.0     71.2
     1     1    14     9    19    18     0     0   -39.0   67.093  -11.911   1634.0    826.9    274.0      0.0     70.2
     1     1    14     9    19    17     0     1   -40.0   67.235  -12.028   1633.8    827.5    274.0      0.0     70.9
     1     1    14     9    19    16     0     2   -41.0   67.372  -12.136   1632.9    827.9    274.1      0.0     71.1
     1     1    14     9    19    15     0     3   -42.0   67.505  -12.235   1636.6    827.9    274.0      0.0     70.5
     1     1    14     9    19    14     0     2   -43.0   67.632  -12.319   1648.7    826.9    273.9      0.0     70.6
     1     1    14     9    19    13     0     1   -44.0   67.748  -12.389   1669.1    824.8    273.6      0.0     71.7
     1     1    14     9    19    12     0     0   -45.0   67.856  -12.454   1696.1    822.1    273.3      0.0     73.9
     1     1    14     9    19    11     0     1   -46.0   67.954  -12.501   1726.9    819.0    273.1      0.0     74.0
     1     1    14     9    19    10     0     2   -47.0   68.040  -12.510   1759.3    816.0    273.0      0.0     73.3
     1     1    14     9    19     9     0     3   -48.0   68.113  -12.482   1794.0    812.8    272.9      0.0     71.9
     1     1    14     9    19     8     0     2   -49.0   68.179  -12.434   1829.6    809.1    272.6      0.0     71.9
     1     1    14     9    19     7     0     1   -50.0   68.245  -12.382   1863.2    805.7    272.4      0.0     71.6
     1     1    14     9    19     6     0     0   -51.0   68.312  -12.325   1892.7    802.5    272.2      0.0     71.0
     1     1    14     9    19     5     0     1   -52.0   68.378  -12.280   1920.6    800.4    272.2      0.0     71.2
     1     1    14     9    19     4     0     2   -53.0   68.439  -12.270   1950.7    797.9    272.1      0.0     72.5
     1     1    14     9    19     3     0     3   -54.0   68.493  -12.301   1984.6    794.9    272.0      0.0     74.6
     1     1    14     9    19     2     0     2   -55.0   68.537  -12.367   2020.6    791.5    271.7      0.0     75.3
     1     1    14     9    19     1     0     1   -56.0   68.571  -12.454   2056.5    788.3    271.5      0.0     76.3
     1     1    14     9    19     0     0     0   -57.0   68.595  -12.560   2093.0    785.1    271.2      0.0     77.4
     1     1    14     9    18    23     0     1   -58.0   68.610  -12.706   2132.5    781.7    271.2      0.0     79.3
     1     1    14     9    18    22     0     2   -59.0   68.616  -12.919   2175.8    777.6    271.0      0.0     81.3
     1     1    14     9    18    21     0     3   -60.0   68.612  -13.204   2221.0    773.4    270.9      0.0     83.6
     1     1    14     9    18    20     0     2   -61.0   68.595  -13.543   2264.0    769.0    270.6      0.0     84.7
     1     1    14     9    18    19     0     1   -62.0   68.560  -13.907   2301.6    765.5    270.3      0.0     85.7
     1     1    14     9    18    18     0     0   -63.0   68.504  -14.278   2330.2    762.4    270.1      0.0     86.9
     1     1    14     9    18    17     0     1   -64.0   68.425  -14.616   2336.4    761.0    270.0      0.3     89.5
     1     1    14     9    18    16     0     2   -65.0   68.323  -14.887   2305.5    763.4    270.0      0.3     92.1
     1     1    14     9    18    15     0     3   -66.0   68.202  -15.071   2226.0    770.8    270.4      0.3     94.8
     1     1    14     9    18    14     0     2   -67.0   68.073  -15.191   2128.5    783.9    271.1      0.3     96.8
     1     1    14     9    18    13     0     1   -68.0   67.950  -15.301   2058.2    792.4    271.5      0.3     97.5
     1     1    14     9    18    12     0     0   -69.0   67.836  -15.407   2029.1    796.0    271.8      0.3     96.6
     1     1    14     9    18    11     0     1   -70.0   67.715  -15.508   2013.9    794.5    271.9      0.2     97.3
     1     1    14     9    18    10     0     2   -71.0   67.575  -15.579   1982.5    797.7    272.3      0.2     98.2
     1     1    14     9    18     9     0     3   -72.0   67.425  -15.612   1933.5    802.7    272.8      0.3     99.3
