     7     1
    GDAS    14     8    22     0     0
    GDAS    14     8    29     0     0
    GDAS    14     9     1     0     0
    GDAS    14     9     8     0     0
    GDAS    14     9    15     0     0
    GDAS    14     9    22     0     0
    GDAS    14     9    29     0     0
     1 BACKWARD OMEGA   
    14     9     9    11   56.467   -2.973   100.0
     4 PRESSURE AIR_TEMP RAINFALL RELHUMID
     1     1    14     9     9    11     0     1     0.0   56.467   -2.973    100.0    977.9    286.0      0.0     75.3
     1     1    14     9     9    10     0     2    -1.0   56.456   -3.037     88.5    978.8    285.4      0.0     78.7
     1     1    14     9     9     9     0     3    -2.0   56.443   -3.109     80.4    979.7    284.7      0.0     82.3
     1     1    14     9     9     8     0     2    -3.0   56.431   -3.188     76.0    980.0    283.8      0.0     83.4
     1     1    14     9     9     7     0     1    -4.0   56.422   -3.275     75.5    979.4    282.9      0.0     84.7
     1     1    14     9     9     6     0     0    -5.0   56.418   -3.371     78.3    978.3    282.0      0.0     86.4
     1     1    14     9     9     5     0     1    -6.0   56.415   -3.468     80.8    977.0    282.4      0.0     85.7
     1     1    14     9     9     4     0     2    -7.0   56.407   -3.562     78.9    976.9    282.7      0.0     85.0
     1     1    14     9     9     3     0     3    -8.0   56.394   -3.651     72.8    977.7    283.1      0.0     84.1
     1     1    14     9     9     2     0     2    -9.0   56.379   -3.734     63.8    979.4    283.5      0.0     82.7
     1     1    14     9     9     1     0     1   -10.0   56.364   -3.806     53.6    981.3    283.9      0.0     81.0
     1     1    14     9     9     0     0     0   -11.0   56.351   -3.867     43.5    982.9    283.6      0.0     79.3
     1     1    14     9     8    23     0     1   -12.0   56.342   -3.923     33.7    983.9    283.1      0.0     78.4
     1     1    14     9     8    22     0     2   -13.0   56.341   -3.981     24.2    984.6    282.3      0.0     77.5
     1     1    14     9     8    21     0     3   -14.0   56.348   -4.040     16.2    985.2    281.3      0.0     77.0
     1     1    14     9     8    20     0     2   -15.0   56.359   -4.097     10.5    985.8    281.8      0.0     76.4
     1     1    14     9     8    19     0     1   -16.0   56.369   -4.149      6.6    985.5    283.1      0.0     75.6
     1     1    14     9     8    18     0     0   -17.0   56.380   -4.200      3.3    985.3    284.4      0.0     74.7
     1     1    14     9     8    17     0     1   -18.0   56.398   -4.255      0.6    984.5    285.1      0.0     73.7
     1     1    14     9     8    16     0     2   -19.0   56.432   -4.321      0.0    983.2    285.8      0.0     72.9
     1     1    14     9     8    15     0     3   -20.0   56.481   -4.398      0.0    981.4    286.3      0.0     72.0
     1     1    14     9     8    14     0     2   -21.0   56.533   -4.483      0.0    980.0    286.3      0.0     72.6
     1     1    14     9     8    13     0     1   -22.0   56.575   -4.572      0.0    979.2    286.3      0.0     73.1
     1     1    14     9     8    12     0     0   -23.0   56.607   -4.663      0.0    979.0    286.3      0.0     73.5
     1     1    14     9     8    11     0     1   -24.0   56.637   -4.747      0.0    978.2    285.4      0.0     77.8
     1     1    14     9     8    10     0     2   -25.0   56.668   -4.817      0.0    977.3    284.5      0.0     82.0
     1     1    14     9     8     9     0     3   -26.0   56.701   -4.874      0.0    976.3    283.6      0.0     86.3
     1     1    14     9     8     8     0     2   -27.0   56.735   -4.925      0.0    976.4    282.7      0.0     89.6
     1     1    14     9     8     7     0     1   -28.0   56.770   -4.974      0.0    976.6    281.8      0.0     92.8
     1     1    14     9     8     6     0     0   -29.0   56.809   -5.023      0.0    977.4    281.2      0.0     95.5
     1     1    14     9     8     5     0     1   -30.0   56.849   -5.077      0.0    978.0    281.4      0.0     95.2
     1     1    14     9     8     4     0     2   -31.0   56.889   -5.142      0.0    979.0    281.7      0.0     94.8
     1     1    14     9     8     3     0     3   -32.0   56.931   -5.216      0.0    980.3    282.0      0.0     94.4
     1     1    14     9     8     2     0     2   -33.0   56.981   -5.294      0.0    982.1    281.6      0.0     93.3
     1     1    14     9     8     1     0     1   -34.0   57.046   -5.380      0.0    985.3    281.5      0.0     91.9
     1     1    14     9     8     0     0     0   -35.0   57.132   -5.477      0.0    989.8    281.8      0.0     90.4
     1     1    14     9     7    23     0     1   -36.0   57.235   -5.586      0.0    995.3    282.7      0.0     88.3
     1     1    14     9     7    22     0     2   -37.0   57.346   -5.704      0.0   1001.6    283.6      0.0     86.3
     1     1    14     9     7    21     0     3   -38.0   57.464   -5.830      0.0   1008.4    284.5      0.0     84.5
     1     1    14     9     7    20     0     2   -39.0   57.600   -5.966      0.0   1015.0    285.6      0.0     82.0
     1     1    14     9     7    19     0     1   -40.0   57.762   -6.117      0.0   1017.3    286.1      0.0     80.9
     1     1    14     9     7    18     0     0   -41.0   57.941   -6.278      0.0   1017.0    286.2      0.0     80.6
     1     1    14     9     7    17     0     1   -42.0   58.128   -6.457      0.0   1015.5    286.3      0.0     79.6
     1     1    14     9     7    16     0     2   -43.0   58.317   -6.669      0.0   1014.6    286.4      0.0     79.1
     1     1    14     9     7    15     0     3   -44.0   58.508   -6.922      0.0   1015.1    286.5      0.0     79.4
     1     1    14     9     7    14     0     2   -45.0   58.700   -7.181      0.1   1016.5    286.4      0.0     80.5
     1     1    14     9     7    13     0     1   -46.0   58.896   -7.408      0.4   1017.6    286.3      0.0     81.2
     1     1    14     9     7    12     0     0   -47.0   59.094   -7.597      0.8   1017.7    286.2      0.0     81.7
     1     1    14     9     7    11     0     1   -48.0   59.286   -7.761      1.2   1017.5    286.0      0.0     82.4
     1     1    14     9     7    10     0     2   -49.0   59.468   -7.916      1.5   1017.3    285.9      0.0     82.9
     1     1    14     9     7     9     0     3   -50.0   59.645   -8.060      1.9   1017.2    285.7      0.0     83.4
     1     1    14     9     7     8     0     2   -51.0   59.819   -8.190      2.4   1017.9    285.8      0.0     84.2
     1     1    14     9     7     7     0     1   -52.0   59.991   -8.303      2.6   1018.7    285.7      0.0     84.9
     1     1    14     9     7     6     0     0   -53.0   60.156   -8.402      2.7   1019.5    285.7      0.0     85.6
     1     1    14     9     7     5     0     1   -54.0   60.312   -8.506      2.8   1019.5    285.6      0.0     85.5
     1     1    14     9     7     4     0     2   -55.0   60.457   -8.635      2.9   1019.6    285.5      0.0     85.6
     1     1    14     9     7     3     0     3   -56.0   60.588   -8.790      2.9   1019.7    285.4      0.0     85.9
     1     1    14     9     7     2     0     2   -57.0   60.696   -8.962      3.1   1019.5    285.4      0.0     85.8
     1     1    14     9     7     1     0     1   -58.0   60.776   -9.136      3.7   1019.3    285.4      0.0     85.4
     1     1    14     9     7     0     0     0   -59.0   60.829   -9.305      4.4   1019.2    285.4      0.0     85.1
     1     1    14     9     6    23     0     1   -60.0   60.874   -9.451      5.1   1019.5    285.4      0.0     85.1
     1     1    14     9     6    22     0     2   -61.0   60.927   -9.558      5.7   1019.7    285.4      0.0     84.9
     1     1    14     9     6    21     0     3   -62.0   60.986   -9.631      6.2   1020.0    285.4      0.0     84.6
     1     1    14     9     6    20     0     2   -63.0   61.051   -9.702      6.8   1018.7    285.3      0.0     84.4
     1     1    14     9     6    19     0     1   -64.0   61.121   -9.807      7.6   1017.6    285.2      0.0     84.1
     1     1    14     9     6    18     0     0   -65.0   61.193   -9.946      8.6   1016.4    285.2      0.0     83.7
     1     1    14     9     6    17     0     1   -66.0   61.263  -10.112      9.7   1016.6    285.2      0.0     83.2
     1     1    14     9     6    16     0     2   -67.0   61.326  -10.293     10.5   1016.7    285.2      0.0     82.4
     1     1    14     9     6    15     0     3   -68.0   61.379  -10.491     11.1   1016.9    285.2      0.0     81.1
     1     1    14     9     6    14     0     2   -69.0   61.422  -10.693     11.5   1016.9    285.1      0.0     81.8
     1     1    14     9     6    13     0     1   -70.0   61.458  -10.886     11.6   1017.0    285.2      0.0     82.1
     1     1    14     9     6    12     0     0   -71.0   61.488  -11.067     11.6   1017.1    285.2      0.0     82.0
     1     1    14     9     6    11     0     1   -72.0   61.521  -11.222     12.0   1017.7    285.2      0.0     82.7
