     7     1
    GDAS    14     8    22     0     0
    GDAS    14     8    29     0     0
    GDAS    14     9     1     0     0
    GDAS    14     9     8     0     0
    GDAS    14     9    15     0     0
    GDAS    14     9    22     0     0
    GDAS    14     9    29     0     0
     1 BACKWARD OMEGA   
    14     9     3    13   56.467   -2.973   100.0
     4 PRESSURE AIR_TEMP RAINFALL RELHUMID
     1     1    14     9     3    13     0     1     0.0   56.467   -2.973    100.0    980.4    288.4      0.0     75.8
     1     1    14     9     3    12     0     0    -1.0   56.370   -2.956     96.3    985.5    288.6      0.0     75.5
     1     1    14     9     3    11     0     1    -2.0   56.280   -2.940     98.9    988.1    288.1      0.0     78.1
     1     1    14     9     3    10     0     2    -3.0   56.193   -2.921    107.1    990.3    287.6      0.0     80.9
     1     1    14     9     3     9     0     3    -4.0   56.108   -2.900    122.2    991.9    287.1      0.0     83.6
     1     1    14     9     3     8     0     2    -5.0   56.024   -2.888    145.2    992.1    286.7      0.0     84.6
     1     1    14     9     3     7     0     1    -6.0   55.941   -2.895    172.2    988.5    286.3      0.0     85.3
     1     1    14     9     3     6     0     0    -7.0   55.856   -2.921    198.4    984.5    286.1      0.0     85.7
     1     1    14     9     3     5     0     1    -8.0   55.766   -2.949    220.9    981.5    286.1      0.0     83.3
     1     1    14     9     3     4     0     2    -9.0   55.668   -2.957    237.3    979.5    286.0      0.0     81.4
     1     1    14     9     3     3     0     3   -10.0   55.562   -2.947    246.8    978.3    285.9      0.0     79.8
     1     1    14     9     3     2     0     2   -11.0   55.456   -2.927    251.7    978.1    286.1      0.0     79.2
     1     1    14     9     3     1     0     1   -12.0   55.354   -2.904    255.9    977.7    286.2      0.0     78.8
     1     1    14     9     3     0     0     0   -13.0   55.256   -2.872    261.4    977.0    286.3      0.0     78.7
     1     1    14     9     2    23     0     1   -14.0   55.157   -2.838    263.6    975.6    286.5      0.0     77.9
     1     1    14     9     2    22     0     2   -15.0   55.059   -2.801    256.6    975.8    286.8      0.0     77.2
     1     1    14     9     2    21     0     3   -16.0   54.964   -2.752    239.6    977.1    287.0      0.0     76.3
     1     1    14     9     2    20     0     2   -17.0   54.882   -2.688    214.7    979.9    287.4      0.0     74.5
     1     1    14     9     2    19     0     1   -18.0   54.817   -2.609    184.2    982.7    287.9      0.0     72.6
     1     1    14     9     2    18     0     0   -19.0   54.768   -2.519    148.8    986.0    288.4      0.0     70.1
     1     1    14     9     2    17     0     1   -20.0   54.731   -2.423    112.6    988.9    288.8      0.0     68.4
     1     1    14     9     2    16     0     2   -21.0   54.706   -2.329     80.9    991.2    289.6      0.0     66.2
     1     1    14     9     2    15     0     3   -22.0   54.689   -2.235     55.9    992.9    290.8      0.0     63.1
     1     1    14     9     2    14     0     2   -23.0   54.676   -2.143     38.1    993.1    291.6      0.0     63.0
     1     1    14     9     2    13     0     1   -24.0   54.666   -2.061     26.5    992.9    292.6      0.0     62.8
     1     1    14     9     2    12     0     0   -25.0   54.658   -1.993     19.3    993.0    293.6      0.0     62.6
     1     1    14     9     2    11     0     1   -26.0   54.656   -1.936     15.0    995.3    292.1      0.0     67.1
     1     1    14     9     2    10     0     2   -27.0   54.662   -1.886     12.6    997.3    290.6      0.0     71.4
     1     1    14     9     2     9     0     3   -28.0   54.675   -1.846     11.3    998.9    289.3      0.0     75.6
     1     1    14     9     2     8     0     2   -29.0   54.697   -1.819     10.6    999.7    286.7      0.0     78.2
     1     1    14     9     2     7     0     1   -30.0   54.728   -1.808     10.2   1000.0    284.2      0.0     80.7
     1     1    14     9     2     6     0     0   -31.0   54.768   -1.814     10.1    999.9    281.7      0.0     83.0
     1     1    14     9     2     5     0     1   -32.0   54.810   -1.836     10.0    999.5    281.2      0.0     83.4
     1     1    14     9     2     4     0     2   -33.0   54.850   -1.874     10.0    998.7    280.7      0.0     83.9
     1     1    14     9     2     3     0     3   -34.0   54.887   -1.926      9.9    997.5    280.0      0.0     84.7
     1     1    14     9     2     2     0     2   -35.0   54.923   -1.995     10.0    995.7    280.2      0.0     85.5
     1     1    14     9     2     1     0     1   -36.0   54.965   -2.078     10.3    996.5    280.8      0.0     85.8
     1     1    14     9     2     0     0     0   -37.0   55.014   -2.172     10.9    997.6    281.5      0.0     86.0
     1     1    14     9     1    23     0     1   -38.0   55.065   -2.269     11.2    999.5    281.9      0.0     82.6
     1     1    14     9     1    22     0     2   -39.0   55.113   -2.364     10.9   1001.2    282.3      0.0     80.0
     1     1    14     9     1    21     0     3   -40.0   55.158   -2.461     10.1   1002.9    282.8      0.0     78.2
     1     1    14     9     1    20     0     2   -41.0   55.199   -2.561      9.0   1003.9    284.2      0.0     76.4
     1     1    14     9     1    19     0     1   -42.0   55.238   -2.665      7.7   1004.5    285.6      0.0     74.2
     1     1    14     9     1    18     0     0   -43.0   55.274   -2.777      6.0   1004.8    287.0      0.0     71.8
     1     1    14     9     1    17     0     1   -44.0   55.311   -2.905      3.2   1004.5    287.9      0.0     69.4
     1     1    14     9     1    16     0     2   -45.0   55.354   -3.058      0.0   1004.0    288.7      0.0     66.9
     1     1    14     9     1    15     0     3   -46.0   55.401   -3.236      0.0   1003.2    289.4      0.0     64.7
     1     1    14     9     1    14     0     2   -47.0   55.451   -3.429      0.0   1003.2    289.3      0.0     67.0
     1     1    14     9     1    13     0     1   -48.0   55.502   -3.626      1.5   1003.2    289.3      0.0     68.7
     1     1    14     9     1    12     0     0   -49.0   55.555   -3.824      8.2   1003.3    289.4      0.0     70.0
     1     1    14     9     1    11     0     1   -50.0   55.605   -4.024     21.4   1001.1    288.1      0.0     73.4
     1     1    14     9     1    10     0     2   -51.0   55.649   -4.237     40.1    997.8    286.7      0.0     76.6
     1     1    14     9     1     9     0     3   -52.0   55.685   -4.463     53.6    995.4    286.0      0.0     78.2
     1     1    14     9     1     8     0     2   -53.0   55.729   -4.694     63.6    993.0    285.5      0.0     82.2
     1     1    14     9     1     7     0     1   -54.0   55.796   -4.926     74.1    989.2    284.9      0.0     86.3
     1     1    14     9     1     6     0     0   -55.0   55.883   -5.167     84.2    988.1    284.6      0.0     88.7
     1     1    14     9     1     5     0     1   -56.0   55.968   -5.445     86.4    991.0    285.0      0.0     86.7
     1     1    14     9     1     4     0     2   -57.0   56.033   -5.765     70.8    997.8    285.6      0.0     86.1
     1     1    14     9     1     3     0     3   -58.0   56.081   -6.106     46.8   1006.1    286.0      0.0     87.4
     1     1    14     9     1     2     0     2   -59.0   56.108   -6.471     30.0   1010.5    286.5      0.1     87.6
     1     1    14     9     1     1     0     1   -60.0   56.117   -6.888     23.2   1012.9    286.9      0.0     87.9
     1     1    14     9     1     0     0     0   -61.0   56.112   -7.363     22.9   1012.1    287.0      0.0     88.3
     1     1    14     8    31    23     0     1   -62.0   56.090   -7.870     24.7   1010.9    287.1      0.0     87.4
     1     1    14     8    31    22     0     2   -63.0   56.052   -8.390     26.6   1009.7    287.2      0.0     85.9
     1     1    14     8    31    21     0     3   -64.0   56.015   -8.920     28.6   1008.8    287.2      0.0     86.3
     1     1    14     8    31    20     0     2   -65.0   55.974   -9.467     31.9   1007.6    287.3      0.3     85.2
     1     1    14     8    31    19     0     1   -66.0   55.926  -10.037     36.8   1006.3    287.3      0.1     85.1
     1     1    14     8    31    18     0     0   -67.0   55.885  -10.642     41.4   1004.9    287.4      0.0     85.6
     1     1    14     8    31    17     0     1   -68.0   55.827  -11.278     44.2   1004.3    287.6      0.0     85.7
     1     1    14     8    31    16     0     2   -69.0   55.748  -11.955     46.6   1003.6    287.8      0.0     86.9
     1     1    14     8    31    15     0     3   -70.0   55.690  -12.687     50.1   1002.8    287.8      0.0     85.0
     1     1    14     8    31    14     0     2   -71.0   55.625  -13.438     55.4   1001.5    287.9      0.3     84.8
     1     1    14     8    31    13     0     1   -72.0   55.496  -14.199     59.4   1000.0    287.8      0.1     87.5
